Store Number,Item Number,Billed Qty (Eaches),Actual Qty (Eaches),Difference
49,553473452,96,24,72
49,554711016,48,8,40
49,566379415,48,12,36
49,566906323,24,8,16
49,567451560,72,12,60
49,567451576,360,60,300
49,567451628,144,24,120
49,568485714,8,2,6
49,576025422,144,12,132
49,576886796,8,2,6
49,578306309,72,12,60
49,578471360,96,16,80
49,579018526,96,4,92
49,583271930,4,2,2
49,584746992,36,6,30
49,585483928,96,16,80
49,586940352,36,3,33
49,595621004,36,6,30
49,650707944,24,4,20
49,652763645,12,2,10
49,653466998,60,10,50
49,655978596,24,8,16
49,658942524,288,12,276
49,658942525,120,8,112
49,659337445,24,8,16
49,666810356,4,1,3
49,669772431,4,2,2
49,671445341,24,6,18
87,553473452,120,30,90
87,554711016,48,8,40
87,566379415,32,8,24
87,566906323,24,8,16
87,567451560,72,12,60
87,567451576,432,72,360
87,567451628,72,12,60
87,568485714,4,1,3
87,576025422,144,12,132
87,576886796,12,3,9
87,577632500,72,18,54
87,578306309,24,4,20
87,578471360,72,12,60
87,579018526,96,4,92
87,583271930,6,3,3
87,584746992,36,6,30
87,585483928,96,16,80
87,586940352,60,5,55
87,595621004,48,8,40
87,598977946,18,3,15
87,650707944,72,12,60
87,652763645,36,6,30
87,653466998,120,20,100
87,655978596,24,8,16
87,658942524,288,12,276
87,659337445,48,16,32
87,666810356,4,1,3
87,669772431,4,2,2
87,671445341,36,9,27
116,553473452,24,6,18
116,554711016,24,4,20
116,566379415,16,4,12
116,567451560,36,6,30
116,567451576,72,12,60
116,567451628,72,12,60
116,568485714,4,1,3
116,576025422,72,6,66
116,578471360,24,4,20
116,579018526,48,2,46
116,584746992,36,6,30
116,585483928,72,12,60
116,653466998,30,5,25
116,658942524,288,12,276
116,658942525,120,8,112
116,666810356,4,1,3
116,669772431,4,2,2
116,671445341,12,3,9
131,553473452,72,18,54
131,554711016,24,4,20
131,566379415,16,4,12
131,566906323,12,4,8
131,567451560,36,6,30
131,567451576,360,60,300
131,567451628,36,6,30
131,568162295,3,1,2
131,568485714,4,1,3
131,576025422,72,6,66
131,576886796,4,1,3
131,577632500,96,24,72
131,578306309,24,4,20
131,578471360,48,8,40
131,579018526,24,1,23
131,583271930,2,1,1
131,584746992,36,6,30
131,585483928,72,12,60
131,586940352,12,1,11
131,595421004,4,1,3
131,595621004,12,2,10
131,598977946,18,3,15
131,650707944,120,20,100
131,652763645,12,2,10
131,653466998,30,5,25
131,655978596,12,4,8
131,656827097,18,6,12
131,658942524,288,12,276
131,658942525,120,8,112
131,669772431,4,2,2
140,553473452,96,24,72
140,554711016,24,4,20
140,566379415,32,8,24
140,566906323,36,12,24
140,567451560,108,18,90
140,567451576,576,96,480
140,567451628,324,54,270
140,568485714,8,2,6
140,576025422,216,18,198
140,576886796,16,4,12
140,577632500,120,30,90
140,578306309,24,4,20
140,578471360,72,12,60
140,579018526,48,2,46
140,583271930,10,5,5
140,584746992,72,12,60
140,585483928,48,8,40
140,586940352,12,1,11
140,595421004,4,1,3
140,595621004,24,4,20
140,650707944,24,4,20
140,652763645,12,2,10
140,653466998,60,10,50
140,655978596,12,4,8
140,658942524,576,24,552
140,658942525,360,24,336
140,659337445,36,12,24
140,666810356,8,2,6
140,669772431,6,3,3
140,671445341,24,6,18
146,553473452,72,18,54
146,554711016,24,4,20
146,566379415,16,4,12
146,566906323,12,4,8
146,567451560,72,12,60
146,567451576,108,18,90
146,567451628,108,18,90
146,568162295,3,1,2
146,576025422,144,12,132
146,576886796,4,1,3
146,578306309,72,12,60
146,578471360,48,8,40
146,579018526,72,3,69
146,583271930,8,4,4
146,584746992,36,6,30
146,585483928,72,12,60
146,586940352,36,3,33
146,595421004,4,1,3
146,595621004,12,2,10
146,598977946,18,3,15
146,650707944,24,4,20
146,652763645,12,2,10
146,653466998,30,5,25
146,655978596,36,12,24
146,658942524,288,12,276
146,658942525,120,8,112
146,666810356,4,1,3
146,669772431,6,3,3
146,671445341,24,6,18
148,553473452,120,30,90
148,554711016,24,4,20
148,566379415,48,12,36
148,566906323,36,12,24
148,567451576,252,42,210
148,567451628,144,24,120
148,568485714,4,1,3
148,576025422,144,12,132
148,577632500,120,30,90
148,578306309,48,8,40
148,578471360,96,16,80
148,579018526,72,3,69
148,583271930,8,4,4
148,584746992,36,6,30
148,585483928,120,20,100
148,586940352,12,1,11
148,595421004,4,1,3
148,595621004,12,2,10
148,650707944,120,20,100
148,652763645,12,2,10
148,653466998,90,15,75
148,655978596,12,4,8
148,656827097,18,6,12
148,658942524,288,12,276
148,659337445,36,12,24
148,669772431,4,2,2
148,670122381,24,8,16
148,671445341,24,6,18
158,553473452,48,12,36
158,554711016,24,4,20
158,566379415,16,4,12
158,567451560,36,6,30
158,567451576,288,48,240
158,567451628,108,18,90
158,568485714,4,1,3
158,576025422,144,12,132
158,578471360,48,8,40
158,579018526,120,5,115
158,583271930,2,1,1
158,584746992,36,6,30
158,585483928,72,12,60
158,586940352,12,1,11
158,595421004,4,1,3
158,650707944,24,4,20
158,653466998,30,5,25
158,656827097,18,6,12
158,658942524,288,12,276
158,658942525,120,8,112
158,659337445,36,12,24
158,669772431,4,2,2
158,671445341,48,12,36
163,553473452,48,12,36
163,554711016,24,4,20
163,566379415,48,12,36
163,566906323,36,12,24
163,567451560,108,18,90
163,567451576,288,48,240
163,567451628,108,18,90
163,568485714,16,4,12
163,574379144,72,12,60
163,576025422,216,18,198
163,576886796,4,1,3
163,577632500,120,30,90
163,578306309,24,4,20
163,578471360,72,12,60
163,579018526,120,5,115
163,583271930,4,2,2
163,584746992,72,12,60
163,585483928,72,12,60
163,586940352,48,4,44
163,595421004,8,2,6
163,595621004,12,2,10
163,599906811,48,2,46
163,652763645,12,2,10
163,653466998,90,15,75
163,655978596,12,4,8
163,658942524,864,36,828
163,658942525,120,8,112
163,659337445,36,12,24
163,669772431,6,3,3
163,671445341,24,6,18
165,553473452,72,18,54
165,554711016,24,4,20
165,566379415,16,4,12
165,566906323,12,4,8
165,567451560,72,12,60
165,567451576,252,42,210
165,567451628,108,18,90
165,568162295,3,1,2
165,568485714,4,1,3
165,576025422,144,12,132
165,578306309,24,4,20
165,578471360,96,16,80
165,579018526,96,4,92
165,583271930,2,1,1
165,584746992,72,12,60
165,585483928,24,4,20
165,586940352,12,1,11
165,598977946,18,3,15
165,650707944,72,12,60
165,652763645,24,4,20
165,653466998,60,10,50
165,655978596,24,8,16
165,656827097,18,6,12
165,658942524,288,12,276
165,658942525,120,8,112
165,659337445,12,4,8
165,666810356,4,1,3
165,669772431,8,4,4
165,671445341,12,3,9
180,550226600,72,4,68
180,553473452,48,12,36
180,554711016,72,12,60
180,555554538,96,12,84
180,566379415,32,8,24
180,566906323,24,8,16
180,567451560,36,6,30
180,567451576,216,36,180
180,567451628,36,6,30
180,568485714,4,1,3
180,576025422,216,18,198
180,576886796,16,4,12
180,577632500,48,12,36
180,578306309,72,12,60
180,578471360,72,12,60
180,579018526,24,1,23
180,583271930,2,1,1
180,584746992,36,6,30
180,585483928,48,8,40
180,586940352,24,2,22
180,595421004,4,1,3
180,595621004,12,2,10
180,598977946,18,3,15
180,652763645,12,2,10
180,653466998,90,15,75
180,655978596,24,8,16
180,658942524,288,12,276
180,658942525,120,8,112
180,659337445,48,16,32
180,666810356,4,1,3
180,669772431,4,2,2
180,671445341,12,3,9
181,553473452,72,18,54
181,554711016,24,4,20
181,566379415,16,4,12
181,566906323,12,4,8
181,567451560,36,6,30
181,567451576,252,42,210
181,567451628,36,6,30
181,568485714,4,1,3
181,576025422,216,18,198
181,578471360,72,12,60
181,579018526,24,1,23
181,583271930,4,2,2
181,584746992,36,6,30
181,585483928,24,4,20
181,586940352,12,1,11
181,595621004,12,2,10
181,650707944,72,12,60
181,652763645,12,2,10
181,653466998,30,5,25
181,655978596,24,8,16
181,658942524,288,12,276
181,659337445,36,12,24
181,669772431,6,3,3
181,671445341,12,3,9
211,553473452,48,12,36
211,554711016,24,4,20
211,566379415,16,4,12
211,566906323,12,4,8
211,567451560,36,6,30
211,567451576,288,48,240
211,567451628,36,6,30
211,568485714,4,1,3
211,576025422,144,12,132
211,577632500,72,18,54
211,578306309,24,4,20
211,578471360,120,20,100
211,579018526,144,6,138
211,583271930,2,1,1
211,584746992,36,6,30
211,585483928,72,12,60
211,586940352,12,1,11
211,650707944,24,4,20
211,653466998,30,5,25
211,655978596,12,4,8
211,658942524,2304,96,2208
211,659337445,36,12,24
211,666810356,4,1,3
211,669772431,16,8,8
211,671445341,12,3,9
214,553473452,72,18,54
214,566379415,16,4,12
214,566906323,36,12,24
214,567451560,36,6,30
214,567451576,216,36,180
214,567451628,108,18,90
214,568485714,20,5,15
214,576025422,216,18,198
214,576886796,4,1,3
214,577632500,72,18,54
214,578306309,24,4,20
214,579018526,192,8,184
214,583271930,6,3,3
214,584746992,36,6,30
214,585483928,72,12,60
214,586940352,24,2,22
214,595421004,8,2,6
214,595621004,12,2,10
214,598977946,18,3,15
214,652763645,36,6,30
214,653466998,60,10,50
214,655978596,24,8,16
214,658942524,288,12,276
214,658942525,120,8,112
214,659337445,12,4,8
214,666810356,12,3,9
214,669772431,8,4,4
214,671445341,24,6,18
226,550023040,12,6,6
226,553473452,48,12,36
226,554711016,24,4,20
226,566379415,16,4,12
226,566906323,12,4,8
226,567451560,36,6,30
226,567451576,216,36,180
226,567451628,72,12,60
226,568485714,8,2,6
226,576025422,72,6,66
226,577632500,48,12,36
226,578306309,24,4,20
226,578471360,24,4,20
226,579018526,240,10,230
226,583271930,8,4,4
226,585483928,24,4,20
226,586940352,12,1,11
226,595421004,8,2,6
226,595621004,12,2,10
226,598977946,18,3,15
226,650707944,24,4,20
226,652763645,12,2,10
226,653466998,30,5,25
226,658942524,288,12,276
226,659337445,12,4,8
226,666810356,4,1,3
226,669772431,2,1,1
226,671445341,12,3,9
226,553473452,96,24,72
228,554711016,72,12,60
228,555366015,48,6,42
228,566379415,80,20,60
228,566906323,60,20,40
228,567451560,72,12,60
228,567451576,360,60,300
228,567451628,180,30,150
228,568162295,9,3,6
228,568485714,8,2,6
228,576025422,360,30,330
228,578306309,72,12,60
228,578471360,120,20,100
228,579018526,120,5,115
228,583271930,4,2,2
228,584746992,36,6,30
228,585483928,120,20,100
228,586940352,48,4,44
228,595421004,16,4,12
228,595621004,36,6,30
228,650707944,120,20,100
228,652763645,36,6,30
228,653466998,120,20,100
228,655978596,24,8,16
228,656827097,18,6,12
228,658942524,864,36,828
228,658942525,120,8,112
228,659337445,60,20,40
228,669772431,6,3,3
228,670122381,48,16,32
228,671445341,48,12,36
236,553473452,48,12,36
236,554711016,24,4,20
236,566379415,16,4,12
236,566906323,12,4,8
236,567451560,72,12,60
236,567451576,180,30,150
236,567451628,72,12,60
236,568485714,4,1,3
236,576025422,144,12,132
236,576886796,12,3,9
236,578471360,24,4,20
236,579018526,24,1,23
236,584746992,36,6,30
236,585483928,24,4,20
236,595621004,12,2,10
236,650707944,24,4,20
236,652763645,24,4,20
236,653466998,30,5,25
236,654276284,120,6,114
236,655978596,12,4,8
236,658942524,288,12,276
236,658942525,120,8,112
236,669772431,2,1,1
236,671445341,12,3,9
240,553473452,48,12,36
240,554711016,24,4,20
240,566379415,32,8,24
240,566906323,12,4,8
240,567451560,72,12,60
240,567451576,180,30,150
240,567451628,72,12,60
240,576025422,216,18,198
240,578471360,72,12,60
240,579018526,144,6,138
240,584746992,36,6,30
240,585483928,24,4,20
240,595421004,4,1,3
240,595621004,12,2,10
240,650707944,48,8,40
240,652763645,12,2,10
240,655978596,24,8,16
240,658942524,288,12,276
240,658942525,120,8,112
240,669772431,8,4,4
240,671445341,12,3,9
248,553473452,72,18,54
248,554711016,96,16,80
248,566379415,16,4,12
248,566906323,12,4,8
248,567451560,36,6,30
248,567451576,216,36,180
248,567451628,108,18,90
248,568485714,4,1,3
248,576025422,72,6,66
248,577632500,72,18,54
248,578306309,48,8,40
248,579018526,96,4,92
248,583271930,8,4,4
248,584746992,36,6,30
248,585483928,48,8,40
248,586940352,12,1,11
248,595421004,4,1,3
248,595621004,12,2,10
248,652763645,12,2,10
248,653466998,30,5,25
248,655978596,12,4,8
248,658942524,288,12,276
248,658942525,120,8,112
248,659337445,12,4,8
248,666810356,4,1,3
248,669772431,10,5,5
248,670122381,48,16,32
248,671445341,12,3,9
251,4043856,36,6,30
251,550226600,72,4,68
251,553473452,120,30,90
251,554711016,72,12,60
251,566379415,32,8,24
251,566906323,72,24,48
251,567451560,72,12,60
251,567451576,468,78,390
251,567451628,144,24,120
251,568162295,6,2,4
251,568485714,8,2,6
251,576025422,216,18,198
251,577632500,144,36,108
251,578471360,72,12,60
251,579018526,72,3,69
251,583271930,4,2,2
251,584746992,72,12,60
251,585483928,72,12,60
251,586940352,48,4,44
251,595621004,36,6,30
251,652763645,12,2,10
251,653466998,60,10,50
251,655978596,36,12,24
251,659337445,12,4,8
251,666810356,4,1,3
251,669772431,2,1,1
251,670122381,120,40,80
251,671445341,24,6,18
259,553473452,96,24,72
259,554711016,48,8,40
259,566379415,48,12,36
259,566906323,48,16,32
259,567451560,36,6,30
259,567451576,396,66,330
259,567451628,108,18,90
259,568485714,4,1,3
259,576025422,144,12,132
259,577632500,72,18,54
259,578306309,24,4,20
259,578471360,24,4,20
259,579018526,96,4,92
259,583271930,4,2,2
259,585483928,72,12,60
259,586940352,24,2,22
259,595421004,4,1,3
259,650707944,672,112,560
259,652763645,12,2,10
259,653466998,30,5,25
259,655978596,12,4,8
259,658942524,288,12,276
259,658942525,120,8,112
259,659337445,36,12,24
259,666810356,4,1,3
259,669772431,2,1,1
259,671445341,12,3,9
260,553473452,72,18,54
260,554711016,72,12,60
260,566379415,48,12,36
260,566906323,36,12,24
260,567451560,72,12,60
260,567451576,144,24,120
260,567451628,36,6,30
260,568485714,4,1,3
260,576025422,144,12,132
260,577632500,120,30,90
260,578306309,24,4,20
260,578471360,24,4,20
260,579018526,72,3,69
260,583271930,2,1,1
260,584746992,72,12,60
260,585483928,72,12,60
260,586940352,12,1,11
260,595421004,4,1,3
260,595621004,36,6,30
260,598977946,18,3,15
260,650707944,120,20,100
260,652763645,48,8,40
260,653466998,90,15,75
260,655978596,24,8,16
260,658942524,288,12,276
260,658942525,120,8,112
260,659337445,48,16,32
260,666810356,4,1,3
260,669772431,4,2,2
260,670122381,12,4,8
260,671445341,12,3,9
265,4043856,24,4,20
265,553473452,72,18,54
265,554711016,72,12,60
265,566379415,16,4,12
265,566906323,12,4,8
265,567451560,72,12,60
265,567451576,108,18,90
265,567451628,108,18,90
265,568485714,8,2,6
265,573415795,6,1,5
265,576025422,144,12,132
265,576886796,4,1,3
265,578306309,24,4,20
265,578471360,72,12,60
265,579018526,96,4,92
265,584746992,36,6,30
265,585483928,72,12,60
265,586940352,12,1,11
265,595421004,12,3,9
265,595621004,12,2,10
265,650707944,48,8,40
265,652763645,36,6,30
265,653466998,90,15,75
265,655978596,12,4,8
265,658942524,288,12,276
265,658942525,120,8,112
265,659337445,12,4,8
265,669772431,12,6,6
265,670122381,60,20,40
265,671445341,12,3,9
266,550226600,72,4,68
266,553473452,72,18,54
266,554050711,144,12,132
266,554711016,24,4,20
266,566379415,48,12,36
266,566906323,24,8,16
266,567451560,36,6,30
266,567451576,432,72,360
266,567451628,72,12,60
266,576025422,144,12,132
266,578306309,24,4,20
266,578471360,24,4,20
266,579018526,72,3,69
266,583271930,4,2,2
266,584746992,36,6,30
266,585483928,72,12,60
266,586940352,12,1,11
266,595621004,12,2,10
266,650707944,48,8,40
266,652763645,12,2,10
266,653466998,30,5,25
266,655978596,12,4,8
266,658942524,288,12,276
266,666810356,4,1,3
266,669772431,6,3,3
266,670122381,48,16,32
275,553473452,72,18,54
275,554711016,24,4,20
275,566379415,48,12,36
275,566906323,12,4,8
275,567451560,72,12,60
275,567451576,324,54,270
275,567451628,180,30,150
275,568162295,9,3,6
275,568485714,4,1,3
275,573415795,6,1,5
275,574377001,36,6,30
275,576025422,144,12,132
275,577632500,120,30,90
275,578306309,24,4,20
275,578471360,72,12,60
275,579018526,144,6,138
275,583271930,6,3,3
275,584746992,36,6,30
275,585483928,48,8,40
275,586940352,12,1,11
275,595421004,4,1,3
275,595621004,12,2,10
275,650707944,72,12,60
275,652763645,12,2,10
275,653466998,60,10,50
275,655978596,24,8,16
275,658942524,288,12,276
275,658942525,120,8,112
275,659337445,24,8,16
275,669772431,6,3,3
275,670122381,24,8,16
278,553473452,48,12,36
278,554711016,24,4,20
278,557650137,24,2,22
278,566379415,80,20,60
278,566906323,24,8,16
278,567451560,72,12,60
278,567451576,216,36,180
278,567451628,144,24,120
278,568162295,3,1,2
278,576025422,216,18,198
278,576886796,4,1,3
278,578306309,48,8,40
278,578471360,48,8,40
278,579018526,48,2,46
278,583271930,2,1,1
278,584746992,36,6,30
278,585483928,120,20,100
278,586940352,60,5,55
278,595421004,4,1,3
278,595621004,12,2,10
278,650707944,120,20,100
278,652763645,24,4,20
278,653466998,60,10,50
278,655978596,12,4,8
278,658942524,288,12,276
278,658942525,360,24,336
278,659337445,36,12,24
278,666810356,4,1,3
278,671445341,12,3,9
284,553473452,96,24,72
284,554711016,24,4,20
284,566379415,16,4,12
284,566906323,24,8,16
284,567451560,72,12,60
284,567451576,144,24,120
284,567451628,72,12,60
284,568162295,3,1,2
284,568485714,4,1,3
284,576025422,216,18,198
284,577632500,72,18,54
284,578306309,24,4,20
284,578471360,24,4,20
284,579018526,144,6,138
284,583271930,4,2,2
284,584746992,36,6,30
284,585483928,48,8,40
284,586940352,12,1,11
284,595421004,4,1,3
284,595621004,12,2,10
284,652763645,12,2,10
284,653466998,30,5,25
284,655978596,12,4,8
284,658942524,288,12,276
284,658942525,120,8,112
284,659337445,48,16,32
284,671445341,12,3,9
285,553473452,72,18,54
285,554711016,48,8,40
285,555554538,96,12,84
285,566379415,32,8,24
285,566906323,60,20,40
285,567451560,36,6,30
285,567451576,432,72,360
285,567451628,72,12,60
285,568485714,8,2,6
285,576025422,144,12,132
285,576886796,4,1,3
285,577632500,48,12,36
285,578306309,48,8,40
285,578471360,48,8,40
285,579018526,120,5,115
285,581617864,36,3,33
285,583271930,10,5,5
285,584746992,36,6,30
285,585483928,72,12,60
285,586940352,48,4,44
285,595421004,4,1,3
285,595621004,12,2,10
285,650707944,48,8,40
285,652763645,36,6,30
285,653466998,30,5,25
285,655978596,24,8,16
285,656827097,18,6,12
285,658942524,288,12,276
285,659337445,24,8,16
285,670122381,24,8,16
285,671445341,24,6,18
286,553473452,72,18,54
286,554711016,24,4,20
286,566379415,32,8,24
286,566906323,36,12,24
286,567451560,36,6,30
286,567451576,144,24,120
286,567451628,72,12,60
286,568485714,4,1,3
286,576025422,144,12,132
286,576886796,4,1,3
286,577632500,96,24,72
286,578306309,24,4,20
286,578471360,72,12,60
286,579018526,96,4,92
286,583271930,6,3,3
286,584746992,36,6,30
286,585483928,120,20,100
286,586940352,12,1,11
286,595621004,12,2,10
286,652763645,36,6,30
286,653466998,90,15,75
286,655978596,12,4,8
286,658942524,288,12,276
286,658942525,120,8,112
286,659337445,48,16,32
286,670122381,12,4,8
286,671445341,12,3,9
286,673321413,36,9,27
288,288791,144,12,132
288,553473452,48,12,36
288,554711016,24,4,20
288,566379415,16,4,12
288,566906323,24,8,16
288,567451560,36,6,30
288,567451576,180,30,150
288,567451628,72,12,60
288,576025422,144,12,132
288,577632500,72,18,54
288,578306309,24,4,20
288,578471360,24,4,20
288,579018526,72,3,69
288,583271930,4,2,2
288,584746992,36,6,30
288,585483928,48,8,40
288,595621004,12,2,10
288,650707944,24,4,20
288,652763645,12,2,10
288,653466998,30,5,25
288,655978596,36,12,24
288,658942524,288,12,276
288,658942525,120,8,112
288,666810356,4,1,3
288,671445341,12,3,9
320,554711016,48,8,40
320,566379415,32,8,24
320,566906323,12,4,8
320,567451560,36,6,30
320,567451576,72,12,60
320,567451628,36,6,30
320,576025422,72,6,66
320,578306309,96,16,80
320,578471360,24,4,20
320,579018526,120,5,115
320,584746992,36,6,30
320,586940352,12,1,11
320,595421004,12,3,9
320,653466998,60,10,50
320,656827097,18,6,12
320,658942524,288,12,276
320,669772431,8,4,4
320,671445341,24,6,18
345,553473452,72,18,54
345,554711016,48,8,40
345,566379415,80,20,60
345,566906323,72,24,48
345,567451560,36,6,30
345,567451576,432,72,360
345,567451628,108,18,90
345,568485714,8,2,6
345,576025422,144,12,132
345,576886796,4,1,3
345,577632500,96,24,72
345,578306309,24,4,20
345,578471360,96,16,80
345,579018526,96,4,92
345,584746992,36,6,30
345,585483928,72,12,60
345,586940352,12,1,11
345,595621004,36,6,30
345,652763645,12,2,10
345,653466998,90,15,75
345,655978596,24,8,16
345,656827097,18,6,12
345,658942524,288,12,276
345,658942525,120,8,112
345,659337445,36,12,24
345,669772431,4,2,2
345,671445341,24,6,18
364,553473452,72,18,54
364,554711016,24,4,20
364,566379415,16,4,12
364,566906323,12,4,8
364,567451560,36,6,30
364,567451576,180,30,150
364,567451628,144,24,120
364,568485714,4,1,3
364,576025422,144,12,132
364,578471360,48,8,40
364,579018526,48,2,46
364,583271930,6,3,3
364,584746992,36,6,30
364,585483928,72,12,60
364,586940352,36,3,33
364,595621004,12,2,10
364,650707944,24,4,20
364,652763645,12,2,10
364,653466998,60,10,50
364,655978596,12,4,8
364,656827097,18,6,12
364,658942524,288,12,276
364,658942525,120,8,112
364,659337445,24,8,16
364,666810356,4,1,3
364,669772431,18,9,9
364,671445341,12,3,9
376,553473452,48,12,36
376,554711016,48,8,40
376,566379415,80,20,60
376,566906323,48,16,32
376,567451560,108,18,90
376,567451576,648,108,540
376,567451628,180,30,150
376,568485714,4,1,3
376,573415795,6,1,5
376,576025422,144,12,132
376,576886796,16,4,12
376,577632500,48,12,36
376,578306309,48,8,40
376,578471360,72,12,60
376,579018526,96,4,92
376,583271930,10,5,5
376,584746992,72,12,60
376,585483928,120,20,100
376,586940352,36,3,33
376,595621004,36,6,30
376,650707944,96,16,80
376,652763645,60,10,50
376,653466998,60,10,50
376,655978596,24,8,16
376,658942524,288,12,276
376,658942525,120,8,112
376,666810356,8,2,6
376,669772431,8,4,4
376,671445341,48,12,36
381,553473452,120,30,90
381,554711016,24,4,20
381,566379415,48,12,36
381,566906323,36,12,24
381,567451560,36,6,30
381,567451576,396,66,330
381,567451628,144,24,120
381,568485714,4,1,3
381,576025422,144,12,132
381,577632500,48,12,36
381,578306309,24,4,20
381,578471360,96,16,80
381,579018526,192,8,184
381,583271930,4,2,2
381,584746992,36,6,30
381,585483928,48,8,40
381,586940352,12,1,11
381,595421004,8,2,6
381,595621004,36,6,30
381,598977946,18,3,15
381,650707944,696,116,580
381,652763645,36,6,30
381,653466998,30,5,25
381,655978596,24,8,16
381,658942525,120,8,112
381,659337445,36,12,24
381,666810356,4,1,3
381,669772431,8,4,4
381,670122381,72,24,48
381,671445341,36,9,27
383,553473452,48,12,36
383,554711016,24,4,20
383,566379415,32,8,24
383,566906323,24,8,16
383,567451560,72,12,60
383,567451576,432,72,360
383,567451628,108,18,90
383,568485714,4,1,3
383,576025422,144,12,132
383,577632500,48,12,36
383,578306309,24,4,20
383,578471360,48,8,40
383,579018526,24,1,23
383,583271930,6,3,3
383,584746992,36,6,30
383,585483928,72,12,60
383,586940352,12,1,11
383,595621004,12,2,10
383,652763645,12,2,10
383,653466998,60,10,50
383,655978596,24,8,16
383,656827097,18,6,12
383,658942524,288,12,276
383,658942525,120,8,112
383,659337445,24,8,16
383,666810356,4,1,3
383,669772431,6,3,3
383,671445341,24,6,18
398,553473452,72,18,54
398,554711016,48,8,40
398,566379415,48,12,36
398,566906323,60,20,40
398,567451560,72,12,60
398,567451576,792,132,660
398,567451628,180,30,150
398,568485714,4,1,3
398,576025422,144,12,132
398,576886796,4,1,3
398,577632500,120,30,90
398,578471360,72,12,60
398,579018526,120,5,115
398,583271930,6,3,3
398,584746992,36,6,30
398,585483928,72,12,60
398,586940352,12,1,11
398,595421004,4,1,3
398,595621004,36,6,30
398,598977946,18,3,15
398,652763645,12,2,10
398,653466998,30,5,25
398,655978596,12,4,8
398,656827097,36,12,24
398,658942524,288,12,276
398,658942525,120,8,112
398,659337445,60,20,40
398,666810356,4,1,3
398,669772431,4,2,2
398,670122381,108,36,72
398,671445341,24,6,18
399,553473452,144,36,108
399,554711016,24,4,20
399,566379415,32,8,24
399,566906323,24,8,16
399,567451560,72,12,60
399,567451576,396,66,330
399,567451628,108,18,90
399,570797449,18,3,15
399,576025422,360,30,330
399,577632500,72,18,54
399,578306309,24,4,20
399,578471360,120,20,100
399,579018526,96,4,92
399,583271930,4,2,2
399,584746992,36,6,30
399,585483928,144,24,120
399,586940352,12,1,11
399,595621004,12,2,10
399,652763645,12,2,10
399,653466998,30,5,25
399,655978596,24,8,16
399,658942524,288,12,276
399,658942525,120,8,112
399,659337445,48,16,32
399,666810356,4,1,3
399,669772431,4,2,2
399,671445341,12,3,9
407,553473452,48,12,36
407,554711016,24,4,20
407,566379415,48,12,36
407,566906323,24,8,16
407,567451560,36,6,30
407,567451576,216,36,180
407,567451628,108,18,90
407,576025422,216,18,198
407,576886796,4,1,3
407,577632500,48,12,36
407,578306309,72,12,60
407,578471360,96,16,80
407,579018526,120,5,115
407,583271930,10,5,5
407,584746992,108,18,90
407,585483928,72,12,60
407,586940352,12,1,11
407,595421004,8,2,6
407,595621004,12,2,10
407,650707944,912,152,760
407,652763645,12,2,10
407,653466998,90,15,75
407,655978596,24,8,16
407,656827097,18,6,12
407,658942524,288,12,276
407,659337445,48,16,32
407,666810356,4,1,3
407,669772431,42,21,21
407,671445341,24,6,18
412,553473452,96,24,72
412,554711016,24,4,20
412,566379415,16,4,12
412,566906323,24,8,16
412,567451560,36,6,30
412,567451576,252,42,210
412,567451628,108,18,90
412,568162295,3,1,2
412,568485714,16,4,12
412,576025422,144,12,132
412,577632500,72,18,54
412,578306309,24,4,20
412,578471360,24,4,20
412,579018526,120,5,115
412,583271930,4,2,2
412,584746992,72,12,60
412,585483928,72,12,60
412,586940352,12,1,11
412,595421004,4,1,3
412,595621004,12,2,10
412,652763645,12,2,10
412,653466998,60,10,50
412,655978596,24,8,16
412,656827097,18,6,12
412,658942524,288,12,276
412,658942525,120,8,112
412,659337445,48,16,32
412,666810356,4,1,3
412,669772431,4,2,2
412,671445341,204,51,153
417,553473452,144,36,108
417,554711016,48,8,40
417,556329130,72,3,69
417,566379415,16,4,12
417,566906323,12,4,8
417,567451560,72,12,60
417,567451576,360,60,300
417,567451628,180,30,150
417,568162295,3,1,2
417,568485714,4,1,3
417,573415795,6,1,5
417,576025422,144,12,132
417,577632500,144,36,108
417,578306309,72,12,60
417,578471360,96,16,80
417,579018526,72,3,69
417,583271930,2,1,1
417,584746992,108,18,90
417,585483928,120,20,100
417,586940352,12,1,11
417,595421004,4,1,3
417,595621004,36,6,30
417,652763645,36,6,30
417,653466998,60,10,50
417,655978596,12,4,8
417,656827097,18,6,12
417,658942524,288,12,276
417,658942525,120,8,112
417,659337445,48,16,32
417,669772431,2,1,1
427,553473452,48,12,36
427,554711016,72,12,60
427,556339949,36,6,30
427,566379415,32,8,24
427,566906323,36,12,24
427,567451560,72,12,60
427,567451576,468,78,390
427,567451628,108,18,90
427,568485714,4,1,3
427,576025422,216,18,198
427,576886796,4,1,3
427,577632500,72,18,54
427,578306309,24,4,20
427,578471360,48,8,40
427,579018526,96,4,92
427,583271930,6,3,3
427,584746992,72,12,60
427,585483928,72,12,60
427,586940352,12,1,11
427,595421004,8,2,6
427,595621004,12,2,10
427,650707944,720,120,600
427,652763645,12,2,10
427,653466998,60,10,50
427,655978596,36,12,24
427,658942524,288,12,276
427,658942525,120,8,112
427,665260220,72,9,63
427,666810356,8,2,6
427,669772431,14,7,7
427,670122381,72,24,48
427,671445341,12,3,9
446,553473452,48,12,36
446,554711016,24,4,20
446,566379415,16,4,12
446,566906323,12,4,8
446,567451560,36,6,30
446,567451576,108,18,90
446,567451628,36,6,30
446,568485714,12,3,9
446,576025422,72,6,66
446,576886796,4,1,3
446,578471360,48,8,40
446,579018526,24,1,23
446,583271930,6,3,3
446,584746992,36,6,30
446,585483928,48,8,40
446,586940352,12,1,11
446,650707944,24,4,20
446,653466998,30,5,25
446,656827097,18,6,12
446,658942524,288,12,276
446,658942525,120,8,112
446,669772431,8,4,4
446,671445341,12,3,9
448,553257276,96,6,90
448,553473452,48,12,36
448,554050671,72,6,66
448,554711016,24,4,20
448,566379415,16,4,12
448,566906323,12,4,8
448,567451560,72,12,60
448,567451576,288,48,240
448,567451628,108,18,90
448,568485714,4,1,3
448,576025422,144,12,132
448,576886796,4,1,3
448,577632500,72,18,54
448,578306309,24,4,20
448,578471360,72,12,60
448,579018526,72,3,69
448,583271930,6,3,3
448,584746992,36,6,30
448,585483928,96,16,80
448,586940352,36,3,33
448,595421004,4,1,3
448,595621004,12,2,10
448,596798127,12,3,9
448,650707944,24,4,20
448,651818981,24,3,21
448,652763645,24,4,20
448,653466998,30,5,25
448,655978596,12,4,8
448,656827097,18,6,12
448,658942525,120,8,112
448,659337445,48,16,32
448,666810356,4,1,3
448,669772431,6,3,3
448,671445341,12,3,9
471,4647649,12,3,9
471,553473452,48,12,36
471,566379415,48,12,36
471,566906323,12,4,8
471,567451560,36,6,30
471,567451576,36,6,30
471,567451628,36,6,30
471,568485714,8,2,6
471,576025422,72,6,66
471,577632500,48,12,36
471,578306309,72,12,60
471,578471360,24,4,20
471,579018526,48,2,46
471,583271930,6,3,3
471,585483928,72,12,60
471,586940352,12,1,11
471,595421004,8,2,6
471,595621004,12,2,10
471,650707944,48,8,40
471,652763645,12,2,10
471,653466998,30,5,25
471,655978596,12,4,8
471,658942524,288,12,276
471,659337445,24,8,16
471,666810356,4,1,3
471,669772431,4,2,2
471,670122381,60,20,40
476,553473452,72,18,54
476,554711016,24,4,20
476,566379415,16,4,12
476,566906323,24,8,16
476,567451560,72,12,60
476,567451576,216,36,180
476,567451628,144,24,120
476,568485714,4,1,3
476,576025422,144,12,132
476,578306309,72,12,60
476,578471360,120,20,100
476,579018526,24,1,23
476,583271930,2,1,1
476,584746992,72,12,60
476,585483928,72,12,60
476,586940352,36,3,33
476,595421004,12,3,9
476,595621004,12,2,10
476,598977946,18,3,15
476,650707944,48,8,40
476,652763645,12,2,10
476,653466998,30,5,25
476,655978596,12,4,8
476,656827097,18,6,12
476,658942524,576,24,552
476,658942525,120,8,112
476,659337445,36,12,24
476,669772431,6,3,3
476,671445341,12,3,9
516,553473452,72,18,54
516,554711016,24,4,20
516,566379415,48,12,36
516,566906323,12,4,8
516,567451560,72,12,60
516,567451576,468,78,390
516,567451628,144,24,120
516,568485714,4,1,3
516,576025422,144,12,132
516,577632500,96,24,72
516,578306309,24,4,20
516,578471360,24,4,20
516,579018526,24,1,23
516,584746992,72,12,60
516,585483928,24,4,20
516,586940352,12,1,11
516,595421004,12,3,9
516,595621004,12,2,10
516,598977946,18,3,15
516,650707944,48,8,40
516,652763645,12,2,10
516,653466998,90,15,75
516,658942524,864,36,828
516,658942525,120,8,112
516,666810356,4,1,3
516,669772431,4,2,2
516,671445341,300,75,225
523,553473452,24,6,18
523,554711016,48,8,40
523,566379415,16,4,12
523,566906323,36,12,24
523,567451560,36,6,30
523,567451576,216,36,180
523,567451628,36,6,30
523,568162295,3,1,2
523,568485714,4,1,3
523,576025422,144,12,132
523,576886796,4,1,3
523,578471360,24,4,20
523,579018526,24,1,23
523,583271930,2,1,1
523,584746992,36,6,30
523,585483928,72,12,60
523,586940352,24,2,22
523,595421004,4,1,3
523,650707944,48,8,40
523,653466998,30,5,25
523,655978596,12,4,8
523,658942524,288,12,276
523,658942525,240,16,224
523,666810356,4,1,3
523,671445341,24,6,18
565,211646,12,6,6
565,553473452,72,18,54
565,554711016,24,4,20
565,555554538,48,6,42
565,566379415,64,16,48
565,566906323,24,8,16
565,567451560,36,6,30
565,567451576,72,12,60
565,567451628,36,6,30
565,568162295,3,1,2
565,576025422,72,6,66
565,576886796,12,3,9
565,577632500,48,12,36
565,578306309,24,4,20
565,578471360,72,12,60
565,579018526,48,2,46
565,583271930,4,2,2
565,584746992,36,6,30
565,585483928,72,12,60
565,586940352,60,5,55
565,595421004,4,1,3
565,595621004,12,2,10
565,652763645,36,6,30
565,653466998,60,10,50
565,655978596,12,4,8
565,658942524,288,12,276
565,658942525,120,8,112
565,659337445,36,12,24
565,666810356,4,1,3
565,669772431,4,2,2
565,669835706,12,3,9
565,671445341,12,3,9
572,553473452,96,24,72
572,554711016,72,12,60
572,566379415,16,4,12
572,566906323,24,8,16
572,567451560,108,18,90
572,567451576,216,36,180
572,567451628,180,30,150
572,568162295,3,1,2
572,568485714,16,4,12
572,573415795,6,1,5
572,576025422,216,18,198
572,576886796,8,2,6
572,577632500,96,24,72
572,578306309,48,8,40
572,578471360,144,24,120
572,579018526,96,4,92
572,583271930,10,5,5
572,584746992,36,6,30
572,585483928,48,8,40
572,586940352,36,3,33
572,595421004,4,1,3
572,595621004,12,2,10
572,652763645,24,4,20
572,653466998,30,5,25
572,655978596,12,4,8
572,658942524,288,12,276
572,658942525,120,8,112
572,659337445,36,12,24
572,670122381,120,40,80
572,671387425,24,6,18
572,671445341,12,3,9
746,553473452,96,24,72
746,554711016,24,4,20
746,566379415,48,12,36
746,566906323,24,8,16
746,567451560,72,12,60
746,567451576,360,60,300
746,567451628,72,12,60
746,568162295,3,1,2
746,576025422,288,24,264
746,576886796,12,3,9
746,577632500,120,30,90
746,578306309,48,8,40
746,578471360,120,20,100
746,579018526,168,7,161
746,583271930,4,2,2
746,584746992,36,6,30
746,585483928,120,20,100
746,586940352,84,7,77
746,595621004,12,2,10
746,650707944,72,12,60
746,652763645,24,4,20
746,653466998,90,15,75
746,655978596,36,12,24
746,658942524,576,24,552
746,659337445,60,20,40
746,666810356,8,2,6
746,669772431,12,6,6
746,671445341,24,6,18
813,553473452,120,30,90
813,554711016,24,4,20
813,566379415,16,4,12
813,566906323,36,12,24
813,567451560,72,12,60
813,567451576,396,66,330
813,567451628,252,42,210
813,568485714,8,2,6
813,576025422,216,18,198
813,576886796,4,1,3
813,577632500,72,18,54
813,578306309,24,4,20
813,578471360,72,12,60
813,579018526,24,1,23
813,583271930,6,3,3
813,584746992,72,12,60
813,585483928,120,20,100
813,586940352,12,1,11
813,595421004,4,1,3
813,595621004,12,2,10
813,652763645,12,2,10
813,653466998,60,10,50
813,655978596,12,4,8
813,656827097,18,6,12
813,658942524,288,12,276
813,658942525,120,8,112
813,669772431,8,4,4
813,670122381,72,24,48
813,671445341,24,6,18
827,553473452,120,30,90
827,554711016,24,4,20
827,566379415,64,16,48
827,566906323,60,20,40
827,567451560,72,12,60
827,567451576,612,102,510
827,567451628,216,36,180
827,568162295,3,1,2
827,568485714,4,1,3
827,576025422,144,12,132
827,577632500,48,12,36
827,578306309,48,8,40
827,578471360,96,16,80
827,579018526,48,2,46
827,583271930,6,3,3
827,584746992,36,6,30
827,585483928,72,12,60
827,586940352,12,1,11
827,595421004,4,1,3
827,595621004,24,4,20
827,652763645,36,6,30
827,653466998,60,10,50
827,655978596,36,12,24
827,658942524,288,12,276
827,658942525,120,8,112
827,659337445,24,8,16
827,666810356,4,1,3
827,669772431,4,2,2
827,670122381,12,4,8
827,671445341,204,51,153
918,553473452,72,18,54
918,554711016,24,4,20
918,566379415,48,12,36
918,566906323,48,16,32
918,567451560,72,12,60
918,567451576,432,72,360
918,567451628,72,12,60
918,568485714,4,1,3
918,576025422,72,6,66
918,576886796,4,1,3
918,577632500,48,12,36
918,578306309,24,4,20
918,578471360,72,12,60
918,579018526,96,4,92
918,583271930,8,4,4
918,584746992,36,6,30
918,585483928,72,12,60
918,586940352,48,4,44
918,595621004,12,2,10
918,650707944,120,20,100
918,652763645,36,6,30
918,653466998,60,10,50
918,655978596,12,4,8
918,658942524,288,12,276
918,659194386,18,3,15
918,659337445,60,20,40
918,667507033,12,3,9
918,669772431,4,2,2
918,670122381,84,28,56
918,671445341,12,3,9
939,553473452,48,12,36
939,554711016,24,4,20
939,566379415,32,8,24
939,566906323,36,12,24
939,567120911,48,8,40
939,567451560,108,18,90
939,567451576,180,30,150
939,567451628,72,12,60
939,568162295,6,2,4
939,568485714,4,1,3
939,573415795,12,2,10
939,576025422,216,18,198
939,576886796,4,1,3
939,577632500,96,24,72
939,578306309,72,12,60
939,578471360,144,24,120
939,579018526,216,9,207
939,583271930,4,2,2
939,584746992,108,18,90
939,585483928,72,12,60
939,586940352,48,4,44
939,595421004,8,2,6
939,595621004,36,6,30
939,598977946,18,3,15
939,650707944,72,12,60
939,652763645,24,4,20
939,653466998,60,10,50
939,655978596,12,4,8
939,658942524,576,24,552
939,658942525,840,56,784
939,659337445,24,8,16
939,666810356,4,1,3
939,669772431,14,7,7
939,671445341,24,6,18
1022,553473452,48,12,36
1022,554711016,24,4,20
1022,566379415,32,8,24
1022,566906323,12,4,8
1022,567451560,36,6,30
1022,567451576,216,36,180
1022,567451628,72,12,60
1022,568485714,8,2,6
1022,576025422,216,18,198
1022,576886796,12,3,9
1022,577632500,48,12,36
1022,578306309,72,12,60
1022,578471360,72,12,60
1022,579018526,24,1,23
1022,583271930,4,2,2
1022,584746992,36,6,30
1022,585483928,72,12,60
1022,586940352,12,1,11
1022,595621004,12,2,10
1022,650707944,24,4,20
1022,652763645,12,2,10
1022,653466998,60,10,50
1022,655978596,12,4,8
1022,656827097,18,6,12
1022,669772431,2,1,1
1022,670122381,60,20,40
1022,671445341,732,183,549
1044,553473452,72,18,54
1044,554711016,72,12,60
1044,556132396,12,3,9
1044,566379415,48,12,36
1044,566906323,60,20,40
1044,567451560,72,12,60
1044,567451576,468,78,390
1044,567451628,144,24,120
1044,568485714,4,1,3
1044,576025422,216,18,198
1044,577632500,72,18,54
1044,578471360,72,12,60
1044,579018526,192,8,184
1044,583271930,6,3,3
1044,584746992,36,6,30
1044,585483928,48,8,40
1044,586940352,60,5,55
1044,595421004,4,1,3
1044,595621004,36,6,30
1044,650707944,48,8,40
1044,652763645,24,4,20
1044,653466998,60,10,50
1044,655978596,12,4,8
1044,658942524,288,12,276
1044,658942525,120,8,112
1044,659337445,48,16,32
1044,669772431,6,3,3
1044,670122381,24,8,16
1044,671445341,660,165,495
1118,553473452,48,12,36
1118,554711016,24,4,20
1118,566379415,80,20,60
1118,566906323,12,4,8
1118,567451560,36,6,30
1118,567451576,36,6,30
1118,567451628,36,6,30
1118,576025422,144,12,132
1118,576886796,4,1,3
1118,577632500,48,12,36
1118,578306309,24,4,20
1118,578471360,72,12,60
1118,579018526,48,2,46
1118,583271930,12,6,6
1118,585483928,96,16,80
1118,586940352,12,1,11
1118,595421004,4,1,3
1118,595621004,36,6,30
1118,599540789,14,1,13
1118,652763645,12,2,10
1118,653466998,90,15,75
1118,655978596,12,4,8
1118,658942524,288,12,276
1118,659337445,36,12,24
1118,666810356,8,2,6
1118,669772431,8,4,4
1118,670122381,12,4,8
1118,671445341,12,3,9
1232,553473452,48,12,36
1232,554711016,48,8,40
1232,566379415,48,12,36
1232,566906323,48,16,32
1232,567451560,72,12,60
1232,567451576,216,36,180
1232,567451628,180,30,150
1232,568162295,3,1,2
1232,576025422,144,12,132
1232,577632500,120,30,90
1232,578306309,48,8,40
1232,578471360,72,12,60
1232,579018526,144,6,138
1232,583271930,2,1,1
1232,584746992,72,12,60
1232,585483928,72,12,60
1232,586940352,36,3,33
1232,595421004,4,1,3
1232,595621004,12,2,10
1232,650707944,96,16,80
1232,652763645,24,4,20
1232,653466998,60,10,50
1232,654793181,12,3,9
1232,655978596,24,8,16
1232,658942524,288,12,276
1232,658942525,120,8,112
1232,659337445,36,12,24
1232,669772431,4,2,2
1232,671445341,48,12,36
1254,553473452,72,18,54
1254,554711016,48,8,40
1254,566379415,48,12,36
1254,566906323,24,8,16
1254,567451560,36,6,30
1254,567451576,216,36,180
1254,567451628,108,18,90
1254,568485714,4,1,3
1254,576025422,72,6,66
1254,577632500,72,18,54
1254,578306309,24,4,20
1254,578471360,144,24,120
1254,579018526,168,7,161
1254,583271930,8,4,4
1254,584746992,36,6,30
1254,585483928,72,12,60
1254,586940352,12,1,11
1254,595621004,36,6,30
1254,597962920,12,2,10
1254,652763645,36,6,30
1254,653466998,90,15,75
1254,655978596,12,4,8
1254,656827097,18,6,12
1254,658942524,288,12,276
1254,658942525,120,8,112
1254,659337445,24,8,16
1254,666810356,8,2,6
1254,669772431,2,1,1
1254,670122381,36,12,24
1254,671445341,12,3,9
1800,553473452,24,6,18
1800,554711016,24,4,20
1800,566379415,48,12,36
1800,566906323,12,4,8
1800,567451560,36,6,30
1800,567451576,72,12,60
1800,567451628,36,6,30
1800,568485714,16,4,12
1800,576025422,144,12,132
1800,576886796,4,1,3
1800,577632500,24,6,18
1800,578306309,24,4,20
1800,578471360,24,4,20
1800,579018526,48,2,46
1800,583271930,2,1,1
1800,585483928,72,12,60
1800,586940352,12,1,11
1800,595421004,4,1,3
1800,595621004,12,2,10
1800,650707944,24,4,20
1800,652763645,24,4,20
1800,653466998,60,10,50
1800,655978596,12,4,8
1800,658942524,288,12,276
1800,659337445,24,8,16
1800,669772431,8,4,4
1800,670122381,60,20,40
1800,671445341,480,120,360
2427,553473452,24,6,18
2427,554711016,24,4,20
2427,566379415,48,12,36
2427,566906323,24,8,16
2427,567451560,72,12,60
2427,567451576,180,30,150
2427,567451628,36,6,30
2427,568485714,12,3,9
2427,576025422,144,12,132
2427,576886796,4,1,3
2427,577632500,48,12,36
2427,578306309,24,4,20
2427,578471360,72,12,60
2427,579018526,24,1,23
2427,583271930,4,2,2
2427,584746992,36,6,30
2427,585483928,72,12,60
2427,595421004,4,1,3
2427,595621004,12,2,10
2427,650707944,672,112,560
2427,652763645,12,2,10
2427,653466998,30,5,25
2427,655978596,12,4,8
2427,656827097,18,6,12
2427,658942524,288,12,276
2427,658942525,120,8,112
2427,659337445,36,12,24
2427,669772431,4,2,2
2667,553473452,72,18,54
2667,554711016,24,4,20
2667,566379415,64,16,48
2667,566906323,12,4,8
2667,567451560,36,6,30
2667,567451576,72,12,60
2667,567451628,36,6,30
2667,568485714,8,2,6
2667,576025422,72,6,66
2667,576886796,4,1,3
2667,577632500,48,12,36
2667,578306309,24,4,20
2667,578471360,96,16,80
2667,579018526,96,4,92
2667,583271930,6,3,3
2667,585483928,72,12,60
2667,586940352,12,1,11
2667,595421004,4,1,3
2667,595621004,36,6,30
2667,650707944,96,16,80
2667,652763645,12,2,10
2667,653466998,90,15,75
2667,658942524,288,12,276
2667,658942525,120,8,112
2667,659337445,36,12,24
2667,666810356,4,1,3
2667,669772431,4,2,2
2667,671445341,12,3,9
2688,553473452,120,30,90
2688,554711016,72,12,60
2688,566379415,16,4,12
2688,566906323,60,20,40
2688,567451560,72,12,60
2688,567451576,288,48,240
2688,567451628,108,18,90
2688,576025422,216,18,198
2688,577632500,72,18,54
2688,578306309,24,4,20
2688,578471360,72,12,60
2688,579018526,192,8,184
2688,583271930,6,3,3
2688,584746992,72,12,60
2688,585483928,72,12,60
2688,586940352,60,5,55
2688,595421004,4,1,3
2688,595621004,12,2,10
2688,598977946,18,3,15
2688,650707944,48,8,40
2688,652763645,36,6,30
2688,653466998,30,5,25
2688,655860969,12,2,10
2688,655978596,24,8,16
2688,656827097,18,6,12
2688,658942524,288,12,276
2688,658942525,120,8,112
2688,666810356,4,1,3
2688,669772431,2,1,1
2688,671445341,240,60,180
2973,553473452,48,12,36
2973,554711016,72,12,60
2973,566379415,16,4,12
2973,566906323,60,20,40
2973,567451560,36,6,30
2973,567451576,216,36,180
2973,567451628,72,12,60
2973,576025422,144,12,132
2973,577632500,48,12,36
2973,578306309,24,4,20
2973,578471360,24,4,20
2973,579018526,72,3,69
2973,583271930,2,1,1
2973,584746992,36,6,30
2973,585483928,72,12,60
2973,586940352,12,1,11
2973,650707944,48,8,40
2973,652763645,12,2,10
2973,653466998,30,5,25
2973,655978596,12,4,8
2973,658942524,288,12,276
2973,658942525,120,8,112
2973,659337445,12,4,8
2973,669772431,6,3,3
2973,671445341,24,6,18
3014,553473452,72,18,54
3014,554711016,24,4,20
3014,566379415,48,12,36
3014,566906323,24,8,16
3014,567451560,36,6,30
3014,567451576,36,6,30
3014,567451628,36,6,30
3014,568485714,4,1,3
3014,576025422,144,12,132
3014,576886796,12,3,9
3014,577632500,48,12,36
3014,578306309,24,4,20
3014,578471360,72,12,60
3014,579018526,24,1,23
3014,583271930,6,3,3
3014,585483928,168,28,140
3014,586940352,12,1,11
3014,595421004,4,1,3
3014,595621004,24,4,20
3014,650707944,768,128,640
3014,652763645,24,4,20
3014,653466998,60,10,50
3014,655978596,24,8,16
3014,656827097,36,12,24
3014,658942524,576,24,552
3014,658942525,120,8,112
3014,659337445,36,12,24
3014,666810356,8,2,6
3014,669772431,20,10,10
3014,670122381,36,12,24
3014,671445341,12,3,9
3204,553473452,24,6,18
3204,566379415,16,4,12
3204,567451560,36,6,30
3204,567451576,36,6,30
3204,567451628,36,6,30
3204,585483928,48,8,40
3204,650707944,24,4,20
3204,653466998,30,5,25
3224,553473452,24,6,18
3224,554711016,24,4,20
3224,566379415,16,4,12
3224,566906323,36,12,24
3224,567451560,36,6,30
3224,567451576,72,12,60
3224,567451628,36,6,30
3224,568162295,3,1,2
3224,568485714,4,1,3
3224,576025422,72,6,66
3224,577632500,24,6,18
3224,578306309,24,4,20
3224,578471360,24,4,20
3224,579018526,96,4,92
3224,583271930,6,3,3
3224,585483928,72,12,60
3224,586940352,24,2,22
3224,595421004,4,1,3
3224,595428581,120,3,117
3224,595621004,12,2,10
3224,652763645,12,2,10
3224,653466998,30,5,25
3224,655978596,12,4,8
3224,658942524,288,12,276
3224,658942525,120,8,112
3224,659337445,24,8,16
3224,669772431,4,2,2
3224,670122381,120,40,80
3224,671445341,12,3,9
3225,553473452,72,18,54
3225,554711016,24,4,20
3225,566379415,64,16,48
3225,566906323,36,12,24
3225,567451560,36,6,30
3225,567451576,252,42,210
3225,567451628,36,6,30
3225,568162295,3,1,2
3225,568485714,8,2,6
3225,576025422,72,6,66
3225,576886796,8,2,6
3225,577632500,96,24,72
3225,578306309,24,4,20
3225,578471360,72,12,60
3225,579018526,72,3,69
3225,583271930,4,2,2
3225,584746992,36,6,30
3225,585483928,96,16,80
3225,586940352,24,2,22
3225,595621004,24,4,20
3225,652763645,36,6,30
3225,653466998,30,5,25
3225,655978596,24,8,16
3225,658942524,864,36,828
3225,658942525,120,8,112
3225,659337445,60,20,40
3225,666810356,4,1,3
3225,669772431,2,1,1
3225,671445341,24,6,18
3285,553473452,48,12,36
3285,554711016,72,12,60
3285,566379415,48,12,36
3285,566906323,72,24,48
3285,567451560,36,6,30
3285,567451576,108,18,90
3285,567451628,36,6,30
3285,568162295,3,1,2
3285,576025422,144,12,132
3285,576886796,8,2,6
3285,577632500,96,24,72
3285,578306309,72,12,60
3285,578471360,48,8,40
3285,579018526,48,2,46
3285,583271930,8,4,4
3285,584746992,36,6,30
3285,585483928,120,20,100
3285,586940352,12,1,11
3285,595621004,12,2,10
3285,598977946,18,3,15
3285,650707944,72,12,60
3285,652763645,36,6,30
3285,653466998,30,5,25
3285,655978596,36,12,24
3285,658942524,576,24,552
3285,658942525,120,8,112
3285,659337445,36,12,24
3285,669772431,4,2,2
3285,670122381,12,4,8
3285,671445341,48,12,36
3319,553473452,72,18,54
3319,554711016,24,4,20
3319,566379415,96,24,72
3319,566906323,24,8,16
3319,567451560,108,18,90
3319,567451576,540,90,450
3319,567451628,144,24,120
3319,568485714,4,1,3
3319,576025422,144,12,132
3319,577632500,48,12,36
3319,578306309,24,4,20
3319,578471360,120,20,100
3319,579018526,48,2,46
3319,583271930,6,3,3
3319,584746992,36,6,30
3319,585483928,72,12,60
3319,586940352,24,2,22
3319,595421004,8,2,6
3319,595621004,36,6,30
3319,650707944,120,20,100
3319,652763645,24,4,20
3319,653466998,60,10,50
3319,655978596,24,8,16
3319,658942524,576,24,552
3319,658942525,120,8,112
3319,659337445,48,16,32
3319,669772431,6,3,3
3319,670122381,192,64,128
3319,671445341,24,6,18
3432,553473452,96,24,72
3432,566379415,48,12,36
3432,566906323,48,16,32
3432,567451560,36,6,30
3432,567451576,108,18,90
3432,567451628,36,6,30
3432,568485714,4,1,3
3432,576025422,72,6,66
3432,577632500,48,12,36
3432,578306309,24,4,20
3432,578471360,24,4,20
3432,579018526,24,1,23
3432,583271930,2,1,1
3432,584746992,36,6,30
3432,585483928,72,12,60
3432,586940352,12,1,11
3432,595621004,12,2,10
3432,650707944,48,8,40
3432,652763645,12,2,10
3432,653466998,60,10,50
3432,655978596,12,4,8
3432,658942524,288,12,276
3432,659337445,36,12,24
3432,669772431,4,2,2
3432,671445341,12,3,9
3433,553473452,48,12,36
3433,554711016,24,4,20
3433,566379415,16,4,12
3433,566906323,12,4,8
3433,567451560,36,6,30
3433,567451576,108,18,90
3433,567451628,72,12,60
3433,568485714,4,1,3
3433,576025422,72,6,66
3433,576886796,4,1,3
3433,577632500,24,6,18
3433,578306309,72,12,60
3433,578471360,24,4,20
3433,579018526,24,1,23
3433,583271930,4,2,2
3433,584746992,36,6,30
3433,585483928,72,12,60
3433,586940352,12,1,11
3433,595621004,12,2,10
3433,650707944,24,4,20
3433,652763645,36,6,30
3433,653466998,30,5,25
3433,655978596,12,4,8
3433,658942524,288,12,276
3433,658942525,120,8,112
3433,669772431,6,3,3
3433,671445341,12,3,9
3449,553473452,24,6,18
3449,566379415,32,8,24
3449,567451560,72,12,60
3449,567451576,72,12,60
3449,576025422,72,6,66
3449,578306309,24,4,20
3449,579018526,24,1,23
3449,585483928,24,4,20
3449,650707944,24,4,20
3449,653466998,30,5,25
3450,554711016,24,4,20
3450,566379415,16,4,12
3450,567451560,72,12,60
3450,567451576,108,18,90
3450,567451628,36,6,30
3450,576025422,144,12,132
3450,578306309,24,4,20
3450,579018526,72,3,69
3450,584746992,36,6,30
3450,585483928,24,4,20
3450,650707944,24,4,20
3450,653466998,60,10,50
3450,656827097,18,6,12
3631,553473452,72,18,54
3631,554711016,24,4,20
3631,566379415,48,12,36
3631,566906323,12,4,8
3631,567451560,72,12,60
3631,567451576,288,48,240
3631,567451628,36,6,30
3631,576025422,144,12,132
3631,577632500,72,18,54
3631,578306309,48,8,40
3631,578471360,96,16,80
3631,579018526,120,5,115
3631,583271930,4,2,2
3631,584746992,36,6,30
3631,585483928,48,8,40
3631,586940352,12,1,11
3631,595421004,4,1,3
3631,595621004,12,2,10
3631,650707944,72,12,60
3631,652763645,12,2,10
3631,658942524,288,12,276
3631,658942525,120,8,112
3631,659337445,24,8,16
3631,666810356,4,1,3
3631,669772431,8,4,4
3631,670122381,12,4,8
3631,671445341,12,3,9
3746,554711016,24,4,20
3746,566379415,16,4,12
3746,567451560,36,6,30
3746,567451576,108,18,90
3746,567451628,36,6,30
3746,576025422,72,6,66
3746,578306309,24,4,20
3746,579018526,72,3,69
3746,585483928,24,4,20
3746,650707944,24,4,20
3746,653466998,30,5,25
3752,553473452,24,6,18
3752,554711016,24,4,20
3752,566379415,16,4,12
3752,567451560,72,12,60
3752,567451576,72,12,60
3752,567451628,72,12,60
3752,576025422,72,6,66
3752,579018526,48,2,46
3752,584746992,72,12,60
3752,585483928,24,4,20
3752,650707944,24,4,20
3752,653466998,30,5,25
3764,553473452,72,18,54
3764,554711016,24,4,20
3764,566906323,12,4,8
3764,567451560,72,12,60
3764,567451576,180,30,150
3764,567451628,72,12,60
3764,568485714,4,1,3
3764,576025422,72,6,66
3764,577632500,48,12,36
3764,577859774,42,2,40
3764,578306309,48,8,40
3764,578471360,96,16,80
3764,579018526,144,6,138
3764,583271930,10,5,5
3764,584746992,36,6,30
3764,585483928,72,12,60
3764,586940352,12,1,11
3764,595421004,4,1,3
3764,595621004,12,2,10
3764,652763645,12,2,10
3764,653466998,30,5,25
3764,655978596,12,4,8
3764,658942524,288,12,276
3764,658942525,120,8,112
3764,659337445,36,12,24
3764,669772431,6,3,3
3764,671445341,24,6,18
3828,553473452,48,12,36
3828,554711016,24,4,20
3828,566379415,16,4,12
3828,566906323,12,4,8
3828,567451560,36,6,30
3828,567451576,216,36,180
3828,567451628,144,24,120
3828,568485714,4,1,3
3828,576025422,144,12,132
3828,576886796,4,1,3
3828,577632500,48,12,36
3828,578306309,24,4,20
3828,578471360,96,16,80
3828,579018526,144,6,138
3828,583271930,6,3,3
3828,584746992,36,6,30
3828,585483928,72,12,60
3828,586940352,12,1,11
3828,595421004,4,1,3
3828,595621004,12,2,10
3828,597783872,12,6,6
3828,652763645,12,2,10
3828,653466998,30,5,25
3828,655978596,12,4,8
3828,658942524,288,12,276
3828,659337445,12,4,8
3828,666810356,8,2,6
3828,669772431,6,3,3
3828,671445341,12,3,9
4114,553473452,24,6,18
4114,554711016,24,4,20
4114,566379415,16,4,12
4114,567451560,36,6,30
4114,567451576,108,18,90
4114,567451628,36,6,30
4114,576025422,72,6,66
4114,577632500,24,6,18
4114,578306309,24,4,20
4114,579018526,24,1,23
4114,584746992,36,6,30
4114,585483928,24,4,20
4114,650707944,24,4,20
4114,653466998,30,5,25
4114,656827097,18,6,12
4164,553473452,96,24,72
4164,554711016,24,4,20
4164,566379415,16,4,12
4164,566906323,12,4,8
4164,567451560,72,12,60
4164,567451576,360,60,300
4164,567451628,72,12,60
4164,568485714,8,2,6
4164,576025422,144,12,132
4164,577632500,48,12,36
4164,578306309,24,4,20
4164,578471360,24,4,20
4164,583271930,4,2,2
4164,584746992,36,6,30
4164,585483928,96,16,80
4164,586940352,36,3,33
4164,595421004,8,2,6
4164,595621004,12,2,10
4164,650707944,24,4,20
4164,652763645,24,4,20
4164,653466998,90,15,75
4164,655978596,24,8,16
4164,656827097,54,18,36
4164,658942524,288,12,276
4164,658942525,120,8,112
4164,659337445,12,4,8
4164,662077904,72,3,69
4164,669772431,4,2,2
4164,670122381,60,20,40
4164,671445341,12,3,9
4193,553473452,24,6,18
4193,554711016,48,8,40
4193,566379415,16,4,12
4193,567451560,36,6,30
4193,567451576,72,12,60
4193,567451628,72,12,60
4193,576025422,144,12,132
4193,577632500,24,6,18
4193,578306309,24,4,20
4193,579018526,24,1,23
4193,584746992,36,6,30
4193,585483928,72,12,60
4193,586940352,12,1,11
4193,650707944,24,4,20
4193,653466998,30,5,25
4215,553473452,72,18,54
4215,554711016,24,4,20
4215,566379415,48,12,36
4215,566906323,12,4,8
4215,567451560,72,12,60
4215,567451576,180,30,150
4215,567451628,108,18,90
4215,568485714,4,1,3
4215,576025422,216,18,198
4215,576886796,4,1,3
4215,577632500,72,18,54
4215,578306309,24,4,20
4215,578471360,24,4,20
4215,579018526,120,5,115
4215,583271930,2,1,1
4215,584746992,36,6,30
4215,585483928,72,12,60
4215,586940352,12,1,11
4215,595621004,36,6,30
4215,652763645,36,6,30
4215,653466998,30,5,25
4215,655978596,12,4,8
4215,658942524,288,12,276
4215,658942525,120,8,112
4215,659337445,12,4,8
4215,666810356,4,1,3
4215,669772431,6,3,3
4215,671445341,12,3,9
4279,553473452,24,6,18
4279,554711016,24,4,20
4279,566379415,48,12,36
4279,566906323,12,4,8
4279,567451560,36,6,30
4279,567451576,396,66,330
4279,567451628,108,18,90
4279,568485714,4,1,3
4279,576025422,216,18,198
4279,577632500,72,18,54
4279,578306309,24,4,20
4279,578471360,144,24,120
4279,579018526,24,1,23
4279,583271930,6,3,3
4279,584746992,36,6,30
4279,585483928,72,12,60
4279,586940352,12,1,11
4279,595621004,12,2,10
4279,652763645,12,2,10
4279,653466998,60,10,50
4279,655978596,24,8,16
4279,656827097,18,6,12
4279,658942524,288,12,276
4279,659337445,24,8,16
4279,666810356,4,1,3
4279,669772431,6,3,3
4279,670122381,36,12,24
4279,671445341,12,3,9
4367,553473452,24,6,18
4367,554711016,24,4,20
4367,566379415,16,4,12
4367,567451576,72,12,60
4367,567451628,36,6,30
4367,576025422,72,6,66
4367,578306309,48,8,40
4367,579018526,96,4,92
4367,584746992,36,6,30
4367,650707944,48,8,40
4367,653466998,60,10,50
4371,553473452,48,12,36
4371,554711016,48,8,40
4371,566379415,32,8,24
4371,567451560,36,6,30
4371,567451576,180,30,150
4371,567451628,36,6,30
4371,576025422,288,24,264
4371,579018526,48,2,46
4371,584746992,72,12,60
4371,585483928,48,8,40
4371,586940352,12,1,11
4371,650707944,48,8,40
4371,653466998,60,10,50
4371,656827097,18,6,12
4373,553473452,48,12,36
4373,554711016,24,4,20
4373,566379415,16,4,12
4373,567451576,108,18,90
4373,567451628,36,6,30
4373,576025422,144,12,132
4373,578306309,48,8,40
4373,579018526,72,3,69
4373,584746992,36,6,30
4373,585483928,48,8,40
4373,586940352,24,2,22
4373,650707944,48,8,40
4373,653466998,60,10,50
4453,553473452,24,6,18
4453,554711016,48,8,40
4453,566379415,16,4,12
4453,567451560,36,6,30
4453,567451576,36,6,30
4453,567451628,36,6,30
4453,576025422,72,6,66
4453,578306309,24,4,20
4453,579018526,48,2,46
4453,585483928,24,4,20
4453,650707944,72,12,60
4453,653466998,60,10,50
4509,553473452,96,24,72
4509,554711016,24,4,20
4509,566379415,48,12,36
4509,566906323,72,24,48
4509,567451560,36,6,30
4509,567451576,396,66,330
4509,567451628,108,18,90
4509,568485714,4,1,3
4509,576025422,144,12,132
4509,577632500,96,24,72
4509,578306309,24,4,20
4509,578471360,48,8,40
4509,579018526,24,1,23
4509,584746992,72,12,60
4509,585483928,72,12,60
4509,586940352,48,4,44
4509,595421004,4,1,3
4509,595621004,12,2,10
4509,652763645,36,6,30
4509,653466998,30,5,25
4509,655978596,24,8,16
4509,656827097,18,6,12
4509,658942524,288,12,276
4509,658942525,120,8,112
4509,671445341,12,3,9
4605,553473452,48,12,36
4605,554711016,24,4,20
4605,566379415,16,4,12
4605,567451560,36,6,30
4605,567451576,144,24,120
4605,567451628,36,6,30
4605,576025422,72,6,66
4605,576690975,24,4,20
4605,577632500,72,18,54
4605,579018526,24,1,23
4605,584746992,72,12,60
4605,585483928,24,4,20
4605,586940352,36,3,33
4605,650707944,24,4,20
4605,653466998,60,10,50
4605,656827097,18,6,12
4605,659337445,12,4,8
4674,553473452,48,12,36
4674,554711016,24,4,20
4674,566379415,16,4,12
4674,567451560,36,6,30
4674,567451576,108,18,90
4674,567451628,36,6,30
4674,576025422,144,12,132
4674,578306309,24,4,20
4674,579018526,24,1,23
4674,584746992,36,6,30
4674,585483928,24,4,20
4674,650707944,48,8,40
4674,653466998,30,5,25
5191,553473452,72,18,54
5191,554711016,24,4,20
5191,566379415,48,12,36
5191,566906323,36,12,24
5191,567451560,72,12,60
5191,567451576,216,36,180
5191,567451628,36,6,30
5191,576025422,72,6,66
5191,577632500,96,24,72
5191,578306309,24,4,20
5191,578471360,24,4,20
5191,579018526,120,5,115
5191,583271930,4,2,2
5191,584746992,72,12,60
5191,585483928,96,16,80
5191,586940352,12,1,11
5191,595621004,36,6,30
5191,650707944,840,140,700
5191,652763645,36,6,30
5191,653466998,90,15,75
5191,655978596,12,4,8
5191,658942524,288,12,276
5191,658942525,120,8,112
5191,659337445,60,20,40
5191,669772431,8,4,4
5204,553473452,24,6,18
5204,566379415,16,4,12
5204,567451560,36,6,30
5204,567451576,72,12,60
5204,567451628,36,6,30
5204,576025422,72,6,66
5204,578306309,72,12,60
5204,579018526,24,1,23
5204,584746992,36,6,30
5204,585483928,48,8,40
5204,586940352,12,1,11
5204,650707944,48,8,40
5204,653466998,30,5,25
5210,553473452,72,18,54
5210,554711016,24,4,20
5210,566379415,48,12,36
5210,566906323,12,4,8
5210,567451560,36,6,30
5210,567451576,216,36,180
5210,567451628,144,24,120
5210,568485714,4,1,3
5210,576025422,72,6,66
5210,577632500,72,18,54
5210,578306309,24,4,20
5210,578471360,48,8,40
5210,579018526,96,4,92
5210,583271930,4,2,2
5210,584746992,36,6,30
5210,585483928,72,12,60
5210,595621004,12,2,10
5210,652763645,12,2,10
5210,653466998,30,5,25
5210,655978596,12,4,8
5210,656827097,18,6,12
5210,658942524,288,12,276
5210,658942525,1200,80,1120
5210,659337445,36,12,24
5210,670122381,24,8,16
5210,671445341,60,15,45
5288,553473452,48,12,36
5288,566379415,48,12,36
5288,566906323,12,4,8
5288,567451560,36,6,30
5288,567451576,108,18,90
5288,567451628,36,6,30
5288,568162295,3,1,2
5288,568485714,8,2,6
5288,576025422,144,12,132
5288,577632500,24,6,18
5288,578306309,24,4,20
5288,578471360,48,8,40
5288,579018526,24,1,23
5288,583271930,10,5,5
5288,585483928,72,12,60
5288,586940352,12,1,11
5288,595421004,4,1,3
5288,595621004,12,2,10
5288,650707944,672,112,560
5288,652763645,24,4,20
5288,653466998,60,10,50
5288,656827097,18,6,12
5288,658942524,288,12,276
5288,659337445,48,16,32
5288,669772431,16,8,8
5389,553473452,72,18,54
5389,554711016,24,4,20
5389,566379415,48,12,36
5389,566906323,12,4,8
5389,567451560,72,12,60
5389,567451576,360,60,300
5389,567451628,108,18,90
5389,573415795,6,1,5
5389,576025422,288,24,264
5389,576886796,4,1,3
5389,577632500,48,12,36
5389,578306309,48,8,40
5389,578471360,72,12,60
5389,579018526,288,12,276
5389,583271930,6,3,3
5389,584746992,36,6,30
5389,585483928,96,16,80
5389,586940352,48,4,44
5389,595421004,8,2,6
5389,650707944,24,4,20
5389,652763645,12,2,10
5389,653466998,30,5,25
5389,655978596,12,4,8
5389,656827097,18,6,12
5389,658942524,288,12,276
5389,659337445,12,4,8
5389,666810356,4,1,3
5389,669772431,4,2,2
5389,670122381,60,20,40
5389,671445341,12,3,9
5673,553473452,96,24,72
5673,554711016,24,4,20
5673,566379415,48,12,36
5673,566906323,36,12,24
5673,567451560,72,12,60
5673,567451576,216,36,180
5673,567451628,72,12,60
5673,576025422,72,6,66
5673,576886796,4,1,3
5673,577632500,72,18,54
5673,578471360,48,8,40
5673,579018526,24,1,23
5673,583271930,4,2,2
5673,584746992,36,6,30
5673,585483928,72,12,60
5673,586940352,12,1,11
5673,595621004,12,2,10
5673,598977946,18,3,15
5673,650707944,48,8,40
5673,652763645,12,2,10
5673,653466998,30,5,25
5673,655978596,12,4,8
5673,658942524,288,12,276
5673,658942525,120,8,112
5673,670122381,72,24,48
5673,671445341,12,3,9
5700,553473452,24,6,18
5700,554711016,24,4,20
5700,566379415,16,4,12
5700,567451560,36,6,30
5700,567451576,36,6,30
5700,567451628,36,6,30
5700,578306309,24,4,20
5700,579018526,24,1,23
5700,584746992,36,6,30
5700,585483928,24,4,20
5700,650707944,24,4,20
5700,653466998,30,5,25
5700,656827097,18,6,12
5810,554711016,24,4,20
5810,566379415,16,4,12
5810,566906323,12,4,8
5810,567451560,36,6,30
5810,567451576,36,6,30
5810,567451628,36,6,30
5810,568485714,4,1,3
5810,576025422,144,12,132
5810,578306309,24,4,20
5810,578471360,48,8,40
5810,578716846,12,2,10
5810,579018526,24,1,23
5810,583271930,4,2,2
5810,584746992,36,6,30
5810,585483928,72,12,60
5810,586940352,24,2,22
5810,652763645,12,2,10
5810,653466998,60,10,50
5810,655978596,12,4,8
5810,658942524,288,12,276
5810,658942525,120,8,112
5810,669772431,6,3,3
5810,670122381,60,20,40
5810,671445341,12,3,9
5823,553473452,48,12,36
5823,554711016,24,4,20
5823,566379415,48,12,36
5823,566906323,84,28,56
5823,567451560,36,6,30
5823,567451576,216,36,180
5823,567451628,108,18,90
5823,568162295,3,1,2
5823,568485714,4,1,3
5823,576025422,144,12,132
5823,577632500,48,12,36
5823,578306309,24,4,20
5823,578471360,144,24,120
5823,579018526,120,5,115
5823,583271930,6,3,3
5823,584746992,36,6,30
5823,585483928,72,12,60
5823,586940352,12,1,11
5823,595421004,12,3,9
5823,595621004,12,2,10
5823,652763645,12,2,10
5823,653466998,30,5,25
5823,655978596,12,4,8
5823,656827097,18,6,12
5823,658942525,120,8,112
5823,659337445,48,16,32
5823,669772431,2,1,1
5823,670122381,180,60,120
5823,671445341,12,3,9
5987,553473452,48,12,36
5987,554711016,96,16,80
5987,566379415,80,20,60
5987,566906323,24,8,16
5987,567451560,72,12,60
5987,567451576,216,36,180
5987,567451628,144,24,120
5987,568485714,4,1,3
5987,576025422,144,12,132
5987,577632500,48,12,36
5987,578306309,72,12,60
5987,578471360,96,16,80
5987,579018526,120,5,115
5987,583271930,4,2,2
5987,584746992,72,12,60
5987,585483928,72,12,60
5987,586940352,24,2,22
5987,595421004,4,1,3
5987,595621004,36,6,30
5987,650707944,72,12,60
5987,652763645,24,4,20
5987,653466998,60,10,50
5987,655978596,24,8,16
5987,656827097,18,6,12
5987,658942524,288,12,276
5987,658942525,360,24,336
5987,659337445,24,8,16
5987,669772431,8,4,4
5987,670122381,12,4,8
5987,671445341,12,3,9
6286,553473452,48,12,36
6286,554711016,24,4,20
6286,566379415,112,28,84
6286,566906323,72,24,48
6286,567451560,72,12,60
6286,567451576,216,36,180
6286,567451628,72,12,60
6286,568162295,3,1,2
6286,568485714,16,4,12
6286,576025422,288,24,264
6286,577632500,48,12,36
6286,578306309,72,12,60
6286,578471360,72,12,60
6286,579018526,192,8,184
6286,583271930,12,6,6
6286,584746992,72,12,60
6286,585483928,96,16,80
6286,586940352,48,4,44
6286,595621004,12,2,10
6286,598977946,18,3,15
6286,650707944,120,20,100
6286,652763645,36,6,30
6286,653466998,60,10,50
6286,655978596,12,4,8
6286,656827097,18,6,12
6286,658942524,288,12,276
6286,659337445,84,28,56
6286,666810356,4,1,3
6286,669772431,14,7,7
6286,670122381,36,12,24
6286,671445341,48,12,36
6459,553473452,24,6,18
6459,554711016,24,4,20
6459,566379415,16,4,12
6459,567451560,36,6,30
6459,567451576,108,18,90
6459,567451628,36,6,30
6459,576025422,72,6,66
6459,577632500,24,6,18
6459,578306309,24,4,20
6459,579018526,96,4,92
6459,584746992,36,6,30
6459,585483928,24,4,20
6459,586940352,12,1,11
6459,650707944,72,12,60
6459,653466998,30,5,25
6459,656827097,18,6,12
6467,553473452,48,12,36
6467,566379415,32,8,24
6467,566906323,12,4,8
6467,567451560,72,12,60
6467,567451576,252,42,210
6467,567451628,108,18,90
6467,568485714,4,1,3
6467,573415795,6,1,5
6467,576025422,216,18,198
6467,577632500,48,12,36
6467,578306309,24,4,20
6467,578471360,24,4,20
6467,579018526,72,3,69
6467,583271930,10,5,5
6467,584746992,72,12,60
6467,585483928,96,16,80
6467,586940352,48,4,44
6467,595421004,8,2,6
6467,595621004,36,6,30
6467,650707944,72,12,60
6467,652763645,12,2,10
6467,653466998,60,10,50
6467,655978596,12,4,8
6467,656827097,18,6,12
6467,658942524,288,12,276
6467,658942525,120,8,112
6467,659337445,24,8,16
6467,666810356,8,2,6
6467,669772431,2,1,1
6467,671445341,12,3,9
6929,553473452,48,12,36
6929,554711016,24,4,20
6929,566379415,48,12,36
6929,566906323,24,8,16
6929,567451560,72,12,60
6929,567451576,288,48,240
6929,567451628,108,18,90
6929,568485714,4,1,3
6929,576025422,216,18,198
6929,577632500,72,18,54
6929,578306309,48,8,40
6929,578471360,120,20,100
6929,578648693,16,4,12
6929,579018526,144,6,138
6929,583271930,4,2,2
6929,584746992,72,12,60
6929,585483928,72,12,60
6929,586940352,12,1,11
6929,595621004,12,2,10
6929,650707944,120,20,100
6929,652763645,36,6,30
6929,653466998,60,10,50
6929,655978596,12,4,8
6929,656827097,18,6,12
6929,658942524,288,12,276
6929,658942525,120,8,112
6929,659337445,60,20,40
6929,659479100,24,1,23
6929,669772431,8,4,4
6929,670122381,60,20,40
6929,671445341,24,6,18
7156,553473452,120,30,90
7156,554711016,24,4,20
7156,566379415,48,12,36
7156,566906323,12,4,8
7156,567451560,72,12,60
7156,567451576,252,42,210
7156,567451628,108,18,90
7156,568162295,3,1,2
7156,568485714,4,1,3
7156,576025422,72,6,66
7156,576886796,4,1,3
7156,577632500,96,24,72
7156,578306309,48,8,40
7156,578471360,120,20,100
7156,579018526,24,1,23
7156,583271930,2,1,1
7156,584746992,36,6,30
7156,585483928,72,12,60
7156,586940352,36,3,33
7156,595421004,4,1,3
7156,650707944,888,148,740
7156,652763645,12,2,10
7156,653466998,60,10,50
7156,655978596,12,4,8
7156,656827097,18,6,12
7156,658942524,288,12,276
7156,658942525,120,8,112
7156,659337445,36,12,24
7156,666810356,12,3,9
7156,669772431,6,3,3
7156,670122381,48,16,32
7156,671445341,12,3,9
7224,553473452,24,6,18
7224,554711016,24,4,20
7224,567451576,36,6,30
7224,567451628,36,6,30
7224,576025422,72,6,66
7224,579018526,24,1,23
7224,584746992,36,6,30
7224,585483928,48,8,40
7224,650707944,24,4,20
7224,653466998,30,5,25
7232,553473452,24,6,18
7232,554711016,24,4,20
7232,566379415,16,4,12
7232,567451560,36,6,30
7232,567451576,36,6,30
7232,577632500,24,6,18
7232,578306309,24,4,20
7232,585483928,24,4,20
7232,650707944,24,4,20
7232,653466998,30,5,25
8930,4045763,24,3,21
8930,553473452,24,6,18
8930,554711016,24,4,20
8930,566379415,16,4,12
8930,566906323,36,12,24
8930,567451560,36,6,30
8930,567451576,144,24,120
8930,576025422,216,18,198
8930,576886796,4,1,3
8930,578471360,72,12,60
8930,579018526,24,1,23
8930,583271930,2,1,1
8930,584746992,36,6,30
8930,585483928,24,4,20
8930,586940352,12,1,11
8930,595421004,4,1,3
8930,653466998,60,10,50
8930,655978596,12,4,8
8930,658942524,288,12,276
8930,658942525,120,8,112
