25,6319,"KENTWOOD, MI",AMERICAN TIRE DISTRIBUTORS INC,CARLISLE,980052172,18X8.5-8 LINKS 4PR,24,CARLISLE,4,194.28,5192711,51927116319,,
33,6317,"NORTH CANTON, OH",AMERICAN TIRE DISTRIBUTORS INC,CARLISLE,980052544,4.80-12C SPTRLLH,24,CARLISLE,2,75.68,6H01301,6H013016317,,
33,6679,"WEST MIFFLIN,PA",AMERICAN TIRE DISTRIBUTORS INC,CARLISLE,980052500,ST175/80R13D TRLHD,24,CARLISLE,2,120.52,6H04521,6H045216679,,
26,6666,"CANTON, MI",AMERICAN TIRE DISTRIBUTORS INC,CARLISLE,980052173,18X8.5-8 FWYPRO 4PR,24,CARLISLE,1,38.77,5189761,51897616666,,
31,6441,"LAKELAND (N),FL",AMERICAN TIRE DISTRIBUTORS INC,CARLISLE,980053088,ST205/75D14C SPTRLLH,24,CARLISLE,1,69.5,6H01351,6H013516441,,
9,8163,"COLUMBIA, MO",AMERICAN TIRE DISTRIBUTORS INC,FALKEN,984219216,275/65R18 116T AT4W,9,FALKEN,4,900.64,28844901,2.88449E+11,,
24,8236,"GULFPORT, MS",AMERICAN TIRE DISTRIBUTORS INC,CARLISLE,980052515,ST235/80R16E TRLHD,24,CARLISLE,2,212.24,6H04631,6H046318236,,
23,4740,"SOUTHAVEN, MS",AMERICAN TIRE DISTRIBUTORS INC,CARLISLE,980052508,ST205/75R15D TRLHD,24,CARLISLE,1,73.88,6H04591,6H045914740,,
17,6503,"HATTIESBURG, MS",AMERICAN TIRE DISTRIBUTORS INC,CARLISLE,980052173,18X8.5-8 FWYPRO 4PR,24,CARLISLE,1,38.77,5189761,51897616503,,
16,4985,"SPRINGFIELD (S), MO",AMERICAN TIRE DISTRIBUTORS INC,FALKEN,984219254,LT225/75R16E AT4W,9,FALKEN,4,637.64,28840119,2.8841E+11,,
32,6520,"VERO BEACH, FL",AMERICAN TIRE DISTRIBUTORS INC,CARLISLE,980052508,ST205/75R15D TRLHD,24,CARLISLE,4,295.52,6H04591,6H045916520,,
31,6403,"BRANDON, FL",AMERICAN TIRE DISTRIBUTORS INC,CARLISLE,980052508,ST205/75R15D TRLHD,24,CARLISLE,2,147.76,6H04591,6H045916403,,
28,4789,"SHARPSBURG, GA",AMERICAN TIRE DISTRIBUTORS INC,FALKEN,984219210,265/75R16 116T AT4W,9,FALKEN,4,709.56,28844301,2.88443E+11,,
28,4739,"SNELLVILLE, GA",AMERICAN TIRE DISTRIBUTORS INC,CARLISLE,980053085,ST185/80D13C SPTRLLH,24,CARLISLE,1,35.62,6H01371,6H013714739,,
2,4735,"LA HABRA, CA",AMERICAN TIRE DISTRIBUTORS INC,CARLISLE,980052505,ST205/75R14D TRLHD,24,CARLISLE,2,138.96,6H04561,6H045614735,,
26,6660,"PORT HURON, MI",AMERICAN TIRE DISTRIBUTORS INC,CARLISLE,980052505,ST205/75R14D TRLHD,24,CARLISLE,4,277.92,6H04561,6H045616660,,
21,6304,"INDIANAPOLIS, IN",AMERICAN TIRE DISTRIBUTORS INC,FALKEN,984219259,235/75R15X 109TAT4W,9,FALKEN,4,512.04,28844108,2.88441E+11,,
18,4738,"EAGAN, MN",AMERICAN TIRE DISTRIBUTORS INC,CARLISLE,980052508,ST205/75R15D TRLHD,24,CARLISLE,2,154.86,6H04591,6H045914738,,
30,4917,Mooresville NC,GREENBALL CORP,GREENBALL,980233879,ST175/80R13C TRANSEV,22,GREENBALL,2,97.06,TF13175C,TF13175C4917,,
25,6319,"KENTWOOD, MI",AMERICAN TIRE DISTRIBUTORS INC,CARLISLE,980052515,ST235/80R16E TRLHD,24,CARLISLE,2,212.24,6H04631,6H046316319,,
30,4917,Mooresville NC,GREENBALL CORP,GREENBALL,980172422,ST205/75R15D TRANSEV,22,GREENBALL,3,208.35,TF15205D,TF15205D4917,,
13,6421,"CONROE, TX",GOODYEAR TIRE & RUBBER CO,GOODYEAR,980288552,235/75R15 105S TLRNR,1,Goodyear,2,217.22,741-126-681,741-126-6816421,,
6,8270,"LUBBOCK, TX",GOODYEAR TIRE & RUBBER CO,GOODYEAR,980254971,245/45R19 98W EAGTR,1,Goodyear,4,689.36,102-015-387,102-015-3878270,,
34,8228,"WINSTON-SALEM, NC",GOODYEAR TIRE & RUBBER CO,GOODYEAR,980346639,LT265/75R16E WRKAT,1,Goodyear,2,356.98,481-746-856,481-746-8568228,,
35,8129,"WILMINGTON, NC",GOODYEAR TIRE & RUBBER CO,GOODYEAR,980137887,235/40R18 91V MAXLIF,1,Goodyear,4,705.64,110-940-545,110-940-5458129,,
11,8226,"ABILENE, TX",GOODYEAR TIRE & RUBBER CO,GOODYEAR,610704,265/70R17 115T FRTHT,1,Goodyear,1,183.08,157-042-620,157-042-6208226,,
12,8156,"LAREDO, TX",GOODYEAR TIRE & RUBBER CO,GOODYEAR,980124563,P255/60R19108HMAXLIF,1,Goodyear,3,595.29,110-932-545,110-932-5458156,,
27,6242,"DUBLIN, OH",GOODYEAR TIRE & RUBBER CO,GOODYEAR,980419010,245/75R16 111T WRKHT,1,Goodyear,2,279.92,116-084-652,116-084-6526242,,
34,6458,"LYNCHBURG, VA",GOODYEAR TIRE & RUBBER CO,GOODYEAR,980114265,235/60R18 103VMAXLIF,1,Goodyear,1,182.84,110-934-545,110-934-5456458,A,980116262
7,8172,"FARGO, ND",GOODYEAR TIRE & RUBBER CO,GOODYEAR,497833,255/45R20 101V RSA,1,Goodyear,1,167.36,732-007-741,732-007-7418172,,
29,8115,"AUGUSTA, GA",GOODYEAR TIRE & RUBBER CO,GOODYEAR,980239390,215/45R17 87V ASRAS,1,Goodyear,1,136.82,407-568-374,407-568-3748115,,
14,6255,"PLANO(N),TX",GOODYEAR TIRE & RUBBER CO,GOODYEAR,984223710,275/50R22X 115H WRSF,1,Goodyear,8,1977.52,269-026-969,269-026-9696255,,
7,8165,"SIOUX FALLS, SD",GOODYEAR TIRE & RUBBER CO,GOODYEAR,984217678,255/45R20X 105W WRY2,1,Goodyear,1,234.39,767-059-673,767-059-6738165,,
22,4876,"BOWLING GREEN, KY",GOODYEAR TIRE & RUBBER CO,GOODYEAR,980077360,245/50R20 102VSPRTAS,1,Goodyear,4,760.96,109-111-366,109-111-3664876,,
25,6319,"KENTWOOD, MI",GOODYEAR TIRE & RUBBER CO,GOODYEAR,719309,225/55R16 95H ASRAS,1,Goodyear,4,444.52,407-165-374,407-165-3746319,,
14,6422,"LONGVIEW, TX",GOODYEAR TIRE & RUBBER CO,GOODYEAR,980239643,215/60R17 96H MAXLIF,1,Goodyear,4,587.12,110-322-545,110-322-5456422,,
11,8282,"DALLAS (S), TX",GOODYEAR TIRE & RUBBER CO,GOODYEAR,980079706,285/45R22X 114HEAGTR,1,Goodyear,2,403.4,102-863-387,102-863-3878282,,
9,6505,JEFFERSON CITY MO,GOODYEAR TIRE & RUBBER CO,GOODYEAR,980137886,225/45R18 91V MAXLIF,1,Goodyear,1,162.64,110-938-545,110-938-5456505,,
37,6366,"VESTAL, NY",GOODYEAR TIRE & RUBBER CO,GOODYEAR,314679,225/45R17X 94WSPRTAS,1,Goodyear,2,247.88,109-044-366,109-044-3666366,,
1,4799,"CITRUS HEIGHTS, CA",GOODYEAR TIRE & RUBBER CO,GOODYEAR,980419492,235/70R16 106T WRKHT,1,Goodyear,1,139.39,116-086-632,116-086-6324799,,
37,6440,"LATHAM, NY",GOODYEAR TIRE & RUBBER CO,GOODYEAR,980321132,235/65R18 106V DRIVE,1,Goodyear,4,753.68,413-011-582,413-011-5826440,,
21,8197,"CHAMPAIGN, IL",GOODYEAR TIRE & RUBBER CO,GOODYEAR,881165,225/60R16 98T ASRAS,1,Goodyear,4,402.8,407-715-374,407-715-3748197,,
39,6693,"LANGHORNE, PA",GOODYEAR TIRE & RUBBER CO,GOODYEAR,980419012,LT225/75R16E WRKHT,1,Goodyear,2,313.04,131-748-875,131-748-8756693,,
32,8173,"MIRAMAR, FL",GOODYEAR TIRE & RUBBER CO,GOODYEAR,980137899,255/70R18 113T ADVEN,1,Goodyear,4,758.2,758-074-707,758-074-7078173,,
35,4872,COLUMBIA NE SC,GOODYEAR TIRE & RUBBER CO,GOODYEAR,720843,215/60R17 96T ASRAS,1,Goodyear,4,477.84,407-348-374,407-348-3744872,,
1,6612,"CONCORD, CA",GOODYEAR TIRE & RUBBER CO,GOODYEAR,692931,195/65R15 91T ASRAS,1,Goodyear,2,173.84,407-477-374,407-477-3746612,,
39,8175,"HARRISBURG, PA",GOODYEAR TIRE & RUBBER CO,GOODYEAR,984217721,265/60R18 110V WRY2,1,Goodyear,4,847.96,767-127-673,767-127-6738175,,
16,4985,"SPRINGFIELD (S), MO",GOODYEAR TIRE & RUBBER CO,GOODYEAR,980137892,235/55R20 102VMAXLIF,1,Goodyear,2,375.2,110-928-545,110-928-5454985,A,980197521
15,4843,PEARLAND TX,GOODYEAR TIRE & RUBBER CO,GOODYEAR,126031,285/35R22X106WF1ASM3,1,Goodyear,1,232.29,783-411-388,783-411-3884843,,
15,4712,"HOUSTON(MEM), TX",GOODYEAR TIRE & RUBBER CO,GOODYEAR,984217702,235/50R18 97V WRY2,1,Goodyear,1,189.53,767-101-673,767-101-6734712,,
23,8112,"CHATTANOOGA, TN",GOODYEAR TIRE & RUBBER CO,GOODYEAR,108038,205/65R15 94T ASRAS,1,Goodyear,4,365.16,407-478-374,407-478-3748112,,
23,4930,COOKEVILLE TN,GOODYEAR TIRE & RUBBER CO,GOODYEAR,692938,205/55R16 91H ASRAS,1,Goodyear,1,102.92,407-781-374,407-781-3744930,,
5,6634,"LONE TREE, CO",GOODYEAR TIRE & RUBBER CO,GOODYEAR,980114272,215/50R17X 95VMAXLIF,1,Goodyear,1,152.34,110-977-545,110-977-5456634,,
1,6405,"YUBA CITY, CA",GOODYEAR TIRE & RUBBER CO,GOODYEAR,984188254,LT275/60R20E WDRTLT,1,Goodyear,2,604.22,176-302-991,176-302-9916405,,
18,6309,"WHITE BEAR LAKE, MN",GOODYEAR TIRE & RUBBER CO,GOODYEAR,980317780,235/55R19 101V DRIVE,1,Goodyear,1,203.67,413-965-582,413-965-5826309,,
28,4739,"SNELLVILLE, GA",GOODYEAR TIRE & RUBBER CO,GOODYEAR,980434379,255/55R20 107V SF HT,1,Goodyear,1,185,269-025-969,269-025-9694739,,
39,6567,"EASTON, PA",GOODYEAR TIRE & RUBBER CO,GOODYEAR,980334374,235/55R20 102V DRIVE,1,Goodyear,4,852.04,413-022-582,413-022-5826567,,
27,6373,"VIENNA, WV",GOODYEAR TIRE & RUBBER CO,GOODYEAR,980114272,215/50R17X 95VMAXLIF,1,Goodyear,3,457.02,110-977-545,110-977-5456373,,
4,4829,GILBERT (E) AZ,GOODYEAR TIRE & RUBBER CO,GOODYEAR,984193235,255/50R20 105V MXLIF,1,Goodyear,4,818.4,110-067-545,110-067-5454829,,
21,8128,"PEORIA, IL",GOODYEAR TIRE & RUBBER CO,GOODYEAR,249153,255/45R20 101WSPRTAS,1,Goodyear,4,846.44,109-082-366,109-082-3668128,,
32,6217,"MIAMI, FL",GOODYEAR TIRE & RUBBER CO,GOODYEAR,980211287,225/45R17 91V ASRAS,1,Goodyear,3,372.81,407-003-374,407-003-3746217,,
28,6643,CLAIRMONT GA,GOODYEAR TIRE & RUBBER CO,GOODYEAR,980419012,LT225/75R16E WRKHT,1,Goodyear,4,626.08,131-748-875,131-748-8756643,,
34,8228,"WINSTON-SALEM, NC",GOODYEAR TIRE & RUBBER CO,GOODYEAR,173237,265/70R16 112T FRTHT,1,Goodyear,4,737.8,157-045-622,157-045-6228228,,
25,6313,"FT. WAYNE, IN",GOODYEAR TIRE & RUBBER CO,GOODYEAR,984223710,275/50R22X 115H WRSF,1,Goodyear,4,988.76,269-026-969,269-026-9696313,,
27,6407,"MANSFIELD, OH",GOODYEAR TIRE & RUBBER CO,GOODYEAR,980114270,225/55R18 98H MAXLIF,1,Goodyear,1,160.49,110-935-545,110-935-5456407,,
9,8163,"COLUMBIA, MO",GOODYEAR TIRE & RUBBER CO,GOODYEAR,984241212,265/65R18 114T WRKHT,1,Goodyear,2,320.98,116-006-632,116-006-6328163,,
23,8294,"NASHVILLE(S),TN",GOODYEAR TIRE & RUBBER CO,GOODYEAR,669595,P265/70R17 113S WATS,1,Goodyear,2,406.88,410-422-176,410-422-1768294,,
11,8269,"GRAND PRAIRIE, TX",GOODYEAR TIRE & RUBBER CO,GOODYEAR,980114274,225/50R17 94V MAXLIF,1,Goodyear,4,621.56,110-982-545,110-982-5458269,,
28,8158,WOODSTOCK GA,GOODYEAR TIRE & RUBBER CO,GOODYEAR,158968,LT245/75R17E ADVEN,1,Goodyear,1,228.84,748-104-572,748-104-5728158,,
2,6614,"EL MONTE, CA",GOODYEAR TIRE & RUBBER CO,GOODYEAR,315504,245/40R17 91W SPRTAS,1,Goodyear,2,325.14,109-060-366,109-060-3666614,,
34,6402,"GREENSBORO, NC",GOODYEAR TIRE & RUBBER CO,GOODYEAR,980124566,235/45R18 94V MAXLIF,1,Goodyear,4,720.12,110-936-545,110-936-5456402,A,980197525
17,8221,"HARVEY, LA",GOODYEAR TIRE & RUBBER CO,GOODYEAR,669315,P265/70R17 113R SRA,1,Goodyear,4,662.36,183-106-436,183-106-4368221,,
35,4831,"DURHAM (S), NC",GOODYEAR TIRE & RUBBER CO,GOODYEAR,108655,205/70R15 96T ASRAS,1,Goodyear,4,344.92,407-785-374,407-785-3744831,,
8,6181,PAPILLION NE,GOODYEAR TIRE & RUBBER CO,GOODYEAR,881133,185/65R15 88T ASRAS,1,Goodyear,4,336.6,407-259-374,407-259-3746181,,
30,6236,Rock Hill SC,GOODYEAR TIRE & RUBBER CO,GOODYEAR,314679,225/45R17X 94WSPRTAS,1,Goodyear,4,495.76,109-044-366,109-044-3666236,,
26,6664,"UTICA, MI",GOODYEAR TIRE & RUBBER CO,GOODYEAR,980114275,225/60R17 99H MAXLIF,1,Goodyear,1,164.75,110-979-545,110-979-5456664,A,980116260
30,4917,Mooresville NC,GOODYEAR TIRE & RUBBER CO,GOODYEAR,997226,P225/45R18 91V RSA,1,Goodyear,1,135.36,732-646-500,732-646-5004917,,
34,8220,"ROANOKE, VA",GOODYEAR TIRE & RUBBER CO,GOODYEAR,980114277,215/70R16 100HMAXLIF,1,Goodyear,4,626.52,110-954-545,110-954-5458220,,
5,6634,"LONE TREE, CO",GOODYEAR TIRE & RUBBER CO,GOODYEAR,107948,225/60R18 100H ASRAS,1,Goodyear,1,128.24,407-795-374,407-795-3746634,,
23,8196,"FLORENCE, AL",GOODYEAR TIRE & RUBBER CO,GOODYEAR,980114255,205/55R16 91H MAXLIF,1,Goodyear,1,130.31,110-952-545,110-952-5458196,A,980116058
18,6309,"WHITE BEAR LAKE, MN",GOODYEAR TIRE & RUBBER CO,GOODYEAR,980114268,P215/65R17 98HMAXLIF,1,Goodyear,4,575.96,110-943-545,110-943-5456309,,
38,6371,"WOODBRIDGE, VA",GOODYEAR TIRE & RUBBER CO,GOODYEAR,244396,P275/60R20 114S SRA,1,Goodyear,2,320,183-934-470,183-934-4706371,A,267382
35,4872,COLUMBIA NE SC,GOODYEAR TIRE & RUBBER CO,GOODYEAR,980137888,235/50R18 97V MAXLIF,1,Goodyear,4,743.56,110-876-545,110-876-5454872,,
14,6422,"LONGVIEW, TX",GOODYEAR TIRE & RUBBER CO,GOODYEAR,920095,P245/65R17 105T F HL,1,Goodyear,1,156.5,151-284-203,151-284-2036422,,
9,4870,KANSAS CITY KS,GOODYEAR TIRE & RUBBER CO,GOODYEAR,980114277,215/70R16 100HMAXLIF,1,Goodyear,4,626.52,110-954-545,110-954-5454870,,
27,6518,"BRISTOL,VA",GOODYEAR TIRE & RUBBER CO,GOODYEAR,980124566,235/45R18 94V MAXLIF,1,Goodyear,5,900.15,110-936-545,110-936-5456518,A,980197525
36,4828,ORLANDO LAKE NONA FL,GOODYEAR TIRE & RUBBER CO,GOODYEAR,980124565,225/60R18 100HMAXLIF,1,Goodyear,4,646.36,110-363-545,110-363-5454828,A,980184585
39,8160,"TEMPLE, PA",GOODYEAR TIRE & RUBBER CO,GOODYEAR,980124563,P255/60R19108HMAXLIF,1,Goodyear,4,738.6,110-932-545,110-932-5458160,,
29,8192,"DOTHAN, AL",GOODYEAR TIRE & RUBBER CO,GOODYEAR,984188240,LT275/65R18E WDRTLT,1,Goodyear,4,1142.04,176-092-991,176-092-9918192,,
5,8272,"COLORADO SPRINGS, CO",GOODYEAR TIRE & RUBBER CO,GOODYEAR,980434350,275/55R20 113H SF HT,1,Goodyear,4,786.8,269-001-969,269-001-9698272,,
35,6443,"GOLDSBORO, NC",GOODYEAR TIRE & RUBBER CO,GOODYEAR,881165,225/60R16 98T ASRAS,1,Goodyear,4,402.8,407-715-374,407-715-3746443,,
31,6420,"CLEARWATER, FL",GOODYEAR TIRE & RUBBER CO,GOODYEAR,692945,185/60R15 84T ASRAS,1,Goodyear,4,340,407-739-374,407-739-3746420,,
25,6658,"JACKSON, MI",GOODYEAR TIRE & RUBBER CO,GOODYEAR,984217693,225/65R17 102H WRY2,1,Goodyear,8,1279.12,767-088-673,767-088-6736658,,
28,4739,"SNELLVILLE, GA",GOODYEAR TIRE & RUBBER CO,GOODYEAR,433640,235/40R18X 95WSPRTAS,1,Goodyear,4,659.24,109-063-366,109-063-3664739,,
33,4847,GREENSBURG PA,GOODYEAR TIRE & RUBBER CO,GOODYEAR,980137892,235/55R20 102VMAXLIF,1,Goodyear,2,375.2,110-928-545,110-928-5454847,A,980197521
19,8251,"SAINT CHARLES, MO",GOODYEAR TIRE & RUBBER CO,GOODYEAR,980317768,215/60R16 95V DRIVE,1,Goodyear,2,276.28,413-571-582,413-571-5828251,,
17,6527,"BATON ROUGE, LA",GOODYEAR TIRE & RUBBER CO,GOODYEAR,980114258,215/55R17 94V MAXLIF,1,Goodyear,2,301.56,110-340-545,110-340-5456527,A,980116054
4,4829,GILBERT (E) AZ,GOODYEAR TIRE & RUBBER CO,GOODYEAR,173237,265/70R16 112T FRTHT,1,Goodyear,1,177.71,157-045-622,157-045-6224829,,
28,6643,CLAIRMONT GA,GOODYEAR TIRE & RUBBER CO,GOODYEAR,980114276,225/65R17 102HMAXLIF,1,Goodyear,4,613.52,110-981-545,110-981-5456643,A,980116049
17,4837,"DENHAM SPRINGS, LA",GOODYEAR TIRE & RUBBER CO,GOODYEAR,980114267,235/65R17 104HMAXLIF,1,Goodyear,2,329.24,110-188-545,110-188-5454837,A,980116052
31,6387,PINELLAS PARK FL,GOODYEAR TIRE & RUBBER CO,GOODYEAR,980137888,235/50R18 97V MAXLIF,1,Goodyear,1,185.89,110-876-545,110-876-5456387,,
28,8166,"DULUTH, GA",GOODYEAR TIRE & RUBBER CO,GOODYEAR,881175,235/60R16 100T ASRAS,1,Goodyear,4,481.44,407-784-374,407-784-3748166,,
17,4837,"DENHAM SPRINGS, LA",GOODYEAR TIRE & RUBBER CO,GOODYEAR,984188236,265/65R17X 116T WDRT,1,Goodyear,2,430.08,150-032-991,150-032-9914837,,
29,4879,AIKEN SC,GOODYEAR TIRE & RUBBER CO,GOODYEAR,140199,LT275/70R18E ADVEN,1,Goodyear,4,1091.4,748-139-686,748-139-6864879,,
17,6527,"BATON ROUGE, LA",GOODYEAR TIRE & RUBBER CO,GOODYEAR,995739,245/45R20 99V RSA,1,Goodyear,1,232.55,732-603-500,732-603-5006527,,
40,6423,"MIDDLETOWN, NY",GOODYEAR TIRE & RUBBER CO,GOODYEAR,980137890,265/60R18 110HMAXLIF,1,Goodyear,1,193.86,110-957-545,110-957-5456423,,
20,6331,"KENOSHA, WI",GOODYEAR TIRE & RUBBER CO,GOODYEAR,433604,225/65R17 102H CSMAX,1,Goodyear,4,688.88,755-667-383,755-667-3836331,,
33,6314,"ELYRIA, OH",GOODYEAR TIRE & RUBBER CO,GOODYEAR,980114257,205/60R16 92V MAXLIF,1,Goodyear,1,128.31,110-953-545,110-953-5456314,A,980116053
32,6341,"SUNRISE, FL",GOODYEAR TIRE & RUBBER CO,GOODYEAR,980418987,245/70R17 110T WRKHT,1,Goodyear,4,645.88,116-080-652,116-080-6526341,,
14,6376,"ADDISON, TX",GOODYEAR TIRE & RUBBER CO,GOODYEAR,980239393,225/55R19 99V ASRAS,1,Goodyear,2,350.38,407-930-374,407-930-3746376,,
8,6427,"ROCHESTER, MN",GOODYEAR TIRE & RUBBER CO,GOODYEAR,980137889,235/45R19 95H MAXLIF,1,Goodyear,4,768.52,110-931-545,110-931-5456427,,
12,6471,"VICTORIA, TX",GOODYEAR TIRE & RUBBER CO,GOODYEAR,980137892,235/55R20 102VMAXLIF,1,Goodyear,4,750.4,110-928-545,110-928-5456471,A,980197521
22,8111,"JEFFERSONTOWN, KY",GOODYEAR TIRE & RUBBER CO,GOODYEAR,980114264,235/60R17 102HMAXLIF,1,Goodyear,1,163.96,110-488-545,110-488-5458111,,
24,6435,"TUSCALOOSA, AL",GOODYEAR TIRE & RUBBER CO,GOODYEAR,676057,265/50R20 107T F HL,1,Goodyear,4,829.32,151-093-203,151-093-2036435,,
1,4768,"RENO, NV",GOODYEAR TIRE & RUBBER CO,GOODYEAR,980288552,235/75R15 105S TLRNR,1,Goodyear,2,217.62,741-126-681,741-126-6814768,A,980288551
31,6420,"CLEARWATER, FL",GOODYEAR TIRE & RUBBER CO,GOODYEAR,314716,215/45R17X 91WSPRTAS,1,Goodyear,2,270.9,109-053-366,109-053-3666420,,
34,6351,"NEWPORT NEWS, VA",GOODYEAR TIRE & RUBBER CO,GOODYEAR,980137881,245/60R18 105HMAXLIF,1,Goodyear,1,182.87,110-819-545,110-819-5456351,A,980137878
39,4994,MECHANICSBURG PA,GOODYEAR TIRE & RUBBER CO,GOODYEAR,249153,255/45R20 101WSPRTAS,1,Goodyear,4,825.6,109-082-366,109-082-3664994,,
29,6363,"JACKSONVILLE (W), FL",GOODYEAR TIRE & RUBBER CO,GOODYEAR,984207910,255/40R20X 101W EDV2,1,Goodyear,4,1020.2,483-204-681,483-204-6816363,,
10,7189,OKLAHOMA CITY PENN SQ OK,GOODYEAR TIRE & RUBBER CO,GOODYEAR,158793,LT215/85R16E ADVEN,1,Goodyear,2,403.9,748-517-572,748-517-5727189,,
26,6666,"CANTON, MI",GOODYEAR TIRE & RUBBER CO,GOODYEAR,984188234,265/65R18X 116T WDRT,1,Goodyear,4,980.08,150-030-991,150-030-9916666,,
1,4799,"CITRUS HEIGHTS, CA",GOODYEAR TIRE & RUBBER CO,GOODYEAR,980417295,255/45ZR20X 105WEXHL,1,Goodyear,1,201.59,104-048-568,104-048-5684799,,
18,8183,"SAINT CLOUD, MN",GOODYEAR TIRE & RUBBER CO,GOODYEAR,342193,195/60R15 88H RSA,1,Goodyear,1,95.42,732-401-500,732-401-5008183,,
24,4871,"MERIDIAN, MS",GOODYEAR TIRE & RUBBER CO,GOODYEAR,158870,275/60R20 115T ADVEN,1,Goodyear,4,1045.64,758-073-571,758-073-5714871,,
22,6450,"CINCINNATI, OH",GOODYEAR TIRE & RUBBER CO,GOODYEAR,984217698,215/45R18X 93V WRY2,1,Goodyear,4,607.96,767-093-673,767-093-6736450,,
23,6507,"JACKSON, TN",GOODYEAR TIRE & RUBBER CO,GOODYEAR,980419490,LT245/75R16E WRKHT,1,Goodyear,1,174.21,131-747-875,131-747-8756507,,
24,8236,"GULFPORT, MS",GOODYEAR TIRE & RUBBER CO,GOODYEAR,980137882,225/55R19 99V MAXLIF,1,Goodyear,1,200.77,110-930-545,110-930-5458236,A,980197523
21,6424,"KOKOMO, IN",GOODYEAR TIRE & RUBBER CO,GOODYEAR,980114264,235/60R17 102HMAXLIF,1,Goodyear,4,655.84,110-488-545,110-488-5456424,,
34,8220,"ROANOKE, VA",GOODYEAR TIRE & RUBBER CO,GOODYEAR,127287,265/65R18 114T ADVEN,1,Goodyear,4,964.92,758-068-571,758-068-5718220,,
32,6341,"SUNRISE, FL",GOODYEAR TIRE & RUBBER CO,GOODYEAR,127516,245/35R20X 95WSPRTAS,1,Goodyear,4,797.96,109-066-366,109-066-3666341,,
10,8239,"LAWTON, OK",GOODYEAR TIRE & RUBBER CO,GOODYEAR,980137881,245/60R18 105HMAXLIF,1,Goodyear,4,731.48,110-819-545,110-819-5458239,A,980137878
24,8236,"GULFPORT, MS",GOODYEAR TIRE & RUBBER CO,GOODYEAR,107948,225/60R18 100H ASRAS,1,Goodyear,4,511.92,407-795-374,407-795-3748236,,
23,4776,"HUNTSVILLE, AL",GOODYEAR TIRE & RUBBER CO,GOODYEAR,980114255,205/55R16 91H MAXLIF,1,Goodyear,4,521.24,110-952-545,110-952-5454776,A,980116058
17,6527,"BATON ROUGE, LA",GOODYEAR TIRE & RUBBER CO,GOODYEAR,980077362,285/45R22 110HSPRTAS,1,Goodyear,2,478.38,109-115-366,109-115-3666527,,
22,4851,"CLARKSVILLE, IN",GOODYEAR TIRE & RUBBER CO,GOODYEAR,980321130,225/50R18 95V DRIVE,1,Goodyear,4,700.8,413-003-582,413-003-5824851,,
1,4799,"CITRUS HEIGHTS, CA",GOODYEAR TIRE & RUBBER CO,GOODYEAR,433640,235/40R18X 95WSPRTAS,1,Goodyear,1,170.75,109-063-366,109-063-3664799,,
37,6406,"NIAGARA FALLS, NY",GOODYEAR TIRE & RUBBER CO,GOODYEAR,692889,215/60R16 95T ASRAS,1,Goodyear,4,390.84,407-562-374,407-562-3746406,,
30,6236,Rock Hill SC,GOODYEAR TIRE & RUBBER CO,GOODYEAR,980114278,225/45R17 91V MAXLIF,1,Goodyear,1,154.57,110-567-545,110-567-5456236,,
1,4768,"RENO, NV",GOODYEAR TIRE & RUBBER CO,GOODYEAR,980351482,LT215/85R16E WRKAT,1,Goodyear,5,889.4,481-233-855,481-233-8554768,,
17,4790,"PEARL, MS",GOODYEAR TIRE & RUBBER CO,GOODYEAR,107975,205/65R16 95H ASRAS,1,Goodyear,1,103.79,407-780-374,407-780-3744790,,
12,4939,"SAN ANTONIO (BROOKS), TX",GOODYEAR TIRE & RUBBER CO,GOODYEAR,980239393,225/55R19 99V ASRAS,1,Goodyear,4,700.76,407-930-374,407-930-3744939,,
32,6341,"SUNRISE, FL",GOODYEAR TIRE & RUBBER CO,GOODYEAR,980239392,235/50R18 97H ASRAS,1,Goodyear,4,615.36,407-004-374,407-004-3746341,,
12,8126,"BROWNSVILLE, TX",GOODYEAR TIRE & RUBBER CO,GOODYEAR,980077359,255/60R19 109HSPRTAS,1,Goodyear,1,182.54,109-110-366,109-110-3668126,,
38,8161,"YORK, PA",GOODYEAR TIRE & RUBBER CO,GOODYEAR,980137895,245/50R20 102VMAXLIF,1,Goodyear,4,836.68,110-927-545,110-927-5458161,A,980197524
31,6403,"BRANDON, FL",GOODYEAR TIRE & RUBBER CO,GOODYEAR,125594,225/55R18 98H ASRAS,1,Goodyear,1,140.67,407-867-374,407-867-3746403,,
7,8172,"FARGO, ND",GOODYEAR TIRE & RUBBER CO,GOODYEAR,984217693,225/65R17 102H WRY2,1,Goodyear,4,639.56,767-088-673,767-088-6738172,,
22,4876,"BOWLING GREEN, KY",GOODYEAR TIRE & RUBBER CO,GOODYEAR,980317775,235/55R18 100V DRIVE,1,Goodyear,1,193.51,413-496-582,413-496-5824876,,
33,6314,"ELYRIA, OH",GOODYEAR TIRE & RUBBER CO,GOODYEAR,980288552,235/75R15 105S TLRNR,1,Goodyear,4,435.24,741-126-681,741-126-6816314,A,980288551
11,8288,"MIDLAND, TX",GOODYEAR TIRE & RUBBER CO,GOODYEAR,720843,215/60R17 96T ASRAS,1,Goodyear,1,119.46,407-348-374,407-348-3748288,,
30,6236,Rock Hill SC,GOODYEAR TIRE & RUBBER CO,GOODYEAR,140381,235/45R18 94V LS2,1,Goodyear,4,677.08,706-588-163,706-588-1636236,,
25,6319,"KENTWOOD, MI",GOODYEAR TIRE & RUBBER CO,GOODYEAR,980317770,225/55R17 97V DRIVE,1,Goodyear,4,695.96,413-502-582,413-502-5826319,,
31,4852,"WESLEY CHAPEL, FL",GOODYEAR TIRE & RUBBER CO,GOODYEAR,720885,225/60R17 99T ASRAS,1,Goodyear,1,132.45,407-723-374,407-723-3744852,,
21,8128,"PEORIA, IL",GOODYEAR TIRE & RUBBER CO,GOODYEAR,692938,205/55R16 91H ASRAS,1,Goodyear,3,302.82,407-781-374,407-781-3748128,,
7,8172,"FARGO, ND",GOODYEAR TIRE & RUBBER CO,GOODYEAR,980317773,225/65R17 102H DRIVE,1,Goodyear,4,698.24,413-517-582,413-517-5828172,,
13,6245,Harker Heights TX,GOODYEAR TIRE & RUBBER CO,GOODYEAR,692931,195/65R15 91T ASRAS,1,Goodyear,2,173.84,407-477-374,407-477-3746245,,
5,6634,"LONE TREE, CO",GOODYEAR TIRE & RUBBER CO,GOODYEAR,314679,225/45R17X 94WSPRTAS,1,Goodyear,2,247.88,109-044-366,109-044-3666634,,
29,6363,"JACKSONVILLE (W), FL",GOODYEAR TIRE & RUBBER CO,GOODYEAR,980239643,215/60R17 96H MAXLIF,1,Goodyear,5,733.9,110-322-545,110-322-5456363,,
34,6524,"COLONIAL HEIGHTS, VA",GOODYEAR TIRE & RUBBER CO,GOODYEAR,980137886,225/45R18 91V MAXLIF,1,Goodyear,3,463.11,110-938-545,110-938-5456524,,
15,4712,"HOUSTON(MEM), TX",GOODYEAR TIRE & RUBBER CO,GOODYEAR,980114267,235/65R17 104HMAXLIF,1,Goodyear,4,658.48,110-188-545,110-188-5454712,A,980116052
24,8236,"GULFPORT, MS",GOODYEAR TIRE & RUBBER CO,GOODYEAR,980137888,235/50R18 97V MAXLIF,1,Goodyear,4,743.56,110-876-545,110-876-5458236,,
31,8155,"GAINESVILLE, FL",GOODYEAR TIRE & RUBBER CO,GOODYEAR,881165,225/60R16 98T ASRAS,1,Goodyear,3,302.1,407-715-374,407-715-3748155,,
27,6326,"REYNOLDSBURG, OH",GOODYEAR TIRE & RUBBER CO,GOODYEAR,995690,P205/70R16 96T LS2,1,Goodyear,1,157.14,706-611-163,706-611-1636326,,
31,4998,"THE VILLAGES, FL",GOODYEAR TIRE & RUBBER CO,GOODYEAR,610780,265/60R18 110T FRTHT,1,Goodyear,4,712.56,157-076-622,157-076-6224998,,
35,8218,"FAYETTEVILLE,NC",GOODYEAR TIRE & RUBBER CO,GOODYEAR,980114273,215/60R16 95V MAXLIF,1,Goodyear,4,514.08,110-571-545,110-571-5458218,A,980116056
10,7189,OKLAHOMA CITY PENN SQ OK,GOODYEAR TIRE & RUBBER CO,GOODYEAR,980077360,245/50R20 102VSPRTAS,1,Goodyear,1,190.24,109-111-366,109-111-3667189,,
5,6634,"LONE TREE, CO",GOODYEAR TIRE & RUBBER CO,GOODYEAR,676057,265/50R20 107T F HL,1,Goodyear,4,817.04,151-093-203,151-093-2036634,,
19,8125,"SAINT LOUIS, MO",GOODYEAR TIRE & RUBBER CO,GOODYEAR,980254972,245/40R20X 99W EAGTR,1,Goodyear,4,776,102-997-387,102-997-3878125,,
13,6367,"HUMBLE, TX",GOODYEAR TIRE & RUBBER CO,GOODYEAR,335200,225/40R18X 92WSPRTAS,1,Goodyear,4,553.16,109-055-366,109-055-3666367,,
33,4847,GREENSBURG PA,GOODYEAR TIRE & RUBBER CO,GOODYEAR,980077365,255/50R19X107VSPRTAS,1,Goodyear,2,478.9,109-020-366,109-020-3664847,,
30,6236,Rock Hill SC,GOODYEAR TIRE & RUBBER CO,GOODYEAR,941314,235/60R17 102T ASRAS,1,Goodyear,4,517.8,407-323-374,407-323-3746236,,
15,8265,"LAKE CHARLES,LA",GOODYEAR TIRE & RUBBER CO,GOODYEAR,710748,245/45ZR20 99Y RSA2,1,Goodyear,2,388.86,107-548-343,107-548-3438265,,
2,6628,"TORRANCE, CA",GOODYEAR TIRE & RUBBER CO,GOODYEAR,335274,235/50R17 96W SPRTAS,1,Goodyear,2,299.56,109-064-366,109-064-3666628,,
4,4829,GILBERT (E) AZ,GOODYEAR TIRE & RUBBER CO,GOODYEAR,720885,225/60R17 99T ASRAS,1,Goodyear,1,120.3,407-723-374,407-723-3744829,,
27,6308,"COLUMBUS(W),OH",GOODYEAR TIRE & RUBBER CO,GOODYEAR,692896,215/55R16 93H ASRAS,1,Goodyear,1,110.23,407-525-374,407-525-3746308,,
9,6418,"WICHITA, KS",GOODYEAR TIRE & RUBBER CO,GOODYEAR,980124565,225/60R18 100HMAXLIF,1,Goodyear,4,646.36,110-363-545,110-363-5456418,A,980184585
17,6527,"BATON ROUGE, LA",GOODYEAR TIRE & RUBBER CO,GOODYEAR,980418985,275/65R18 116T WRKHT,1,Goodyear,1,194.43,116-009-652,116-009-6526527,A,980418984
19,4999,"QUINCY, IL",GOODYEAR TIRE & RUBBER CO,GOODYEAR,980211287,225/45R17 91V ASRAS,1,Goodyear,2,263.24,407-003-374,407-003-3744999,,
28,4739,"SNELLVILLE, GA",GOODYEAR TIRE & RUBBER CO,GOODYEAR,995690,P205/70R16 96T LS2,1,Goodyear,2,314.28,706-611-163,706-611-1634739,,
34,6458,"LYNCHBURG, VA",GOODYEAR TIRE & RUBBER CO,GOODYEAR,980124566,235/45R18 94V MAXLIF,1,Goodyear,4,720.12,110-936-545,110-936-5456458,A,980197525
20,6487,"ADDISON, IL",GOODYEAR TIRE & RUBBER CO,GOODYEAR,335207,245/40R19 94W SPRTAS,1,Goodyear,4,891.24,109-077-366,109-077-3666487,,
29,8202,"SAVANNAH, GA",GOODYEAR TIRE & RUBBER CO,GOODYEAR,314651,225/50R17 94W SPRTAS,1,Goodyear,1,151.79,109-083-366,109-083-3668202,,
17,4790,"PEARL, MS",GOODYEAR TIRE & RUBBER CO,GOODYEAR,980079702,255/65R18 111T CSMAX,1,Goodyear,1,196.92,755-907-383,755-907-3834790,,
31,6387,PINELLAS PARK FL,GOODYEAR TIRE & RUBBER CO,GOODYEAR,692896,215/55R16 93H ASRAS,1,Goodyear,5,550.1,407-525-374,407-525-3746387,,
31,4772,"SARASOTA, FL",GOODYEAR TIRE & RUBBER CO,GOODYEAR,995732,P255/60R19 108H RSA,1,Goodyear,1,199.34,732-587-500,732-587-5004772,,
15,8281,"HOUSTON (E), TX",GOODYEAR TIRE & RUBBER CO,GOODYEAR,980418981,265/70R17 115T WRKHT,1,Goodyear,4,667.68,116-007-651,116-007-6518281,A,980418980
20,6444,"EVANSTON, IL",GOODYEAR TIRE & RUBBER CO,GOODYEAR,335274,235/50R17 96W SPRTAS,1,Goodyear,4,599.12,109-064-366,109-064-3666444,,
27,6242,"DUBLIN, OH",GOODYEAR TIRE & RUBBER CO,GOODYEAR,984217712,245/55R19 103V WRY2,1,Goodyear,1,214.39,767-114-673,767-114-6736242,A,984238078
40,6423,"MIDDLETOWN, NY",GOODYEAR TIRE & RUBBER CO,GOODYEAR,980114257,205/60R16 92V MAXLIF,1,Goodyear,4,513.24,110-953-545,110-953-5456423,A,980116053
9,6418,"WICHITA, KS",GOODYEAR TIRE & RUBBER CO,GOODYEAR,980239392,235/50R18 97H ASRAS,1,Goodyear,1,153.84,407-004-374,407-004-3746418,,
17,4837,"DENHAM SPRINGS, LA",GOODYEAR TIRE & RUBBER CO,GOODYEAR,980137895,245/50R20 102VMAXLIF,1,Goodyear,4,830.24,110-927-545,110-927-5454837,A,980197524
1,4799,"CITRUS HEIGHTS, CA",GOODYEAR TIRE & RUBBER CO,GOODYEAR,692896,215/55R16 93H ASRAS,1,Goodyear,4,479.24,407-525-374,407-525-3744799,,
8,6181,PAPILLION NE,GOODYEAR TIRE & RUBBER CO,GOODYEAR,980418990,255/70R17 112T WRKHT,1,Goodyear,4,689.04,116-002-652,116-002-6526181,,
28,8194,"ATHENS, GA",GOODYEAR TIRE & RUBBER CO,GOODYEAR,140283,235/40R19X96WF1ASMAS,1,Goodyear,1,262.28,104-504-357,104-504-3578194,,
26,6657,"NOVI, MI",GOODYEAR TIRE & RUBBER CO,GOODYEAR,881212,225/65R17 102T ASRAS,1,Goodyear,1,125.39,407-285-374,407-285-3746657,,
29,8115,"AUGUSTA, GA",GOODYEAR TIRE & RUBBER CO,GOODYEAR,980114255,205/55R16 91H MAXLIF,1,Goodyear,1,130.31,110-952-545,110-952-5458115,A,980116058
35,6976,WAKE FOREST NC,GOODYEAR TIRE & RUBBER CO,GOODYEAR,980434350,275/55R20 113H SF HT,1,Goodyear,4,786.8,269-001-969,269-001-9696976,,
24,8236,"GULFPORT, MS",GOODYEAR TIRE & RUBBER CO,GOODYEAR,289981,185/55R15 82T INTE,1,Goodyear,1,125.83,402-602-047,402-602-0478236,,
40,6581,"SCRANTON, PA",GOODYEAR TIRE & RUBBER CO,GOODYEAR,984193235,255/50R20 105V MXLIF,1,Goodyear,4,818.4,110-067-545,110-067-5456581,,
17,8221,"HARVEY, LA",GOODYEAR TIRE & RUBBER CO,GOODYEAR,676050,P245/70R17 108T F HL,1,Goodyear,3,547.74,151-056-203,151-056-2038221,,
26,6664,"UTICA, MI",GOODYEAR TIRE & RUBBER CO,GOODYEAR,980114257,205/60R16 92V MAXLIF,1,Goodyear,4,513.24,110-953-545,110-953-5456664,A,980116053
39,8160,"TEMPLE, PA",GOODYEAR TIRE & RUBBER CO,GOODYEAR,980114254,195/65R15 91H MAXLIF,1,Goodyear,4,450.6,110-489-545,110-489-5458160,A,980184501
26,6660,"PORT HURON, MI",GOODYEAR TIRE & RUBBER CO,GOODYEAR,881175,235/60R16 100T ASRAS,1,Goodyear,4,441.68,407-784-374,407-784-3746660,,
11,4905,"DENTON, TX",GOODYEAR TIRE & RUBBER CO,GOODYEAR,980239416,225/40ZR18X 92Y EXHL,1,Goodyear,2,291.2,104-002-568,104-002-5684905,,
1,4768,"RENO, NV",GOODYEAR TIRE & RUBBER CO,GOODYEAR,980239413,215/45ZR17X 91W EXHL,1,Goodyear,4,525.4,104-001-568,104-001-5684768,,
11,8269,"GRAND PRAIRIE, TX",GOODYEAR TIRE & RUBBER CO,GOODYEAR,107853,235/65R16 103T ASRAS,1,Goodyear,4,450.6,407-207-374,407-207-3748269,,
13,6421,"CONROE, TX",GOODYEAR TIRE & RUBBER CO,GOODYEAR,720864,225/65R16 100T ASRAS,1,Goodyear,1,105.63,407-786-374,407-786-3746421,,
17,8273,"SHREVEPORT, LA",GOODYEAR TIRE & RUBBER CO,GOODYEAR,980124568,215/45R17 87V MAXLIF,1,Goodyear,1,156.31,110-947-545,110-947-5458273,,
1,6612,"CONCORD, CA",GOODYEAR TIRE & RUBBER CO,GOODYEAR,980317777,235/60R17 102H DRIVE,1,Goodyear,4,711.2,413-488-582,413-488-5826612,,
34,8228,"WINSTON-SALEM, NC",GOODYEAR TIRE & RUBBER CO,GOODYEAR,980317773,225/65R17 102H DRIVE,1,Goodyear,4,698.24,413-517-582,413-517-5828228,,
1,6612,"CONCORD, CA",GOODYEAR TIRE & RUBBER CO,GOODYEAR,980114254,195/65R15 91H MAXLIF,1,Goodyear,4,450.6,110-489-545,110-489-5456612,A,980184501
31,6448,"NEW PORT RICHEY, FL",GOODYEAR TIRE & RUBBER CO,GOODYEAR,889783,P275/55R20 111S LS2,1,Goodyear,1,181.15,706-069-165,706-069-1656448,,
5,6634,"LONE TREE, CO",GOODYEAR TIRE & RUBBER CO,GOODYEAR,125724,235/70R16 106T ASRAS,1,Goodyear,1,122.06,407-866-374,407-866-3746634,,
27,6242,"DUBLIN, OH",GOODYEAR TIRE & RUBBER CO,GOODYEAR,127322,255/70R17 112T ADVEN,1,Goodyear,1,218.7,758-067-571,758-067-5716242,,
1,4799,"CITRUS HEIGHTS, CA",GOODYEAR TIRE & RUBBER CO,GOODYEAR,610780,265/60R18 110T FRTHT,1,Goodyear,1,178.14,157-076-622,157-076-6224799,,
22,8111,"JEFFERSONTOWN, KY",GOODYEAR TIRE & RUBBER CO,GOODYEAR,980137892,235/55R20 102VMAXLIF,1,Goodyear,4,750.4,110-928-545,110-928-5458111,A,980197521
14,6255,"PLANO(N),TX",GOODYEAR TIRE & RUBBER CO,GOODYEAR,980239643,215/60R17 96H MAXLIF,1,Goodyear,4,587.12,110-322-545,110-322-5456255,,
28,6643,CLAIRMONT GA,GOODYEAR TIRE & RUBBER CO,GOODYEAR,980114273,215/60R16 95V MAXLIF,1,Goodyear,4,514.08,110-571-545,110-571-5456643,A,980116056
28,4780,"BUFORD, GA",GOODYEAR TIRE & RUBBER CO,GOODYEAR,980124560,275/60R20 115S TLRNR,1,Goodyear,1,215.33,741-178-681,741-178-6814780,A,980225987
35,6976,WAKE FOREST NC,GOODYEAR TIRE & RUBBER CO,GOODYEAR,980114274,225/50R17 94V MAXLIF,1,Goodyear,4,611.72,110-982-545,110-982-5456976,A,980116055
17,6527,"BATON ROUGE, LA",GOODYEAR TIRE & RUBBER CO,GOODYEAR,984188224,275/60R20 115T WDRT,1,Goodyear,4,1115.36,150-010-991,150-010-9916527,,
11,8269,"GRAND PRAIRIE, TX",GOODYEAR TIRE & RUBBER CO,GOODYEAR,127322,255/70R17 112T ADVEN,1,Goodyear,4,874.8,758-067-571,758-067-5718269,,
27,4963,"CHILLICOTHE, OH",GOODYEAR TIRE & RUBBER CO,GOODYEAR,984188236,265/65R17X 116T WDRT,1,Goodyear,4,860.16,150-032-991,150-032-9914963,,
11,8226,"ABILENE, TX",GOODYEAR TIRE & RUBBER CO,GOODYEAR,164631,275/55R20 113T ADVEN,1,Goodyear,1,250.56,758-065-571,758-065-5718226,,
31,6420,"CLEARWATER, FL",GOODYEAR TIRE & RUBBER CO,GOODYEAR,692889,215/60R16 95T ASRAS,1,Goodyear,1,97.71,407-562-374,407-562-3746420,,
22,8111,"JEFFERSONTOWN, KY",GOODYEAR TIRE & RUBBER CO,GOODYEAR,980239391,225/45R18 91V ASRAS,1,Goodyear,4,551.16,407-938-374,407-938-3748111,,
39,6670,"DEPTFORD, NJ",GOODYEAR TIRE & RUBBER CO,GOODYEAR,238467,P225/75R16 104S W ST,1,Goodyear,4,511.76,773-017-415,773-017-4156670,,
1,4799,"CITRUS HEIGHTS, CA",GOODYEAR TIRE & RUBBER CO,GOODYEAR,125594,225/55R18 98H ASRAS,1,Goodyear,1,140.67,407-867-374,407-867-3744799,,
31,6387,PINELLAS PARK FL,GOODYEAR TIRE & RUBBER CO,GOODYEAR,980355407,LT275/65R18E WRKAT,1,Goodyear,4,982.64,481-965-856,481-965-8566387,,
27,6518,"BRISTOL,VA",GOODYEAR TIRE & RUBBER CO,GOODYEAR,881212,225/65R17 102T ASRAS,1,Goodyear,1,125.39,407-285-374,407-285-3746518,,
7,8165,"SIOUX FALLS, SD",GOODYEAR TIRE & RUBBER CO,GOODYEAR,980211288,235/45R18 94V ASRAS,1,Goodyear,4,621.16,407-991-374,407-991-3748165,,
27,6407,"MANSFIELD, OH",GOODYEAR TIRE & RUBBER CO,GOODYEAR,158771,275/60R20 115T ADVEN,1,Goodyear,1,243.71,758-082-572,758-082-5726407,,
31,6387,PINELLAS PARK FL,GOODYEAR TIRE & RUBBER CO,GOODYEAR,980434372,275/60R20 115H SF HT,1,Goodyear,4,843.04,269-019-969,269-019-9696387,,
38,6653,"GAITHERSBURG, MD",GOODYEAR TIRE & RUBBER CO,GOODYEAR,980239411,235/65R18 106H ASRAS,1,Goodyear,4,638.28,407-885-374,407-885-3746653,,
13,6245,Harker Heights TX,GOODYEAR TIRE & RUBBER CO,GOODYEAR,980417312,255/45R20 101H EAGTR,1,Goodyear,5,1033.15,102-043-559,102-043-5596245,,
37,6431,"SAM&#39;S ELMIRA, NY",GOODYEAR TIRE & RUBBER CO,GOODYEAR,980317783,225/55R18 98V DRIVE,1,Goodyear,4,729,413-033-582,413-033-5826431,,
7,4933,"BISMARCK, ND",GOODYEAR TIRE & RUBBER CO,GOODYEAR,980293879,215/65R17X 103T CMUL,1,Goodyear,1,120.99,781-021-579,781-021-5794933,,
23,4740,"SOUTHAVEN, MS",GOODYEAR TIRE & RUBBER CO,GOODYEAR,433640,235/40R18X 95WSPRTAS,1,Goodyear,1,164.81,109-063-366,109-063-3664740,,
31,6403,"BRANDON, FL",GOODYEAR TIRE & RUBBER CO,GOODYEAR,980137892,235/55R20 102VMAXLIF,1,Goodyear,4,759.72,110-928-545,110-928-5456403,A,980197521
23,8257,"SAM&#39;S HENDERSONVILLE, TN",GOODYEAR TIRE & RUBBER CO,GOODYEAR,676015,P275/60R20 114S SRA,1,Goodyear,2,320,183-934-492,183-934-4928257,,
34,6402,"GREENSBORO, NC",GOODYEAR TIRE & RUBBER CO,GOODYEAR,980137884,235/45R17 94V MAXLIF,1,Goodyear,4,706.4,110-996-545,110-996-5456402,,
30,4917,Mooresville NC,GOODYEAR TIRE & RUBBER CO,GOODYEAR,984217704,235/60R18X 107V WRY2,1,Goodyear,4,755,767-104-673,767-104-6734917,,
34,6351,"NEWPORT NEWS, VA",GOODYEAR TIRE & RUBBER CO,GOODYEAR,980114270,225/55R18 98H MAXLIF,1,Goodyear,4,655.12,110-935-545,110-935-5456351,A,980131001
27,6326,"REYNOLDSBURG, OH",GOODYEAR TIRE & RUBBER CO,GOODYEAR,125594,225/55R18 98H ASRAS,1,Goodyear,1,140.67,407-867-374,407-867-3746326,,
31,6441,"LAKELAND (N),FL",GOODYEAR TIRE & RUBBER CO,GOODYEAR,365923,245/50R18 100VSPRTAS,1,Goodyear,6,1216.02,109-089-366,109-089-3666441,,
35,6443,"GOLDSBORO, NC",GOODYEAR TIRE & RUBBER CO,GOODYEAR,997226,P225/45R18 91V RSA,1,Goodyear,4,541.44,732-646-500,732-646-5006443,,
34,8220,"ROANOKE, VA",GOODYEAR TIRE & RUBBER CO,GOODYEAR,941314,235/60R17 102T ASRAS,1,Goodyear,4,517.8,407-323-374,407-323-3748220,,
21,6489,"CALUMET CITY, IL",GOODYEAR TIRE & RUBBER CO,GOODYEAR,980114264,235/60R17 102HMAXLIF,1,Goodyear,1,163.96,110-488-545,110-488-5456489,,
27,6242,"DUBLIN, OH",GOODYEAR TIRE & RUBBER CO,GOODYEAR,980418983,275/55R20 113T WRKHT,1,Goodyear,4,771.48,116-008-651,116-008-6516242,,
17,6527,"BATON ROUGE, LA",GOODYEAR TIRE & RUBBER CO,GOODYEAR,980114264,235/60R17 102HMAXLIF,1,Goodyear,1,163.96,110-488-545,110-488-5456527,,
5,6634,"LONE TREE, CO",GOODYEAR TIRE & RUBBER CO,GOODYEAR,692931,195/65R15 91T ASRAS,1,Goodyear,1,86.92,407-477-374,407-477-3746634,,
7,8165,"SIOUX FALLS, SD",GOODYEAR TIRE & RUBBER CO,GOODYEAR,244396,P275/60R20 114S SRA,1,Goodyear,4,759.44,183-934-470,183-934-4708165,A,267382
13,6245,Harker Heights TX,GOODYEAR TIRE & RUBBER CO,GOODYEAR,610780,265/60R18 110T FRTHT,1,Goodyear,1,173.8,157-076-622,157-076-6226245,A,795204
9,8163,"COLUMBIA, MO",GOODYEAR TIRE & RUBBER CO,GOODYEAR,107975,205/65R16 95H ASRAS,1,Goodyear,1,114.89,407-780-374,407-780-3748163,,
31,6448,"NEW PORT RICHEY, FL",GOODYEAR TIRE & RUBBER CO,GOODYEAR,881165,225/60R16 98T ASRAS,1,Goodyear,4,402.8,407-715-374,407-715-3746448,,
8,6472,"COUNCIL BLUFFS, IA",GOODYEAR TIRE & RUBBER CO,GOODYEAR,984217726,255/60R18X 112V WRY2,1,Goodyear,1,204.79,767-134-673,767-134-6736472,,
25,6663,"SAGINAW, MI",GOODYEAR TIRE & RUBBER CO,GOODYEAR,126066,235/55R18 100H ASRAS,1,Goodyear,4,605.12,407-826-374,407-826-3746663,,
29,8202,"SAVANNAH, GA",GOODYEAR TIRE & RUBBER CO,GOODYEAR,984188256,LT285/60R20E WDRTLT,1,Goodyear,4,1474.04,176-311-991,176-311-9918202,,
34,6365,"CHARLOTTESVILLE, VA",GOODYEAR TIRE & RUBBER CO,GOODYEAR,980114255,205/55R16 91H MAXLIF,1,Goodyear,4,521.24,110-952-545,110-952-5456365,A,980116058
35,6976,WAKE FOREST NC,GOODYEAR TIRE & RUBBER CO,GOODYEAR,980137894,235/40R19X 96VMAXLIF,1,Goodyear,1,193.02,110-918-545,110-918-5456976,A,980301303
9,6505,JEFFERSON CITY MO,GOODYEAR TIRE & RUBBER CO,GOODYEAR,980417313,275/65R18 116T WRKAT,1,Goodyear,4,878.92,480-066-856,480-066-8566505,A,980421976
26,6667,"YPSILANTI, MI",GOODYEAR TIRE & RUBBER CO,GOODYEAR,980239412,245/55R19 103V ASRAS,1,Goodyear,2,361.08,407-971-374,407-971-3746667,,
27,6307,"COLUMBUS(N),OH",GOODYEAR TIRE & RUBBER CO,GOODYEAR,980361357,245/70R16 107T WRKAT,1,Goodyear,1,163.11,480-762-856,480-762-8566307,,
29,8116,"JACKSONVILLE,FL",GOODYEAR TIRE & RUBBER CO,GOODYEAR,980114261,225/60R16 98H MAXLIF,1,Goodyear,2,269.78,110-407-545,110-407-5458116,,
34,8228,"WINSTON-SALEM, NC",GOODYEAR TIRE & RUBBER CO,GOODYEAR,980137891,235/55R19 101VMAXLIF,1,Goodyear,1,203.58,110-883-545,110-883-5458228,A,980184500
13,6421,"CONROE, TX",GOODYEAR TIRE & RUBBER CO,GOODYEAR,849845,P225/70R15 100S SRA,1,Goodyear,1,130,183-482-418,183-482-4186421,,
40,6423,"MIDDLETOWN, NY",GOODYEAR TIRE & RUBBER CO,GOODYEAR,729100,205/50R16 87H ASRAS,1,Goodyear,4,415.52,407-788-374,407-788-3746423,,
25,6562,"MUSKEGON, MI",GOODYEAR TIRE & RUBBER CO,GOODYEAR,980317780,235/55R19 101V DRIVE,1,Goodyear,4,814.68,413-965-582,413-965-5826562,,
24,4724,"HOOVER, AL",GOODYEAR TIRE & RUBBER CO,GOODYEAR,107853,235/65R16 103T ASRAS,1,Goodyear,2,225.3,407-207-374,407-207-3744724,,
31,6403,"BRANDON, FL",GOODYEAR TIRE & RUBBER CO,GOODYEAR,980417308,245/45R20 99V EAGTR,1,Goodyear,1,194.37,102-035-387,102-035-3876403,,
23,4740,"SOUTHAVEN, MS",GOODYEAR TIRE & RUBBER CO,GOODYEAR,980114267,235/65R17 104HMAXLIF,1,Goodyear,1,164.62,110-188-545,110-188-5454740,A,980116052
24,8213,"COLUMBUS, GA",GOODYEAR TIRE & RUBBER CO,GOODYEAR,315523,245/45R18 96W SPRTAS,1,Goodyear,2,336.2,109-056-366,109-056-3668213,,
8,6427,"ROCHESTER, MN",GOODYEAR TIRE & RUBBER CO,GOODYEAR,980293880,225/60R16X 102H CMUL,1,Goodyear,4,458.04,781-012-579,781-012-5796427,,
26,6659,"MADISON HEIGHTS, MI",GOODYEAR TIRE & RUBBER CO,GOODYEAR,980137885,235/50R17 96H MAXLIF,1,Goodyear,1,161.03,110-956-545,110-956-5456659,,
28,4739,"SNELLVILLE, GA",GOODYEAR TIRE & RUBBER CO,GOODYEAR,984188226,265/70R16X 116T WDRT,1,Goodyear,2,379.48,150-020-991,150-020-9914739,,
34,4860,"BECKLEY, WV",GOODYEAR TIRE & RUBBER CO,GOODYEAR,980079702,255/65R18 111T CSMAX,1,Goodyear,2,393.84,755-907-383,755-907-3834860,,
1,4755,"HONOLULU, HI",GOODYEAR TIRE & RUBBER CO,GOODYEAR,497833,255/45R20 101V RSA,1,Goodyear,4,669.44,732-007-741,732-007-7414755,,
27,6242,"DUBLIN, OH",GOODYEAR TIRE & RUBBER CO,GOODYEAR,980114257,205/60R16 92V MAXLIF,1,Goodyear,1,128.31,110-953-545,110-953-5456242,A,980116053
33,6314,"ELYRIA, OH",GOODYEAR TIRE & RUBBER CO,GOODYEAR,980417314,C235/65R16E WRKAT,1,Goodyear,1,174.04,481-195-855,481-195-8556314,,
29,4879,AIKEN SC,GOODYEAR TIRE & RUBBER CO,GOODYEAR,980239390,215/45R17 87V ASRAS,1,Goodyear,1,136.82,407-568-374,407-568-3744879,,
35,8218,"FAYETTEVILLE,NC",GOODYEAR TIRE & RUBBER CO,GOODYEAR,980077366,255/50R20X109VSPRTAS,1,Goodyear,1,253.26,109-108-366,109-108-3668218,,
17,4837,"DENHAM SPRINGS, LA",GOODYEAR TIRE & RUBBER CO,GOODYEAR,720885,225/60R17 99T ASRAS,1,Goodyear,1,120.3,407-723-374,407-723-3744837,,
26,6667,"YPSILANTI, MI",GOODYEAR TIRE & RUBBER CO,GOODYEAR,980137894,235/40R19X 96VMAXLIF,1,Goodyear,4,772.08,110-918-545,110-918-5456667,,
34,6351,"NEWPORT NEWS, VA",GOODYEAR TIRE & RUBBER CO,GOODYEAR,980114257,205/60R16 92V MAXLIF,1,Goodyear,4,513.24,110-953-545,110-953-5456351,A,980116053
28,4789,"SHARPSBURG, GA",GOODYEAR TIRE & RUBBER CO,GOODYEAR,980114271,205/65R16 95H MAXLIF,1,Goodyear,1,128.7,110-780-545,110-780-5454789,A,980116259
31,6401,"TAMPA, FL",GOODYEAR TIRE & RUBBER CO,GOODYEAR,984188253,LT275/55R20E WDRTLT,1,Goodyear,1,278.04,176-301-991,176-301-9916401,,
12,4939,"SAN ANTONIO (BROOKS), TX",GOODYEAR TIRE & RUBBER CO,GOODYEAR,238467,P225/75R16 104S W ST,1,Goodyear,1,137.54,773-017-415,773-017-4154939,,
33,6314,"ELYRIA, OH",GOODYEAR TIRE & RUBBER CO,GOODYEAR,108000,235/55R17 99T ASRAS,1,Goodyear,4,508.88,407-599-374,407-599-3746314,,
37,6675,"ERIE, PA",GOODYEAR TIRE & RUBBER CO,GOODYEAR,980239410,245/60R18 105H ASRAS,1,Goodyear,4,677.36,407-819-374,407-819-3746675,,
31,6387,PINELLAS PARK FL,GOODYEAR TIRE & RUBBER CO,GOODYEAR,980418991,255/65R18 111T WRKHT,1,Goodyear,4,708,116-003-632,116-003-6326387,,
22,8133,"FLORENCE, KY",GOODYEAR TIRE & RUBBER CO,GOODYEAR,314702,225/45R18X 95WSPRTAS,1,Goodyear,1,158.43,109-058-366,109-058-3668133,,
21,8128,"PEORIA, IL",GOODYEAR TIRE & RUBBER CO,GOODYEAR,980114254,195/65R15 91H MAXLIF,1,Goodyear,4,450.6,110-489-545,110-489-5458128,A,980184501
13,6336,"TEMPLE, TX",GOODYEAR TIRE & RUBBER CO,GOODYEAR,125601,235/55R20 102VSPRTAS,1,Goodyear,4,823.32,109-100-366,109-100-3666336,,
24,8102,"MOBILE, AL",GOODYEAR TIRE & RUBBER CO,GOODYEAR,980211261,245/50R20 102H ASRAS,1,Goodyear,1,170.07,407-870-374,407-870-3748102,,
39,6670,"DEPTFORD, NJ",GOODYEAR TIRE & RUBBER CO,GOODYEAR,980124563,P255/60R19108HMAXLIF,1,Goodyear,4,793.72,110-932-545,110-932-5456670,,
39,4722,"WILLIAMSTOWN, NJ",GOODYEAR TIRE & RUBBER CO,GOODYEAR,126066,235/55R18 100H ASRAS,1,Goodyear,1,151.28,407-826-374,407-826-3744722,,
12,4914,San Antonio N TX,GOODYEAR TIRE & RUBBER CO,GOODYEAR,314679,225/45R17X 94WSPRTAS,1,Goodyear,1,123.94,109-044-366,109-044-3664914,,
33,4847,GREENSBURG PA,GOODYEAR TIRE & RUBBER CO,GOODYEAR,980434379,255/55R20 107V SF HT,1,Goodyear,4,777.32,269-025-969,269-025-9694847,,
23,8112,"CHATTANOOGA, TN",GOODYEAR TIRE & RUBBER CO,GOODYEAR,984217712,245/55R19 103V WRY2,1,Goodyear,2,428.78,767-114-673,767-114-6738112,,
29,8115,"AUGUSTA, GA",GOODYEAR TIRE & RUBBER CO,GOODYEAR,980124566,235/45R18 94V MAXLIF,1,Goodyear,1,180.03,110-936-545,110-936-5458115,A,980197525
39,8160,"TEMPLE, PA",GOODYEAR TIRE & RUBBER CO,GOODYEAR,315511,235/45R17 94W SPRTAS,1,Goodyear,4,528.88,109-270-366,109-270-3668160,,
17,6503,"HATTIESBURG, MS",GOODYEAR TIRE & RUBBER CO,GOODYEAR,849845,P225/70R15 100S SRA,1,Goodyear,1,139.52,183-482-418,183-482-4186503,,
24,8213,"COLUMBUS, GA",GOODYEAR TIRE & RUBBER CO,GOODYEAR,980137892,235/55R20 102VMAXLIF,1,Goodyear,4,750.4,110-928-545,110-928-5458213,A,980197521
19,8251,"SAINT CHARLES, MO",GOODYEAR TIRE & RUBBER CO,GOODYEAR,184794,P245/45R18 96V RSA,1,Goodyear,4,594.24,732-279-438,732-279-4388251,,
14,8299,PLANO TX,GOODYEAR TIRE & RUBBER CO,GOODYEAR,786571,P275/60R17 110H RSA,1,Goodyear,1,189.89,732-372-500,732-372-5008299,,
10,8117,"OK CITY (N), OK",GOODYEAR TIRE & RUBBER CO,GOODYEAR,980137882,225/55R19 99V MAXLIF,1,Goodyear,3,602.31,110-930-545,110-930-5458117,,
1,4799,"CITRUS HEIGHTS, CA",GOODYEAR TIRE & RUBBER CO,GOODYEAR,980114255,205/55R16 91H MAXLIF,1,Goodyear,3,390.93,110-952-545,110-952-5454799,A,980116058
6,8153,"EL PASO, TX",GOODYEAR TIRE & RUBBER CO,GOODYEAR,980114267,235/65R17 104HMAXLIF,1,Goodyear,4,658.48,110-188-545,110-188-5458153,A,980116052
39,6567,"EASTON, PA",GOODYEAR TIRE & RUBBER CO,GOODYEAR,980114276,225/65R17 102HMAXLIF,1,Goodyear,8,1227.04,110-981-545,110-981-5456567,A,980116049
23,8112,"CHATTANOOGA, TN",GOODYEAR TIRE & RUBBER CO,GOODYEAR,980114257,205/60R16 92V MAXLIF,1,Goodyear,1,128.31,110-953-545,110-953-5458112,,
30,6236,Rock Hill SC,GOODYEAR TIRE & RUBBER CO,GOODYEAR,126066,235/55R18 100H ASRAS,1,Goodyear,1,151.28,407-826-374,407-826-3746236,,
1,6612,"CONCORD, CA",GOODYEAR TIRE & RUBBER CO,GOODYEAR,980317764,205/55R16 91H DRIVE,1,Goodyear,1,143.6,413-524-582,413-524-5826612,,
24,8236,"GULFPORT, MS",GOODYEAR TIRE & RUBBER CO,GOODYEAR,19491,225/40R1989YF1ASM2RF,1,Goodyear,2,525.84,784-044-359,784-044-3598236,,
32,6341,"SUNRISE, FL",GOODYEAR TIRE & RUBBER CO,GOODYEAR,108655,205/70R15 96T ASRAS,1,Goodyear,2,172.46,407-785-374,407-785-3746341,,
22,8111,"JEFFERSONTOWN, KY",GOODYEAR TIRE & RUBBER CO,GOODYEAR,980254975,235/55R20 102V EAGTR,1,Goodyear,1,192.23,102-928-387,102-928-3878111,,
10,4731,"OK CITY(NW),OK",GOODYEAR TIRE & RUBBER CO,GOODYEAR,720856,215/55R17 94H ASRAS,1,Goodyear,1,122.57,407-213-374,407-213-3744731,,
38,6653,"GAITHERSBURG, MD",GOODYEAR TIRE & RUBBER CO,GOODYEAR,107913,215/70R16 100T ASRAS,1,Goodyear,4,490.48,407-782-374,407-782-3746653,,
9,6275,WICHITA KS,GOODYEAR TIRE & RUBBER CO,GOODYEAR,980346634,265/75R16 116T WRKAT,1,Goodyear,4,662.52,480-057-856,480-057-8566275,,
29,8202,"SAVANNAH, GA",GOODYEAR TIRE & RUBBER CO,GOODYEAR,980137895,245/50R20 102VMAXLIF,1,Goodyear,5,1037.8,110-927-545,110-927-5458202,,
35,8218,"FAYETTEVILLE,NC",GOODYEAR TIRE & RUBBER CO,GOODYEAR,980317767,215/55R17 94V DRIVE,1,Goodyear,4,658.04,413-340-582,413-340-5828218,,
24,4871,"MERIDIAN, MS",GOODYEAR TIRE & RUBBER CO,GOODYEAR,158863,265/70R17 115T ADVEN,1,Goodyear,1,226.32,758-042-572,758-042-5724871,,
26,6659,"MADISON HEIGHTS, MI",GOODYEAR TIRE & RUBBER CO,GOODYEAR,980137883,245/55R19 103VMAXLIF,1,Goodyear,4,804.6,110-971-545,110-971-5456659,A,980137879
40,6333,"BANGOR, ME",GOODYEAR TIRE & RUBBER CO,GOODYEAR,980137886,225/45R18 91V MAXLIF,1,Goodyear,2,325.28,110-938-545,110-938-5456333,,
26,6657,"NOVI, MI",GOODYEAR TIRE & RUBBER CO,GOODYEAR,980137893,255/55R20 107HMAXLIF,1,Goodyear,2,426.76,110-929-545,110-929-5456657,,
18,6254,"MAPLE GROVE, MN",GOODYEAR TIRE & RUBBER CO,GOODYEAR,984217707,245/60R18 105V WRY2,1,Goodyear,1,194.99,767-107-673,767-107-6736254,A,984238075
7,8172,"FARGO, ND",GOODYEAR TIRE & RUBBER CO,GOODYEAR,980137890,265/60R18 110HMAXLIF,1,Goodyear,6,1163.16,110-957-545,110-957-5458172,,
5,4777,"DENVER, CO",GOODYEAR TIRE & RUBBER CO,GOODYEAR,980361357,245/70R16 107T WRKAT,1,Goodyear,4,652.44,480-762-856,480-762-8564777,,
31,6420,"CLEARWATER, FL",GOODYEAR TIRE & RUBBER CO,GOODYEAR,980124560,275/60R20 115S TLRNR,1,Goodyear,4,861.32,741-178-681,741-178-6816420,A,980225987
31,6420,"CLEARWATER, FL",GOODYEAR TIRE & RUBBER CO,GOODYEAR,980317776,235/65R17 104H DRIVE,1,Goodyear,2,381.56,413-188-582,413-188-5826420,,
35,4872,COLUMBIA NE SC,GOODYEAR TIRE & RUBBER CO,GOODYEAR,980317777,235/60R17 102H DRIVE,1,Goodyear,4,711.2,413-488-582,413-488-5824872,,
14,6422,"LONGVIEW, TX",GOODYEAR TIRE & RUBBER CO,GOODYEAR,980288552,235/75R15 105S TLRNR,1,Goodyear,2,217.62,741-126-681,741-126-6816422,,
3,6682,"LAYTON, UT",GOODYEAR TIRE & RUBBER CO,GOODYEAR,719323,215/65R17 99T ASRAS,1,Goodyear,4,508.32,407-719-374,407-719-3746682,,
26,6666,"CANTON, MI",GOODYEAR TIRE & RUBBER CO,GOODYEAR,980124566,235/45R18 94V MAXLIF,1,Goodyear,1,180.03,110-936-545,110-936-5456666,A,980197525
2,6616,"FULLERTON, CA",GOODYEAR TIRE & RUBBER CO,GOODYEAR,980319110,255/50R20X 109VDRIVE,1,Goodyear,1,222.61,413-037-582,413-037-5826616,,
11,6244,"FORT WORTH, TX",GOODYEAR TIRE & RUBBER CO,GOODYEAR,980124566,235/45R18 94V MAXLIF,1,Goodyear,4,720.12,110-936-545,110-936-5456244,A,980197525
27,6242,"DUBLIN, OH",GOODYEAR TIRE & RUBBER CO,GOODYEAR,980114276,225/65R17 102HMAXLIF,1,Goodyear,2,306.76,110-981-545,110-981-5456242,A,980116049
1,6622,"SACRAMENTO, CA",GOODYEAR TIRE & RUBBER CO,GOODYEAR,692896,215/55R16 93H ASRAS,1,Goodyear,1,110.23,407-525-374,407-525-3746622,,
35,8283,"COLUMBIA, SC",GOODYEAR TIRE & RUBBER CO,GOODYEAR,433669,LT285/70R17E ADVEN,1,Goodyear,4,1184.48,748-096-572,748-096-5728283,,
5,8272,"COLORADO SPRINGS, CO",GOODYEAR TIRE & RUBBER CO,GOODYEAR,980239409,235/60R18 103H ASRAS,1,Goodyear,1,166.65,407-815-374,407-815-3748272,,
23,8294,"NASHVILLE(S),TN",GOODYEAR TIRE & RUBBER CO,GOODYEAR,980137881,245/60R18 105HMAXLIF,1,Goodyear,8,1462.96,110-819-545,110-819-5458294,A,980137878
24,4817,"SAM&#39;S TRUSSVILLE , AL",GOODYEAR TIRE & RUBBER CO,GOODYEAR,184794,P245/45R18 96V RSA,1,Goodyear,2,297.12,732-279-438,732-279-4384817,A,894800
23,8292,"MEMPHIS (E), TN",GOODYEAR TIRE & RUBBER CO,GOODYEAR,980239412,245/55R19 103V ASRAS,1,Goodyear,4,722.16,407-971-374,407-971-3748292,,
35,8218,"FAYETTEVILLE,NC",GOODYEAR TIRE & RUBBER CO,GOODYEAR,127287,265/65R18 114T ADVEN,1,Goodyear,1,241.23,758-068-571,758-068-5718218,,
6,8153,"EL PASO, TX",GOODYEAR TIRE & RUBBER CO,GOODYEAR,980434350,275/55R20 113H SF HT,1,Goodyear,1,196.7,269-001-969,269-001-9698153,,
37,6322,"BOARDMAN, OH",GOODYEAR TIRE & RUBBER CO,GOODYEAR,107948,225/60R18 100H ASRAS,1,Goodyear,4,511.92,407-795-374,407-795-3746322,,
34,6351,"NEWPORT NEWS, VA",GOODYEAR TIRE & RUBBER CO,GOODYEAR,920095,P245/65R17 105T F HL,1,Goodyear,4,626,151-284-203,151-284-2036351,A,873378
15,8275,"BEAUMONT, TX",GOODYEAR TIRE & RUBBER CO,GOODYEAR,107913,215/70R16 100T ASRAS,1,Goodyear,4,445.16,407-782-374,407-782-3748275,,
15,8244,"HOUSTON (S), TX",GOODYEAR TIRE & RUBBER CO,GOODYEAR,980346631,LT265/70R17E WRKAT,1,Goodyear,1,207.03,481-535-855,481-535-8558244,,
1,6612,"CONCORD, CA",GOODYEAR TIRE & RUBBER CO,GOODYEAR,980239409,235/60R18 103H ASRAS,1,Goodyear,4,666.6,407-815-374,407-815-3746612,,
27,6307,"COLUMBUS(N),OH",GOODYEAR TIRE & RUBBER CO,GOODYEAR,184794,P245/45R18 96V RSA,1,Goodyear,2,297.12,732-279-438,732-279-4386307,,
25,6313,"FT. WAYNE, IN",GOODYEAR TIRE & RUBBER CO,GOODYEAR,980114276,225/65R17 102HMAXLIF,1,Goodyear,1,153.38,110-981-545,110-981-5456313,A,980116049
23,8112,"CHATTANOOGA, TN",GOODYEAR TIRE & RUBBER CO,GOODYEAR,995683,P225/55R18 97H LS2,1,Goodyear,1,165.46,706-569-163,706-569-1638112,,
32,6341,"SUNRISE, FL",GOODYEAR TIRE & RUBBER CO,GOODYEAR,980077381,235/40R18 91W SPRTAS,1,Goodyear,1,185.39,109-104-366,109-104-3666341,,
28,6643,CLAIRMONT GA,GOODYEAR TIRE & RUBBER CO,GOODYEAR,980346633,265/65R18 114T WRKAT,1,Goodyear,1,209.65,480-068-856,480-068-8566643,,
3,6382,"LAS VEGAS(W),NV",GOODYEAR TIRE & RUBBER CO,GOODYEAR,980346637,275/55R20 113T WRKAT,1,Goodyear,4,832.44,480-065-855,480-065-8556382,,
23,8112,"CHATTANOOGA, TN",GOODYEAR TIRE & RUBBER CO,GOODYEAR,984188226,265/70R16X 116T WDRT,1,Goodyear,2,379.48,150-020-991,150-020-9918112,,
27,6326,"REYNOLDSBURG, OH",GOODYEAR TIRE & RUBBER CO,GOODYEAR,980211289,245/45R18 96V ASRAS,1,Goodyear,4,689.84,407-005-374,407-005-3746326,,
23,4740,"SOUTHAVEN, MS",GOODYEAR TIRE & RUBBER CO,GOODYEAR,140283,235/40R19X96WF1ASMAS,1,Goodyear,2,524.56,104-504-357,104-504-3574740,,
40,4774,"SECAUCUS, NJ",GOODYEAR TIRE & RUBBER CO,GOODYEAR,184794,P245/45R18 96V RSA,1,Goodyear,4,594.24,732-279-438,732-279-4384774,A,894800
25,6417,"HOLLAND, MI",GOODYEAR TIRE & RUBBER CO,GOODYEAR,126066,235/55R18 100H ASRAS,1,Goodyear,4,605.12,407-826-374,407-826-3746417,,
32,6341,"SUNRISE, FL",GOODYEAR TIRE & RUBBER CO,GOODYEAR,980317783,225/55R18 98V DRIVE,1,Goodyear,4,729,413-033-582,413-033-5826341,,
31,6387,PINELLAS PARK FL,GOODYEAR TIRE & RUBBER CO,GOODYEAR,328789,LT215/75R15D W ATS,1,Goodyear,2,399.04,411-154-177,411-154-1776387,,
39,6670,"DEPTFORD, NJ",GOODYEAR TIRE & RUBBER CO,GOODYEAR,980239412,245/55R19 103V ASRAS,1,Goodyear,4,722.16,407-971-374,407-971-3746670,,
1,6612,"CONCORD, CA",GOODYEAR TIRE & RUBBER CO,GOODYEAR,980137898,235/45R18X 98V EAGTR,1,Goodyear,4,539.04,102-964-559,102-964-5596612,,
8,8162,"CEDAR RAPIDS,IA",GOODYEAR TIRE & RUBBER CO,GOODYEAR,980239391,225/45R18 91V ASRAS,1,Goodyear,2,275.58,407-938-374,407-938-3748162,,
23,6329,"TUPELO, MS",GOODYEAR TIRE & RUBBER CO,GOODYEAR,720856,215/55R17 94H ASRAS,1,Goodyear,2,245.14,407-213-374,407-213-3746329,,
21,8128,"PEORIA, IL",GOODYEAR TIRE & RUBBER CO,GOODYEAR,980211288,235/45R18 94V ASRAS,1,Goodyear,3,465.87,407-991-374,407-991-3748128,,
4,6205,"YUMA, AZ",GOODYEAR TIRE & RUBBER CO,GOODYEAR,980114262,235/55R18 100VMAXLIF,1,Goodyear,4,752.76,110-496-545,110-496-5456205,A,980131000
26,6657,"NOVI, MI",GOODYEAR TIRE & RUBBER CO,GOODYEAR,980239411,235/65R18 106H ASRAS,1,Goodyear,4,638.28,407-885-374,407-885-3746657,,
15,6867,HOUSTON CINCO TX,GOODYEAR TIRE & RUBBER CO,GOODYEAR,980419012,LT225/75R16E WRKHT,1,Goodyear,4,626.08,131-748-875,131-748-8756867,,
5,6634,"LONE TREE, CO",GOODYEAR TIRE & RUBBER CO,GOODYEAR,984217717,265/50R20X 111V WRY2,1,Goodyear,4,937.56,767-121-673,767-121-6736634,,
11,8269,"GRAND PRAIRIE, TX",GOODYEAR TIRE & RUBBER CO,GOODYEAR,980390303,215/55R16X 97H MXLIF,1,Goodyear,3,393.27,110-507-545,110-507-5458269,,
34,6351,"NEWPORT NEWS, VA",GOODYEAR TIRE & RUBBER CO,GOODYEAR,629894,225/50R18 95H LS2,1,Goodyear,4,579.28,706-171-163,706-171-1636351,,
21,6485,"TINLEY PARK, IL",GOODYEAR TIRE & RUBBER CO,GOODYEAR,125724,235/70R16 106T ASRAS,1,Goodyear,2,248.82,407-866-374,407-866-3746485,,
31,4772,"SARASOTA, FL",GOODYEAR TIRE & RUBBER CO,GOODYEAR,980254971,245/45R19 98W EAGTR,1,Goodyear,2,344.68,102-015-387,102-015-3874772,,
28,4739,"SNELLVILLE, GA",GOODYEAR TIRE & RUBBER CO,GOODYEAR,980239643,215/60R17 96H MAXLIF,1,Goodyear,4,587.12,110-322-545,110-322-5454739,,
28,4802,"HIRAM, GA",GOODYEAR TIRE & RUBBER CO,GOODYEAR,342193,195/60R15 88H RSA,1,Goodyear,4,381.68,732-401-500,732-401-5004802,,
30,6236,Rock Hill SC,GOODYEAR TIRE & RUBBER CO,GOODYEAR,980124565,225/60R18 100HMAXLIF,1,Goodyear,4,646.36,110-363-545,110-363-5456236,A,980184585
18,4738,"EAGAN, MN",GOODYEAR TIRE & RUBBER CO,GOODYEAR,692889,215/60R16 95T ASRAS,1,Goodyear,2,195.42,407-562-374,407-562-3744738,,
1,6405,"YUBA CITY, CA",GOODYEAR TIRE & RUBBER CO,GOODYEAR,315511,235/45R17 94W SPRTAS,1,Goodyear,1,132.22,109-270-366,109-270-3666405,,
39,6670,"DEPTFORD, NJ",GOODYEAR TIRE & RUBBER CO,GOODYEAR,984193235,255/50R20 105V MXLIF,1,Goodyear,3,613.8,110-067-545,110-067-5456670,,
37,6675,"ERIE, PA",GOODYEAR TIRE & RUBBER CO,GOODYEAR,980346635,265/65R17 112T WRKAT,1,Goodyear,4,723.08,480-061-856,480-061-8566675,,
24,4817,"SAM&#39;S TRUSSVILLE , AL",GOODYEAR TIRE & RUBBER CO,GOODYEAR,980114270,225/55R18 98H MAXLIF,1,Goodyear,4,655.12,110-935-545,110-935-5454817,A,980131001
11,6781,KELLER TX,GOODYEAR TIRE & RUBBER CO,GOODYEAR,980119826,235/55R17 99H MAXLIF,1,Goodyear,4,673.44,110-319-545,110-319-5456781,,
27,6242,"DUBLIN, OH",GOODYEAR TIRE & RUBBER CO,GOODYEAR,980137892,235/55R20 102VMAXLIF,1,Goodyear,8,1500.8,110-928-545,110-928-5456242,A,980197521
34,8228,"WINSTON-SALEM, NC",GOODYEAR TIRE & RUBBER CO,GOODYEAR,980114276,225/65R17 102HMAXLIF,1,Goodyear,2,306.76,110-981-545,110-981-5458228,A,980116049
1,6410,"PEARL CITY, HI",GOODYEAR TIRE & RUBBER CO,GOODYEAR,980346630,LT245/75R17E WRKAT,1,Goodyear,2,410,481-104-855,481-104-8556410,,
17,6527,"BATON ROUGE, LA",GOODYEAR TIRE & RUBBER CO,GOODYEAR,366757,235/50R18 97V SPRTAS,1,Goodyear,4,687,109-087-366,109-087-3666527,,
7,8172,"FARGO, ND",GOODYEAR TIRE & RUBBER CO,GOODYEAR,984217712,245/55R19 103V WRY2,1,Goodyear,1,214.39,767-114-673,767-114-6738172,,
14,6422,"LONGVIEW, TX",GOODYEAR TIRE & RUBBER CO,GOODYEAR,984207902,245/45R20X 103V EDV2,1,Goodyear,1,234,483-193-681,483-193-6816422,,
14,6255,"PLANO(N),TX",GOODYEAR TIRE & RUBBER CO,GOODYEAR,980079706,285/45R22X 114HEAGTR,1,Goodyear,4,806.8,102-863-387,102-863-3876255,,
20,6464,"DES PLAINES, IL",GOODYEAR TIRE & RUBBER CO,GOODYEAR,342208,P245/50R20 102H RSA,1,Goodyear,2,380.88,732-899-500,732-899-5006464,,
11,8277,"WESTWORTH VILLAGE, TX",GOODYEAR TIRE & RUBBER CO,GOODYEAR,692931,195/65R15 91T ASRAS,1,Goodyear,4,347.68,407-477-374,407-477-3748277,,
23,6256,"MEMPHIS (S), TN",GOODYEAR TIRE & RUBBER CO,GOODYEAR,980317784,215/50R17X 95V DRIVE,1,Goodyear,2,346.74,413-941-582,413-941-5826256,,
31,6387,PINELLAS PARK FL,GOODYEAR TIRE & RUBBER CO,GOODYEAR,107853,235/65R16 103T ASRAS,1,Goodyear,4,450.6,407-207-374,407-207-3746387,,
31,6387,PINELLAS PARK FL,GOODYEAR TIRE & RUBBER CO,GOODYEAR,980114258,215/55R17 94V MAXLIF,1,Goodyear,2,301.56,110-340-545,110-340-5456387,A,980116054
24,8236,"GULFPORT, MS",GOODYEAR TIRE & RUBBER CO,GOODYEAR,140297,245/75R17 112T ADVEN,1,Goodyear,4,736.72,758-177-707,758-177-7078236,,
9,4870,KANSAS CITY KS,GOODYEAR TIRE & RUBBER CO,GOODYEAR,984193235,255/50R20 105V MXLIF,1,Goodyear,2,409.2,110-067-545,110-067-5454870,A,984193234
29,8202,"SAVANNAH, GA",GOODYEAR TIRE & RUBBER CO,GOODYEAR,941314,235/60R17 102T ASRAS,1,Goodyear,3,388.35,407-323-374,407-323-3748202,,
33,6314,"ELYRIA, OH",GOODYEAR TIRE & RUBBER CO,GOODYEAR,980124560,275/60R20 115S TLRNR,1,Goodyear,4,861.32,741-178-681,741-178-6816314,A,980225987
4,6606,"PHOENIX, AZ",GOODYEAR TIRE & RUBBER CO,GOODYEAR,984207898,235/40R19X 96W EDV2,1,Goodyear,4,857.96,483-163-681,483-163-6816606,,
24,4817,"SAM&#39;S TRUSSVILLE , AL",GOODYEAR TIRE & RUBBER CO,GOODYEAR,980137892,235/55R20 102VMAXLIF,1,Goodyear,8,1500.8,110-928-545,110-928-5454817,A,980197521
1,4824,"SANTA CLARITA, CA",GOODYEAR TIRE & RUBBER CO,GOODYEAR,980317777,235/60R17 102H DRIVE,1,Goodyear,1,177.8,413-488-582,413-488-5824824,,
37,6366,"VESTAL, NY",GOODYEAR TIRE & RUBBER CO,GOODYEAR,980417313,275/65R18 116T WRKAT,1,Goodyear,4,878.92,480-066-856,480-066-8566366,A,980421976
10,4731,"OK CITY(NW),OK",GOODYEAR TIRE & RUBBER CO,GOODYEAR,980321132,235/65R18 106V DRIVE,1,Goodyear,4,753.68,413-011-582,413-011-5824731,,
3,4786,"LOGAN, UT",GOODYEAR TIRE & RUBBER CO,GOODYEAR,980114255,205/55R16 91H MAXLIF,1,Goodyear,1,130.31,110-952-545,110-952-5454786,A,980116058
28,4802,"HIRAM, GA",GOODYEAR TIRE & RUBBER CO,GOODYEAR,980317778,245/60R18 105V DRIVE,1,Goodyear,1,202.52,413-012-582,413-012-5824802,,
17,6527,"BATON ROUGE, LA",GOODYEAR TIRE & RUBBER CO,GOODYEAR,710748,245/45ZR20 99Y RSA2,1,Goodyear,4,777.72,107-548-343,107-548-3436527,,
13,6245,Harker Heights TX,GOODYEAR TIRE & RUBBER CO,GOODYEAR,125724,235/70R16 106T ASRAS,1,Goodyear,5,610.3,407-866-374,407-866-3746245,,
14,4783,"GARLAND, TX",GOODYEAR TIRE & RUBBER CO,GOODYEAR,980114276,225/65R17 102HMAXLIF,1,Goodyear,15,2300.7,110-981-545,110-981-5454783,A,980116049
31,6387,PINELLAS PARK FL,GOODYEAR TIRE & RUBBER CO,GOODYEAR,108000,235/55R17 99T ASRAS,1,Goodyear,4,508.88,407-599-374,407-599-3746387,,
31,6387,PINELLAS PARK FL,GOODYEAR TIRE & RUBBER CO,GOODYEAR,980077359,255/60R19 109HSPRTAS,1,Goodyear,4,730.16,109-110-366,109-110-3666387,,
11,8288,"MIDLAND, TX",GOODYEAR TIRE & RUBBER CO,GOODYEAR,980239392,235/50R18 97H ASRAS,1,Goodyear,1,153.84,407-004-374,407-004-3748288,,
6,8280,EL PASO TX,GOODYEAR TIRE & RUBBER CO,GOODYEAR,125724,235/70R16 106T ASRAS,1,Goodyear,4,488.24,407-866-374,407-866-3748280,,
14,6422,"LONGVIEW, TX",GOODYEAR TIRE & RUBBER CO,GOODYEAR,980361365,225/75R16 104S WRKAT,1,Goodyear,4,548.2,480-129-856,480-129-8566422,,
35,6573,Jacksonville NC,GOODYEAR TIRE & RUBBER CO,GOODYEAR,980351478,245/70R17 110T WRKAT,1,Goodyear,5,873.85,480-060-855,480-060-8556573,,
7,8165,"SIOUX FALLS, SD",GOODYEAR TIRE & RUBBER CO,GOODYEAR,984188253,LT275/55R20E WDRTLT,1,Goodyear,2,556.08,176-301-991,176-301-9918165,,
17,6527,"BATON ROUGE, LA",GOODYEAR TIRE & RUBBER CO,GOODYEAR,980334374,235/55R20 102V DRIVE,1,Goodyear,4,817.68,413-022-582,413-022-5826527,,
35,8218,"FAYETTEVILLE,NC",GOODYEAR TIRE & RUBBER CO,GOODYEAR,980114277,215/70R16 100HMAXLIF,1,Goodyear,4,626.52,110-954-545,110-954-5458218,,
33,4952,"TARENTUM, PA",GOODYEAR TIRE & RUBBER CO,GOODYEAR,984217733,225/45R17 91W WRY2,1,Goodyear,4,684.76,767-148-673,767-148-6734952,,
9,6418,"WICHITA, KS",GOODYEAR TIRE & RUBBER CO,GOODYEAR,980288552,235/75R15 105S TLRNR,1,Goodyear,4,434.76,741-126-681,741-126-6816418,A,980288551
29,6363,"JACKSONVILLE (W), FL",GOODYEAR TIRE & RUBBER CO,GOODYEAR,980346635,265/65R17 112T WRKAT,1,Goodyear,4,723.08,480-061-856,480-061-8566363,,
34,8220,"ROANOKE, VA",GOODYEAR TIRE & RUBBER CO,GOODYEAR,980137892,235/55R20 102VMAXLIF,1,Goodyear,1,187.6,110-928-545,110-928-5458220,A,980197521
5,6634,"LONE TREE, CO",GOODYEAR TIRE & RUBBER CO,GOODYEAR,980317780,235/55R19 101V DRIVE,1,Goodyear,4,814.68,413-965-582,413-965-5826634,,
17,6527,"BATON ROUGE, LA",GOODYEAR TIRE & RUBBER CO,GOODYEAR,980079721,305/30ZR20 99(Y)CAR3,1,Goodyear,2,628.94,797-789-523,797-789-5236527,,
20,6464,"DES PLAINES, IL",GOODYEAR TIRE & RUBBER CO,GOODYEAR,984217704,235/60R18X 107V WRY2,1,Goodyear,1,196.55,767-104-673,767-104-6736464,,
34,8228,"WINSTON-SALEM, NC",GOODYEAR TIRE & RUBBER CO,GOODYEAR,980137895,245/50R20 102VMAXLIF,1,Goodyear,4,830.24,110-927-545,110-927-5458228,A,980197524
1,6405,"YUBA CITY, CA",GOODYEAR TIRE & RUBBER CO,GOODYEAR,610808,215/50R17 91V ASRAS,1,Goodyear,1,127.1,407-790-374,407-790-3746405,,
5,8272,"COLORADO SPRINGS, CO",GOODYEAR TIRE & RUBBER CO,GOODYEAR,881182,235/65R17 104T ASRAS,1,Goodyear,3,398.34,407-722-374,407-722-3748272,,
9,8163,"COLUMBIA, MO",GOODYEAR TIRE & RUBBER CO,GOODYEAR,980346630,LT245/75R17E WRKAT,1,Goodyear,1,205,481-104-855,481-104-8558163,,
29,8151,PANAMA CITY FL,GOODYEAR TIRE & RUBBER CO,GOODYEAR,980137894,235/40R19X 96VMAXLIF,1,Goodyear,1,193.02,110-918-545,110-918-5458151,A,980301303
32,4991,"COCOA, FL",GOODYEAR TIRE & RUBBER CO,GOODYEAR,980137886,225/45R18 91V MAXLIF,1,Goodyear,3,487.92,110-938-545,110-938-5454991,,
31,6387,PINELLAS PARK FL,GOODYEAR TIRE & RUBBER CO,GOODYEAR,127597,245/65R17 107T ADVEN,1,Goodyear,1,210,758-592-572,758-592-5726387,,
34,6458,"LYNCHBURG, VA",GOODYEAR TIRE & RUBBER CO,GOODYEAR,984217705,235/65R18 106V WRY2,1,Goodyear,4,735.96,767-105-673,767-105-6736458,,
21,4926,COLUMBUS IN,GOODYEAR TIRE & RUBBER CO,GOODYEAR,980114258,215/55R17 94V MAXLIF,1,Goodyear,1,150.78,110-340-545,110-340-5454926,A,980116054
8,4873,LINCOLN NE,GOODYEAR TIRE & RUBBER CO,GOODYEAR,980114261,225/60R16 98H MAXLIF,1,Goodyear,1,128.35,110-407-545,110-407-5454873,,
1,4799,"CITRUS HEIGHTS, CA",GOODYEAR TIRE & RUBBER CO,GOODYEAR,980137893,255/55R20 107HMAXLIF,1,Goodyear,1,213.38,110-929-545,110-929-5454799,A,980301306
25,4944,"GRAND BLANC, MI",GOODYEAR TIRE & RUBBER CO,GOODYEAR,980421311,245/65R17 107T WRKHT,1,Goodyear,4,662.12,116-081-632,116-081-6324944,,
23,4740,"SOUTHAVEN, MS",GOODYEAR TIRE & RUBBER CO,GOODYEAR,980137894,235/40R19X 96VMAXLIF,1,Goodyear,2,386.04,110-918-545,110-918-5454740,A,980301303
13,6245,Harker Heights TX,GOODYEAR TIRE & RUBBER CO,GOODYEAR,290135,245/55R18 103V RSAP,1,Goodyear,4,830.84,732-026-500,732-026-5006245,,
23,8112,"CHATTANOOGA, TN",GOODYEAR TIRE & RUBBER CO,GOODYEAR,980114258,215/55R17 94V MAXLIF,1,Goodyear,4,603.12,110-340-545,110-340-5458112,A,980116054
17,4837,"DENHAM SPRINGS, LA",GOODYEAR TIRE & RUBBER CO,GOODYEAR,335200,225/40R18X 92WSPRTAS,1,Goodyear,1,138.29,109-055-366,109-055-3664837,,
7,6430,"CHEYENNE, WY",GOODYEAR TIRE & RUBBER CO,GOODYEAR,107934,225/70R16 103T ASRAS,1,Goodyear,4,446.6,407-378-374,407-378-3746430,,
28,4802,"HIRAM, GA",GOODYEAR TIRE & RUBBER CO,GOODYEAR,980114257,205/60R16 92V MAXLIF,1,Goodyear,1,128.31,110-953-545,110-953-5454802,A,980116053
39,6670,"DEPTFORD, NJ",GOODYEAR TIRE & RUBBER CO,GOODYEAR,980124580,205/50R17 89V MAXLIF,1,Goodyear,1,158.64,110-980-545,110-980-5456670,,
2,4822,"MURRIETA, CA",GOODYEAR TIRE & RUBBER CO,GOODYEAR,980124564,235/50R19 99V MAXLIF,1,Goodyear,4,782.04,110-933-545,110-933-5454822,A,980301305
36,8290,"ORLANDO (S), FL",GOODYEAR TIRE & RUBBER CO,GOODYEAR,980137890,265/60R18 110HMAXLIF,1,Goodyear,4,775.44,110-957-545,110-957-5458290,,
6,6502,"EL PASO, TX",GOODYEAR TIRE & RUBBER CO,GOODYEAR,980255011,255/65R19X 114HADVEN,1,Goodyear,4,1069.56,758-263-845,758-263-8456502,,
5,4853,CASTLE ROCK CO,GOODYEAR TIRE & RUBBER CO,GOODYEAR,980114275,225/60R17 99H MAXLIF,1,Goodyear,4,659,110-979-545,110-979-5454853,A,980116260
26,6666,"CANTON, MI",GOODYEAR TIRE & RUBBER CO,GOODYEAR,692931,195/65R15 91T ASRAS,1,Goodyear,1,86.92,407-477-374,407-477-3746666,,
8,6181,PAPILLION NE,GOODYEAR TIRE & RUBBER CO,GOODYEAR,980346633,265/65R18 114T WRKAT,1,Goodyear,8,1677.2,480-068-856,480-068-8566181,,
2,6616,"FULLERTON, CA",GOODYEAR TIRE & RUBBER CO,GOODYEAR,984217683,205/65R16 95H WRY2,1,Goodyear,4,572.76,767-077-673,767-077-6736616,,
27,6407,"MANSFIELD, OH",GOODYEAR TIRE & RUBBER CO,GOODYEAR,881175,235/60R16 100T ASRAS,1,Goodyear,4,441.68,407-784-374,407-784-3746407,,
33,4847,GREENSBURG PA,GOODYEAR TIRE & RUBBER CO,GOODYEAR,980114270,225/55R18 98H MAXLIF,1,Goodyear,2,327.56,110-935-545,110-935-5454847,A,980131001
24,4817,"SAM&#39;S TRUSSVILLE , AL",GOODYEAR TIRE & RUBBER CO,GOODYEAR,980317778,245/60R18 105V DRIVE,1,Goodyear,4,810.08,413-012-582,413-012-5824817,,
4,6205,"YUMA, AZ",GOODYEAR TIRE & RUBBER CO,GOODYEAR,164631,275/55R20 113T ADVEN,1,Goodyear,1,246.03,758-065-571,758-065-5716205,,
30,6348,"PINEVILLE, NC",GOODYEAR TIRE & RUBBER CO,GOODYEAR,980137894,235/40R19X 96VMAXLIF,1,Goodyear,1,193.02,110-918-545,110-918-5456348,A,980301303
27,6326,"REYNOLDSBURG, OH",GOODYEAR TIRE & RUBBER CO,GOODYEAR,980418983,275/55R20 113T WRKHT,1,Goodyear,1,192.87,116-008-651,116-008-6516326,,
2,6628,"TORRANCE, CA",GOODYEAR TIRE & RUBBER CO,GOODYEAR,980114277,215/70R16 100HMAXLIF,1,Goodyear,4,626.52,110-954-545,110-954-5456628,,
31,6448,"NEW PORT RICHEY, FL",GOODYEAR TIRE & RUBBER CO,GOODYEAR,980124560,275/60R20 115S TLRNR,1,Goodyear,2,430.66,741-178-681,741-178-6816448,A,980225987
33,6302,"OAKWOOD VILLAGE, OH",GOODYEAR TIRE & RUBBER CO,GOODYEAR,719309,225/55R16 95H ASRAS,1,Goodyear,2,222.26,407-165-374,407-165-3746302,,
17,8271,"JACKSON, MS",GOODYEAR TIRE & RUBBER CO,GOODYEAR,720864,225/65R16 100T ASRAS,1,Goodyear,4,453.56,407-786-374,407-786-3748271,,
7,8172,"FARGO, ND",GOODYEAR TIRE & RUBBER CO,GOODYEAR,980317793,255/45R20X 105V DRIV,1,Goodyear,1,220.88,413-030-582,413-030-5828172,,
33,8189,"CLARKSBURG, WV",GOODYEAR TIRE & RUBBER CO,GOODYEAR,366757,235/50R18 97V SPRTAS,1,Goodyear,1,171.75,109-087-366,109-087-3668189,,
6,7676,AMARILLO TX,GOODYEAR TIRE & RUBBER CO,GOODYEAR,980317768,215/60R16 95V DRIVE,1,Goodyear,1,126.89,413-571-582,413-571-5827676,,
33,6305,"BROOKLYN, OH",GOODYEAR TIRE & RUBBER CO,GOODYEAR,289981,185/55R15 82T INTE,1,Goodyear,1,125.83,402-602-047,402-602-0476305,,
12,4958,"SAN MARCOS, TX",GOODYEAR TIRE & RUBBER CO,GOODYEAR,980124559,275/65R18 116T FRTHT,1,Goodyear,4,861.04,157-066-708,157-066-7084958,,
31,6387,PINELLAS PARK FL,GOODYEAR TIRE & RUBBER CO,GOODYEAR,980417295,255/45ZR20X 105WEXHL,1,Goodyear,4,806.36,104-048-568,104-048-5686387,,
37,6675,"ERIE, PA",GOODYEAR TIRE & RUBBER CO,GOODYEAR,980319113,255/50R19X 107V DRIV,1,Goodyear,2,463.3,413-031-582,413-031-5826675,,
34,6351,"NEWPORT NEWS, VA",GOODYEAR TIRE & RUBBER CO,GOODYEAR,244396,P275/60R20 114S SRA,1,Goodyear,2,379.72,183-934-470,183-934-4706351,A,267382
29,7658,BRUNSWICK GA,GOODYEAR TIRE & RUBBER CO,GOODYEAR,980239412,245/55R19 103V ASRAS,1,Goodyear,4,722.16,407-971-374,407-971-3747658,,
19,8125,"SAINT LOUIS, MO",GOODYEAR TIRE & RUBBER CO,GOODYEAR,315523,245/45R18 96W SPRTAS,1,Goodyear,2,336.2,109-056-366,109-056-3668125,,
14,4783,"GARLAND, TX",GOODYEAR TIRE & RUBBER CO,GOODYEAR,980124566,235/45R18 94V MAXLIF,1,Goodyear,4,720.12,110-936-545,110-936-5454783,A,980197525
28,4739,"SNELLVILLE, GA",GOODYEAR TIRE & RUBBER CO,GOODYEAR,980211287,225/45R17 91V ASRAS,1,Goodyear,4,497.08,407-003-374,407-003-3744739,,
30,6236,Rock Hill SC,GOODYEAR TIRE & RUBBER CO,GOODYEAR,725950,P225/60R16 97V RSAP,1,Goodyear,4,636.88,732-354-148,732-354-1486236,,
23,6507,"JACKSON, TN",GOODYEAR TIRE & RUBBER CO,GOODYEAR,980346631,LT265/70R17E WRKAT,1,Goodyear,4,828.12,481-535-855,481-535-8556507,,
37,6440,"LATHAM, NY",GOODYEAR TIRE & RUBBER CO,GOODYEAR,400454,P275/45R20 106V GTII,1,Goodyear,4,870.24,106-137-625,106-137-6256440,,
30,4797,KANNAPOLIS NC,GOODYEAR TIRE & RUBBER CO,GOODYEAR,980137898,235/45R18X 98V EAGTR,1,Goodyear,4,548.36,102-964-559,102-964-5594797,,
25,6313,"FT. WAYNE, IN",GOODYEAR TIRE & RUBBER CO,GOODYEAR,692903,195/60R15 88T ASRAS,1,Goodyear,4,337.96,407-740-374,407-740-3746313,,
1,6433,"VACAVILLE, CA",GOODYEAR TIRE & RUBBER CO,GOODYEAR,107948,225/60R18 100H ASRAS,1,Goodyear,4,518.2,407-795-374,407-795-3746433,,
17,4790,"PEARL, MS",GOODYEAR TIRE & RUBBER CO,GOODYEAR,881182,235/65R17 104T ASRAS,1,Goodyear,4,534.48,407-722-374,407-722-3744790,,
35,8223,"RALEIGH, NC",GOODYEAR TIRE & RUBBER CO,GOODYEAR,980137886,225/45R18 91V MAXLIF,1,Goodyear,2,325.28,110-938-545,110-938-5458223,,
34,6351,"NEWPORT NEWS, VA",GOODYEAR TIRE & RUBBER CO,GOODYEAR,980317771,225/60R17 99H DRIVE,1,Goodyear,4,679.76,413-005-582,413-005-5826351,,
31,4998,"THE VILLAGES, FL",GOODYEAR TIRE & RUBBER CO,GOODYEAR,980317793,255/45R20X 105V DRIV,1,Goodyear,4,883.52,413-030-582,413-030-5824998,,
31,6387,PINELLAS PARK FL,GOODYEAR TIRE & RUBBER CO,GOODYEAR,980419009,285/45R22X114H WRKHT,1,Goodyear,4,891.32,116-074-632,116-074-6326387,,
9,6418,"WICHITA, KS",GOODYEAR TIRE & RUBBER CO,GOODYEAR,980239414,225/45ZR17X 94W EXHL,1,Goodyear,1,124.63,104-004-568,104-004-5686418,,
40,6581,"SCRANTON, PA",GOODYEAR TIRE & RUBBER CO,GOODYEAR,281657,255/50R19 103W F1SUV,1,Goodyear,2,332,784-287-347,784-287-3476581,,
16,8134,"FT. SMITH, AR",GOODYEAR TIRE & RUBBER CO,GOODYEAR,125601,235/55R20 102VSPRTAS,1,Goodyear,1,205.83,109-100-366,109-100-3668134,,
4,4830,"AVONDALE, AZ",GOODYEAR TIRE & RUBBER CO,GOODYEAR,980137893,255/55R20 107HMAXLIF,1,Goodyear,4,853.52,110-929-545,110-929-5454830,,
34,8220,"ROANOKE, VA",GOODYEAR TIRE & RUBBER CO,GOODYEAR,108000,235/55R17 99T ASRAS,1,Goodyear,2,280.88,407-599-374,407-599-3748220,,
19,8125,"SAINT LOUIS, MO",GOODYEAR TIRE & RUBBER CO,GOODYEAR,980124563,P255/60R19108HMAXLIF,1,Goodyear,4,748.6,110-932-545,110-932-5458125,A,980301307
23,8292,"MEMPHIS (E), TN",GOODYEAR TIRE & RUBBER CO,GOODYEAR,980137888,235/50R18 97V MAXLIF,1,Goodyear,1,185.89,110-876-545,110-876-5458292,,
25,6319,"KENTWOOD, MI",GOODYEAR TIRE & RUBBER CO,GOODYEAR,980239411,235/65R18 106H ASRAS,1,Goodyear,4,638.28,407-885-374,407-885-3746319,,
22,4728,NICHOLASVILLE KY,GOODYEAR TIRE & RUBBER CO,GOODYEAR,980418987,245/70R17 110T WRKHT,1,Goodyear,1,161.47,116-080-652,116-080-6524728,,
10,8241,"MIDWEST CITY, OK",GOODYEAR TIRE & RUBBER CO,GOODYEAR,980419005,LT235/80R17E WRKHT,1,Goodyear,6,1181.82,131-635-875,131-635-8758241,,
19,4999,"QUINCY, IL",GOODYEAR TIRE & RUBBER CO,GOODYEAR,980137884,235/45R17 94V MAXLIF,1,Goodyear,2,353.2,110-996-545,110-996-5454999,,
39,8160,"TEMPLE, PA",GOODYEAR TIRE & RUBBER CO,GOODYEAR,126066,235/55R18 100H ASRAS,1,Goodyear,14,2104.62,407-826-374,407-826-3748160,,
26,6657,"NOVI, MI",GOODYEAR TIRE & RUBBER CO,GOODYEAR,980079702,255/65R18 111T CSMAX,1,Goodyear,1,196.92,755-907-383,755-907-3836657,,
38,6653,"GAITHERSBURG, MD",GOODYEAR TIRE & RUBBER CO,GOODYEAR,980114274,225/50R17 94V MAXLIF,1,Goodyear,8,1223.44,110-982-545,110-982-5456653,A,980116055
23,4740,"SOUTHAVEN, MS",GOODYEAR TIRE & RUBBER CO,GOODYEAR,244396,P275/60R20 114S SRA,1,Goodyear,1,189.86,183-934-470,183-934-4704740,A,267382
25,6313,"FT. WAYNE, IN",GOODYEAR TIRE & RUBBER CO,GOODYEAR,980137898,235/45R18X 98V EAGTR,1,Goodyear,4,545.88,102-964-559,102-964-5596313,,
33,4847,GREENSBURG PA,GOODYEAR TIRE & RUBBER CO,GOODYEAR,676050,P245/70R17 108T F HL,1,Goodyear,1,182.58,151-056-203,151-056-2034847,,
21,6489,"CALUMET CITY, IL",GOODYEAR TIRE & RUBBER CO,GOODYEAR,984223713,265/60R18 110H WRSF,1,Goodyear,4,790.96,269-007-969,269-007-9696489,,
34,6402,"GREENSBORO, NC",GOODYEAR TIRE & RUBBER CO,GOODYEAR,980114257,205/60R16 92V MAXLIF,1,Goodyear,4,513.24,110-953-545,110-953-5456402,A,980116053
22,6380,"DAYTON, OH",GOODYEAR TIRE & RUBBER CO,GOODYEAR,984217693,225/65R17 102H WRY2,1,Goodyear,4,664.56,767-088-673,767-088-6736380,A,984238071
7,6385,"GRAND FORKS, ND",GOODYEAR TIRE & RUBBER CO,GOODYEAR,984217711,235/55R19X 105V WRY2,1,Goodyear,4,847.96,767-113-673,767-113-6736385,A,984238077
27,6307,"COLUMBUS(N),OH",GOODYEAR TIRE & RUBBER CO,GOODYEAR,980114270,225/55R18 98H MAXLIF,1,Goodyear,4,655.12,110-935-545,110-935-5456307,A,980131001
7,8172,"FARGO, ND",GOODYEAR TIRE & RUBBER CO,GOODYEAR,980361373,235/65R17 104T WRKAT,1,Goodyear,1,149.22,480-996-855,480-996-8558172,,
27,8152,"SOUTH POINT, OH",GOODYEAR TIRE & RUBBER CO,GOODYEAR,980239408,245/45ZR20X 103YEXHL,1,Goodyear,2,419.18,104-017-568,104-017-5688152,,
34,6524,"COLONIAL HEIGHTS, VA",GOODYEAR TIRE & RUBBER CO,GOODYEAR,980124559,275/65R18 116T FRTHT,1,Goodyear,1,215.26,157-066-708,157-066-7086524,,
17,4790,"PEARL, MS",GOODYEAR TIRE & RUBBER CO,GOODYEAR,980114265,235/60R18 103VMAXLIF,1,Goodyear,2,365.68,110-934-545,110-934-5454790,A,980116262
7,8172,"FARGO, ND",GOODYEAR TIRE & RUBBER CO,GOODYEAR,107853,235/65R16 103T ASRAS,1,Goodyear,1,123.12,407-207-374,407-207-3748172,,
40,6423,"MIDDLETOWN, NY",GOODYEAR TIRE & RUBBER CO,GOODYEAR,433640,235/40R18X 95WSPRTAS,1,Goodyear,1,166.93,109-063-366,109-063-3666423,,
37,6675,"ERIE, PA",GOODYEAR TIRE & RUBBER CO,GOODYEAR,980317785,215/55R16X 97H DRIVE,1,Goodyear,4,601.12,413-507-582,413-507-5826675,,
27,6242,"DUBLIN, OH",GOODYEAR TIRE & RUBBER CO,GOODYEAR,720885,225/60R17 99T ASRAS,1,Goodyear,2,240.6,407-723-374,407-723-3746242,,
23,4930,COOKEVILLE TN,GOODYEAR TIRE & RUBBER CO,GOODYEAR,125724,235/70R16 106T ASRAS,1,Goodyear,2,244.12,407-866-374,407-866-3744930,,
28,8158,WOODSTOCK GA,GOODYEAR TIRE & RUBBER CO,GOODYEAR,610823,255/65R17 110T FRTHT,1,Goodyear,2,357.08,157-069-622,157-069-6228158,,
31,4998,"THE VILLAGES, FL",GOODYEAR TIRE & RUBBER CO,GOODYEAR,980114258,215/55R17 94V MAXLIF,1,Goodyear,8,1206.24,110-340-545,110-340-5454998,A,980116054
31,4998,"THE VILLAGES, FL",GOODYEAR TIRE & RUBBER CO,GOODYEAR,249153,255/45R20 101WSPRTAS,1,Goodyear,1,211.61,109-082-366,109-082-3664998,,
24,4817,"SAM&#39;S TRUSSVILLE , AL",GOODYEAR TIRE & RUBBER CO,GOODYEAR,980077381,235/40R18 91W SPRTAS,1,Goodyear,1,185.39,109-104-366,109-104-3664817,,
15,6202,"LUFKIN, TX",GOODYEAR TIRE & RUBBER CO,GOODYEAR,980114275,225/60R17 99H MAXLIF,1,Goodyear,4,665.76,110-979-545,110-979-5456202,,
6,8270,"LUBBOCK, TX",GOODYEAR TIRE & RUBBER CO,GOODYEAR,980077381,235/40R18 91W SPRTAS,1,Goodyear,1,185.39,109-104-366,109-104-3668270,,
17,6503,"HATTIESBURG, MS",GOODYEAR TIRE & RUBBER CO,GOODYEAR,980114271,205/65R16 95H MAXLIF,1,Goodyear,1,128.7,110-780-545,110-780-5456503,A,980116259
28,6643,CLAIRMONT GA,GOODYEAR TIRE & RUBBER CO,GOODYEAR,980346635,265/65R17 112T WRKAT,1,Goodyear,4,723.08,480-061-856,480-061-8566643,A,980346624
7,4933,"BISMARCK, ND",GOODYEAR TIRE & RUBBER CO,GOODYEAR,881212,225/65R17 102T ASRAS,1,Goodyear,4,501.56,407-285-374,407-285-3744933,,
4,4829,GILBERT (E) AZ,GOODYEAR TIRE & RUBBER CO,GOODYEAR,980346636,265/70R17 115T WRKAT,1,Goodyear,1,177.67,480-042-856,480-042-8564829,,
33,6317,"NORTH CANTON, OH",GOODYEAR TIRE & RUBBER CO,GOODYEAR,984207896,255/45R20X 105V EDV2,1,Goodyear,4,951.56,483-101-681,483-101-6816317,,
40,6352,"HUDSON, NH",GOODYEAR TIRE & RUBBER CO,GOODYEAR,980239392,235/50R18 97H ASRAS,1,Goodyear,4,615.36,407-004-374,407-004-3746352,,
40,8191,"WILKES-BARRE,PA",GOODYEAR TIRE & RUBBER CO,GOODYEAR,980317764,205/55R16 91H DRIVE,1,Goodyear,1,143.6,413-524-582,413-524-5828191,,
11,8277,"WESTWORTH VILLAGE, TX",GOODYEAR TIRE & RUBBER CO,GOODYEAR,720843,215/60R17 96T ASRAS,1,Goodyear,4,477.84,407-348-374,407-348-3748277,,
17,6527,"BATON ROUGE, LA",GOODYEAR TIRE & RUBBER CO,GOODYEAR,107975,205/65R16 95H ASRAS,1,Goodyear,2,207.58,407-780-374,407-780-3746527,,
17,6527,"BATON ROUGE, LA",GOODYEAR TIRE & RUBBER CO,GOODYEAR,127287,265/65R18 114T ADVEN,1,Goodyear,3,723.69,758-068-571,758-068-5716527,,
1,6405,"YUBA CITY, CA",GOODYEAR TIRE & RUBBER CO,GOODYEAR,984188229,255/70R17 112T WDRT,1,Goodyear,4,815.96,150-023-991,150-023-9916405,,
1,4799,"CITRUS HEIGHTS, CA",GOODYEAR TIRE & RUBBER CO,GOODYEAR,881212,225/65R17 102T ASRAS,1,Goodyear,4,501.56,407-285-374,407-285-3744799,,
27,6242,"DUBLIN, OH",GOODYEAR TIRE & RUBBER CO,GOODYEAR,107975,205/65R16 95H ASRAS,1,Goodyear,2,207.58,407-780-374,407-780-3746242,,
32,4972,"PORT ST LUCIE (W), FL",GOODYEAR TIRE & RUBBER CO,GOODYEAR,984188247,LT275/70R18E WDRTLT,1,Goodyear,1,296.51,176-139-991,176-139-9914972,,
18,4738,"EAGAN, MN",GOODYEAR TIRE & RUBBER CO,GOODYEAR,980379897,245/75R16 111S WRKAT,1,Goodyear,1,157.41,480-128-856,480-128-8564738,,
34,8220,"ROANOKE, VA",GOODYEAR TIRE & RUBBER CO,GOODYEAR,980334374,235/55R20 102V DRIVE,1,Goodyear,2,403,413-022-582,413-022-5828220,,
29,8202,"SAVANNAH, GA",GOODYEAR TIRE & RUBBER CO,GOODYEAR,980114255,205/55R16 91H MAXLIF,1,Goodyear,4,521.24,110-952-545,110-952-5458202,A,980116058
28,6643,CLAIRMONT GA,GOODYEAR TIRE & RUBBER CO,GOODYEAR,980239392,235/50R18 97H ASRAS,1,Goodyear,4,615.36,407-004-374,407-004-3746643,,
17,4837,"DENHAM SPRINGS, LA",GOODYEAR TIRE & RUBBER CO,GOODYEAR,980114276,225/65R17 102HMAXLIF,1,Goodyear,4,613.52,110-981-545,110-981-5454837,A,980116049
24,8213,"COLUMBUS, GA",GOODYEAR TIRE & RUBBER CO,GOODYEAR,980124566,235/45R18 94V MAXLIF,1,Goodyear,4,720.12,110-936-545,110-936-5458213,A,980197525
8,4873,LINCOLN NE,GOODYEAR TIRE & RUBBER CO,GOODYEAR,881165,225/60R16 98T ASRAS,1,Goodyear,4,402.8,407-715-374,407-715-3744873,,
33,6251,"WASHINGTON, PA",GOODYEAR TIRE & RUBBER CO,GOODYEAR,984136334,265/65R18 114T WRSF,1,Goodyear,1,194.21,269-009-969,269-009-9696251,,
16,8266,"SHERWOOD, AR",GOODYEAR TIRE & RUBBER CO,GOODYEAR,980417308,245/45R20 99V EAGTR,1,Goodyear,4,777.48,102-035-387,102-035-3878266,,
4,4829,GILBERT (E) AZ,GOODYEAR TIRE & RUBBER CO,GOODYEAR,984207905,235/50R20X 104V EDV2,1,Goodyear,2,468,483-197-681,483-197-6814829,,
22,8111,"JEFFERSONTOWN, KY",GOODYEAR TIRE & RUBBER CO,GOODYEAR,984193235,255/50R20 105V MXLIF,1,Goodyear,1,204.6,110-067-545,110-067-5458111,,
28,6643,CLAIRMONT GA,GOODYEAR TIRE & RUBBER CO,GOODYEAR,980346640,LT235/85R16E WRKAT,1,Goodyear,1,188.02,481-745-855,481-745-8556643,,
37,6675,"ERIE, PA",GOODYEAR TIRE & RUBBER CO,GOODYEAR,984188253,LT275/55R20E WDRTLT,1,Goodyear,2,556.08,176-301-991,176-301-9916675,,
39,8160,"TEMPLE, PA",GOODYEAR TIRE & RUBBER CO,GOODYEAR,980137892,235/55R20 102VMAXLIF,1,Goodyear,4,750.4,110-928-545,110-928-5458160,,
40,4774,"SECAUCUS, NJ",GOODYEAR TIRE & RUBBER CO,GOODYEAR,980114259,225/55R17 97V MAXLIF,1,Goodyear,1,159.31,110-502-545,110-502-5454774,A,980116057
11,4905,"DENTON, TX",GOODYEAR TIRE & RUBBER CO,GOODYEAR,141185,225/55R17 97V LS2 RF,1,Goodyear,1,289.7,706-923-322,706-923-3224905,,
13,8259,"AUSTIN, TX",GOODYEAR TIRE & RUBBER CO,GOODYEAR,984188267,LT285/75R16E WDRTLT,1,Goodyear,4,1104.2,176-585-991,176-585-9918259,,
21,6489,"CALUMET CITY, IL",GOODYEAR TIRE & RUBBER CO,GOODYEAR,881133,185/65R15 88T ASRAS,1,Goodyear,1,84.15,407-259-374,407-259-3746489,,
9,6418,"WICHITA, KS",GOODYEAR TIRE & RUBBER CO,GOODYEAR,980114255,205/55R16 91H MAXLIF,1,Goodyear,4,521.24,110-952-545,110-952-5456418,A,980116058
30,6452,"ASHEVILLE, NC",GOODYEAR TIRE & RUBBER CO,GOODYEAR,984217714,245/50R20 102V WRY2,1,Goodyear,4,870.36,767-116-673,767-116-6736452,,
2,6624,"SAN BERNARDINO, CA",GOODYEAR TIRE & RUBBER CO,GOODYEAR,980137888,235/50R18 97V MAXLIF,1,Goodyear,1,185.89,110-876-545,110-876-5456624,,
21,6304,"INDIANAPOLIS, IN",GOODYEAR TIRE & RUBBER CO,GOODYEAR,980137898,235/45R18X 98V EAGTR,1,Goodyear,2,272.62,102-964-559,102-964-5596304,,
2,6624,"SAN BERNARDINO, CA",GOODYEAR TIRE & RUBBER CO,GOODYEAR,692896,215/55R16 93H ASRAS,1,Goodyear,1,110.23,407-525-374,407-525-3746624,,
19,4999,"QUINCY, IL",GOODYEAR TIRE & RUBBER CO,GOODYEAR,289981,185/55R15 82T INTE,1,Goodyear,1,125.83,402-602-047,402-602-0474999,,
31,6403,"BRANDON, FL",GOODYEAR TIRE & RUBBER CO,GOODYEAR,980418996,265/65R17 112T WRKHT,1,Goodyear,4,693.56,116-079-652,116-079-6526403,,
8,8146,"OMAHA, NE",GOODYEAR TIRE & RUBBER CO,GOODYEAR,720856,215/55R17 94H ASRAS,1,Goodyear,1,122.57,407-213-374,407-213-3748146,,
35,8218,"FAYETTEVILLE,NC",GOODYEAR TIRE & RUBBER CO,GOODYEAR,108655,205/70R15 96T ASRAS,1,Goodyear,1,86.23,407-785-374,407-785-3748218,,
38,6371,"WOODBRIDGE, VA",GOODYEAR TIRE & RUBBER CO,GOODYEAR,980077359,255/60R19 109HSPRTAS,1,Goodyear,1,182.54,109-110-366,109-110-3666371,,
25,6562,"MUSKEGON, MI",GOODYEAR TIRE & RUBBER CO,GOODYEAR,676057,265/50R20 107T F HL,1,Goodyear,4,829.32,151-093-203,151-093-2036562,A,737691
31,4852,"WESLEY CHAPEL, FL",GOODYEAR TIRE & RUBBER CO,GOODYEAR,980418998,LT285/60R20E WRKHT,1,Goodyear,4,1139.04,131-015-944,131-015-9444852,,
1,6612,"CONCORD, CA",GOODYEAR TIRE & RUBBER CO,GOODYEAR,984217688,215/55R17 94V WRY2,1,Goodyear,4,599,767-083-673,767-083-6736612,A,984238067
17,4790,"PEARL, MS",GOODYEAR TIRE & RUBBER CO,GOODYEAR,980137891,235/55R19 101VMAXLIF,1,Goodyear,4,814.32,110-883-545,110-883-5454790,A,980184500
39,6671,"FREEHOLD, NJ",GOODYEAR TIRE & RUBBER CO,GOODYEAR,980114265,235/60R18 103VMAXLIF,1,Goodyear,4,731.36,110-934-545,110-934-5456671,A,980116262
27,6242,"DUBLIN, OH",GOODYEAR TIRE & RUBBER CO,GOODYEAR,980239643,215/60R17 96H MAXLIF,1,Goodyear,1,146.78,110-322-545,110-322-5456242,,
24,4871,"MERIDIAN, MS",GOODYEAR TIRE & RUBBER CO,GOODYEAR,980319111,255/55R20 107H DRIVE,1,Goodyear,4,953.36,413-929-582,413-929-5824871,,
10,7189,OKLAHOMA CITY PENN SQ OK,GOODYEAR TIRE & RUBBER CO,GOODYEAR,980434350,275/55R20 113H SF HT,1,Goodyear,4,786.8,269-001-969,269-001-9697189,,
38,6653,"GAITHERSBURG, MD",GOODYEAR TIRE & RUBBER CO,GOODYEAR,980211289,245/45R18 96V ASRAS,1,Goodyear,4,689.84,407-005-374,407-005-3746653,,
29,8116,"JACKSONVILLE,FL",GOODYEAR TIRE & RUBBER CO,GOODYEAR,107853,235/65R16 103T ASRAS,1,Goodyear,4,450.6,407-207-374,407-207-3748116,,
1,6620,"FOLSOM, CA",GOODYEAR TIRE & RUBBER CO,GOODYEAR,980137898,235/45R18X 98V EAGTR,1,Goodyear,4,539.04,102-964-559,102-964-5596620,,
38,6371,"WOODBRIDGE, VA",GOODYEAR TIRE & RUBBER CO,GOODYEAR,980114255,205/55R16 91H MAXLIF,1,Goodyear,1,130.31,110-952-545,110-952-5456371,A,980116058
17,4837,"DENHAM SPRINGS, LA",GOODYEAR TIRE & RUBBER CO,GOODYEAR,980239412,245/55R19 103V ASRAS,1,Goodyear,4,722.16,407-971-374,407-971-3744837,,
22,6450,"CINCINNATI, OH",GOODYEAR TIRE & RUBBER CO,GOODYEAR,984207906,225/55R19X 103H EDV2,1,Goodyear,4,901.64,483-198-681,483-198-6816450,,
34,6524,"COLONIAL HEIGHTS, VA",GOODYEAR TIRE & RUBBER CO,GOODYEAR,127287,265/65R18 114T ADVEN,1,Goodyear,4,964.92,758-068-571,758-068-5716524,,
4,4830,"AVONDALE, AZ",GOODYEAR TIRE & RUBBER CO,GOODYEAR,980419492,235/70R16 106T WRKHT,1,Goodyear,4,557.56,116-086-632,116-086-6324830,,
7,8165,"SIOUX FALLS, SD",GOODYEAR TIRE & RUBBER CO,GOODYEAR,980434372,275/60R20 115H SF HT,1,Goodyear,4,864.76,269-019-969,269-019-9698165,,
23,8292,"MEMPHIS (E), TN",GOODYEAR TIRE & RUBBER CO,GOODYEAR,980114258,215/55R17 94V MAXLIF,1,Goodyear,1,150.78,110-340-545,110-340-5458292,A,980116054
23,4930,COOKEVILLE TN,GOODYEAR TIRE & RUBBER CO,GOODYEAR,980346639,LT265/75R16E WRKAT,1,Goodyear,1,178.49,481-746-856,481-746-8564930,,
21,6334,"DECATUR, IL",GOODYEAR TIRE & RUBBER CO,GOODYEAR,984217688,215/55R17 94V WRY2,1,Goodyear,1,149.75,767-083-673,767-083-6736334,,
7,8172,"FARGO, ND",GOODYEAR TIRE & RUBBER CO,GOODYEAR,980114271,205/65R16 95H MAXLIF,1,Goodyear,4,514.8,110-780-545,110-780-5458172,,
16,4985,"SPRINGFIELD (S), MO",GOODYEAR TIRE & RUBBER CO,GOODYEAR,676057,265/50R20 107T F HL,1,Goodyear,4,829.32,151-093-203,151-093-2034985,A,737691
28,8287,"MORROW, GA",GOODYEAR TIRE & RUBBER CO,GOODYEAR,980137889,235/45R19 95H MAXLIF,1,Goodyear,1,192.13,110-931-545,110-931-5458287,,
39,4722,"WILLIAMSTOWN, NJ",GOODYEAR TIRE & RUBBER CO,GOODYEAR,676057,265/50R20 107T F HL,1,Goodyear,4,829.32,151-093-203,151-093-2034722,,
10,6350,"SHERMAN, TX",GOODYEAR TIRE & RUBBER CO,GOODYEAR,980317767,215/55R17 94V DRIVE,1,Goodyear,1,156.08,413-340-582,413-340-5826350,,
25,4781,"LANSING (E),MI",GOODYEAR TIRE & RUBBER CO,GOODYEAR,980114258,215/55R17 94V MAXLIF,1,Goodyear,8,1206.24,110-340-545,110-340-5454781,A,980116054
22,4992,"ELIZABETHTOWN, KY",GOODYEAR TIRE & RUBBER CO,GOODYEAR,980239643,215/60R17 96H MAXLIF,1,Goodyear,1,146.78,110-322-545,110-322-5454992,A,980313882
34,8228,"WINSTON-SALEM, NC",GOODYEAR TIRE & RUBBER CO,GOODYEAR,315504,245/40R17 91W SPRTAS,1,Goodyear,4,623.8,109-060-366,109-060-3668228,,
20,8297,"ROCKFORD, IL",GOODYEAR TIRE & RUBBER CO,GOODYEAR,980137895,245/50R20 102VMAXLIF,1,Goodyear,1,207.56,110-927-545,110-927-5458297,A,980197524
9,6418,"WICHITA, KS",GOODYEAR TIRE & RUBBER CO,GOODYEAR,184794,P245/45R18 96V RSA,1,Goodyear,4,594.24,732-279-438,732-279-4386418,,
14,6255,"PLANO(N),TX",GOODYEAR TIRE & RUBBER CO,GOODYEAR,984207912,275/35R21X 103W EDV2,1,Goodyear,2,680.14,483-205-681,483-205-6816255,,
12,4914,San Antonio N TX,GOODYEAR TIRE & RUBBER CO,GOODYEAR,980124565,225/60R18 100HMAXLIF,1,Goodyear,4,646.36,110-363-545,110-363-5454914,A,980184585
37,6431,"SAM&#39;S ELMIRA, NY",GOODYEAR TIRE & RUBBER CO,GOODYEAR,980288552,235/75R15 105S TLRNR,1,Goodyear,2,217.62,741-126-681,741-126-6816431,,
11,8269,"GRAND PRAIRIE, TX",GOODYEAR TIRE & RUBBER CO,GOODYEAR,980137885,235/50R17 96H MAXLIF,1,Goodyear,1,161.03,110-956-545,110-956-5458269,,
35,8223,"RALEIGH, NC",GOODYEAR TIRE & RUBBER CO,GOODYEAR,315523,245/45R18 96W SPRTAS,1,Goodyear,4,672.4,109-056-366,109-056-3668223,,
39,6536,"WHITEHALL, PA",GOODYEAR TIRE & RUBBER CO,GOODYEAR,984217707,245/60R18 105V WRY2,1,Goodyear,1,194.99,767-107-673,767-107-6736536,,
26,6659,"MADISON HEIGHTS, MI",GOODYEAR TIRE & RUBBER CO,GOODYEAR,980114262,235/55R18 100VMAXLIF,1,Goodyear,1,188.19,110-496-545,110-496-5456659,,
1,6433,"VACAVILLE, CA",GOODYEAR TIRE & RUBBER CO,GOODYEAR,980419490,LT245/75R16E WRKHT,1,Goodyear,2,348.42,131-747-875,131-747-8756433,,
34,6524,"COLONIAL HEIGHTS, VA",GOODYEAR TIRE & RUBBER CO,GOODYEAR,980124580,205/50R17 89V MAXLIF,1,Goodyear,2,317.28,110-980-545,110-980-5456524,,
1,4768,"RENO, NV",GOODYEAR TIRE & RUBBER CO,GOODYEAR,980114255,205/55R16 91H MAXLIF,1,Goodyear,8,1042.48,110-952-545,110-952-5454768,A,980116058
1,4768,"RENO, NV",GOODYEAR TIRE & RUBBER CO,GOODYEAR,980434350,275/55R20 113H SF HT,1,Goodyear,4,786.8,269-001-969,269-001-9694768,,
38,6653,"GAITHERSBURG, MD",GOODYEAR TIRE & RUBBER CO,GOODYEAR,200787,P205/55R16 89H RSA,1,Goodyear,1,111.54,732-674-500,732-674-5006653,,
32,6341,"SUNRISE, FL",GOODYEAR TIRE & RUBBER CO,GOODYEAR,980079702,255/65R18 111T CSMAX,1,Goodyear,2,393.84,755-907-383,755-907-3836341,,
23,8294,"NASHVILLE(S),TN",GOODYEAR TIRE & RUBBER CO,GOODYEAR,984217729,255/45R19X 104W WRY2,1,Goodyear,4,950.36,767-144-673,767-144-6738294,,
31,4998,"THE VILLAGES, FL",GOODYEAR TIRE & RUBBER CO,GOODYEAR,980114276,225/65R17 102HMAXLIF,1,Goodyear,8,1227.04,110-981-545,110-981-5454998,A,980116049
1,4799,"CITRUS HEIGHTS, CA",GOODYEAR TIRE & RUBBER CO,GOODYEAR,889783,P275/55R20 111S LS2,1,Goodyear,2,362.3,706-069-165,706-069-1654799,,
38,6653,"GAITHERSBURG, MD",GOODYEAR TIRE & RUBBER CO,GOODYEAR,980114254,195/65R15 91H MAXLIF,1,Goodyear,14,1589.42,110-489-545,110-489-5456653,A,980184501
38,4729,"STERLING, VA",GOODYEAR TIRE & RUBBER CO,GOODYEAR,980077360,245/50R20 102VSPRTAS,1,Goodyear,4,760.96,109-111-366,109-111-3664729,,
7,4987,LONGMONT ALT CO,GOODYEAR TIRE & RUBBER CO,GOODYEAR,980288552,235/75R15 105S TLRNR,1,Goodyear,4,435.24,741-126-681,741-126-6814987,A,980288551
34,8228,"WINSTON-SALEM, NC",GOODYEAR TIRE & RUBBER CO,GOODYEAR,108038,205/65R15 94T ASRAS,1,Goodyear,1,91.29,407-478-374,407-478-3748228,,
35,6443,"GOLDSBORO, NC",GOODYEAR TIRE & RUBBER CO,GOODYEAR,692889,215/60R16 95T ASRAS,1,Goodyear,5,488.55,407-562-374,407-562-3746443,,
23,4776,"HUNTSVILLE, AL",GOODYEAR TIRE & RUBBER CO,GOODYEAR,980137882,225/55R19 99V MAXLIF,1,Goodyear,1,200.77,110-930-545,110-930-5454776,A,980197523
17,4837,"DENHAM SPRINGS, LA",GOODYEAR TIRE & RUBBER CO,GOODYEAR,980346633,265/65R18 114T WRKAT,1,Goodyear,2,419.3,480-068-856,480-068-8564837,,
30,6540,"CHARLOTTE, NC",GOODYEAR TIRE & RUBBER CO,GOODYEAR,980334373,235/50R18 97V DRIVE,1,Goodyear,1,197.17,413-018-582,413-018-5826540,,
6,4938,"ALBUQUERQUE (CENTRAL), NM",GOODYEAR TIRE & RUBBER CO,GOODYEAR,692896,215/55R16 93H ASRAS,1,Goodyear,1,110.23,407-525-374,407-525-3744938,,
34,8220,"ROANOKE, VA",GOODYEAR TIRE & RUBBER CO,GOODYEAR,107853,235/65R16 103T ASRAS,1,Goodyear,4,450.6,407-207-374,407-207-3748220,,
39,8175,"HARRISBURG, PA",GOODYEAR TIRE & RUBBER CO,GOODYEAR,980114264,235/60R17 102HMAXLIF,1,Goodyear,4,655.84,110-488-545,110-488-5458175,,
18,6309,"WHITE BEAR LAKE, MN",GOODYEAR TIRE & RUBBER CO,GOODYEAR,980114257,205/60R16 92V MAXLIF,1,Goodyear,2,256.62,110-953-545,110-953-5456309,A,980116053
27,6242,"DUBLIN, OH",GOODYEAR TIRE & RUBBER CO,GOODYEAR,108038,205/65R15 94T ASRAS,1,Goodyear,1,91.29,407-478-374,407-478-3746242,,
39,8160,"TEMPLE, PA",GOODYEAR TIRE & RUBBER CO,GOODYEAR,980418983,275/55R20 113T WRKHT,1,Goodyear,4,771.48,116-008-651,116-008-6518160,,
38,6653,"GAITHERSBURG, MD",GOODYEAR TIRE & RUBBER CO,GOODYEAR,200794,P215/45R17 87W RSA,1,Goodyear,4,557.08,732-682-500,732-682-5006653,,
6,4938,"ALBUQUERQUE (CENTRAL), NM",GOODYEAR TIRE & RUBBER CO,GOODYEAR,980114255,205/55R16 91H MAXLIF,1,Goodyear,4,521.24,110-952-545,110-952-5454938,A,980116058
29,4879,AIKEN SC,GOODYEAR TIRE & RUBBER CO,GOODYEAR,692938,205/55R16 91H ASRAS,1,Goodyear,4,403.76,407-781-374,407-781-3744879,,
34,8220,"ROANOKE, VA",GOODYEAR TIRE & RUBBER CO,GOODYEAR,881133,185/65R15 88T ASRAS,1,Goodyear,3,252.45,407-259-374,407-259-3748220,,
27,6326,"REYNOLDSBURG, OH",GOODYEAR TIRE & RUBBER CO,GOODYEAR,692896,215/55R16 93H ASRAS,1,Goodyear,1,111.02,407-525-374,407-525-3746326,,
20,6487,"ADDISON, IL",GOODYEAR TIRE & RUBBER CO,GOODYEAR,980239411,235/65R18 106H ASRAS,1,Goodyear,1,159.57,407-885-374,407-885-3746487,,
11,8282,"DALLAS (S), TX",GOODYEAR TIRE & RUBBER CO,GOODYEAR,314672,255/40R18X 99WSPRTAS,1,Goodyear,2,383.7,109-072-366,109-072-3668282,,
14,6255,"PLANO(N),TX",GOODYEAR TIRE & RUBBER CO,GOODYEAR,984217704,235/60R18X 107V WRY2,1,Goodyear,4,755,767-104-673,767-104-6736255,,
20,6349,"EVERGREEN PARK, IL",GOODYEAR TIRE & RUBBER CO,GOODYEAR,335200,225/40R18X 92WSPRTAS,1,Goodyear,2,276.58,109-055-366,109-055-3666349,,
19,6479,"CAPE GIRARDEAU, MO",GOODYEAR TIRE & RUBBER CO,GOODYEAR,980114278,225/45R17 91V MAXLIF,1,Goodyear,8,1236.56,110-567-545,110-567-5456479,,
6,8153,"EL PASO, TX",GOODYEAR TIRE & RUBBER CO,GOODYEAR,889783,P275/55R20 111S LS2,1,Goodyear,1,181.15,706-069-165,706-069-1658153,,
39,6670,"DEPTFORD, NJ",GOODYEAR TIRE & RUBBER CO,GOODYEAR,980421311,245/65R17 107T WRKHT,1,Goodyear,1,165.53,116-081-632,116-081-6326670,,
17,8221,"HARVEY, LA",GOODYEAR TIRE & RUBBER CO,GOODYEAR,980239643,215/60R17 96H MAXLIF,1,Goodyear,4,587.12,110-322-545,110-322-5458221,,
1,6405,"YUBA CITY, CA",GOODYEAR TIRE & RUBBER CO,GOODYEAR,108655,205/70R15 96T ASRAS,1,Goodyear,4,344.92,407-785-374,407-785-3746405,,
2,6628,"TORRANCE, CA",GOODYEAR TIRE & RUBBER CO,GOODYEAR,881126,185/65R14 86T ASRAS,1,Goodyear,4,320.88,407-106-374,407-106-3746628,,
17,6527,"BATON ROUGE, LA",GOODYEAR TIRE & RUBBER CO,GOODYEAR,314679,225/45R17X 94WSPRTAS,1,Goodyear,1,123.94,109-044-366,109-044-3666527,,
2,6626,"SOUTHGATE, CA",GOODYEAR TIRE & RUBBER CO,GOODYEAR,980114274,225/50R17 94V MAXLIF,1,Goodyear,4,611.72,110-982-545,110-982-5456626,A,980116055
39,6693,"LANGHORNE, PA",GOODYEAR TIRE & RUBBER CO,GOODYEAR,108655,205/70R15 96T ASRAS,1,Goodyear,1,86.23,407-785-374,407-785-3746693,,
32,6341,"SUNRISE, FL",GOODYEAR TIRE & RUBBER CO,GOODYEAR,433631,255/35R18X 94WSPRTAS,1,Goodyear,2,404.5,109-080-366,109-080-3666341,,
37,6431,"SAM&#39;S ELMIRA, NY",GOODYEAR TIRE & RUBBER CO,GOODYEAR,980239411,235/65R18 106H ASRAS,1,Goodyear,4,638.28,407-885-374,407-885-3746431,,
13,8259,"AUSTIN, TX",GOODYEAR TIRE & RUBBER CO,GOODYEAR,984223718,245/60R20 107H WRSF,1,Goodyear,4,817.64,269-031-969,269-031-9698259,,
12,4958,"SAN MARCOS, TX",GOODYEAR TIRE & RUBBER CO,GOODYEAR,980418983,275/55R20 113T WRKHT,1,Goodyear,3,578.61,116-008-651,116-008-6514958,A,980418982
7,8165,"SIOUX FALLS, SD",GOODYEAR TIRE & RUBBER CO,GOODYEAR,980124566,235/45R18 94V MAXLIF,1,Goodyear,4,754.12,110-936-545,110-936-5458165,,
4,4915,BULLHEAD CITY AZ,GOODYEAR TIRE & RUBBER CO,GOODYEAR,980124567,P215/55R18 94HMAXLIF,1,Goodyear,1,166.44,110-939-545,110-939-5454915,,
36,6218,"OCOEE, FL",GOODYEAR TIRE & RUBBER CO,GOODYEAR,984188230,255/75R17 115T WDRT,1,Goodyear,4,887.36,150-026-991,150-026-9916218,,
2,6628,"TORRANCE, CA",GOODYEAR TIRE & RUBBER CO,GOODYEAR,980211288,235/45R18 94V ASRAS,1,Goodyear,1,155.29,407-991-374,407-991-3746628,,
11,8226,"ABILENE, TX",GOODYEAR TIRE & RUBBER CO,GOODYEAR,980114273,215/60R16 95V MAXLIF,1,Goodyear,4,514.08,110-571-545,110-571-5458226,A,980116056
1,4799,"CITRUS HEIGHTS, CA",GOODYEAR TIRE & RUBBER CO,GOODYEAR,941314,235/60R17 102T ASRAS,1,Goodyear,4,517.8,407-323-374,407-323-3744799,,
13,6245,Harker Heights TX,GOODYEAR TIRE & RUBBER CO,GOODYEAR,980119826,235/55R17 99H MAXLIF,1,Goodyear,2,336.72,110-319-545,110-319-5456245,,
19,6479,"CAPE GIRARDEAU, MO",GOODYEAR TIRE & RUBBER CO,GOODYEAR,941314,235/60R17 102T ASRAS,1,Goodyear,4,517.8,407-323-374,407-323-3746479,,
2,6624,"SAN BERNARDINO, CA",GOODYEAR TIRE & RUBBER CO,GOODYEAR,980211287,225/45R17 91V ASRAS,1,Goodyear,4,497.08,407-003-374,407-003-3746624,,
14,8299,PLANO TX,GOODYEAR TIRE & RUBBER CO,GOODYEAR,941314,235/60R17 102T ASRAS,1,Goodyear,4,517.8,407-323-374,407-323-3748299,,
21,8128,"PEORIA, IL",GOODYEAR TIRE & RUBBER CO,GOODYEAR,289981,185/55R15 82T INTE,1,Goodyear,2,251.66,402-602-047,402-602-0478128,,
29,8151,PANAMA CITY FL,GOODYEAR TIRE & RUBBER CO,GOODYEAR,980288552,235/75R15 105S TLRNR,1,Goodyear,4,435.24,741-126-681,741-126-6818151,A,980288551
33,6575,"PITTSBURGH, PA",GOODYEAR TIRE & RUBBER CO,GOODYEAR,980317782,235/40R19X 96V DRIVE,1,Goodyear,2,405.5,413-021-582,413-021-5826575,,
40,4774,"SECAUCUS, NJ",GOODYEAR TIRE & RUBBER CO,GOODYEAR,281601,P175/65R15 84H AMAX,1,Goodyear,4,490.68,738-609-571,738-609-5714774,,
29,8202,"SAVANNAH, GA",GOODYEAR TIRE & RUBBER CO,GOODYEAR,281601,P175/65R15 84H AMAX,1,Goodyear,4,490.68,738-609-571,738-609-5718202,,
17,4790,"PEARL, MS",GOODYEAR TIRE & RUBBER CO,GOODYEAR,980346643,LT275/70R18E WRKAT,1,Goodyear,8,1999.92,481-139-856,481-139-8564790,,
32,8173,"MIRAMAR, FL",GOODYEAR TIRE & RUBBER CO,GOODYEAR,107934,225/70R16 103T ASRAS,1,Goodyear,1,112.44,407-378-374,407-378-3748173,,
26,6666,"CANTON, MI",GOODYEAR TIRE & RUBBER CO,GOODYEAR,984217709,235/45R19 95V WRY2,1,Goodyear,1,197.59,767-110-673,767-110-6736666,,
5,6631,"AURORA, CO",GOODYEAR TIRE & RUBBER CO,GOODYEAR,984217717,265/50R20X 111V WRY2,1,Goodyear,4,937.56,767-121-673,767-121-6736631,,
32,8173,"MIRAMAR, FL",GOODYEAR TIRE & RUBBER CO,GOODYEAR,497871,235/45R18 94V LS2,1,Goodyear,1,150.36,706-038-163,706-038-1638173,,
28,4739,"SNELLVILLE, GA",GOODYEAR TIRE & RUBBER CO,GOODYEAR,980211261,245/50R20 102H ASRAS,1,Goodyear,4,711.2,407-870-374,407-870-3744739,,
8,6181,PAPILLION NE,GOODYEAR TIRE & RUBBER CO,GOODYEAR,980114257,205/60R16 92V MAXLIF,1,Goodyear,1,128.31,110-953-545,110-953-5456181,,
29,8116,"JACKSONVILLE,FL",GOODYEAR TIRE & RUBBER CO,GOODYEAR,692889,215/60R16 95T ASRAS,1,Goodyear,4,390.84,407-562-374,407-562-3748116,,
29,4879,AIKEN SC,GOODYEAR TIRE & RUBBER CO,GOODYEAR,980418994,265/70R18 116T WRKHT,1,Goodyear,4,703.08,116-075-652,116-075-6524879,,
34,6368,"CHESAPEAKE, VA",GOODYEAR TIRE & RUBBER CO,GOODYEAR,980137892,235/55R20 102VMAXLIF,1,Goodyear,2,375.2,110-928-545,110-928-5456368,A,980197521
2,6626,"SOUTHGATE, CA",GOODYEAR TIRE & RUBBER CO,GOODYEAR,980114258,215/55R17 94V MAXLIF,1,Goodyear,2,301.56,110-340-545,110-340-5456626,A,980116054
29,8151,PANAMA CITY FL,GOODYEAR TIRE & RUBBER CO,GOODYEAR,980317771,225/60R17 99H DRIVE,1,Goodyear,4,647.28,413-005-582,413-005-5828151,,
34,6524,"COLONIAL HEIGHTS, VA",GOODYEAR TIRE & RUBBER CO,GOODYEAR,140199,LT275/70R18E ADVEN,1,Goodyear,4,1091.4,748-139-686,748-139-6866524,,
9,4870,KANSAS CITY KS,GOODYEAR TIRE & RUBBER CO,GOODYEAR,881175,235/60R16 100T ASRAS,1,Goodyear,4,441.68,407-784-374,407-784-3744870,,
34,6351,"NEWPORT NEWS, VA",GOODYEAR TIRE & RUBBER CO,GOODYEAR,980418981,265/70R17 115T WRKHT,1,Goodyear,1,166.92,116-007-651,116-007-6516351,A,980418980
17,4790,"PEARL, MS",GOODYEAR TIRE & RUBBER CO,GOODYEAR,980137887,235/40R18 91V MAXLIF,1,Goodyear,1,176.41,110-940-545,110-940-5454790,,
18,4787,"MINNEAPOLIS, MN",GOODYEAR TIRE & RUBBER CO,GOODYEAR,980254972,245/40R20X 99W EAGTR,1,Goodyear,4,776,102-997-387,102-997-3874787,,
34,6524,"COLONIAL HEIGHTS, VA",GOODYEAR TIRE & RUBBER CO,GOODYEAR,107913,215/70R16 100T ASRAS,1,Goodyear,4,445.16,407-782-374,407-782-3746524,,
27,6242,"DUBLIN, OH",GOODYEAR TIRE & RUBBER CO,GOODYEAR,366743,245/45R18X 100VLS2RF,1,Goodyear,4,1389,706-440-322,706-440-3226242,,
17,4837,"DENHAM SPRINGS, LA",GOODYEAR TIRE & RUBBER CO,GOODYEAR,980317782,235/40R19X 96V DRIVE,1,Goodyear,1,207.84,413-021-582,413-021-5824837,,
7,8165,"SIOUX FALLS, SD",GOODYEAR TIRE & RUBBER CO,GOODYEAR,980077361,255/55R20 107HSPRTAS,1,Goodyear,2,369.24,109-114-366,109-114-3668165,,
18,6310,"FRIDLEY, MN",GOODYEAR TIRE & RUBBER CO,GOODYEAR,980434379,255/55R20 107V SF HT,1,Goodyear,4,740,269-025-969,269-025-9696310,,
31,6420,"CLEARWATER, FL",GOODYEAR TIRE & RUBBER CO,GOODYEAR,980434351,265/70R17 115T SF HT,1,Goodyear,4,743.32,269-005-969,269-005-9696420,,
38,4729,"STERLING, VA",GOODYEAR TIRE & RUBBER CO,GOODYEAR,980239644,235/65R18 106VMAXLIF,1,Goodyear,4,701.4,110-022-545,110-022-5454729,A,980239645
27,6242,"DUBLIN, OH",GOODYEAR TIRE & RUBBER CO,GOODYEAR,980114255,205/55R16 91H MAXLIF,1,Goodyear,4,521.24,110-952-545,110-952-5456242,A,980116058
21,6489,"CALUMET CITY, IL",GOODYEAR TIRE & RUBBER CO,GOODYEAR,107913,215/70R16 100T ASRAS,1,Goodyear,1,111.29,407-782-374,407-782-3746489,,
6,8270,"LUBBOCK, TX",GOODYEAR TIRE & RUBBER CO,GOODYEAR,980355411,235/70R17X 109TWRKAT,1,Goodyear,1,182.37,480-078-855,480-078-8558270,,
34,6368,"CHESAPEAKE, VA",GOODYEAR TIRE & RUBBER CO,GOODYEAR,335207,245/40R19 94W SPRTAS,1,Goodyear,4,891.24,109-077-366,109-077-3666368,,
35,8218,"FAYETTEVILLE,NC",GOODYEAR TIRE & RUBBER CO,GOODYEAR,980137881,245/60R18 105HMAXLIF,1,Goodyear,4,731.48,110-819-545,110-819-5458218,A,980137878
35,4872,COLUMBIA NE SC,GOODYEAR TIRE & RUBBER CO,GOODYEAR,984188235,275/65R18X 116T WDRT,1,Goodyear,1,249.97,150-031-991,150-031-9914872,,
11,8282,"DALLAS (S), TX",GOODYEAR TIRE & RUBBER CO,GOODYEAR,980114264,235/60R17 102HMAXLIF,1,Goodyear,1,163.96,110-488-545,110-488-5458282,,
28,8203,MARIETTA GA,GOODYEAR TIRE & RUBBER CO,GOODYEAR,692903,195/60R15 88T ASRAS,1,Goodyear,2,168.98,407-740-374,407-740-3748203,,
23,4740,"SOUTHAVEN, MS",GOODYEAR TIRE & RUBBER CO,GOODYEAR,980254975,235/55R20 102V EAGTR,1,Goodyear,2,384.46,102-928-387,102-928-3874740,,
7,6565,"RAPID CITY, SD",GOODYEAR TIRE & RUBBER CO,GOODYEAR,980079706,285/45R22X 114HEAGTR,1,Goodyear,4,806.8,102-863-387,102-863-3876565,,
28,8166,"DULUTH, GA",GOODYEAR TIRE & RUBBER CO,GOODYEAR,125724,235/70R16 106T ASRAS,1,Goodyear,4,488.24,407-866-374,407-866-3748166,,
6,7676,AMARILLO TX,GOODYEAR TIRE & RUBBER CO,GOODYEAR,980114262,235/55R18 100VMAXLIF,1,Goodyear,1,188.19,110-496-545,110-496-5457676,,
1,4799,"CITRUS HEIGHTS, CA",GOODYEAR TIRE & RUBBER CO,GOODYEAR,107948,225/60R18 100H ASRAS,1,Goodyear,4,501.56,407-795-374,407-795-3744799,,
19,4999,"QUINCY, IL",GOODYEAR TIRE & RUBBER CO,GOODYEAR,719323,215/65R17 99T ASRAS,1,Goodyear,1,117.63,407-719-374,407-719-3744999,,
15,8275,"BEAUMONT, TX",GOODYEAR TIRE & RUBBER CO,GOODYEAR,980434377,265/65R17 112T SF HT,1,Goodyear,4,797.32,269-022-969,269-022-9698275,,
27,6242,"DUBLIN, OH",GOODYEAR TIRE & RUBBER CO,GOODYEAR,980137898,235/45R18X 98V EAGTR,1,Goodyear,5,679.1,102-964-559,102-964-5596242,,
1,6405,"YUBA CITY, CA",GOODYEAR TIRE & RUBBER CO,GOODYEAR,289981,185/55R15 82T INTE,1,Goodyear,1,125.83,402-602-047,402-602-0476405,,
38,6434,"LAUREL, MD",GOODYEAR TIRE & RUBBER CO,GOODYEAR,365923,245/50R18 100VSPRTAS,1,Goodyear,4,810.68,109-089-366,109-089-3666434,,
35,4872,COLUMBIA NE SC,GOODYEAR TIRE & RUBBER CO,GOODYEAR,433631,255/35R18X 94WSPRTAS,1,Goodyear,2,404.5,109-080-366,109-080-3664872,,
7,8165,"SIOUX FALLS, SD",GOODYEAR TIRE & RUBBER CO,GOODYEAR,984207897,255/45R19X 104W EDV2,1,Goodyear,4,1004.6,483-159-681,483-159-6818165,,
12,8227,"SAN ANTONIO (NW), TX",GOODYEAR TIRE & RUBBER CO,GOODYEAR,314672,255/40R18X 99WSPRTAS,1,Goodyear,1,191.85,109-072-366,109-072-3668227,,
10,8263,"TULSA, OK",GOODYEAR TIRE & RUBBER CO,GOODYEAR,335214,215/45R18X 93WSPRTAS,1,Goodyear,4,615.4,109-065-366,109-065-3668263,,
34,6524,"COLONIAL HEIGHTS, VA",GOODYEAR TIRE & RUBBER CO,GOODYEAR,881133,185/65R15 88T ASRAS,1,Goodyear,4,336.6,407-259-374,407-259-3746524,,
6,8280,EL PASO TX,GOODYEAR TIRE & RUBBER CO,GOODYEAR,980346637,275/55R20 113T WRKAT,1,Goodyear,4,832.44,480-065-855,480-065-8558280,,
2,4822,"MURRIETA, CA",GOODYEAR TIRE & RUBBER CO,GOODYEAR,980346635,265/65R17 112T WRKAT,1,Goodyear,4,723.08,480-061-856,480-061-8564822,,
7,8172,"FARGO, ND",GOODYEAR TIRE & RUBBER CO,GOODYEAR,729100,205/50R16 87H ASRAS,1,Goodyear,1,100.31,407-788-374,407-788-3748172,,
39,6536,"WHITEHALL, PA",GOODYEAR TIRE & RUBBER CO,GOODYEAR,980346629,LT245/75R16E WRKAT,1,Goodyear,4,712.84,481-103-855,481-103-8556536,,
31,6387,PINELLAS PARK FL,GOODYEAR TIRE & RUBBER CO,GOODYEAR,980317784,215/50R17X 95V DRIVE,1,Goodyear,1,173.37,413-941-582,413-941-5826387,,
15,6867,HOUSTON CINCO TX,GOODYEAR TIRE & RUBBER CO,GOODYEAR,692878,215/65R16 98T ASRAS,1,Goodyear,4,405.32,407-016-374,407-016-3746867,,
17,6527,"BATON ROUGE, LA",GOODYEAR TIRE & RUBBER CO,GOODYEAR,980124567,P215/55R18 94HMAXLIF,1,Goodyear,1,166.44,110-939-545,110-939-5456527,,
29,8115,"AUGUSTA, GA",GOODYEAR TIRE & RUBBER CO,GOODYEAR,980317779,245/50R20 102V DRIVE,1,Goodyear,1,220.08,413-927-582,413-927-5828115,,
31,6387,PINELLAS PARK FL,GOODYEAR TIRE & RUBBER CO,GOODYEAR,980239409,235/60R18 103H ASRAS,1,Goodyear,1,166.65,407-815-374,407-815-3746387,,
25,4944,"GRAND BLANC, MI",GOODYEAR TIRE & RUBBER CO,GOODYEAR,720864,225/65R16 100T ASRAS,1,Goodyear,4,456.84,407-786-374,407-786-3744944,,
17,6527,"BATON ROUGE, LA",GOODYEAR TIRE & RUBBER CO,GOODYEAR,980087408,235/55R19 101H ASRAS,1,Goodyear,1,179.35,407-924-374,407-924-3746527,,
40,6423,"MIDDLETOWN, NY",GOODYEAR TIRE & RUBBER CO,GOODYEAR,980137892,235/55R20 102VMAXLIF,1,Goodyear,8,1500.8,110-928-545,110-928-5456423,,
6,6246,EL PASO TX,GOODYEAR TIRE & RUBBER CO,GOODYEAR,433640,235/40R18X 95WSPRTAS,1,Goodyear,6,988.86,109-063-366,109-063-3666246,,
29,6363,"JACKSONVILLE (W), FL",GOODYEAR TIRE & RUBBER CO,GOODYEAR,980137895,245/50R20 102VMAXLIF,1,Goodyear,4,830.24,110-927-545,110-927-5456363,A,980197524
32,6341,"SUNRISE, FL",GOODYEAR TIRE & RUBBER CO,GOODYEAR,980317789,245/45R18X 100V DRIV,1,Goodyear,4,945.08,413-010-582,413-010-5826341,,
14,4906,"MCKINNEY, TX",GOODYEAR TIRE & RUBBER CO,GOODYEAR,598226,225/50R17 94V ASRAS,1,Goodyear,1,132.38,407-372-374,407-372-3744906,,
18,4738,"EAGAN, MN",GOODYEAR TIRE & RUBBER CO,GOODYEAR,980114275,225/60R17 99H MAXLIF,1,Goodyear,4,659,110-979-545,110-979-5454738,A,980116260
20,6358,"NORTHLAKE, IL",GOODYEAR TIRE & RUBBER CO,GOODYEAR,980124565,225/60R18 100HMAXLIF,1,Goodyear,4,646.36,110-363-545,110-363-5456358,A,980184585
21,8128,"PEORIA, IL",GOODYEAR TIRE & RUBBER CO,GOODYEAR,107989,225/55R17 97T ASRAS,1,Goodyear,4,518,407-726-374,407-726-3748128,,
32,6341,"SUNRISE, FL",GOODYEAR TIRE & RUBBER CO,GOODYEAR,984217717,265/50R20X 111V WRY2,1,Goodyear,1,234.39,767-121-673,767-121-6736341,,
22,8111,"JEFFERSONTOWN, KY",GOODYEAR TIRE & RUBBER CO,GOODYEAR,676015,P275/60R20 114S SRA,1,Goodyear,4,803.32,183-934-492,183-934-4928111,,
17,6503,"HATTIESBURG, MS",GOODYEAR TIRE & RUBBER CO,GOODYEAR,980419005,LT235/80R17E WRKHT,1,Goodyear,1,196.97,131-635-875,131-635-8756503,,
23,4740,"SOUTHAVEN, MS",GOODYEAR TIRE & RUBBER CO,GOODYEAR,980114255,205/55R16 91H MAXLIF,1,Goodyear,3,390.93,110-952-545,110-952-5454740,A,980116058
26,4778,"AUBURN HILLS,MI",GOODYEAR TIRE & RUBBER CO,GOODYEAR,980124559,275/65R18 116T FRTHT,1,Goodyear,4,852.68,157-066-708,157-066-7084778,,
11,8226,"ABILENE, TX",GOODYEAR TIRE & RUBBER CO,GOODYEAR,238467,P225/75R16 104S W ST,1,Goodyear,4,550.16,773-017-415,773-017-4158226,,
27,6242,"DUBLIN, OH",GOODYEAR TIRE & RUBBER CO,GOODYEAR,108655,205/70R15 96T ASRAS,1,Goodyear,5,433.5,407-785-374,407-785-3746242,,
33,6314,"ELYRIA, OH",GOODYEAR TIRE & RUBBER CO,GOODYEAR,692896,215/55R16 93H ASRAS,1,Goodyear,8,881.84,407-525-374,407-525-3746314,,
17,4837,"DENHAM SPRINGS, LA",GOODYEAR TIRE & RUBBER CO,GOODYEAR,314679,225/45R17X 94WSPRTAS,1,Goodyear,4,495.76,109-044-366,109-044-3664837,,
7,4933,"BISMARCK, ND",GOODYEAR TIRE & RUBBER CO,GOODYEAR,980346639,LT265/75R16E WRKAT,1,Goodyear,4,713.96,481-746-856,481-746-8564933,,
17,8181,"ALEXANDRIA, LA",GOODYEAR TIRE & RUBBER CO,GOODYEAR,980137881,245/60R18 105HMAXLIF,1,Goodyear,4,731.48,110-819-545,110-819-5458181,A,980137878
38,4729,"STERLING, VA",GOODYEAR TIRE & RUBBER CO,GOODYEAR,200699,P195/65R15 89S LS2,1,Goodyear,2,198.58,706-648-163,706-648-1634729,,
23,4740,"SOUTHAVEN, MS",GOODYEAR TIRE & RUBBER CO,GOODYEAR,980211288,235/45R18 94V ASRAS,1,Goodyear,6,931.74,407-991-374,407-991-3744740,,
26,6666,"CANTON, MI",GOODYEAR TIRE & RUBBER CO,GOODYEAR,433604,225/65R17 102H CSMAX,1,Goodyear,1,172.22,755-667-383,755-667-3836666,,
13,6245,Harker Heights TX,GOODYEAR TIRE & RUBBER CO,GOODYEAR,980087408,235/55R19 101H ASRAS,1,Goodyear,4,665.72,407-924-374,407-924-3746245,,
31,8155,"GAINESVILLE, FL",GOODYEAR TIRE & RUBBER CO,GOODYEAR,980239644,235/65R18 106VMAXLIF,1,Goodyear,1,175.35,110-022-545,110-022-5458155,A,980239645
13,6245,Harker Heights TX,GOODYEAR TIRE & RUBBER CO,GOODYEAR,433604,225/65R17 102H CSMAX,1,Goodyear,4,688.88,755-667-383,755-667-3836245,,
22,4728,NICHOLASVILLE KY,GOODYEAR TIRE & RUBBER CO,GOODYEAR,335274,235/50R17 96W SPRTAS,1,Goodyear,4,599.12,109-064-366,109-064-3664728,,
7,8172,"FARGO, ND",GOODYEAR TIRE & RUBBER CO,GOODYEAR,290135,245/55R18 103V RSAP,1,Goodyear,2,415.42,732-026-500,732-026-5008172,,
18,6309,"WHITE BEAR LAKE, MN",GOODYEAR TIRE & RUBBER CO,GOODYEAR,980114259,225/55R17 97V MAXLIF,1,Goodyear,4,637.24,110-502-545,110-502-5456309,,
5,6634,"LONE TREE, CO",GOODYEAR TIRE & RUBBER CO,GOODYEAR,980361365,225/75R16 104S WRKAT,1,Goodyear,2,274.1,480-129-856,480-129-8566634,,
28,6409,"TUCKER, GA",GOODYEAR TIRE & RUBBER CO,GOODYEAR,980418983,275/55R20 113T WRKHT,1,Goodyear,4,771.48,116-008-651,116-008-6516409,A,980418982
28,4739,"SNELLVILLE, GA",GOODYEAR TIRE & RUBBER CO,GOODYEAR,980077360,245/50R20 102VSPRTAS,1,Goodyear,4,760.96,109-111-366,109-111-3664739,,
1,4767,"PALMDALE, CA",GOODYEAR TIRE & RUBBER CO,GOODYEAR,980418996,265/65R17 112T WRKHT,1,Goodyear,2,346.78,116-079-652,116-079-6524767,,
9,8254,"WICHITA, KS",GOODYEAR TIRE & RUBBER CO,GOODYEAR,980137894,235/40R19X 96VMAXLIF,1,Goodyear,3,584.07,110-918-545,110-918-5458254,A,980301303
29,8192,"DOTHAN, AL",GOODYEAR TIRE & RUBBER CO,GOODYEAR,200787,P205/55R16 89H RSA,1,Goodyear,4,446.16,732-674-500,732-674-5008192,,
38,6357,"ANNAPOLIS, MD",GOODYEAR TIRE & RUBBER CO,GOODYEAR,980317775,235/55R18 100V DRIVE,1,Goodyear,1,193.51,413-496-582,413-496-5826357,,
17,6527,"BATON ROUGE, LA",GOODYEAR TIRE & RUBBER CO,GOODYEAR,980137886,225/45R18 91V MAXLIF,1,Goodyear,5,813.2,110-938-545,110-938-5456527,A,980197520
31,8201,"BRADENTON, FL",GOODYEAR TIRE & RUBBER CO,GOODYEAR,107913,215/70R16 100T ASRAS,1,Goodyear,4,445.16,407-782-374,407-782-3748201,,
39,4722,"WILLIAMSTOWN, NJ",GOODYEAR TIRE & RUBBER CO,GOODYEAR,314672,255/40R18X 99WSPRTAS,1,Goodyear,2,383.7,109-072-366,109-072-3664722,,
8,6432,"SIOUX CITY,IA",GOODYEAR TIRE & RUBBER CO,GOODYEAR,980293879,215/65R17X 103T CMUL,1,Goodyear,4,483.96,781-021-579,781-021-5796432,,
12,6262,"SAN ANTONIO (NNW), TX",GOODYEAR TIRE & RUBBER CO,GOODYEAR,980419009,285/45R22X114H WRKHT,1,Goodyear,4,891.32,116-074-632,116-074-6326262,,
24,8236,"GULFPORT, MS",GOODYEAR TIRE & RUBBER CO,GOODYEAR,107934,225/70R16 103T ASRAS,1,Goodyear,1,111.65,407-378-374,407-378-3748236,,
23,4740,"SOUTHAVEN, MS",GOODYEAR TIRE & RUBBER CO,GOODYEAR,980137893,255/55R20 107HMAXLIF,1,Goodyear,2,426.76,110-929-545,110-929-5454740,,
11,6244,"FORT WORTH, TX",GOODYEAR TIRE & RUBBER CO,GOODYEAR,980346633,265/65R18 114T WRKAT,1,Goodyear,4,838.6,480-068-856,480-068-8566244,,
21,6485,"TINLEY PARK, IL",GOODYEAR TIRE & RUBBER CO,GOODYEAR,980321131,235/60R18 103V DRIVE,1,Goodyear,1,199.86,413-006-582,413-006-5826485,,
20,6444,"EVANSTON, IL",GOODYEAR TIRE & RUBBER CO,GOODYEAR,980421311,245/65R17 107T WRKHT,1,Goodyear,4,662.12,116-081-632,116-081-6326444,,
33,6314,"ELYRIA, OH",GOODYEAR TIRE & RUBBER CO,GOODYEAR,941314,235/60R17 102T ASRAS,1,Goodyear,3,388.35,407-323-374,407-323-3746314,,
18,4738,"EAGAN, MN",GOODYEAR TIRE & RUBBER CO,GOODYEAR,980124564,235/50R19 99V MAXLIF,1,Goodyear,8,1564.08,110-933-545,110-933-5454738,A,980301305
23,4740,"SOUTHAVEN, MS",GOODYEAR TIRE & RUBBER CO,GOODYEAR,980137898,235/45R18X 98V EAGTR,1,Goodyear,4,539.52,102-964-559,102-964-5594740,,
23,6256,"MEMPHIS (S), TN",GOODYEAR TIRE & RUBBER CO,GOODYEAR,980137881,245/60R18 105HMAXLIF,1,Goodyear,2,365.74,110-819-545,110-819-5456256,A,980137878
21,6334,"DECATUR, IL",GOODYEAR TIRE & RUBBER CO,GOODYEAR,980346636,265/70R17 115T WRKAT,1,Goodyear,1,177.67,480-042-856,480-042-8566334,,
13,4713,"SHENANDOAH, TX",GOODYEAR TIRE & RUBBER CO,GOODYEAR,980417299,285/35ZR20X 104YEXHL,1,Goodyear,2,450.84,104-055-568,104-055-5684713,,
23,4740,"SOUTHAVEN, MS",GOODYEAR TIRE & RUBBER CO,GOODYEAR,158870,275/60R20 115T ADVEN,1,Goodyear,4,1045.64,758-073-571,758-073-5714740,,
23,8292,"MEMPHIS (E), TN",GOODYEAR TIRE & RUBBER CO,GOODYEAR,108000,235/55R17 99T ASRAS,1,Goodyear,2,254.44,407-599-374,407-599-3748292,,
7,8165,"SIOUX FALLS, SD",GOODYEAR TIRE & RUBBER CO,GOODYEAR,980114275,225/60R17 99H MAXLIF,1,Goodyear,3,494.25,110-979-545,110-979-5458165,A,980116260
7,8172,"FARGO, ND",GOODYEAR TIRE & RUBBER CO,GOODYEAR,984188288,235/65R18 106V CMUL,1,Goodyear,4,700.16,781-066-579,781-066-5798172,,
31,6403,"BRANDON, FL",GOODYEAR TIRE & RUBBER CO,GOODYEAR,980419010,245/75R16 111T WRKHT,1,Goodyear,1,139.96,116-084-652,116-084-6526403,A,984223137
15,4769,"HOUSTON(WESTPARK), TX",GOODYEAR TIRE & RUBBER CO,GOODYEAR,980114276,225/65R17 102HMAXLIF,1,Goodyear,4,613.52,110-981-545,110-981-5454769,A,980116049
28,6409,"TUCKER, GA",GOODYEAR TIRE & RUBBER CO,GOODYEAR,980288552,235/75R15 105S TLRNR,1,Goodyear,4,435.24,741-126-681,741-126-6816409,,
30,6540,"CHARLOTTE, NC",GOODYEAR TIRE & RUBBER CO,GOODYEAR,980114255,205/55R16 91H MAXLIF,1,Goodyear,4,521.24,110-952-545,110-952-5456540,A,980116058
11,8282,"DALLAS (S), TX",GOODYEAR TIRE & RUBBER CO,GOODYEAR,980114261,225/60R16 98H MAXLIF,1,Goodyear,3,385.05,110-407-545,110-407-5458282,,
9,8176,"TOPEKA, KS",GOODYEAR TIRE & RUBBER CO,GOODYEAR,980087409,205/50R17 89V ASRAS,1,Goodyear,1,135.7,407-582-374,407-582-3748176,,
27,6518,"BRISTOL,VA",GOODYEAR TIRE & RUBBER CO,GOODYEAR,984217692,225/60R17 99V WRY2,1,Goodyear,4,623.96,767-087-673,767-087-6736518,,
27,6307,"COLUMBUS(N),OH",GOODYEAR TIRE & RUBBER CO,GOODYEAR,980114258,215/55R17 94V MAXLIF,1,Goodyear,8,1206.24,110-340-545,110-340-5456307,A,980116054
39,6536,"WHITEHALL, PA",GOODYEAR TIRE & RUBBER CO,GOODYEAR,980361357,245/70R16 107T WRKAT,1,Goodyear,1,163.11,480-762-856,480-762-8566536,,
40,6581,"SCRANTON, PA",GOODYEAR TIRE & RUBBER CO,GOODYEAR,980114273,215/60R16 95V MAXLIF,1,Goodyear,1,128.52,110-571-545,110-571-5456581,A,980116056
7,8172,"FARGO, ND",GOODYEAR TIRE & RUBBER CO,GOODYEAR,980114277,215/70R16 100HMAXLIF,1,Goodyear,4,626.52,110-954-545,110-954-5458172,,
4,4829,GILBERT (E) AZ,GOODYEAR TIRE & RUBBER CO,GOODYEAR,980124559,275/65R18 116T FRTHT,1,Goodyear,4,861.04,157-066-708,157-066-7084829,,
24,8236,"GULFPORT, MS",GOODYEAR TIRE & RUBBER CO,GOODYEAR,158891,LT245/75R16E ADVEN,1,Goodyear,4,845.8,748-103-572,748-103-5728236,,
27,6572,"KNOXVILLE, TN",GOODYEAR TIRE & RUBBER CO,GOODYEAR,980417295,255/45ZR20X 105WEXHL,1,Goodyear,1,201.59,104-048-568,104-048-5686572,,
13,8245,"HOUSTON (N), TX",GOODYEAR TIRE & RUBBER CO,GOODYEAR,598226,225/50R17 94V ASRAS,1,Goodyear,4,520.16,407-372-374,407-372-3748245,,
38,6653,"GAITHERSBURG, MD",GOODYEAR TIRE & RUBBER CO,GOODYEAR,692896,215/55R16 93H ASRAS,1,Goodyear,1,110.23,407-525-374,407-525-3746653,,
31,6387,PINELLAS PARK FL,GOODYEAR TIRE & RUBBER CO,GOODYEAR,127308,265/60R18 110T ADVEN,1,Goodyear,4,770.8,758-076-571,758-076-5716387,,
32,6341,"SUNRISE, FL",GOODYEAR TIRE & RUBBER CO,GOODYEAR,980417303,275/40ZR19 101Y EXHL,1,Goodyear,1,235.41,104-049-568,104-049-5686341,,
15,4712,"HOUSTON(MEM), TX",GOODYEAR TIRE & RUBBER CO,GOODYEAR,980239410,245/60R18 105H ASRAS,1,Goodyear,1,171.6,407-819-374,407-819-3744712,,
10,8241,"MIDWEST CITY, OK",GOODYEAR TIRE & RUBBER CO,GOODYEAR,314672,255/40R18X 99WSPRTAS,1,Goodyear,5,800.45,109-072-366,109-072-3668241,,
17,8221,"HARVEY, LA",GOODYEAR TIRE & RUBBER CO,GOODYEAR,980137895,245/50R20 102VMAXLIF,1,Goodyear,8,1660.48,110-927-545,110-927-5458221,,
17,8221,"HARVEY, LA",GOODYEAR TIRE & RUBBER CO,GOODYEAR,720864,225/65R16 100T ASRAS,1,Goodyear,8,907.12,407-786-374,407-786-3748221,,
18,4738,"EAGAN, MN",GOODYEAR TIRE & RUBBER CO,GOODYEAR,692903,195/60R15 88T ASRAS,1,Goodyear,4,337.96,407-740-374,407-740-3744738,,
28,8166,"DULUTH, GA",GOODYEAR TIRE & RUBBER CO,GOODYEAR,720864,225/65R16 100T ASRAS,1,Goodyear,2,226.78,407-786-374,407-786-3748166,,
6,8153,"EL PASO, TX",GOODYEAR TIRE & RUBBER CO,GOODYEAR,980114255,205/55R16 91H MAXLIF,1,Goodyear,4,521.24,110-952-545,110-952-5458153,A,980116058
29,8202,"SAVANNAH, GA",GOODYEAR TIRE & RUBBER CO,GOODYEAR,980079704,235/40R19X 96V EAGTR,1,Goodyear,4,773.52,102-918-387,102-918-3878202,,
7,8165,"SIOUX FALLS, SD",GOODYEAR TIRE & RUBBER CO,GOODYEAR,980137891,235/55R19 101VMAXLIF,1,Goodyear,1,203.58,110-883-545,110-883-5458165,A,980184500
35,4831,"DURHAM (S), NC",GOODYEAR TIRE & RUBBER CO,GOODYEAR,980114258,215/55R17 94V MAXLIF,1,Goodyear,1,153.2,110-340-545,110-340-5454831,A,980116054
16,4969,"BENTONVILLE, AR",GOODYEAR TIRE & RUBBER CO,GOODYEAR,315497,245/40R18 93W SPRTAS,1,Goodyear,1,172.57,109-057-366,109-057-3664969,,
14,4783,"GARLAND, TX",GOODYEAR TIRE & RUBBER CO,GOODYEAR,980239411,235/65R18 106H ASRAS,1,Goodyear,1,159.57,407-885-374,407-885-3744783,,
31,6387,PINELLAS PARK FL,GOODYEAR TIRE & RUBBER CO,GOODYEAR,980417314,C235/65R16E WRKAT,1,Goodyear,4,696.16,481-195-855,481-195-8556387,,
2,6619,"ONTARIO, CA",GOODYEAR TIRE & RUBBER CO,GOODYEAR,720856,215/55R17 94H ASRAS,1,Goodyear,4,490.28,407-213-374,407-213-3746619,,
1,4799,"CITRUS HEIGHTS, CA",GOODYEAR TIRE & RUBBER CO,GOODYEAR,676057,265/50R20 107T F HL,1,Goodyear,1,204.26,151-093-203,151-093-2034799,,
37,6366,"VESTAL, NY",GOODYEAR TIRE & RUBBER CO,GOODYEAR,692931,195/65R15 91T ASRAS,1,Goodyear,1,86.92,407-477-374,407-477-3746366,,
14,6422,"LONGVIEW, TX",GOODYEAR TIRE & RUBBER CO,GOODYEAR,158912,LT275/65R20E ADVEN,1,Goodyear,2,732.02,748-303-572,748-303-5726422,,
31,6441,"LAKELAND (N),FL",GOODYEAR TIRE & RUBBER CO,GOODYEAR,720885,225/60R17 99T ASRAS,1,Goodyear,1,120.3,407-723-374,407-723-3746441,,
31,4852,"WESLEY CHAPEL, FL",GOODYEAR TIRE & RUBBER CO,GOODYEAR,980319111,255/55R20 107H DRIVE,1,Goodyear,2,476.68,413-929-582,413-929-5824852,,
27,6242,"DUBLIN, OH",GOODYEAR TIRE & RUBBER CO,GOODYEAR,980417295,255/45ZR20X 105WEXHL,1,Goodyear,4,806.36,104-048-568,104-048-5686242,,
29,6204,"VALDOSTA, GA",GOODYEAR TIRE & RUBBER CO,GOODYEAR,980119826,235/55R17 99H MAXLIF,1,Goodyear,1,168.36,110-319-545,110-319-5456204,,
19,4878,GLEN CARBON IL,GOODYEAR TIRE & RUBBER CO,GOODYEAR,980114276,225/65R17 102HMAXLIF,1,Goodyear,2,306.76,110-981-545,110-981-5454878,A,980116049
25,6562,"MUSKEGON, MI",GOODYEAR TIRE & RUBBER CO,GOODYEAR,980137890,265/60R18 110HMAXLIF,1,Goodyear,4,775.44,110-957-545,110-957-5456562,,
7,8172,"FARGO, ND",GOODYEAR TIRE & RUBBER CO,GOODYEAR,669315,P265/70R17 113R SRA,1,Goodyear,2,331.18,183-106-436,183-106-4368172,,
19,8251,"SAINT CHARLES, MO",GOODYEAR TIRE & RUBBER CO,GOODYEAR,676015,P275/60R20 114S SRA,1,Goodyear,4,654.4,183-934-492,183-934-4928251,,
33,4952,"TARENTUM, PA",GOODYEAR TIRE & RUBBER CO,GOODYEAR,980417313,275/65R18 116T WRKAT,1,Goodyear,4,878.92,480-066-856,480-066-8564952,,
19,4999,"QUINCY, IL",GOODYEAR TIRE & RUBBER CO,GOODYEAR,881126,185/65R14 86T ASRAS,1,Goodyear,1,80.34,407-106-374,407-106-3744999,,
11,8269,"GRAND PRAIRIE, TX",GOODYEAR TIRE & RUBBER CO,GOODYEAR,610780,265/60R18 110T FRTHT,1,Goodyear,1,178.14,157-076-622,157-076-6228269,A,795204
29,4820,"POOLER, GA",GOODYEAR TIRE & RUBBER CO,GOODYEAR,980137882,225/55R19 99V MAXLIF,1,Goodyear,2,401.54,110-930-545,110-930-5454820,,
14,6422,"LONGVIEW, TX",GOODYEAR TIRE & RUBBER CO,GOODYEAR,980137894,235/40R19X 96VMAXLIF,1,Goodyear,2,386.04,110-918-545,110-918-5456422,A,980301303
31,6387,PINELLAS PARK FL,GOODYEAR TIRE & RUBBER CO,GOODYEAR,980137892,235/55R20 102VMAXLIF,1,Goodyear,7,1313.2,110-928-545,110-928-5456387,A,980197521
28,4739,"SNELLVILLE, GA",GOODYEAR TIRE & RUBBER CO,GOODYEAR,692878,215/65R16 98T ASRAS,1,Goodyear,1,103.69,407-016-374,407-016-3744739,,
29,8115,"AUGUSTA, GA",GOODYEAR TIRE & RUBBER CO,GOODYEAR,980355407,LT275/65R18E WRKAT,1,Goodyear,1,248.28,481-965-856,481-965-8568115,,
10,8224,"WICHITA FALLS, TX",GOODYEAR TIRE & RUBBER CO,GOODYEAR,889783,P275/55R20 111S LS2,1,Goodyear,1,181.15,706-069-165,706-069-1658224,,
33,4936,"GRANVILLE, WV",GOODYEAR TIRE & RUBBER CO,GOODYEAR,980114261,225/60R16 98H MAXLIF,1,Goodyear,3,385.05,110-407-545,110-407-5454936,,
25,6562,"MUSKEGON, MI",GOODYEAR TIRE & RUBBER CO,GOODYEAR,995732,P255/60R19 108H RSA,1,Goodyear,4,797.36,732-587-500,732-587-5006562,,
24,6435,"TUSCALOOSA, AL",GOODYEAR TIRE & RUBBER CO,GOODYEAR,980317782,235/40R19X 96V DRIVE,1,Goodyear,5,1013.75,413-021-582,413-021-5826435,,
27,6242,"DUBLIN, OH",GOODYEAR TIRE & RUBBER CO,GOODYEAR,980114267,235/65R17 104HMAXLIF,1,Goodyear,11,1810.82,110-188-545,110-188-5456242,A,980116052
10,7189,OKLAHOMA CITY PENN SQ OK,GOODYEAR TIRE & RUBBER CO,GOODYEAR,980351482,LT215/85R16E WRKAT,1,Goodyear,4,711.52,481-233-855,481-233-8557189,,
32,8173,"MIRAMAR, FL",GOODYEAR TIRE & RUBBER CO,GOODYEAR,980114257,205/60R16 92V MAXLIF,1,Goodyear,4,513.24,110-953-545,110-953-5458173,,
34,6351,"NEWPORT NEWS, VA",GOODYEAR TIRE & RUBBER CO,GOODYEAR,980239411,235/65R18 106H ASRAS,1,Goodyear,2,319.14,407-885-374,407-885-3746351,,
4,6205,"YUMA, AZ",GOODYEAR TIRE & RUBBER CO,GOODYEAR,980239409,235/60R18 103H ASRAS,1,Goodyear,4,666.6,407-815-374,407-815-3746205,,
31,4998,"THE VILLAGES, FL",GOODYEAR TIRE & RUBBER CO,GOODYEAR,980239412,245/55R19 103V ASRAS,1,Goodyear,4,722.16,407-971-374,407-971-3744998,,
19,6479,"CAPE GIRARDEAU, MO",GOODYEAR TIRE & RUBBER CO,GOODYEAR,980418983,275/55R20 113T WRKHT,1,Goodyear,4,771.48,116-008-651,116-008-6516479,A,980418982
4,4829,GILBERT (E) AZ,GOODYEAR TIRE & RUBBER CO,GOODYEAR,164603,235/45R19 95H LS2 RF,1,Goodyear,1,344.64,706-377-308,706-377-3084829,,
11,8269,"GRAND PRAIRIE, TX",GOODYEAR TIRE & RUBBER CO,GOODYEAR,980114275,225/60R17 99H MAXLIF,1,Goodyear,4,659,110-979-545,110-979-5458269,,
17,6527,"BATON ROUGE, LA",GOODYEAR TIRE & RUBBER CO,GOODYEAR,610816,225/55R18 98V SPRTAS,1,Goodyear,4,652.48,109-086-382,109-086-3826527,,
35,6570,"RALEIGH, NC",GOODYEAR TIRE & RUBBER CO,GOODYEAR,980317784,215/50R17X 95V DRIVE,1,Goodyear,1,173.37,413-941-582,413-941-5826570,,
13,8259,"AUSTIN, TX",GOODYEAR TIRE & RUBBER CO,GOODYEAR,980114254,195/65R15 91H MAXLIF,1,Goodyear,1,112.65,110-489-545,110-489-5458259,A,980184501
17,4837,"DENHAM SPRINGS, LA",GOODYEAR TIRE & RUBBER CO,GOODYEAR,125594,225/55R18 98H ASRAS,1,Goodyear,2,281.34,407-867-374,407-867-3744837,,
6,7676,AMARILLO TX,GOODYEAR TIRE & RUBBER CO,GOODYEAR,980114276,225/65R17 102HMAXLIF,1,Goodyear,3,460.14,110-981-545,110-981-5457676,A,980116049
35,8218,"FAYETTEVILLE,NC",GOODYEAR TIRE & RUBBER CO,GOODYEAR,980317784,215/50R17X 95V DRIVE,1,Goodyear,1,173.37,413-941-582,413-941-5828218,,
32,6341,"SUNRISE, FL",GOODYEAR TIRE & RUBBER CO,GOODYEAR,980114277,215/70R16 100HMAXLIF,1,Goodyear,4,626.52,110-954-545,110-954-5456341,,
22,4728,NICHOLASVILLE KY,GOODYEAR TIRE & RUBBER CO,GOODYEAR,980319113,255/50R19X 107V DRIV,1,Goodyear,4,926.6,413-031-582,413-031-5824728,,
34,6524,"COLONIAL HEIGHTS, VA",GOODYEAR TIRE & RUBBER CO,GOODYEAR,692896,215/55R16 93H ASRAS,1,Goodyear,1,111.02,407-525-374,407-525-3746524,,
14,6255,"PLANO(N),TX",GOODYEAR TIRE & RUBBER CO,GOODYEAR,984207896,255/45R20X 105V EDV2,1,Goodyear,2,475.78,483-101-681,483-101-6816255,,
2,6626,"SOUTHGATE, CA",GOODYEAR TIRE & RUBBER CO,GOODYEAR,980346644,255/70R16 111S WRKAT,1,Goodyear,4,663.08,480-127-856,480-127-8566626,,
31,4772,"SARASOTA, FL",GOODYEAR TIRE & RUBBER CO,GOODYEAR,107948,225/60R18 100H ASRAS,1,Goodyear,4,511.92,407-795-374,407-795-3744772,,
17,6527,"BATON ROUGE, LA",GOODYEAR TIRE & RUBBER CO,GOODYEAR,610808,215/50R17 91V ASRAS,1,Goodyear,1,127.1,407-790-374,407-790-3746527,,
31,6441,"LAKELAND (N),FL",GOODYEAR TIRE & RUBBER CO,GOODYEAR,107948,225/60R18 100H ASRAS,1,Goodyear,4,511.92,407-795-374,407-795-3746441,,
1,4768,"RENO, NV",GOODYEAR TIRE & RUBBER CO,GOODYEAR,980114276,225/65R17 102HMAXLIF,1,Goodyear,1,153.38,110-981-545,110-981-5454768,A,980116049
27,6242,"DUBLIN, OH",GOODYEAR TIRE & RUBBER CO,GOODYEAR,140297,245/75R17 112T ADVEN,1,Goodyear,1,184.18,758-177-707,758-177-7076242,,
37,6366,"VESTAL, NY",GOODYEAR TIRE & RUBBER CO,GOODYEAR,980421314,235/65R17 104T WRKHT,1,Goodyear,4,637.28,116-083-632,116-083-6326366,,
29,8192,"DOTHAN, AL",GOODYEAR TIRE & RUBBER CO,GOODYEAR,980137895,245/50R20 102VMAXLIF,1,Goodyear,8,1660.48,110-927-545,110-927-5458192,A,980197524
22,4728,NICHOLASVILLE KY,GOODYEAR TIRE & RUBBER CO,GOODYEAR,980077359,255/60R19 109HSPRTAS,1,Goodyear,4,730.16,109-110-366,109-110-3664728,,
23,4740,"SOUTHAVEN, MS",GOODYEAR TIRE & RUBBER CO,GOODYEAR,335200,225/40R18X 92WSPRTAS,1,Goodyear,1,138.29,109-055-366,109-055-3664740,,
39,6670,"DEPTFORD, NJ",GOODYEAR TIRE & RUBBER CO,GOODYEAR,980239411,235/65R18 106H ASRAS,1,Goodyear,1,159.57,407-885-374,407-885-3746670,,
7,8172,"FARGO, ND",GOODYEAR TIRE & RUBBER CO,GOODYEAR,980418991,255/65R18 111T WRKHT,1,Goodyear,4,708,116-003-632,116-003-6328172,,
29,6204,"VALDOSTA, GA",GOODYEAR TIRE & RUBBER CO,GOODYEAR,980137890,265/60R18 110HMAXLIF,1,Goodyear,2,387.72,110-957-545,110-957-5456204,,
5,8272,"COLORADO SPRINGS, CO",GOODYEAR TIRE & RUBBER CO,GOODYEAR,108038,205/65R15 94T ASRAS,1,Goodyear,1,91.29,407-478-374,407-478-3748272,,
23,6256,"MEMPHIS (S), TN",GOODYEAR TIRE & RUBBER CO,GOODYEAR,980317780,235/55R19 101V DRIVE,1,Goodyear,4,809.68,413-965-582,413-965-5826256,,
35,4831,"DURHAM (S), NC",GOODYEAR TIRE & RUBBER CO,GOODYEAR,980418985,275/65R18 116T WRKHT,1,Goodyear,2,388.86,116-009-652,116-009-6524831,A,980418984
35,6573,Jacksonville NC,GOODYEAR TIRE & RUBBER CO,GOODYEAR,980119826,235/55R17 99H MAXLIF,1,Goodyear,2,336.72,110-319-545,110-319-5456573,A,980119825
21,4815,"NORMAL, IL",GOODYEAR TIRE & RUBBER CO,GOODYEAR,980137898,235/45R18X 98V EAGTR,1,Goodyear,2,269.52,102-964-559,102-964-5594815,,
5,6634,"LONE TREE, CO",GOODYEAR TIRE & RUBBER CO,GOODYEAR,980346642,LT225/75R16E WRKAT,1,Goodyear,4,588,481-748-855,481-748-8556634,,
34,6365,"CHARLOTTESVILLE, VA",GOODYEAR TIRE & RUBBER CO,GOODYEAR,598226,225/50R17 94V ASRAS,1,Goodyear,4,520.16,407-372-374,407-372-3746365,,
8,6432,"SIOUX CITY,IA",GOODYEAR TIRE & RUBBER CO,GOODYEAR,984188290,245/55R19 103V CMUL,1,Goodyear,1,189.22,781-071-579,781-071-5796432,,
38,6653,"GAITHERSBURG, MD",GOODYEAR TIRE & RUBBER CO,GOODYEAR,980239391,225/45R18 91V ASRAS,1,Goodyear,4,551.16,407-938-374,407-938-3746653,,
29,4879,AIKEN SC,GOODYEAR TIRE & RUBBER CO,GOODYEAR,980346644,255/70R16 111S WRKAT,1,Goodyear,4,663.08,480-127-856,480-127-8564879,,
38,6653,"GAITHERSBURG, MD",GOODYEAR TIRE & RUBBER CO,GOODYEAR,980137889,235/45R19 95H MAXLIF,1,Goodyear,4,768.52,110-931-545,110-931-5456653,A,980197522
38,6653,"GAITHERSBURG, MD",GOODYEAR TIRE & RUBBER CO,GOODYEAR,107948,225/60R18 100H ASRAS,1,Goodyear,2,259.1,407-795-374,407-795-3746653,,
35,8218,"FAYETTEVILLE,NC",GOODYEAR TIRE & RUBBER CO,GOODYEAR,980239416,225/40ZR18X 92Y EXHL,1,Goodyear,4,588.8,104-002-568,104-002-5688218,,
11,8269,"GRAND PRAIRIE, TX",GOODYEAR TIRE & RUBBER CO,GOODYEAR,314679,225/45R17X 94WSPRTAS,1,Goodyear,4,495.76,109-044-366,109-044-3668269,,
27,6242,"DUBLIN, OH",GOODYEAR TIRE & RUBBER CO,GOODYEAR,980317776,235/65R17 104H DRIVE,1,Goodyear,8,1449.52,413-188-582,413-188-5826242,,
24,4871,"MERIDIAN, MS",GOODYEAR TIRE & RUBBER CO,GOODYEAR,980137894,235/40R19X 96VMAXLIF,1,Goodyear,4,772.08,110-918-545,110-918-5454871,A,980301303
18,6309,"WHITE BEAR LAKE, MN",GOODYEAR TIRE & RUBBER CO,GOODYEAR,984217682,205/55R16 91V WRY2,1,Goodyear,2,274.56,767-075-673,767-075-6736309,,
23,4740,"SOUTHAVEN, MS",GOODYEAR TIRE & RUBBER CO,GOODYEAR,980114276,225/65R17 102HMAXLIF,1,Goodyear,4,613.52,110-981-545,110-981-5454740,A,980116049
29,4879,AIKEN SC,GOODYEAR TIRE & RUBBER CO,GOODYEAR,980346635,265/65R17 112T WRKAT,1,Goodyear,4,723.08,480-061-856,480-061-8564879,,
29,6363,"JACKSONVILLE (W), FL",GOODYEAR TIRE & RUBBER CO,GOODYEAR,433604,225/65R17 102H CSMAX,1,Goodyear,2,396.22,755-667-383,755-667-3836363,,
24,8213,"COLUMBUS, GA",GOODYEAR TIRE & RUBBER CO,GOODYEAR,980419012,LT225/75R16E WRKHT,1,Goodyear,1,158.16,131-748-875,131-748-8758213,,
40,8186,"SCARBOROUGH, ME",GOODYEAR TIRE & RUBBER CO,GOODYEAR,980434372,275/60R20 115H SF HT,1,Goodyear,4,843.04,269-019-969,269-019-9698186,,
7,6320,"HERMANTOWN, MN",GOODYEAR TIRE & RUBBER CO,GOODYEAR,980418987,245/70R17 110T WRKHT,1,Goodyear,1,161.47,116-080-652,116-080-6526320,,
11,8269,"GRAND PRAIRIE, TX",GOODYEAR TIRE & RUBBER CO,GOODYEAR,980114258,215/55R17 94V MAXLIF,1,Goodyear,2,301.56,110-340-545,110-340-5458269,A,980116054
34,8228,"WINSTON-SALEM, NC",GOODYEAR TIRE & RUBBER CO,GOODYEAR,980239643,215/60R17 96H MAXLIF,1,Goodyear,1,146.78,110-322-545,110-322-5458228,,
20,6349,"EVERGREEN PARK, IL",GOODYEAR TIRE & RUBBER CO,GOODYEAR,980434379,255/55R20 107V SF HT,1,Goodyear,4,814.64,269-025-969,269-025-9696349,,
14,6265,"IRVING (N), TX",GOODYEAR TIRE & RUBBER CO,GOODYEAR,107913,215/70R16 100T ASRAS,1,Goodyear,1,111.29,407-782-374,407-782-3746265,,
14,6422,"LONGVIEW, TX",GOODYEAR TIRE & RUBBER CO,GOODYEAR,980239411,235/65R18 106H ASRAS,1,Goodyear,1,159.57,407-885-374,407-885-3746422,,
7,4987,LONGMONT ALT CO,GOODYEAR TIRE & RUBBER CO,GOODYEAR,610808,215/50R17 91V ASRAS,1,Goodyear,1,127.1,407-790-374,407-790-3744987,,
13,8259,"AUSTIN, TX",GOODYEAR TIRE & RUBBER CO,GOODYEAR,980137889,235/45R19 95H MAXLIF,1,Goodyear,1,192.13,110-931-545,110-931-5458259,,
39,6536,"WHITEHALL, PA",GOODYEAR TIRE & RUBBER CO,GOODYEAR,127597,245/65R17 107T ADVEN,1,Goodyear,4,700,758-592-572,758-592-5726536,,
15,4843,PEARLAND TX,GOODYEAR TIRE & RUBBER CO,GOODYEAR,980418985,275/65R18 116T WRKHT,1,Goodyear,1,187.86,116-009-652,116-009-6524843,,
2,6616,"FULLERTON, CA",GOODYEAR TIRE & RUBBER CO,GOODYEAR,980114278,225/45R17 91V MAXLIF,1,Goodyear,1,148.43,110-567-545,110-567-5456616,,
31,4998,"THE VILLAGES, FL",GOODYEAR TIRE & RUBBER CO,GOODYEAR,980239409,235/60R18 103H ASRAS,1,Goodyear,1,166.65,407-815-374,407-815-3744998,,
31,6387,PINELLAS PARK FL,GOODYEAR TIRE & RUBBER CO,GOODYEAR,433604,225/65R17 102H CSMAX,1,Goodyear,1,172.22,755-667-383,755-667-3836387,,
31,6420,"CLEARWATER, FL",GOODYEAR TIRE & RUBBER CO,GOODYEAR,184794,P245/45R18 96V RSA,1,Goodyear,4,597.2,732-279-438,732-279-4386420,,
4,6606,"PHOENIX, AZ",GOODYEAR TIRE & RUBBER CO,GOODYEAR,980077381,235/40R18 91W SPRTAS,1,Goodyear,4,754.92,109-104-366,109-104-3666606,,
5,6634,"LONE TREE, CO",GOODYEAR TIRE & RUBBER CO,GOODYEAR,127597,245/65R17 107T ADVEN,1,Goodyear,4,728,758-592-572,758-592-5726634,,
13,6245,Harker Heights TX,GOODYEAR TIRE & RUBBER CO,GOODYEAR,980137892,235/55R20 102VMAXLIF,1,Goodyear,8,1500.8,110-928-545,110-928-5456245,A,980197521
23,4776,"HUNTSVILLE, AL",GOODYEAR TIRE & RUBBER CO,GOODYEAR,980434350,275/55R20 113H SF HT,1,Goodyear,4,786.8,269-001-969,269-001-9694776,,
34,8228,"WINSTON-SALEM, NC",GOODYEAR TIRE & RUBBER CO,GOODYEAR,980114257,205/60R16 92V MAXLIF,1,Goodyear,4,513.24,110-953-545,110-953-5458228,A,980116053
3,6684,"RIVERDALE, UT",GOODYEAR TIRE & RUBBER CO,GOODYEAR,980355411,235/70R17X 109TWRKAT,1,Goodyear,4,729.48,480-078-855,480-078-8556684,,
30,4917,Mooresville NC,GOODYEAR TIRE & RUBBER CO,GOODYEAR,238467,P225/75R16 104S W ST,1,Goodyear,1,137.54,773-017-415,773-017-4154917,,
34,6458,"LYNCHBURG, VA",GOODYEAR TIRE & RUBBER CO,GOODYEAR,980346636,265/70R17 115T WRKAT,1,Goodyear,4,710.68,480-042-856,480-042-8566458,A,980346625
29,8192,"DOTHAN, AL",GOODYEAR TIRE & RUBBER CO,GOODYEAR,980418985,275/65R18 116T WRKHT,1,Goodyear,4,777.72,116-009-652,116-009-6528192,A,980418984
6,7676,AMARILLO TX,GOODYEAR TIRE & RUBBER CO,GOODYEAR,980124560,275/60R20 115S TLRNR,1,Goodyear,3,645.99,741-178-681,741-178-6817676,A,980225987
39,4722,"WILLIAMSTOWN, NJ",GOODYEAR TIRE & RUBBER CO,GOODYEAR,984193235,255/50R20 105V MXLIF,1,Goodyear,4,818.4,110-067-545,110-067-5454722,A,984193234
35,6976,WAKE FOREST NC,GOODYEAR TIRE & RUBBER CO,GOODYEAR,433631,255/35R18X 94WSPRTAS,1,Goodyear,2,404.5,109-080-366,109-080-3666976,,
3,4730,"WEST JORDAN, UT",GOODYEAR TIRE & RUBBER CO,GOODYEAR,980124568,215/45R17 87V MAXLIF,1,Goodyear,4,625.24,110-947-545,110-947-5454730,,
30,6540,"CHARLOTTE, NC",GOODYEAR TIRE & RUBBER CO,GOODYEAR,980239409,235/60R18 103H ASRAS,1,Goodyear,4,666.6,407-815-374,407-815-3746540,,
31,4801,"RIVERVIEW, FL",GOODYEAR TIRE & RUBBER CO,GOODYEAR,980379657,245/45R17X 99V DRIVE,1,Goodyear,2,394.06,413-027-582,413-027-5824801,,
31,6387,PINELLAS PARK FL,GOODYEAR TIRE & RUBBER CO,GOODYEAR,980124563,P255/60R19108HMAXLIF,1,Goodyear,1,198.43,110-932-545,110-932-5456387,,
29,8151,PANAMA CITY FL,GOODYEAR TIRE & RUBBER CO,GOODYEAR,984193235,255/50R20 105V MXLIF,1,Goodyear,1,204.6,110-067-545,110-067-5458151,,
4,6205,"YUMA, AZ",GOODYEAR TIRE & RUBBER CO,GOODYEAR,980114257,205/60R16 92V MAXLIF,1,Goodyear,2,256.62,110-953-545,110-953-5456205,A,980116053
37,6366,"VESTAL, NY",GOODYEAR TIRE & RUBBER CO,GOODYEAR,342193,195/60R15 88H RSA,1,Goodyear,4,381.68,732-401-500,732-401-5006366,,
40,6423,"MIDDLETOWN, NY",GOODYEAR TIRE & RUBBER CO,GOODYEAR,335214,215/45R18X 93WSPRTAS,1,Goodyear,4,615.4,109-065-366,109-065-3666423,,
27,6242,"DUBLIN, OH",GOODYEAR TIRE & RUBBER CO,GOODYEAR,980417305,245/35ZR20X 95Y EXHL,1,Goodyear,4,838.72,104-052-568,104-052-5686242,,
35,6573,Jacksonville NC,GOODYEAR TIRE & RUBBER CO,GOODYEAR,980124565,225/60R18 100HMAXLIF,1,Goodyear,4,646.36,110-363-545,110-363-5456573,A,980184585
36,8138,"DAYTONA BEACH, FL",GOODYEAR TIRE & RUBBER CO,GOODYEAR,692896,215/55R16 93H ASRAS,1,Goodyear,4,440.92,407-525-374,407-525-3748138,,
23,8112,"CHATTANOOGA, TN",GOODYEAR TIRE & RUBBER CO,GOODYEAR,980137889,235/45R19 95H MAXLIF,1,Goodyear,1,192.13,110-931-545,110-931-5458112,,
7,6425,"CASPER, WY",GOODYEAR TIRE & RUBBER CO,GOODYEAR,881165,225/60R16 98T ASRAS,1,Goodyear,3,302.1,407-715-374,407-715-3746425,,
24,4871,"MERIDIAN, MS",GOODYEAR TIRE & RUBBER CO,GOODYEAR,335214,215/45R18X 93WSPRTAS,1,Goodyear,4,615.4,109-065-366,109-065-3664871,,
26,4778,"AUBURN HILLS,MI",GOODYEAR TIRE & RUBBER CO,GOODYEAR,984217701,225/55R18 98V WRY2,1,Goodyear,1,181.59,767-097-673,767-097-6734778,,
28,8211,"DOUGLASVILLE,GA",GOODYEAR TIRE & RUBBER CO,GOODYEAR,980124568,215/45R17 87V MAXLIF,1,Goodyear,1,156.31,110-947-545,110-947-5458211,A,980137875
36,8290,"ORLANDO (S), FL",GOODYEAR TIRE & RUBBER CO,GOODYEAR,980114261,225/60R16 98H MAXLIF,1,Goodyear,4,513.4,110-407-545,110-407-5458290,,
30,4901,EASLEY SC,GOODYEAR TIRE & RUBBER CO,GOODYEAR,984223711,265/50R20 107H WRSF,1,Goodyear,4,848.08,269-011-969,269-011-9694901,,
28,4739,"SNELLVILLE, GA",GOODYEAR TIRE & RUBBER CO,GOODYEAR,889783,P275/55R20 111S LS2,1,Goodyear,4,724.6,706-069-165,706-069-1654739,,
31,8201,"BRADENTON, FL",GOODYEAR TIRE & RUBBER CO,GOODYEAR,980124559,275/65R18 116T FRTHT,1,Goodyear,1,215.26,157-066-708,157-066-7088201,,
37,6675,"ERIE, PA",GOODYEAR TIRE & RUBBER CO,GOODYEAR,980379897,245/75R16 111S WRKAT,1,Goodyear,4,629.64,480-128-856,480-128-8566675,,
33,6314,"ELYRIA, OH",GOODYEAR TIRE & RUBBER CO,GOODYEAR,692938,205/55R16 91H ASRAS,1,Goodyear,3,302.82,407-781-374,407-781-3746314,,
23,8112,"CHATTANOOGA, TN",GOODYEAR TIRE & RUBBER CO,GOODYEAR,980079706,285/45R22X 114HEAGTR,1,Goodyear,4,806.8,102-863-387,102-863-3878112,,
29,6363,"JACKSONVILLE (W), FL",GOODYEAR TIRE & RUBBER CO,GOODYEAR,980239644,235/65R18 106VMAXLIF,1,Goodyear,4,701.4,110-022-545,110-022-5456363,A,980239645
24,4817,"SAM&#39;S TRUSSVILLE , AL",GOODYEAR TIRE & RUBBER CO,GOODYEAR,984193235,255/50R20 105V MXLIF,1,Goodyear,8,1636.8,110-067-545,110-067-5454817,,
30,6463,"ANDERSON, SC",GOODYEAR TIRE & RUBBER CO,GOODYEAR,980346643,LT275/70R18E WRKAT,1,Goodyear,4,999.96,481-139-856,481-139-8566463,,
34,6458,"LYNCHBURG, VA",GOODYEAR TIRE & RUBBER CO,GOODYEAR,984188226,265/70R16X 116T WDRT,1,Goodyear,4,758.96,150-020-991,150-020-9916458,,
19,6479,"CAPE GIRARDEAU, MO",GOODYEAR TIRE & RUBBER CO,GOODYEAR,980114268,P215/65R17 98HMAXLIF,1,Goodyear,2,304.5,110-943-545,110-943-5456479,,
30,4917,Mooresville NC,GOODYEAR TIRE & RUBBER CO,GOODYEAR,980255012,255/70R18X 116HADVEN,1,Goodyear,1,251.91,758-260-845,758-260-8454917,,
11,4795,"GRAPEVINE, TX",GOODYEAR TIRE & RUBBER CO,GOODYEAR,980346630,LT245/75R17E WRKAT,1,Goodyear,4,820,481-104-855,481-104-8554795,,
37,6440,"LATHAM, NY",GOODYEAR TIRE & RUBBER CO,GOODYEAR,335200,225/40R18X 92WSPRTAS,1,Goodyear,2,276.58,109-055-366,109-055-3666440,A,393179
11,8282,"DALLAS (S), TX",GOODYEAR TIRE & RUBBER CO,GOODYEAR,980077360,245/50R20 102VSPRTAS,1,Goodyear,1,190.24,109-111-366,109-111-3668282,,
13,6245,Harker Heights TX,GOODYEAR TIRE & RUBBER CO,GOODYEAR,980419008,LT265/75R16E WRKHT,1,Goodyear,4,782.64,131-746-954,131-746-9546245,,
34,6524,"COLONIAL HEIGHTS, VA",GOODYEAR TIRE & RUBBER CO,GOODYEAR,980114277,215/70R16 100HMAXLIF,1,Goodyear,12,1885.68,110-954-545,110-954-5456524,,
31,4998,"THE VILLAGES, FL",GOODYEAR TIRE & RUBBER CO,GOODYEAR,980137892,235/55R20 102VMAXLIF,1,Goodyear,1,187.6,110-928-545,110-928-5454998,A,980197521
38,6651,"CATONSVILLE, MD",GOODYEAR TIRE & RUBBER CO,GOODYEAR,941314,235/60R17 102T ASRAS,1,Goodyear,4,567.48,407-323-374,407-323-3746651,,
32,8173,"MIRAMAR, FL",GOODYEAR TIRE & RUBBER CO,GOODYEAR,980361389,255/70R18 113T WRKAT,1,Goodyear,4,832,480-074-856,480-074-8568173,,
17,6527,"BATON ROUGE, LA",GOODYEAR TIRE & RUBBER CO,GOODYEAR,335267,275/35R20X102YF1A2RF,1,Goodyear,1,434.59,784-118-359,784-118-3596527,,
34,6458,"LYNCHBURG, VA",GOODYEAR TIRE & RUBBER CO,GOODYEAR,249153,255/45R20 101WSPRTAS,1,Goodyear,3,634.83,109-082-366,109-082-3666458,,
20,6349,"EVERGREEN PARK, IL",GOODYEAR TIRE & RUBBER CO,GOODYEAR,610780,265/60R18 110T FRTHT,1,Goodyear,3,534.42,157-076-622,157-076-6226349,,
34,6351,"NEWPORT NEWS, VA",GOODYEAR TIRE & RUBBER CO,GOODYEAR,980137885,235/50R17 96H MAXLIF,1,Goodyear,4,644.12,110-956-545,110-956-5456351,,
3,6257,"LAS VEGAS(C),NV",GOODYEAR TIRE & RUBBER CO,GOODYEAR,984217711,235/55R19X 105V WRY2,1,Goodyear,3,635.97,767-113-673,767-113-6736257,,
27,6308,"COLUMBUS(W),OH",GOODYEAR TIRE & RUBBER CO,GOODYEAR,238467,P225/75R16 104S W ST,1,Goodyear,4,550.16,773-017-415,773-017-4156308,,
7,8172,"FARGO, ND",GOODYEAR TIRE & RUBBER CO,GOODYEAR,980137893,255/55R20 107HMAXLIF,1,Goodyear,1,216.54,110-929-545,110-929-5458172,A,980301306
23,8294,"NASHVILLE(S),TN",GOODYEAR TIRE & RUBBER CO,GOODYEAR,610780,265/60R18 110T FRTHT,1,Goodyear,4,695.2,157-076-622,157-076-6228294,A,795204
39,6567,"EASTON, PA",GOODYEAR TIRE & RUBBER CO,GOODYEAR,980124559,275/65R18 116T FRTHT,1,Goodyear,8,1722.08,157-066-708,157-066-7086567,,
27,6307,"COLUMBUS(N),OH",GOODYEAR TIRE & RUBBER CO,GOODYEAR,980317768,215/60R16 95V DRIVE,1,Goodyear,1,138.14,413-571-582,413-571-5826307,,
6,6672,"ALBUQUERQUE, NM",GOODYEAR TIRE & RUBBER CO,GOODYEAR,629887,225/55R17 97H LS2,1,Goodyear,4,573.16,706-447-163,706-447-1636672,,
4,4829,GILBERT (E) AZ,GOODYEAR TIRE & RUBBER CO,GOODYEAR,140367,245/40R20X99WF1ASMAS,1,Goodyear,1,294.41,104-433-357,104-433-3574829,,
19,8125,"SAINT LOUIS, MO",GOODYEAR TIRE & RUBBER CO,GOODYEAR,125594,225/55R18 98H ASRAS,1,Goodyear,1,140.67,407-867-374,407-867-3748125,,
5,4745,"THORNTON, CO",GOODYEAR TIRE & RUBBER CO,GOODYEAR,980434380,235/50R19 99H SF HT,1,Goodyear,1,192.92,269-030-969,269-030-9694745,,
1,6612,"CONCORD, CA",GOODYEAR TIRE & RUBBER CO,GOODYEAR,980239416,225/40ZR18X 92Y EXHL,1,Goodyear,4,588.8,104-002-568,104-002-5686612,,
18,8167,"FRANKLIN, WI",GOODYEAR TIRE & RUBBER CO,GOODYEAR,980346642,LT225/75R16E WRKAT,1,Goodyear,3,441,481-748-855,481-748-8558167,,
13,8245,"HOUSTON (N), TX",GOODYEAR TIRE & RUBBER CO,GOODYEAR,980434372,275/60R20 115H SF HT,1,Goodyear,4,843.04,269-019-969,269-019-9698245,,
22,8276,"LOUISVILLE, KY",GOODYEAR TIRE & RUBBER CO,GOODYEAR,125724,235/70R16 106T ASRAS,1,Goodyear,4,488.24,407-866-374,407-866-3748276,,
30,6463,"ANDERSON, SC",GOODYEAR TIRE & RUBBER CO,GOODYEAR,980321132,235/65R18 106V DRIVE,1,Goodyear,1,188.42,413-011-582,413-011-5826463,,
4,4829,GILBERT (E) AZ,GOODYEAR TIRE & RUBBER CO,GOODYEAR,980419012,LT225/75R16E WRKHT,1,Goodyear,2,313.04,131-748-875,131-748-8754829,,
9,6418,"WICHITA, KS",GOODYEAR TIRE & RUBBER CO,GOODYEAR,984217686,205/55R17X 95V WRY2,1,Goodyear,1,142.39,767-080-673,767-080-6736418,,
1,6405,"YUBA CITY, CA",GOODYEAR TIRE & RUBBER CO,GOODYEAR,980137893,255/55R20 107HMAXLIF,1,Goodyear,1,213.38,110-929-545,110-929-5456405,,
19,8125,"SAINT LOUIS, MO",GOODYEAR TIRE & RUBBER CO,GOODYEAR,980137892,235/55R20 102VMAXLIF,1,Goodyear,2,379.86,110-928-545,110-928-5458125,,
7,4933,"BISMARCK, ND",GOODYEAR TIRE & RUBBER CO,GOODYEAR,140406,245/40R20 95W EAGTR,1,Goodyear,1,219.84,102-850-387,102-850-3874933,,
2,6619,"ONTARIO, CA",GOODYEAR TIRE & RUBBER CO,GOODYEAR,980361389,255/70R18 113T WRKAT,1,Goodyear,4,832,480-074-856,480-074-8566619,,
33,6314,"ELYRIA, OH",GOODYEAR TIRE & RUBBER CO,GOODYEAR,980124559,275/65R18 116T FRTHT,1,Goodyear,1,215.26,157-066-708,157-066-7086314,,
27,6308,"COLUMBUS(W),OH",GOODYEAR TIRE & RUBBER CO,GOODYEAR,107853,235/65R16 103T ASRAS,1,Goodyear,4,450.6,407-207-374,407-207-3746308,,
11,4795,"GRAPEVINE, TX",GOODYEAR TIRE & RUBBER CO,GOODYEAR,980077362,285/45R22 110HSPRTAS,1,Goodyear,1,236.56,109-115-366,109-115-3664795,,
14,4783,"GARLAND, TX",GOODYEAR TIRE & RUBBER CO,GOODYEAR,980114275,225/60R17 99H MAXLIF,1,Goodyear,1,164.75,110-979-545,110-979-5454783,A,980116260
8,4973,"DUBUQUE, IA",GOODYEAR TIRE & RUBBER CO,GOODYEAR,984217686,205/55R17X 95V WRY2,1,Goodyear,4,569.56,767-080-673,767-080-6734973,,
33,4936,"GRANVILLE, WV",GOODYEAR TIRE & RUBBER CO,GOODYEAR,598226,225/50R17 94V ASRAS,1,Goodyear,2,260.08,407-372-374,407-372-3744936,,
9,6275,WICHITA KS,GOODYEAR TIRE & RUBBER CO,GOODYEAR,497833,255/45R20 101V RSA,1,Goodyear,1,167.36,732-007-741,732-007-7416275,,
34,6524,"COLONIAL HEIGHTS, VA",GOODYEAR TIRE & RUBBER CO,GOODYEAR,980114257,205/60R16 92V MAXLIF,1,Goodyear,1,128.31,110-953-545,110-953-5456524,A,980116053
10,6267,EDMOND OK,GOODYEAR TIRE & RUBBER CO,GOODYEAR,108000,235/55R17 99T ASRAS,1,Goodyear,1,127.22,407-599-374,407-599-3746267,,
40,6352,"HUDSON, NH",GOODYEAR TIRE & RUBBER CO,GOODYEAR,980321134,225/55R19 99V DRIVE,1,Goodyear,1,212.73,413-019-582,413-019-5826352,,
15,4764,"KATY (FRY), TX",GOODYEAR TIRE & RUBBER CO,GOODYEAR,889783,P275/55R20 111S LS2,1,Goodyear,4,724.6,706-069-165,706-069-1654764,,
39,4722,"WILLIAMSTOWN, NJ",GOODYEAR TIRE & RUBBER CO,GOODYEAR,980239412,245/55R19 103V ASRAS,1,Goodyear,1,180.54,407-971-374,407-971-3744722,,
7,4933,"BISMARCK, ND",GOODYEAR TIRE & RUBBER CO,GOODYEAR,980137894,235/40R19X 96VMAXLIF,1,Goodyear,4,772.08,110-918-545,110-918-5454933,,
11,8282,"DALLAS (S), TX",GOODYEAR TIRE & RUBBER CO,GOODYEAR,980211287,225/45R17 91V ASRAS,1,Goodyear,2,248.54,407-003-374,407-003-3748282,,
4,6606,"PHOENIX, AZ",GOODYEAR TIRE & RUBBER CO,GOODYEAR,158891,LT245/75R16E ADVEN,1,Goodyear,1,211.45,748-103-572,748-103-5726606,,
4,6606,"PHOENIX, AZ",GOODYEAR TIRE & RUBBER CO,GOODYEAR,980137884,235/45R17 94V MAXLIF,1,Goodyear,3,529.8,110-996-545,110-996-5456606,,
17,4837,"DENHAM SPRINGS, LA",GOODYEAR TIRE & RUBBER CO,GOODYEAR,692889,215/60R16 95T ASRAS,1,Goodyear,4,390.84,407-562-374,407-562-3744837,,
5,4745,"THORNTON, CO",GOODYEAR TIRE & RUBBER CO,GOODYEAR,281657,255/50R19 103W F1SUV,1,Goodyear,2,332,784-287-347,784-287-3474745,,
31,4801,"RIVERVIEW, FL",GOODYEAR TIRE & RUBBER CO,GOODYEAR,941314,235/60R17 102T ASRAS,1,Goodyear,1,129.45,407-323-374,407-323-3744801,,
10,8117,"OK CITY (N), OK",GOODYEAR TIRE & RUBBER CO,GOODYEAR,980114262,235/55R18 100VMAXLIF,1,Goodyear,4,752.76,110-496-545,110-496-5458117,,
28,8287,"MORROW, GA",GOODYEAR TIRE & RUBBER CO,GOODYEAR,980379656,235/45R19 95H DRIVE,1,Goodyear,1,215.61,413-025-582,413-025-5828287,,
28,4739,"SNELLVILLE, GA",GOODYEAR TIRE & RUBBER CO,GOODYEAR,692889,215/60R16 95T ASRAS,1,Goodyear,1,97.02,407-562-374,407-562-3744739,,
31,6387,PINELLAS PARK FL,GOODYEAR TIRE & RUBBER CO,GOODYEAR,980346629,LT245/75R16E WRKAT,1,Goodyear,4,712.84,481-103-855,481-103-8556387,,
33,4846,"MENTOR, OH",GOODYEAR TIRE & RUBBER CO,GOODYEAR,980114261,225/60R16 98H MAXLIF,1,Goodyear,4,513.4,110-407-545,110-407-5454846,,
23,6256,"MEMPHIS (S), TN",GOODYEAR TIRE & RUBBER CO,GOODYEAR,980137889,235/45R19 95H MAXLIF,1,Goodyear,1,192.13,110-931-545,110-931-5456256,,
30,8142,"SPARTANBURG, SC",GOODYEAR TIRE & RUBBER CO,GOODYEAR,980346632,265/70R16 112T WRKAT,1,Goodyear,4,666.48,480-045-856,480-045-8568142,A,980346621
1,6455,"OXNARD, CA",GOODYEAR TIRE & RUBBER CO,GOODYEAR,335207,245/40R19 94W SPRTAS,1,Goodyear,4,891.24,109-077-366,109-077-3666455,,
4,4732,"GLENDALE, AZ",GOODYEAR TIRE & RUBBER CO,GOODYEAR,881212,225/65R17 102T ASRAS,1,Goodyear,1,125.39,407-285-374,407-285-3744732,,
26,6657,"NOVI, MI",GOODYEAR TIRE & RUBBER CO,GOODYEAR,984217702,235/50R18 97V WRY2,1,Goodyear,1,189.53,767-101-673,767-101-6736657,,
34,8220,"ROANOKE, VA",GOODYEAR TIRE & RUBBER CO,GOODYEAR,881182,235/65R17 104T ASRAS,1,Goodyear,4,516.76,407-722-374,407-722-3748220,,
18,6309,"WHITE BEAR LAKE, MN",GOODYEAR TIRE & RUBBER CO,GOODYEAR,980137888,235/50R18 97V MAXLIF,1,Goodyear,1,185.89,110-876-545,110-876-5456309,A,980197519
35,6443,"GOLDSBORO, NC",GOODYEAR TIRE & RUBBER CO,GOODYEAR,980346629,LT245/75R16E WRKAT,1,Goodyear,1,178.21,481-103-855,481-103-8556443,,
37,6406,"NIAGARA FALLS, NY",GOODYEAR TIRE & RUBBER CO,GOODYEAR,980211268,235/40ZR19X 96Y EXHL,1,Goodyear,1,192.79,104-033-568,104-033-5686406,,
37,6322,"BOARDMAN, OH",GOODYEAR TIRE & RUBBER CO,GOODYEAR,980317788,235/55R17 99H DRIVE,1,Goodyear,1,189.25,413-319-582,413-319-5826322,,
39,4722,"WILLIAMSTOWN, NJ",GOODYEAR TIRE & RUBBER CO,GOODYEAR,980288552,235/75R15 105S TLRNR,1,Goodyear,2,217.62,741-126-681,741-126-6814722,,
15,8190,"LA MARQUE, TX",GOODYEAR TIRE & RUBBER CO,GOODYEAR,980114267,235/65R17 104HMAXLIF,1,Goodyear,4,658.48,110-188-545,110-188-5458190,A,980116052
14,6422,"LONGVIEW, TX",GOODYEAR TIRE & RUBBER CO,GOODYEAR,984188251,LT285/75R18E WDRTLT,1,Goodyear,4,1483.88,176-300-991,176-300-9916422,,
7,6425,"CASPER, WY",GOODYEAR TIRE & RUBBER CO,GOODYEAR,692945,185/60R15 84T ASRAS,1,Goodyear,6,510,407-739-374,407-739-3746425,,
39,6676,"WILLOW GROVE(HATBORO), PA",GOODYEAR TIRE & RUBBER CO,GOODYEAR,980419012,LT225/75R16E WRKHT,1,Goodyear,4,626.08,131-748-875,131-748-8756676,,
5,6634,"LONE TREE, CO",GOODYEAR TIRE & RUBBER CO,GOODYEAR,980346635,265/65R17 112T WRKAT,1,Goodyear,2,361.54,480-061-856,480-061-8566634,,
8,6461,"GRAND ISLAND,NE",GOODYEAR TIRE & RUBBER CO,GOODYEAR,108038,205/65R15 94T ASRAS,1,Goodyear,4,365.16,407-478-374,407-478-3746461,,
2,6616,"FULLERTON, CA",GOODYEAR TIRE & RUBBER CO,GOODYEAR,980317775,235/55R18 100V DRIVE,1,Goodyear,4,808.44,413-496-582,413-496-5826616,,
28,8203,MARIETTA GA,GOODYEAR TIRE & RUBBER CO,GOODYEAR,669595,P265/70R17 113S WATS,1,Goodyear,2,311,410-422-176,410-422-1768203,,
5,6379,"GREAT FALLS, MT",GOODYEAR TIRE & RUBBER CO,GOODYEAR,692938,205/55R16 91H ASRAS,1,Goodyear,4,403.76,407-781-374,407-781-3746379,,
23,8292,"MEMPHIS (E), TN",GOODYEAR TIRE & RUBBER CO,GOODYEAR,980114254,195/65R15 91H MAXLIF,1,Goodyear,7,788.55,110-489-545,110-489-5458292,A,980184501
32,6217,"MIAMI, FL",GOODYEAR TIRE & RUBBER CO,GOODYEAR,980317783,225/55R18 98V DRIVE,1,Goodyear,4,729,413-033-582,413-033-5826217,,
6,7676,AMARILLO TX,GOODYEAR TIRE & RUBBER CO,GOODYEAR,980288552,235/75R15 105S TLRNR,1,Goodyear,4,435.24,741-126-681,741-126-6817676,A,980288551
32,6217,"MIAMI, FL",GOODYEAR TIRE & RUBBER CO,GOODYEAR,335207,245/40R19 94W SPRTAS,1,Goodyear,4,891.24,109-077-366,109-077-3666217,,
22,4992,"ELIZABETHTOWN, KY",GOODYEAR TIRE & RUBBER CO,GOODYEAR,980346630,LT245/75R17E WRKAT,1,Goodyear,4,820,481-104-855,481-104-8554992,,
15,4712,"HOUSTON(MEM), TX",GOODYEAR TIRE & RUBBER CO,GOODYEAR,980137881,245/60R18 105HMAXLIF,1,Goodyear,1,182.87,110-819-545,110-819-5454712,A,980137878
34,6524,"COLONIAL HEIGHTS, VA",GOODYEAR TIRE & RUBBER CO,GOODYEAR,335207,245/40R19 94W SPRTAS,1,Goodyear,2,445.62,109-077-366,109-077-3666524,,
7,8165,"SIOUX FALLS, SD",GOODYEAR TIRE & RUBBER CO,GOODYEAR,980317787,215/65R16 98V DRIVE,1,Goodyear,2,301.62,413-002-582,413-002-5828165,,
10,8224,"WICHITA FALLS, TX",GOODYEAR TIRE & RUBBER CO,GOODYEAR,335207,245/40R19 94W SPRTAS,1,Goodyear,1,222.81,109-077-366,109-077-3668224,,
36,4828,ORLANDO LAKE NONA FL,GOODYEAR TIRE & RUBBER CO,GOODYEAR,984217677,225/60R18X 104H WRY2,1,Goodyear,4,683.24,767-050-673,767-050-6734828,,
34,6351,"NEWPORT NEWS, VA",GOODYEAR TIRE & RUBBER CO,GOODYEAR,980317782,235/40R19X 96V DRIVE,1,Goodyear,4,811,413-021-582,413-021-5826351,,
33,8189,"CLARKSBURG, WV",GOODYEAR TIRE & RUBBER CO,GOODYEAR,980361389,255/70R18 113T WRKAT,1,Goodyear,1,208,480-074-856,480-074-8568189,,
7,6425,"CASPER, WY",GOODYEAR TIRE & RUBBER CO,GOODYEAR,720864,225/65R16 100T ASRAS,1,Goodyear,1,113.39,407-786-374,407-786-3746425,,
16,8296,"SPRINGFIELD, MO",GOODYEAR TIRE & RUBBER CO,GOODYEAR,342193,195/60R15 88H RSA,1,Goodyear,2,190.84,732-401-500,732-401-5008296,,
13,6245,Harker Heights TX,GOODYEAR TIRE & RUBBER CO,GOODYEAR,980114265,235/60R18 103VMAXLIF,1,Goodyear,5,914.2,110-934-545,110-934-5456245,A,980116262
40,6333,"BANGOR, ME",GOODYEAR TIRE & RUBBER CO,GOODYEAR,980114258,215/55R17 94V MAXLIF,1,Goodyear,1,150.78,110-340-545,110-340-5456333,A,980116054
6,8153,"EL PASO, TX",GOODYEAR TIRE & RUBBER CO,GOODYEAR,980361389,255/70R18 113T WRKAT,1,Goodyear,4,832,480-074-856,480-074-8568153,,
28,4739,"SNELLVILLE, GA",GOODYEAR TIRE & RUBBER CO,GOODYEAR,980124563,P255/60R19108HMAXLIF,1,Goodyear,1,198.43,110-932-545,110-932-5454739,,
31,4852,"WESLEY CHAPEL, FL",GOODYEAR TIRE & RUBBER CO,GOODYEAR,980137892,235/55R20 102VMAXLIF,1,Goodyear,4,750.4,110-928-545,110-928-5454852,A,980197521
6,8153,"EL PASO, TX",GOODYEAR TIRE & RUBBER CO,GOODYEAR,980239411,235/65R18 106H ASRAS,1,Goodyear,1,159.57,407-885-374,407-885-3748153,,
1,6405,"YUBA CITY, CA",GOODYEAR TIRE & RUBBER CO,GOODYEAR,107913,215/70R16 100T ASRAS,1,Goodyear,4,445.16,407-782-374,407-782-3746405,,
8,6472,"COUNCIL BLUFFS, IA",GOODYEAR TIRE & RUBBER CO,GOODYEAR,984188234,265/65R18X 116T WDRT,1,Goodyear,1,245.02,150-030-991,150-030-9916472,,
38,6653,"GAITHERSBURG, MD",GOODYEAR TIRE & RUBBER CO,GOODYEAR,980317783,225/55R18 98V DRIVE,1,Goodyear,1,182.44,413-033-582,413-033-5826653,,
15,8275,"BEAUMONT, TX",GOODYEAR TIRE & RUBBER CO,GOODYEAR,980434350,275/55R20 113H SF HT,1,Goodyear,4,786.8,269-001-969,269-001-9698275,,
22,4851,"CLARKSVILLE, IN",GOODYEAR TIRE & RUBBER CO,GOODYEAR,107948,225/60R18 100H ASRAS,1,Goodyear,4,511.92,407-795-374,407-795-3744851,,
29,8202,"SAVANNAH, GA",GOODYEAR TIRE & RUBBER CO,GOODYEAR,980434351,265/70R17 115T SF HT,1,Goodyear,4,683.16,269-005-969,269-005-9698202,,
12,4914,San Antonio N TX,GOODYEAR TIRE & RUBBER CO,GOODYEAR,238467,P225/75R16 104S W ST,1,Goodyear,1,137.54,773-017-415,773-017-4154914,,
23,4740,"SOUTHAVEN, MS",GOODYEAR TIRE & RUBBER CO,GOODYEAR,980124567,P215/55R18 94HMAXLIF,1,Goodyear,1,166.44,110-939-545,110-939-5454740,,
28,8158,WOODSTOCK GA,GOODYEAR TIRE & RUBBER CO,GOODYEAR,314665,255/35R19X 96WSPRTAS,1,Goodyear,1,208.21,109-074-366,109-074-3668158,,
31,6420,"CLEARWATER, FL",GOODYEAR TIRE & RUBBER CO,GOODYEAR,335267,275/35R20X102YF1A2RF,1,Goodyear,1,434.59,784-118-359,784-118-3596420,,
26,6667,"YPSILANTI, MI",GOODYEAR TIRE & RUBBER CO,GOODYEAR,158891,LT245/75R16E ADVEN,1,Goodyear,1,211.45,748-103-572,748-103-5726667,,
9,4870,KANSAS CITY KS,GOODYEAR TIRE & RUBBER CO,GOODYEAR,980114264,235/60R17 102HMAXLIF,1,Goodyear,4,655.84,110-488-545,110-488-5454870,A,980116261
31,6387,PINELLAS PARK FL,GOODYEAR TIRE & RUBBER CO,GOODYEAR,238467,P225/75R16 104S W ST,1,Goodyear,1,137.54,773-017-415,773-017-4156387,,
32,4857,CAPE CORAL (PINE) FL,GOODYEAR TIRE & RUBBER CO,GOODYEAR,980211288,235/45R18 94V ASRAS,1,Goodyear,4,621.16,407-991-374,407-991-3744857,,
13,6245,Harker Heights TX,GOODYEAR TIRE & RUBBER CO,GOODYEAR,126066,235/55R18 100H ASRAS,1,Goodyear,2,302.56,407-826-374,407-826-3746245,,
35,8223,"RALEIGH, NC",GOODYEAR TIRE & RUBBER CO,GOODYEAR,980346641,255/70R17 112T WRKAT,1,Goodyear,1,185.37,480-067-856,480-067-8568223,,
5,6634,"LONE TREE, CO",GOODYEAR TIRE & RUBBER CO,GOODYEAR,980239404,255/45ZR19X 104YEXHL,1,Goodyear,4,918.36,104-022-568,104-022-5686634,,
34,8228,"WINSTON-SALEM, NC",GOODYEAR TIRE & RUBBER CO,GOODYEAR,980419012,LT225/75R16E WRKHT,1,Goodyear,6,939.12,131-748-875,131-748-8758228,,
23,6260,"BARTLETT, TN",GOODYEAR TIRE & RUBBER CO,GOODYEAR,984188247,LT275/70R18E WDRTLT,1,Goodyear,1,296.51,176-139-991,176-139-9916260,,
32,4972,"PORT ST LUCIE (W), FL",GOODYEAR TIRE & RUBBER CO,GOODYEAR,980114255,205/55R16 91H MAXLIF,1,Goodyear,8,1042.48,110-952-545,110-952-5454972,A,980116058
27,6242,"DUBLIN, OH",GOODYEAR TIRE & RUBBER CO,GOODYEAR,980239392,235/50R18 97H ASRAS,1,Goodyear,4,547.16,407-004-374,407-004-3746242,,
14,6422,"LONGVIEW, TX",GOODYEAR TIRE & RUBBER CO,GOODYEAR,433692,LT285/60R20E ADVEN,1,Goodyear,4,1583.24,748-015-572,748-015-5726422,,
23,6329,"TUPELO, MS",GOODYEAR TIRE & RUBBER CO,GOODYEAR,980114255,205/55R16 91H MAXLIF,1,Goodyear,8,1042.48,110-952-545,110-952-5456329,A,980116058
39,6567,"EASTON, PA",GOODYEAR TIRE & RUBBER CO,GOODYEAR,980346632,265/70R16 112T WRKAT,1,Goodyear,4,666.48,480-045-856,480-045-8566567,A,980346621
12,4939,"SAN ANTONIO (BROOKS), TX",GOODYEAR TIRE & RUBBER CO,GOODYEAR,980418991,255/65R18 111T WRKHT,1,Goodyear,4,708,116-003-632,116-003-6324939,,
30,6236,Rock Hill SC,GOODYEAR TIRE & RUBBER CO,GOODYEAR,995683,P225/55R18 97H LS2,1,Goodyear,4,651.32,706-569-163,706-569-1636236,,
23,4740,"SOUTHAVEN, MS",GOODYEAR TIRE & RUBBER CO,GOODYEAR,980418983,275/55R20 113T WRKHT,1,Goodyear,4,771.48,116-008-651,116-008-6514740,A,980418982
35,6573,Jacksonville NC,GOODYEAR TIRE & RUBBER CO,GOODYEAR,980317764,205/55R16 91H DRIVE,1,Goodyear,4,574.4,413-524-582,413-524-5826573,,
26,6666,"CANTON, MI",GOODYEAR TIRE & RUBBER CO,GOODYEAR,720856,215/55R17 94H ASRAS,1,Goodyear,4,490.28,407-213-374,407-213-3746666,,
35,4946,"ROCKY MOUNT, NC",GOODYEAR TIRE & RUBBER CO,GOODYEAR,980239392,235/50R18 97H ASRAS,1,Goodyear,1,153.84,407-004-374,407-004-3744946,,
11,4795,"GRAPEVINE, TX",GOODYEAR TIRE & RUBBER CO,GOODYEAR,980124567,P215/55R18 94HMAXLIF,1,Goodyear,1,166.44,110-939-545,110-939-5454795,,
36,8290,"ORLANDO (S), FL",GOODYEAR TIRE & RUBBER CO,GOODYEAR,980114267,235/65R17 104HMAXLIF,1,Goodyear,2,329.24,110-188-545,110-188-5458290,A,980116052
19,4878,GLEN CARBON IL,GOODYEAR TIRE & RUBBER CO,GOODYEAR,980417308,245/45R20 99V EAGTR,1,Goodyear,4,799.04,102-035-387,102-035-3874878,,
2,6628,"TORRANCE, CA",GOODYEAR TIRE & RUBBER CO,GOODYEAR,108000,235/55R17 99T ASRAS,1,Goodyear,4,495.48,407-599-374,407-599-3746628,,
5,4745,"THORNTON, CO",GOODYEAR TIRE & RUBBER CO,GOODYEAR,598226,225/50R17 94V ASRAS,1,Goodyear,1,130.04,407-372-374,407-372-3744745,,
17,6527,"BATON ROUGE, LA",GOODYEAR TIRE & RUBBER CO,GOODYEAR,920095,P245/65R17 105T F HL,1,Goodyear,4,626,151-284-203,151-284-2036527,A,873378
39,6670,"DEPTFORD, NJ",GOODYEAR TIRE & RUBBER CO,GOODYEAR,980351476,LT265/70R18E WRKAT,1,Goodyear,5,1148.7,481-014-856,481-014-8566670,,
4,4915,BULLHEAD CITY AZ,GOODYEAR TIRE & RUBBER CO,GOODYEAR,984136334,265/65R18 114T WRSF,1,Goodyear,1,194.21,269-009-969,269-009-9694915,,
36,4828,ORLANDO LAKE NONA FL,GOODYEAR TIRE & RUBBER CO,GOODYEAR,980390303,215/55R16X 97H MXLIF,1,Goodyear,4,524.36,110-507-545,110-507-5454828,,
11,8282,"DALLAS (S), TX",GOODYEAR TIRE & RUBBER CO,GOODYEAR,692878,215/65R16 98T ASRAS,1,Goodyear,4,405.32,407-016-374,407-016-3748282,,
15,8274,"HOUSTON (NW),TX",GOODYEAR TIRE & RUBBER CO,GOODYEAR,108038,205/65R15 94T ASRAS,1,Goodyear,1,91.29,407-478-374,407-478-3748274,,
9,4870,KANSAS CITY KS,GOODYEAR TIRE & RUBBER CO,GOODYEAR,127308,265/60R18 110T ADVEN,1,Goodyear,4,770.8,758-076-571,758-076-5714870,,
18,4787,"MINNEAPOLIS, MN",GOODYEAR TIRE & RUBBER CO,GOODYEAR,315504,245/40R17 91W SPRTAS,1,Goodyear,2,311.9,109-060-366,109-060-3664787,,
35,6573,Jacksonville NC,GOODYEAR TIRE & RUBBER CO,GOODYEAR,980418996,265/65R17 112T WRKHT,1,Goodyear,8,1387.12,116-079-652,116-079-6526573,,
5,6631,"AURORA, CO",GOODYEAR TIRE & RUBBER CO,GOODYEAR,980137891,235/55R19 101VMAXLIF,1,Goodyear,1,203.58,110-883-545,110-883-5456631,A,980184500
35,4872,COLUMBIA NE SC,GOODYEAR TIRE & RUBBER CO,GOODYEAR,980114265,235/60R18 103VMAXLIF,1,Goodyear,2,365.68,110-934-545,110-934-5454872,A,980116262
17,6527,"BATON ROUGE, LA",GOODYEAR TIRE & RUBBER CO,GOODYEAR,184794,P245/45R18 96V RSA,1,Goodyear,1,148.56,732-279-438,732-279-4386527,A,894800
22,6450,"CINCINNATI, OH",GOODYEAR TIRE & RUBBER CO,GOODYEAR,980288552,235/75R15 105S TLRNR,1,Goodyear,4,435.24,741-126-681,741-126-6816450,,
9,8163,"COLUMBIA, MO",GOODYEAR TIRE & RUBBER CO,GOODYEAR,692931,195/65R15 91T ASRAS,1,Goodyear,1,86.92,407-477-374,407-477-3748163,,
8,6344,"WINDSOR HEIGHTS, IA",GOODYEAR TIRE & RUBBER CO,GOODYEAR,980114262,235/55R18 100VMAXLIF,1,Goodyear,8,1505.52,110-496-545,110-496-5456344,,
11,8226,"ABILENE, TX",GOODYEAR TIRE & RUBBER CO,GOODYEAR,984188256,LT285/60R20E WDRTLT,1,Goodyear,4,1479.32,176-311-991,176-311-9918226,,
12,4914,San Antonio N TX,GOODYEAR TIRE & RUBBER CO,GOODYEAR,984217727,255/50R19X 107V WRY2,1,Goodyear,4,867.16,767-135-673,767-135-6734914,,
9,8208,"LENEXA, KS",GOODYEAR TIRE & RUBBER CO,GOODYEAR,314702,225/45R18X 95WSPRTAS,1,Goodyear,4,625.28,109-058-366,109-058-3668208,,
35,6976,WAKE FOREST NC,GOODYEAR TIRE & RUBBER CO,GOODYEAR,692938,205/55R16 91H ASRAS,1,Goodyear,2,201.88,407-781-374,407-781-3746976,,
29,8192,"DOTHAN, AL",GOODYEAR TIRE & RUBBER CO,GOODYEAR,335200,225/40R18X 92WSPRTAS,1,Goodyear,4,553.16,109-055-366,109-055-3668192,,
30,6540,"CHARLOTTE, NC",GOODYEAR TIRE & RUBBER CO,GOODYEAR,980114265,235/60R18 103VMAXLIF,1,Goodyear,1,182.84,110-934-545,110-934-5456540,A,980116262
39,8175,"HARRISBURG, PA",GOODYEAR TIRE & RUBBER CO,GOODYEAR,980087408,235/55R19 101H ASRAS,1,Goodyear,4,717.4,407-924-374,407-924-3748175,,
8,6432,"SIOUX CITY,IA",GOODYEAR TIRE & RUBBER CO,GOODYEAR,980114259,225/55R17 97V MAXLIF,1,Goodyear,4,637.24,110-502-545,110-502-5456432,,
34,6524,"COLONIAL HEIGHTS, VA",GOODYEAR TIRE & RUBBER CO,GOODYEAR,980137891,235/55R19 101VMAXLIF,1,Goodyear,4,814.32,110-883-545,110-883-5456524,A,980184500
40,6423,"MIDDLETOWN, NY",GOODYEAR TIRE & RUBBER CO,GOODYEAR,980211288,235/45R18 94V ASRAS,1,Goodyear,2,310.58,407-991-374,407-991-3746423,,
27,6242,"DUBLIN, OH",GOODYEAR TIRE & RUBBER CO,GOODYEAR,980119826,235/55R17 99H MAXLIF,1,Goodyear,4,673.44,110-319-545,110-319-5456242,A,980119825
29,7658,BRUNSWICK GA,GOODYEAR TIRE & RUBBER CO,GOODYEAR,980124563,P255/60R19108HMAXLIF,1,Goodyear,1,198.43,110-932-545,110-932-5457658,,
28,4739,"SNELLVILLE, GA",GOODYEAR TIRE & RUBBER CO,GOODYEAR,335207,245/40R19 94W SPRTAS,1,Goodyear,1,222.81,109-077-366,109-077-3664739,,
33,4846,"MENTOR, OH",GOODYEAR TIRE & RUBBER CO,GOODYEAR,980319112,235/50R19 99V DRIVE,1,Goodyear,4,879.68,413-024-582,413-024-5824846,,
26,6667,"YPSILANTI, MI",GOODYEAR TIRE & RUBBER CO,GOODYEAR,107989,225/55R17 97T ASRAS,1,Goodyear,1,129.5,407-726-374,407-726-3746667,,
34,4711,"VIRGINIA BEACH, VA",GOODYEAR TIRE & RUBBER CO,GOODYEAR,610808,215/50R17 91V ASRAS,1,Goodyear,1,127.1,407-790-374,407-790-3744711,,
24,8213,"COLUMBUS, GA",GOODYEAR TIRE & RUBBER CO,GOODYEAR,980124560,275/60R20 115S TLRNR,1,Goodyear,4,861.32,741-178-681,741-178-6818213,A,980225987
35,6570,"RALEIGH, NC",GOODYEAR TIRE & RUBBER CO,GOODYEAR,980119826,235/55R17 99H MAXLIF,1,Goodyear,1,168.36,110-319-545,110-319-5456570,,
32,6341,"SUNRISE, FL",GOODYEAR TIRE & RUBBER CO,GOODYEAR,980418994,265/70R18 116T WRKHT,1,Goodyear,4,703.08,116-075-652,116-075-6526341,,
31,4998,"THE VILLAGES, FL",GOODYEAR TIRE & RUBBER CO,GOODYEAR,980137898,235/45R18X 98V EAGTR,1,Goodyear,4,545.88,102-964-559,102-964-5594998,,
39,6693,"LANGHORNE, PA",GOODYEAR TIRE & RUBBER CO,GOODYEAR,980114254,195/65R15 91H MAXLIF,1,Goodyear,1,112.65,110-489-545,110-489-5456693,A,980184501
23,8107,"HUNTSVILLE, AL",GOODYEAR TIRE & RUBBER CO,GOODYEAR,980419012,LT225/75R16E WRKHT,1,Goodyear,1,156.52,131-748-875,131-748-8758107,,
35,8218,"FAYETTEVILLE,NC",GOODYEAR TIRE & RUBBER CO,GOODYEAR,980137892,235/55R20 102VMAXLIF,1,Goodyear,5,938,110-928-545,110-928-5458218,A,980197521
31,6387,PINELLAS PARK FL,GOODYEAR TIRE & RUBBER CO,GOODYEAR,289981,185/55R15 82T INTE,1,Goodyear,2,251.66,402-602-047,402-602-0476387,,
9,8163,"COLUMBIA, MO",GOODYEAR TIRE & RUBBER CO,GOODYEAR,984207910,255/40R20X 101W EDV2,1,Goodyear,1,255.05,483-204-681,483-204-6818163,,
26,6412,"SOUTHGATE, MI",GOODYEAR TIRE & RUBBER CO,GOODYEAR,980419012,LT225/75R16E WRKHT,1,Goodyear,4,626.08,131-748-875,131-748-8756412,,
38,6653,"GAITHERSBURG, MD",GOODYEAR TIRE & RUBBER CO,GOODYEAR,881133,185/65R15 88T ASRAS,1,Goodyear,4,336.6,407-259-374,407-259-3746653,,
35,4872,COLUMBIA NE SC,GOODYEAR TIRE & RUBBER CO,GOODYEAR,676050,P245/70R17 108T F HL,1,Goodyear,1,182.58,151-056-203,151-056-2034872,,
1,6612,"CONCORD, CA",GOODYEAR TIRE & RUBBER CO,GOODYEAR,610801,245/40R19X 98V LS2RF,1,Goodyear,1,391.53,706-387-322,706-387-3226612,,
1,4768,"RENO, NV",GOODYEAR TIRE & RUBBER CO,GOODYEAR,980124580,205/50R17 89V MAXLIF,1,Goodyear,4,634.56,110-980-545,110-980-5454768,,
38,4771,SEVERN MD,GOODYEAR TIRE & RUBBER CO,GOODYEAR,980317784,215/50R17X 95V DRIVE,1,Goodyear,4,693.48,413-941-582,413-941-5824771,,
18,6310,"FRIDLEY, MN",GOODYEAR TIRE & RUBBER CO,GOODYEAR,980317783,225/55R18 98V DRIVE,1,Goodyear,4,729,413-033-582,413-033-5826310,,
23,4740,"SOUTHAVEN, MS",GOODYEAR TIRE & RUBBER CO,GOODYEAR,21954,P255/65R18 109S F HL,1,Goodyear,1,224.85,151-559-248,151-559-2484740,,
4,6205,"YUMA, AZ",GOODYEAR TIRE & RUBBER CO,GOODYEAR,980137895,245/50R20 102VMAXLIF,1,Goodyear,2,415.12,110-927-545,110-927-5456205,A,980197524
34,6524,"COLONIAL HEIGHTS, VA",GOODYEAR TIRE & RUBBER CO,GOODYEAR,980418991,255/65R18 111T WRKHT,1,Goodyear,4,708,116-003-632,116-003-6326524,A,984238084
38,6434,"LAUREL, MD",GOODYEAR TIRE & RUBBER CO,GOODYEAR,719309,225/55R16 95H ASRAS,1,Goodyear,2,222.26,407-165-374,407-165-3746434,,
35,4831,"DURHAM (S), NC",GOODYEAR TIRE & RUBBER CO,GOODYEAR,980114262,235/55R18 100VMAXLIF,1,Goodyear,1,188.19,110-496-545,110-496-5454831,A,980131000
1,4799,"CITRUS HEIGHTS, CA",GOODYEAR TIRE & RUBBER CO,GOODYEAR,980254975,235/55R20 102V EAGTR,1,Goodyear,2,384.46,102-928-387,102-928-3874799,,
39,8160,"TEMPLE, PA",GOODYEAR TIRE & RUBBER CO,GOODYEAR,980317778,245/60R18 105V DRIVE,1,Goodyear,1,199.94,413-012-582,413-012-5828160,,
35,4872,COLUMBIA NE SC,GOODYEAR TIRE & RUBBER CO,GOODYEAR,365923,245/50R18 100VSPRTAS,1,Goodyear,4,810.68,109-089-366,109-089-3664872,,
14,6422,"LONGVIEW, TX",GOODYEAR TIRE & RUBBER CO,GOODYEAR,140297,245/75R17 112T ADVEN,1,Goodyear,4,736.72,758-177-707,758-177-7076422,,
13,6245,Harker Heights TX,GOODYEAR TIRE & RUBBER CO,GOODYEAR,980137891,235/55R19 101VMAXLIF,1,Goodyear,1,203.58,110-883-545,110-883-5456245,A,980184500
13,6245,Harker Heights TX,GOODYEAR TIRE & RUBBER CO,GOODYEAR,980239407,275/40ZR20X 106YEXHL,1,Goodyear,1,238.39,104-029-568,104-029-5686245,,
10,6350,"SHERMAN, TX",GOODYEAR TIRE & RUBBER CO,GOODYEAR,980421312,235/75R17 109T WRKHT,1,Goodyear,4,661.96,116-082-632,116-082-6326350,,
12,4958,"SAN MARCOS, TX",GOODYEAR TIRE & RUBBER CO,GOODYEAR,980114274,225/50R17 94V MAXLIF,1,Goodyear,4,611.72,110-982-545,110-982-5454958,A,980116055
17,6527,"BATON ROUGE, LA",GOODYEAR TIRE & RUBBER CO,GOODYEAR,980114274,225/50R17 94V MAXLIF,1,Goodyear,8,1223.44,110-982-545,110-982-5456527,,
17,8221,"HARVEY, LA",GOODYEAR TIRE & RUBBER CO,GOODYEAR,980114275,225/60R17 99H MAXLIF,1,Goodyear,1,164.75,110-979-545,110-979-5458221,,
2,6619,"ONTARIO, CA",GOODYEAR TIRE & RUBBER CO,GOODYEAR,980114270,225/55R18 98H MAXLIF,1,Goodyear,4,655.12,110-935-545,110-935-5456619,A,980131001
12,4939,"SAN ANTONIO (BROOKS), TX",GOODYEAR TIRE & RUBBER CO,GOODYEAR,980114277,215/70R16 100HMAXLIF,1,Goodyear,4,626.52,110-954-545,110-954-5454939,,
38,6653,"GAITHERSBURG, MD",GOODYEAR TIRE & RUBBER CO,GOODYEAR,980124565,225/60R18 100HMAXLIF,1,Goodyear,2,323.18,110-363-545,110-363-5456653,A,980184585
38,6371,"WOODBRIDGE, VA",GOODYEAR TIRE & RUBBER CO,GOODYEAR,980390303,215/55R16X 97H MXLIF,1,Goodyear,2,262.18,110-507-545,110-507-5456371,,
5,6360,"GRAND JUNCTION, CO",GOODYEAR TIRE & RUBBER CO,GOODYEAR,980114265,235/60R18 103VMAXLIF,1,Goodyear,4,731.36,110-934-545,110-934-5456360,A,980116262
31,4861,"ST PETERSBURG, FL",GOODYEAR TIRE & RUBBER CO,GOODYEAR,881175,235/60R16 100T ASRAS,1,Goodyear,4,441.68,407-784-374,407-784-3744861,,
26,6659,"MADISON HEIGHTS, MI",GOODYEAR TIRE & RUBBER CO,GOODYEAR,980239392,235/50R18 97H ASRAS,1,Goodyear,2,307.68,407-004-374,407-004-3746659,,
31,6441,"LAKELAND (N),FL",GOODYEAR TIRE & RUBBER CO,GOODYEAR,335200,225/40R18X 92WSPRTAS,1,Goodyear,4,553.16,109-055-366,109-055-3666441,,
24,4724,"HOOVER, AL",GOODYEAR TIRE & RUBBER CO,GOODYEAR,720856,215/55R17 94H ASRAS,1,Goodyear,1,122.57,407-213-374,407-213-3744724,,
34,6351,"NEWPORT NEWS, VA",GOODYEAR TIRE & RUBBER CO,GOODYEAR,980137898,235/45R18X 98V EAGTR,1,Goodyear,4,539.04,102-964-559,102-964-5596351,,
26,6666,"CANTON, MI",GOODYEAR TIRE & RUBBER CO,GOODYEAR,980114273,215/60R16 95V MAXLIF,1,Goodyear,1,128.52,110-571-545,110-571-5456666,A,980116056
13,6259,"ROUND ROCK, TX",GOODYEAR TIRE & RUBBER CO,GOODYEAR,127308,265/60R18 110T ADVEN,1,Goodyear,2,435.7,758-076-571,758-076-5716259,,
2,4709,"CORONA, CA",GOODYEAR TIRE & RUBBER CO,GOODYEAR,335200,225/40R18X 92WSPRTAS,1,Goodyear,1,138.29,109-055-366,109-055-3664709,A,393179
28,8158,WOODSTOCK GA,GOODYEAR TIRE & RUBBER CO,GOODYEAR,980211265,245/40ZR18X 97Y EXHL,1,Goodyear,2,348.68,104-011-568,104-011-5688158,,
29,8202,"SAVANNAH, GA",GOODYEAR TIRE & RUBBER CO,GOODYEAR,980114273,215/60R16 95V MAXLIF,1,Goodyear,1,128.52,110-571-545,110-571-5458202,A,980116056
27,6242,"DUBLIN, OH",GOODYEAR TIRE & RUBBER CO,GOODYEAR,983195,P255/50R20 104V RSA,1,Goodyear,2,441.9,732-550-500,732-550-5006242,,
11,8282,"DALLAS (S), TX",GOODYEAR TIRE & RUBBER CO,GOODYEAR,125594,225/55R18 98H ASRAS,1,Goodyear,1,140.67,407-867-374,407-867-3748282,,
16,4969,"BENTONVILLE, AR",GOODYEAR TIRE & RUBBER CO,GOODYEAR,364781,P275/40ZR18 94YGSEMT,1,Goodyear,1,646.39,406-390-063,406-390-0634969,,
29,6363,"JACKSONVILLE (W), FL",GOODYEAR TIRE & RUBBER CO,GOODYEAR,920095,P245/65R17 105T F HL,1,Goodyear,1,156.5,151-284-203,151-284-2036363,,
17,6527,"BATON ROUGE, LA",GOODYEAR TIRE & RUBBER CO,GOODYEAR,692896,215/55R16 93H ASRAS,1,Goodyear,4,440.92,407-525-374,407-525-3746527,,
40,8191,"WILKES-BARRE,PA",GOODYEAR TIRE & RUBBER CO,GOODYEAR,984188232,255/70R18X 116T WDRT,1,Goodyear,4,975.76,150-028-991,150-028-9918191,,
9,8163,"COLUMBIA, MO",GOODYEAR TIRE & RUBBER CO,GOODYEAR,335274,235/50R17 96W SPRTAS,1,Goodyear,4,609.4,109-064-366,109-064-3668163,,
34,8228,"WINSTON-SALEM, NC",GOODYEAR TIRE & RUBBER CO,GOODYEAR,158905,275/55R20 113T ADVEN,1,Goodyear,4,992.36,758-065-572,758-065-5728228,,
34,6524,"COLONIAL HEIGHTS, VA",GOODYEAR TIRE & RUBBER CO,GOODYEAR,980239409,235/60R18 103H ASRAS,1,Goodyear,4,666.6,407-815-374,407-815-3746524,,
34,8220,"ROANOKE, VA",GOODYEAR TIRE & RUBBER CO,GOODYEAR,984188231,265/70R17X 116T WDRT,1,Goodyear,6,1217.64,150-027-991,150-027-9918220,,
13,8259,"AUSTIN, TX",GOODYEAR TIRE & RUBBER CO,GOODYEAR,980114261,225/60R16 98H MAXLIF,1,Goodyear,4,513.4,110-407-545,110-407-5458259,,
36,8138,"DAYTONA BEACH, FL",GOODYEAR TIRE & RUBBER CO,GOODYEAR,335200,225/40R18X 92WSPRTAS,1,Goodyear,3,414.87,109-055-366,109-055-3668138,,
23,8112,"CHATTANOOGA, TN",GOODYEAR TIRE & RUBBER CO,GOODYEAR,980137890,265/60R18 110HMAXLIF,1,Goodyear,4,775.44,110-957-545,110-957-5458112,,
17,6527,"BATON ROUGE, LA",GOODYEAR TIRE & RUBBER CO,GOODYEAR,980321134,225/55R19 99V DRIVE,1,Goodyear,4,850.92,413-019-582,413-019-5826527,,
13,6421,"CONROE, TX",GOODYEAR TIRE & RUBBER CO,GOODYEAR,980418990,255/70R17 112T WRKHT,1,Goodyear,1,178.29,116-002-652,116-002-6526421,,
29,6363,"JACKSONVILLE (W), FL",GOODYEAR TIRE & RUBBER CO,GOODYEAR,720864,225/65R16 100T ASRAS,1,Goodyear,1,113.39,407-786-374,407-786-3746363,,
23,8112,"CHATTANOOGA, TN",GOODYEAR TIRE & RUBBER CO,GOODYEAR,692903,195/60R15 88T ASRAS,1,Goodyear,4,337.96,407-740-374,407-740-3748112,,
14,6422,"LONGVIEW, TX",GOODYEAR TIRE & RUBBER CO,GOODYEAR,849887,P275/60R20 114S SRA,1,Goodyear,1,203.29,183-934-436,183-934-4366422,,
14,6482,"DALLAS (E), TX",GOODYEAR TIRE & RUBBER CO,GOODYEAR,980114264,235/60R17 102HMAXLIF,1,Goodyear,1,163.96,110-488-545,110-488-5456482,A,980116261
5,6634,"LONE TREE, CO",GOODYEAR TIRE & RUBBER CO,GOODYEAR,980434379,255/55R20 107V SF HT,1,Goodyear,4,740,269-025-969,269-025-9696634,,
31,6401,"TAMPA, FL",GOODYEAR TIRE & RUBBER CO,GOODYEAR,980239394,275/35ZR18 95Y EXHIL,1,Goodyear,2,436.78,104-027-568,104-027-5686401,,
32,8130,"FORT MYERS, FL",GOODYEAR TIRE & RUBBER CO,GOODYEAR,980317778,245/60R18 105V DRIVE,1,Goodyear,2,374.54,413-012-582,413-012-5828130,,
34,8220,"ROANOKE, VA",GOODYEAR TIRE & RUBBER CO,GOODYEAR,980137898,235/45R18X 98V EAGTR,1,Goodyear,4,540.8,102-964-559,102-964-5598220,,
1,4799,"CITRUS HEIGHTS, CA",GOODYEAR TIRE & RUBBER CO,GOODYEAR,980137894,235/40R19X 96VMAXLIF,1,Goodyear,1,193.02,110-918-545,110-918-5454799,,
32,4857,CAPE CORAL (PINE) FL,GOODYEAR TIRE & RUBBER CO,GOODYEAR,980317780,235/55R19 101V DRIVE,1,Goodyear,4,814.68,413-965-582,413-965-5824857,,
23,4740,"SOUTHAVEN, MS",GOODYEAR TIRE & RUBBER CO,GOODYEAR,249153,255/45R20 101WSPRTAS,1,Goodyear,4,825.6,109-082-366,109-082-3664740,,
30,4917,Mooresville NC,GOODYEAR TIRE & RUBBER CO,GOODYEAR,980254968,205/65R16 95H AMAX,1,Goodyear,4,509.96,738-003-571,738-003-5714917,,
28,8158,WOODSTOCK GA,GOODYEAR TIRE & RUBBER CO,GOODYEAR,980319110,255/50R20X 109VDRIVE,1,Goodyear,4,916.72,413-037-582,413-037-5828158,,
31,6387,PINELLAS PARK FL,GOODYEAR TIRE & RUBBER CO,GOODYEAR,980346642,LT225/75R16E WRKAT,1,Goodyear,4,588,481-748-855,481-748-8556387,,
28,4780,"BUFORD, GA",GOODYEAR TIRE & RUBBER CO,GOODYEAR,980418991,255/65R18 111T WRKHT,1,Goodyear,4,708,116-003-632,116-003-6324780,,
4,6606,"PHOENIX, AZ",GOODYEAR TIRE & RUBBER CO,GOODYEAR,980137881,245/60R18 105HMAXLIF,1,Goodyear,4,731.48,110-819-545,110-819-5456606,A,980137878
31,8201,"BRADENTON, FL",GOODYEAR TIRE & RUBBER CO,GOODYEAR,108038,205/65R15 94T ASRAS,1,Goodyear,3,276.27,407-478-374,407-478-3748201,,
2,6610,"CHINO, CA",GOODYEAR TIRE & RUBBER CO,GOODYEAR,980417314,C235/65R16E WRKAT,1,Goodyear,4,696.16,481-195-855,481-195-8556610,,
1,4755,"HONOLULU, HI",GOODYEAR TIRE & RUBBER CO,GOODYEAR,980137886,225/45R18 91V MAXLIF,1,Goodyear,4,660.12,110-938-545,110-938-5454755,A,980197520
8,8162,"CEDAR RAPIDS,IA",GOODYEAR TIRE & RUBBER CO,GOODYEAR,107948,225/60R18 100H ASRAS,1,Goodyear,4,509.36,407-795-374,407-795-3748162,,
23,4740,"SOUTHAVEN, MS",GOODYEAR TIRE & RUBBER CO,GOODYEAR,249152,245/45R20X 103WSPTAS,1,Goodyear,4,853.8,109-069-366,109-069-3664740,,
29,4820,"POOLER, GA",GOODYEAR TIRE & RUBBER CO,GOODYEAR,984188226,265/70R16X 116T WDRT,1,Goodyear,4,758.96,150-020-991,150-020-9914820,,
31,6387,PINELLAS PARK FL,GOODYEAR TIRE & RUBBER CO,GOODYEAR,980239644,235/65R18 106VMAXLIF,1,Goodyear,4,701.4,110-022-545,110-022-5456387,A,980239645
35,6976,WAKE FOREST NC,GOODYEAR TIRE & RUBBER CO,GOODYEAR,980114261,225/60R16 98H MAXLIF,1,Goodyear,1,128.35,110-407-545,110-407-5456976,,
17,6527,"BATON ROUGE, LA",GOODYEAR TIRE & RUBBER CO,GOODYEAR,244396,P275/60R20 114S SRA,1,Goodyear,1,176.93,183-934-470,183-934-4706527,A,267382
35,6203,"COLUMBIA, SC",GOODYEAR TIRE & RUBBER CO,GOODYEAR,980114276,225/65R17 102HMAXLIF,1,Goodyear,4,613.52,110-981-545,110-981-5456203,A,980116049
35,6443,"GOLDSBORO, NC",GOODYEAR TIRE & RUBBER CO,GOODYEAR,980114268,P215/65R17 98HMAXLIF,1,Goodyear,1,152.25,110-943-545,110-943-5456443,,
33,6314,"ELYRIA, OH",GOODYEAR TIRE & RUBBER CO,GOODYEAR,126066,235/55R18 100H ASRAS,1,Goodyear,1,151.28,407-826-374,407-826-3746314,,
13,8259,"AUSTIN, TX",GOODYEAR TIRE & RUBBER CO,GOODYEAR,980077359,255/60R19 109HSPRTAS,1,Goodyear,2,365.08,109-110-366,109-110-3668259,,
6,8153,"EL PASO, TX",GOODYEAR TIRE & RUBBER CO,GOODYEAR,980114276,225/65R17 102HMAXLIF,1,Goodyear,1,153.38,110-981-545,110-981-5458153,A,980116049
1,4799,"CITRUS HEIGHTS, CA",GOODYEAR TIRE & RUBBER CO,GOODYEAR,980114262,235/55R18 100VMAXLIF,1,Goodyear,4,752.76,110-496-545,110-496-5454799,,
21,6489,"CALUMET CITY, IL",GOODYEAR TIRE & RUBBER CO,GOODYEAR,980114257,205/60R16 92V MAXLIF,1,Goodyear,4,559.92,110-953-545,110-953-5456489,A,980116053
17,8221,"HARVEY, LA",GOODYEAR TIRE & RUBBER CO,GOODYEAR,980114267,235/65R17 104HMAXLIF,1,Goodyear,4,658.48,110-188-545,110-188-5458221,A,980116052
31,4998,"THE VILLAGES, FL",GOODYEAR TIRE & RUBBER CO,GOODYEAR,980137891,235/55R19 101VMAXLIF,1,Goodyear,9,1832.22,110-883-545,110-883-5454998,A,980184500
14,6482,"DALLAS (E), TX",GOODYEAR TIRE & RUBBER CO,GOODYEAR,980124565,225/60R18 100HMAXLIF,1,Goodyear,1,161.59,110-363-545,110-363-5456482,A,980184585
11,8269,"GRAND PRAIRIE, TX",GOODYEAR TIRE & RUBBER CO,GOODYEAR,980079704,235/40R19X 96V EAGTR,1,Goodyear,2,386.76,102-918-387,102-918-3878269,,
9,6505,JEFFERSON CITY MO,GOODYEAR TIRE & RUBBER CO,GOODYEAR,980419008,LT265/75R16E WRKHT,1,Goodyear,4,782.64,131-746-954,131-746-9546505,,
1,4799,"CITRUS HEIGHTS, CA",GOODYEAR TIRE & RUBBER CO,GOODYEAR,980317778,245/60R18 105V DRIVE,1,Goodyear,1,202.52,413-012-582,413-012-5824799,,
24,4989,"AUBURN, AL",GOODYEAR TIRE & RUBBER CO,GOODYEAR,107975,205/65R16 95H ASRAS,1,Goodyear,2,207.58,407-780-374,407-780-3744989,,
7,4770,"EVANS, CO",GOODYEAR TIRE & RUBBER CO,GOODYEAR,980114272,215/50R17X 95VMAXLIF,1,Goodyear,1,152.34,110-977-545,110-977-5454770,A,980116051
27,6326,"REYNOLDSBURG, OH",GOODYEAR TIRE & RUBBER CO,GOODYEAR,980124559,275/65R18 116T FRTHT,1,Goodyear,4,861.04,157-066-708,157-066-7086326,,
38,4771,SEVERN MD,GOODYEAR TIRE & RUBBER CO,GOODYEAR,980418985,275/65R18 116T WRKHT,1,Goodyear,4,777.72,116-009-652,116-009-6524771,A,980418984
32,8130,"FORT MYERS, FL",GOODYEAR TIRE & RUBBER CO,GOODYEAR,881133,185/65R15 88T ASRAS,1,Goodyear,4,336.6,407-259-374,407-259-3748130,,
31,6387,PINELLAS PARK FL,GOODYEAR TIRE & RUBBER CO,GOODYEAR,980239410,245/60R18 105H ASRAS,1,Goodyear,1,169.34,407-819-374,407-819-3746387,,
20,8297,"ROCKFORD, IL",GOODYEAR TIRE & RUBBER CO,GOODYEAR,984217690,225/50R17 94V WRY2,1,Goodyear,1,159.99,767-085-673,767-085-6738297,A,984238068
14,6381,"LEWISVILLE, TX",GOODYEAR TIRE & RUBBER CO,GOODYEAR,980137898,235/45R18X 98V EAGTR,1,Goodyear,4,539.04,102-964-559,102-964-5596381,,
23,8196,"FLORENCE, AL",GOODYEAR TIRE & RUBBER CO,GOODYEAR,980087409,205/50R17 89V ASRAS,1,Goodyear,4,516.52,407-582-374,407-582-3748196,,
17,4837,"DENHAM SPRINGS, LA",GOODYEAR TIRE & RUBBER CO,GOODYEAR,107975,205/65R16 95H ASRAS,1,Goodyear,4,407.32,407-780-374,407-780-3744837,,
35,6570,"RALEIGH, NC",GOODYEAR TIRE & RUBBER CO,GOODYEAR,315523,245/45R18 96W SPRTAS,1,Goodyear,1,168.1,109-056-366,109-056-3666570,,
19,8251,"SAINT CHARLES, MO",GOODYEAR TIRE & RUBBER CO,GOODYEAR,980409551,P245/45R19 98V RSA2,1,Goodyear,1,167.59,107-172-659,107-172-6598251,,
12,4939,"SAN ANTONIO (BROOKS), TX",GOODYEAR TIRE & RUBBER CO,GOODYEAR,720864,225/65R16 100T ASRAS,1,Goodyear,4,453.56,407-786-374,407-786-3744939,,
39,8160,"TEMPLE, PA",GOODYEAR TIRE & RUBBER CO,GOODYEAR,692878,215/65R16 98T ASRAS,1,Goodyear,8,810.64,407-016-374,407-016-3748160,,
39,6536,"WHITEHALL, PA",GOODYEAR TIRE & RUBBER CO,GOODYEAR,980317785,215/55R16X 97H DRIVE,1,Goodyear,4,601.12,413-507-582,413-507-5826536,,
30,4901,EASLEY SC,GOODYEAR TIRE & RUBBER CO,GOODYEAR,692896,215/55R16 93H ASRAS,1,Goodyear,1,110.23,407-525-374,407-525-3744901,,
17,6527,"BATON ROUGE, LA",GOODYEAR TIRE & RUBBER CO,GOODYEAR,980319113,255/50R19X 107V DRIV,1,Goodyear,1,231.65,413-031-582,413-031-5826527,,
31,6401,"TAMPA, FL",GOODYEAR TIRE & RUBBER CO,GOODYEAR,980418985,275/65R18 116T WRKHT,1,Goodyear,4,777.72,116-009-652,116-009-6526401,A,980418984
25,6562,"MUSKEGON, MI",GOODYEAR TIRE & RUBBER CO,GOODYEAR,980137895,245/50R20 102VMAXLIF,1,Goodyear,2,415.12,110-927-545,110-927-5456562,,
15,8190,"LA MARQUE, TX",GOODYEAR TIRE & RUBBER CO,GOODYEAR,107948,225/60R18 100H ASRAS,1,Goodyear,2,255.96,407-795-374,407-795-3748190,,
30,4917,Mooresville NC,GOODYEAR TIRE & RUBBER CO,GOODYEAR,849845,P225/70R15 100S SRA,1,Goodyear,1,139.52,183-482-418,183-482-4184917,,
10,8241,"MIDWEST CITY, OK",GOODYEAR TIRE & RUBBER CO,GOODYEAR,980288552,235/75R15 105S TLRNR,1,Goodyear,4,435.24,741-126-681,741-126-6818241,,
4,4915,BULLHEAD CITY AZ,GOODYEAR TIRE & RUBBER CO,GOODYEAR,720856,215/55R17 94H ASRAS,1,Goodyear,1,122.57,407-213-374,407-213-3744915,,
27,6242,"DUBLIN, OH",GOODYEAR TIRE & RUBBER CO,GOODYEAR,980346629,LT245/75R16E WRKAT,1,Goodyear,4,712.84,481-103-855,481-103-8556242,,
1,4768,"RENO, NV",GOODYEAR TIRE & RUBBER CO,GOODYEAR,980114257,205/60R16 92V MAXLIF,1,Goodyear,2,256.62,110-953-545,110-953-5454768,A,980116053
27,6308,"COLUMBUS(W),OH",GOODYEAR TIRE & RUBBER CO,GOODYEAR,184794,P245/45R18 96V RSA,1,Goodyear,3,445.68,732-279-438,732-279-4386308,,
40,6423,"MIDDLETOWN, NY",GOODYEAR TIRE & RUBBER CO,GOODYEAR,980355411,235/70R17X 109TWRKAT,1,Goodyear,4,729.48,480-078-855,480-078-8556423,,
32,6217,"MIAMI, FL",GOODYEAR TIRE & RUBBER CO,GOODYEAR,342193,195/60R15 88H RSA,1,Goodyear,4,381.68,732-401-500,732-401-5006217,,
24,6361,"FT. WALTON BEACH, FL",GOODYEAR TIRE & RUBBER CO,GOODYEAR,995732,P255/60R19 108H RSA,1,Goodyear,4,797.36,732-587-500,732-587-5006361,,
24,8236,"GULFPORT, MS",GOODYEAR TIRE & RUBBER CO,GOODYEAR,158968,LT245/75R17E ADVEN,1,Goodyear,4,915.36,748-104-572,748-104-5728236,,
37,6440,"LATHAM, NY",GOODYEAR TIRE & RUBBER CO,GOODYEAR,980317792,255/40R19X 100V DRIV,1,Goodyear,2,489.7,413-028-582,413-028-5826440,,
23,4930,COOKEVILLE TN,GOODYEAR TIRE & RUBBER CO,GOODYEAR,980137895,245/50R20 102VMAXLIF,1,Goodyear,20,4151.2,110-927-545,110-927-5454930,A,980197524
7,8172,"FARGO, ND",GOODYEAR TIRE & RUBBER CO,GOODYEAR,676015,P275/60R20 114S SRA,1,Goodyear,4,785.64,183-934-492,183-934-4928172,,
20,6464,"DES PLAINES, IL",GOODYEAR TIRE & RUBBER CO,GOODYEAR,173237,265/70R16 112T FRTHT,1,Goodyear,4,737.8,157-045-622,157-045-6226464,,
1,4824,"SANTA CLARITA, CA",GOODYEAR TIRE & RUBBER CO,GOODYEAR,249153,255/45R20 101WSPRTAS,1,Goodyear,1,211.61,109-082-366,109-082-3664824,,
11,6781,KELLER TX,GOODYEAR TIRE & RUBBER CO,GOODYEAR,941314,235/60R17 102T ASRAS,1,Goodyear,1,129.45,407-323-374,407-323-3746781,,
26,4778,"AUBURN HILLS,MI",GOODYEAR TIRE & RUBBER CO,GOODYEAR,984217693,225/65R17 102H WRY2,1,Goodyear,4,639.56,767-088-673,767-088-6734778,A,984238071
29,4820,"POOLER, GA",GOODYEAR TIRE & RUBBER CO,GOODYEAR,980346632,265/70R16 112T WRKAT,1,Goodyear,4,666.48,480-045-856,480-045-8564820,A,980346621
11,6244,"FORT WORTH, TX",GOODYEAR TIRE & RUBBER CO,GOODYEAR,692931,195/65R15 91T ASRAS,1,Goodyear,2,169.92,407-477-374,407-477-3746244,,
7,4933,"BISMARCK, ND",GOODYEAR TIRE & RUBBER CO,GOODYEAR,125594,225/55R18 98H ASRAS,1,Goodyear,4,562.68,407-867-374,407-867-3744933,,
16,8134,"FT. SMITH, AR",GOODYEAR TIRE & RUBBER CO,GOODYEAR,980346637,275/55R20 113T WRKAT,1,Goodyear,4,832.44,480-065-855,480-065-8558134,A,980346626
28,8211,"DOUGLASVILLE,GA",GOODYEAR TIRE & RUBBER CO,GOODYEAR,108038,205/65R15 94T ASRAS,1,Goodyear,4,365.16,407-478-374,407-478-3748211,,
39,8145,"CINNAMINSON, NJ",GOODYEAR TIRE & RUBBER CO,GOODYEAR,980421315,LT245/70R17E WRKHT,1,Goodyear,4,794.84,131-469-875,131-469-8758145,,
30,4797,KANNAPOLIS NC,GOODYEAR TIRE & RUBBER CO,GOODYEAR,610823,255/65R17 110T FRTHT,1,Goodyear,5,892.7,157-069-622,157-069-6224797,,
1,4768,"RENO, NV",GOODYEAR TIRE & RUBBER CO,GOODYEAR,497871,235/45R18 94V LS2,1,Goodyear,4,597.04,706-038-163,706-038-1634768,,
27,6572,"KNOXVILLE, TN",GOODYEAR TIRE & RUBBER CO,GOODYEAR,980346637,275/55R20 113T WRKAT,1,Goodyear,4,832.44,480-065-855,480-065-8556572,A,980346626
15,8190,"LA MARQUE, TX",GOODYEAR TIRE & RUBBER CO,GOODYEAR,980434378,235/55R20 102V SF HT,1,Goodyear,4,798.72,269-024-969,269-024-9698190,,
2,4822,"MURRIETA, CA",GOODYEAR TIRE & RUBBER CO,GOODYEAR,980137895,245/50R20 102VMAXLIF,1,Goodyear,1,207.56,110-927-545,110-927-5454822,A,980197524
32,4972,"PORT ST LUCIE (W), FL",GOODYEAR TIRE & RUBBER CO,GOODYEAR,980137892,235/55R20 102VMAXLIF,1,Goodyear,4,750.4,110-928-545,110-928-5454972,A,980197521
19,4999,"QUINCY, IL",GOODYEAR TIRE & RUBBER CO,GOODYEAR,315523,245/45R18 96W SPRTAS,1,Goodyear,2,336.2,109-056-366,109-056-3664999,,
23,6329,"TUPELO, MS",GOODYEAR TIRE & RUBBER CO,GOODYEAR,980355407,LT275/65R18E WRKAT,1,Goodyear,1,248.28,481-965-856,481-965-8566329,,
7,8172,"FARGO, ND",GOODYEAR TIRE & RUBBER CO,GOODYEAR,980239643,215/60R17 96H MAXLIF,1,Goodyear,4,587.12,110-322-545,110-322-5458172,,
1,6405,"YUBA CITY, CA",GOODYEAR TIRE & RUBBER CO,GOODYEAR,980137890,265/60R18 110HMAXLIF,1,Goodyear,4,775.44,110-957-545,110-957-5456405,A,980301308
29,8115,"AUGUSTA, GA",GOODYEAR TIRE & RUBBER CO,GOODYEAR,980077360,245/50R20 102VSPRTAS,1,Goodyear,2,380.48,109-111-366,109-111-3668115,,
4,6205,"YUMA, AZ",GOODYEAR TIRE & RUBBER CO,GOODYEAR,314716,215/45R17X 91WSPRTAS,1,Goodyear,4,541.8,109-053-366,109-053-3666205,A,874674
8,6344,"WINDSOR HEIGHTS, IA",GOODYEAR TIRE & RUBBER CO,GOODYEAR,314716,215/45R17X 91WSPRTAS,1,Goodyear,4,541.8,109-053-366,109-053-3666344,,
27,6242,"DUBLIN, OH",GOODYEAR TIRE & RUBBER CO,GOODYEAR,127308,265/60R18 110T ADVEN,1,Goodyear,2,433.18,758-076-571,758-076-5716242,,
35,4872,COLUMBIA NE SC,GOODYEAR TIRE & RUBBER CO,GOODYEAR,980137892,235/55R20 102VMAXLIF,1,Goodyear,1,187.6,110-928-545,110-928-5454872,A,980197521
34,6368,"CHESAPEAKE, VA",GOODYEAR TIRE & RUBBER CO,GOODYEAR,980137895,245/50R20 102VMAXLIF,1,Goodyear,2,415.12,110-927-545,110-927-5456368,A,980197524
39,8160,"TEMPLE, PA",GOODYEAR TIRE & RUBBER CO,GOODYEAR,980346635,265/65R17 112T WRKAT,1,Goodyear,4,723.08,480-061-856,480-061-8568160,,
40,4774,"SECAUCUS, NJ",GOODYEAR TIRE & RUBBER CO,GOODYEAR,238467,P225/75R16 104S W ST,1,Goodyear,1,137.54,773-017-415,773-017-4154774,,
7,8172,"FARGO, ND",GOODYEAR TIRE & RUBBER CO,GOODYEAR,126066,235/55R18 100H ASRAS,1,Goodyear,4,600.56,407-826-374,407-826-3748172,,
5,6634,"LONE TREE, CO",GOODYEAR TIRE & RUBBER CO,GOODYEAR,980346640,LT235/85R16E WRKAT,1,Goodyear,4,735.64,481-745-855,481-745-8556634,,
33,6317,"NORTH CANTON, OH",GOODYEAR TIRE & RUBBER CO,GOODYEAR,980346629,LT245/75R16E WRKAT,1,Goodyear,4,712.84,481-103-855,481-103-8556317,,
9,6505,JEFFERSON CITY MO,GOODYEAR TIRE & RUBBER CO,GOODYEAR,127597,245/65R17 107T ADVEN,1,Goodyear,4,700,758-592-572,758-592-5726505,,
27,6518,"BRISTOL,VA",GOODYEAR TIRE & RUBBER CO,GOODYEAR,980434379,255/55R20 107V SF HT,1,Goodyear,8,1480,269-025-969,269-025-9696518,,
31,4998,"THE VILLAGES, FL",GOODYEAR TIRE & RUBBER CO,GOODYEAR,984217693,225/65R17 102H WRY2,1,Goodyear,4,639.56,767-088-673,767-088-6734998,,
39,8144,"PLEASANTVILLE, NJ",GOODYEAR TIRE & RUBBER CO,GOODYEAR,980321133,245/55R19 103V DRIVE,1,Goodyear,1,227.97,413-014-582,413-014-5828144,,
11,8277,"WESTWORTH VILLAGE, TX",GOODYEAR TIRE & RUBBER CO,GOODYEAR,980317768,215/60R16 95V DRIVE,1,Goodyear,1,138.14,413-571-582,413-571-5828277,,
34,6458,"LYNCHBURG, VA",GOODYEAR TIRE & RUBBER CO,GOODYEAR,980317793,255/45R20X 105V DRIV,1,Goodyear,4,883.52,413-030-582,413-030-5826458,,
37,6675,"ERIE, PA",GOODYEAR TIRE & RUBBER CO,GOODYEAR,980293883,235/60R18X 107H CMUL,1,Goodyear,4,626.96,781-027-579,781-027-5796675,,
5,6634,"LONE TREE, CO",GOODYEAR TIRE & RUBBER CO,GOODYEAR,980137886,225/45R18 91V MAXLIF,1,Goodyear,4,650.56,110-938-545,110-938-5456634,,
22,4876,"BOWLING GREEN, KY",GOODYEAR TIRE & RUBBER CO,GOODYEAR,984207899,235/45R18X 98W EDV2,1,Goodyear,2,394.66,483-165-681,483-165-6814876,,
33,4847,GREENSBURG PA,GOODYEAR TIRE & RUBBER CO,GOODYEAR,980319110,255/50R20X 109VDRIVE,1,Goodyear,4,903.6,413-037-582,413-037-5824847,,
31,4998,"THE VILLAGES, FL",GOODYEAR TIRE & RUBBER CO,GOODYEAR,433604,225/65R17 102H CSMAX,1,Goodyear,4,688.88,755-667-383,755-667-3834998,,
23,6507,"JACKSON, TN",GOODYEAR TIRE & RUBBER CO,GOODYEAR,980137882,225/55R19 99V MAXLIF,1,Goodyear,4,803.08,110-930-545,110-930-5456507,,
13,6245,Harker Heights TX,GOODYEAR TIRE & RUBBER CO,GOODYEAR,126031,285/35R22X106WF1ASM3,1,Goodyear,2,464.58,783-411-388,783-411-3886245,,
27,6242,"DUBLIN, OH",GOODYEAR TIRE & RUBBER CO,GOODYEAR,676050,P245/70R17 108T F HL,1,Goodyear,4,730.32,151-056-203,151-056-2036242,,
17,6527,"BATON ROUGE, LA",GOODYEAR TIRE & RUBBER CO,GOODYEAR,980137893,255/55R20 107HMAXLIF,1,Goodyear,4,853.52,110-929-545,110-929-5456527,,
5,8272,"COLORADO SPRINGS, CO",GOODYEAR TIRE & RUBBER CO,GOODYEAR,335200,225/40R18X 92WSPRTAS,1,Goodyear,1,138.29,109-055-366,109-055-3668272,,
34,4711,"VIRGINIA BEACH, VA",GOODYEAR TIRE & RUBBER CO,GOODYEAR,692878,215/65R16 98T ASRAS,1,Goodyear,2,202.66,407-016-374,407-016-3744711,,
34,6354,"MIDLOTHIAN, VA",GOODYEAR TIRE & RUBBER CO,GOODYEAR,980114261,225/60R16 98H MAXLIF,1,Goodyear,2,269.78,110-407-545,110-407-5456354,,
5,4745,"THORNTON, CO",GOODYEAR TIRE & RUBBER CO,GOODYEAR,980114255,205/55R16 91H MAXLIF,1,Goodyear,4,521.24,110-952-545,110-952-5454745,A,980116058
24,8213,"COLUMBUS, GA",GOODYEAR TIRE & RUBBER CO,GOODYEAR,980114267,235/65R17 104HMAXLIF,1,Goodyear,2,329.24,110-188-545,110-188-5458213,A,980116052
23,4740,"SOUTHAVEN, MS",GOODYEAR TIRE & RUBBER CO,GOODYEAR,610704,265/70R17 115T FRTHT,1,Goodyear,1,183.08,157-042-620,157-042-6204740,,
31,6420,"CLEARWATER, FL",GOODYEAR TIRE & RUBBER CO,GOODYEAR,980211289,245/45R18 96V ASRAS,1,Goodyear,1,172.46,407-005-374,407-005-3746420,,
6,6246,EL PASO TX,GOODYEAR TIRE & RUBBER CO,GOODYEAR,314672,255/40R18X 99WSPRTAS,1,Goodyear,2,383.7,109-072-366,109-072-3666246,,
2,6610,"CHINO, CA",GOODYEAR TIRE & RUBBER CO,GOODYEAR,980114264,235/60R17 102HMAXLIF,1,Goodyear,4,655.84,110-488-545,110-488-5456610,A,980116261
30,4917,Mooresville NC,GOODYEAR TIRE & RUBBER CO,GOODYEAR,720885,225/60R17 99T ASRAS,1,Goodyear,4,481.2,407-723-374,407-723-3744917,,
18,8164,"WAUKESHA, WI",GOODYEAR TIRE & RUBBER CO,GOODYEAR,980419010,245/75R16 111T WRKHT,1,Goodyear,4,559.84,116-084-652,116-084-6528164,,
5,6635,"LITTLETON, CO",GOODYEAR TIRE & RUBBER CO,GOODYEAR,980434380,235/50R19 99H SF HT,1,Goodyear,1,195.32,269-030-969,269-030-9696635,,
30,6348,"PINEVILLE, NC",GOODYEAR TIRE & RUBBER CO,GOODYEAR,980390303,215/55R16X 97H MXLIF,1,Goodyear,1,131.09,110-507-545,110-507-5456348,,
1,4799,"CITRUS HEIGHTS, CA",GOODYEAR TIRE & RUBBER CO,GOODYEAR,881133,185/65R15 88T ASRAS,1,Goodyear,4,336.6,407-259-374,407-259-3744799,,
31,4801,"RIVERVIEW, FL",GOODYEAR TIRE & RUBBER CO,GOODYEAR,980137895,245/50R20 102VMAXLIF,1,Goodyear,2,421.56,110-927-545,110-927-5454801,A,980197524
20,8297,"ROCKFORD, IL",GOODYEAR TIRE & RUBBER CO,GOODYEAR,849845,P225/70R15 100S SRA,1,Goodyear,1,133.9,183-482-418,183-482-4188297,,
23,6256,"MEMPHIS (S), TN",GOODYEAR TIRE & RUBBER CO,GOODYEAR,980114274,225/50R17 94V MAXLIF,1,Goodyear,1,155.39,110-982-545,110-982-5456256,,
26,6667,"YPSILANTI, MI",GOODYEAR TIRE & RUBBER CO,GOODYEAR,980114262,235/55R18 100VMAXLIF,1,Goodyear,4,752.76,110-496-545,110-496-5456667,,
39,8175,"HARRISBURG, PA",GOODYEAR TIRE & RUBBER CO,GOODYEAR,629894,225/50R18 95H LS2,1,Goodyear,4,579.28,706-171-163,706-171-1638175,,
27,6572,"KNOXVILLE, TN",GOODYEAR TIRE & RUBBER CO,GOODYEAR,980137893,255/55R20 107HMAXLIF,1,Goodyear,4,853.52,110-929-545,110-929-5456572,,
17,6527,"BATON ROUGE, LA",GOODYEAR TIRE & RUBBER CO,GOODYEAR,984188240,LT275/65R18E WDRTLT,1,Goodyear,4,1142.04,176-092-991,176-092-9916527,,
35,8218,"FAYETTEVILLE,NC",GOODYEAR TIRE & RUBBER CO,GOODYEAR,980379656,235/45R19 95H DRIVE,1,Goodyear,4,862.44,413-025-582,413-025-5828218,,
35,8218,"FAYETTEVILLE,NC",GOODYEAR TIRE & RUBBER CO,GOODYEAR,941314,235/60R17 102T ASRAS,1,Goodyear,4,517.8,407-323-374,407-323-3748218,,
31,6420,"CLEARWATER, FL",GOODYEAR TIRE & RUBBER CO,GOODYEAR,315497,245/40R18 93W SPRTAS,1,Goodyear,4,690.28,109-057-366,109-057-3666420,,
27,6242,"DUBLIN, OH",GOODYEAR TIRE & RUBBER CO,GOODYEAR,692931,195/65R15 91T ASRAS,1,Goodyear,8,695.36,407-477-374,407-477-3746242,,
2,6616,"FULLERTON, CA",GOODYEAR TIRE & RUBBER CO,GOODYEAR,140406,245/40R20 95W EAGTR,1,Goodyear,5,1099.2,102-850-387,102-850-3876616,,
19,4999,"QUINCY, IL",GOODYEAR TIRE & RUBBER CO,GOODYEAR,692889,215/60R16 95T ASRAS,1,Goodyear,4,390.84,407-562-374,407-562-3744999,,
34,8220,"ROANOKE, VA",GOODYEAR TIRE & RUBBER CO,GOODYEAR,980239409,235/60R18 103H ASRAS,1,Goodyear,4,670.08,407-815-374,407-815-3748220,,
20,6349,"EVERGREEN PARK, IL",GOODYEAR TIRE & RUBBER CO,GOODYEAR,980239393,225/55R19 99V ASRAS,1,Goodyear,4,700.76,407-930-374,407-930-3746349,,
14,6376,"ADDISON, TX",GOODYEAR TIRE & RUBBER CO,GOODYEAR,610773,195/55R16 87T ASRAS,1,Goodyear,1,114.61,407-787-374,407-787-3746376,,
2,4709,"CORONA, CA",GOODYEAR TIRE & RUBBER CO,GOODYEAR,980114254,195/65R15 91H MAXLIF,1,Goodyear,4,450.6,110-489-545,110-489-5454709,A,980184501
28,6643,CLAIRMONT GA,GOODYEAR TIRE & RUBBER CO,GOODYEAR,692878,215/65R16 98T ASRAS,1,Goodyear,2,202.66,407-016-374,407-016-3746643,,
34,8220,"ROANOKE, VA",GOODYEAR TIRE & RUBBER CO,GOODYEAR,980421315,LT245/70R17E WRKHT,1,Goodyear,4,794.84,131-469-875,131-469-8758220,,
30,4917,Mooresville NC,GOODYEAR TIRE & RUBBER CO,GOODYEAR,980239392,235/50R18 97H ASRAS,1,Goodyear,1,153.84,407-004-374,407-004-3744917,,
26,6660,"PORT HURON, MI",GOODYEAR TIRE & RUBBER CO,GOODYEAR,984188283,225/60R17X 103V UGP+,1,Goodyear,4,596.84,117-048-646,117-048-6466660,,
13,6259,"ROUND ROCK, TX",GOODYEAR TIRE & RUBBER CO,GOODYEAR,984188244,LT245/75R16E WDRTLT,1,Goodyear,4,872.44,176-103-991,176-103-9916259,,
6,4938,"ALBUQUERQUE (CENTRAL), NM",GOODYEAR TIRE & RUBBER CO,GOODYEAR,158891,LT245/75R16E ADVEN,1,Goodyear,4,845.8,748-103-572,748-103-5724938,,
34,8228,"WINSTON-SALEM, NC",GOODYEAR TIRE & RUBBER CO,GOODYEAR,984207897,255/45R19X 104W EDV2,1,Goodyear,4,982.76,483-159-681,483-159-6818228,,
39,6670,"DEPTFORD, NJ",GOODYEAR TIRE & RUBBER CO,GOODYEAR,980317779,245/50R20 102V DRIVE,1,Goodyear,2,453.64,413-927-582,413-927-5826670,,
14,6255,"PLANO(N),TX",GOODYEAR TIRE & RUBBER CO,GOODYEAR,107913,215/70R16 100T ASRAS,1,Goodyear,4,445.16,407-782-374,407-782-3746255,,
20,6487,"ADDISON, IL",GOODYEAR TIRE & RUBBER CO,GOODYEAR,849845,P225/70R15 100S SRA,1,Goodyear,1,139.52,183-482-418,183-482-4186487,,
33,4847,GREENSBURG PA,GOODYEAR TIRE & RUBBER CO,GOODYEAR,980418987,245/70R17 110T WRKHT,1,Goodyear,1,161.47,116-080-652,116-080-6524847,,
37,6322,"BOARDMAN, OH",GOODYEAR TIRE & RUBBER CO,GOODYEAR,980293886,195/65R15 91T  CMUL,1,Goodyear,2,186.2,781-001-579,781-001-5796322,,
31,6448,"NEW PORT RICHEY, FL",GOODYEAR TIRE & RUBBER CO,GOODYEAR,980239409,235/60R18 103H ASRAS,1,Goodyear,4,666.6,407-815-374,407-815-3746448,,
23,4740,"SOUTHAVEN, MS",GOODYEAR TIRE & RUBBER CO,GOODYEAR,980409551,P245/45R19 98V RSA2,1,Goodyear,3,502.77,107-172-659,107-172-6594740,,
7,8165,"SIOUX FALLS, SD",GOODYEAR TIRE & RUBBER CO,GOODYEAR,125594,225/55R18 98H ASRAS,1,Goodyear,1,140.67,407-867-374,407-867-3748165,,
18,6309,"WHITE BEAR LAKE, MN",GOODYEAR TIRE & RUBBER CO,GOODYEAR,980379659,235/70R16 106T WRKAT,1,Goodyear,4,588.56,480-043-856,480-043-8566309,,
31,8155,"GAINESVILLE, FL",GOODYEAR TIRE & RUBBER CO,GOODYEAR,980239412,245/55R19 103V ASRAS,1,Goodyear,4,722.16,407-971-374,407-971-3748155,,
39,6693,"LANGHORNE, PA",GOODYEAR TIRE & RUBBER CO,GOODYEAR,980079704,235/40R19X 96V EAGTR,1,Goodyear,1,193.38,102-918-387,102-918-3876693,,
8,6181,PAPILLION NE,GOODYEAR TIRE & RUBBER CO,GOODYEAR,980239390,215/45R17 87V ASRAS,1,Goodyear,4,547.28,407-568-374,407-568-3746181,,
3,4786,"LOGAN, UT",GOODYEAR TIRE & RUBBER CO,GOODYEAR,980114258,215/55R17 94V MAXLIF,1,Goodyear,2,301.56,110-340-545,110-340-5454786,A,980116054
4,4915,BULLHEAD CITY AZ,GOODYEAR TIRE & RUBBER CO,GOODYEAR,980239644,235/65R18 106VMAXLIF,1,Goodyear,3,526.05,110-022-545,110-022-5454915,A,980239645
37,6366,"VESTAL, NY",GOODYEAR TIRE & RUBBER CO,GOODYEAR,980114258,215/55R17 94V MAXLIF,1,Goodyear,4,603.12,110-340-545,110-340-5456366,A,980116054
31,6420,"CLEARWATER, FL",GOODYEAR TIRE & RUBBER CO,GOODYEAR,980239412,245/55R19 103V ASRAS,1,Goodyear,4,722.16,407-971-374,407-971-3746420,,
29,8202,"SAVANNAH, GA",GOODYEAR TIRE & RUBBER CO,GOODYEAR,692938,205/55R16 91H ASRAS,1,Goodyear,1,100.94,407-781-374,407-781-3748202,,
14,4783,"GARLAND, TX",GOODYEAR TIRE & RUBBER CO,GOODYEAR,984223713,265/60R18 110H WRSF,1,Goodyear,4,790.96,269-007-969,269-007-9694783,,
8,6181,PAPILLION NE,GOODYEAR TIRE & RUBBER CO,GOODYEAR,980317780,235/55R19 101V DRIVE,1,Goodyear,1,203.67,413-965-582,413-965-5826181,,
17,6527,"BATON ROUGE, LA",GOODYEAR TIRE & RUBBER CO,GOODYEAR,980239409,235/60R18 103H ASRAS,1,Goodyear,4,666.6,407-815-374,407-815-3746527,,
31,6420,"CLEARWATER, FL",GOODYEAR TIRE & RUBBER CO,GOODYEAR,980137886,225/45R18 91V MAXLIF,1,Goodyear,2,325.28,110-938-545,110-938-5456420,,
28,8166,"DULUTH, GA",GOODYEAR TIRE & RUBBER CO,GOODYEAR,980137882,225/55R19 99V MAXLIF,1,Goodyear,1,196.95,110-930-545,110-930-5458166,,
37,6675,"ERIE, PA",GOODYEAR TIRE & RUBBER CO,GOODYEAR,980124559,275/65R18 116T FRTHT,1,Goodyear,1,215.26,157-066-708,157-066-7086675,,
23,8112,"CHATTANOOGA, TN",GOODYEAR TIRE & RUBBER CO,GOODYEAR,980288552,235/75R15 105S TLRNR,1,Goodyear,4,433.92,741-126-681,741-126-6818112,,
6,8280,EL PASO TX,GOODYEAR TIRE & RUBBER CO,GOODYEAR,980124566,235/45R18 94V MAXLIF,1,Goodyear,1,180.03,110-936-545,110-936-5458280,,
20,6349,"EVERGREEN PARK, IL",GOODYEAR TIRE & RUBBER CO,GOODYEAR,980239410,245/60R18 105H ASRAS,1,Goodyear,2,338.68,407-819-374,407-819-3746349,,
32,6637,"CORAL SPRINGS, FL",GOODYEAR TIRE & RUBBER CO,GOODYEAR,980317776,235/65R17 104H DRIVE,1,Goodyear,5,953.9,413-188-582,413-188-5826637,,
33,6314,"ELYRIA, OH",GOODYEAR TIRE & RUBBER CO,GOODYEAR,980239411,235/65R18 106H ASRAS,1,Goodyear,4,638.28,407-885-374,407-885-3746314,,
4,4829,GILBERT (E) AZ,GOODYEAR TIRE & RUBBER CO,GOODYEAR,158891,LT245/75R16E ADVEN,1,Goodyear,4,845.8,748-103-572,748-103-5724829,,
29,8202,"SAVANNAH, GA",GOODYEAR TIRE & RUBBER CO,GOODYEAR,980317781,225/45R18X 95V DRIVE,1,Goodyear,1,185.97,413-017-582,413-017-5828202,,
39,6693,"LANGHORNE, PA",GOODYEAR TIRE & RUBBER CO,GOODYEAR,692931,195/65R15 91T ASRAS,1,Goodyear,4,347.68,407-477-374,407-477-3746693,,
35,4872,COLUMBIA NE SC,GOODYEAR TIRE & RUBBER CO,GOODYEAR,980114255,205/55R16 91H MAXLIF,1,Goodyear,4,521.24,110-952-545,110-952-5454872,A,980116058
17,4837,"DENHAM SPRINGS, LA",GOODYEAR TIRE & RUBBER CO,GOODYEAR,433640,235/40R18X 95WSPRTAS,1,Goodyear,3,494.43,109-063-366,109-063-3664837,,
25,6313,"FT. WAYNE, IN",GOODYEAR TIRE & RUBBER CO,GOODYEAR,980077359,255/60R19 109HSPRTAS,1,Goodyear,4,730.16,109-110-366,109-110-3666313,,
28,8166,"DULUTH, GA",GOODYEAR TIRE & RUBBER CO,GOODYEAR,980254968,205/65R16 95H AMAX,1,Goodyear,1,127.49,738-003-571,738-003-5718166,,
23,4740,"SOUTHAVEN, MS",GOODYEAR TIRE & RUBBER CO,GOODYEAR,433604,225/65R17 102H CSMAX,1,Goodyear,2,344.44,755-667-383,755-667-3834740,,
23,8294,"NASHVILLE(S),TN",GOODYEAR TIRE & RUBBER CO,GOODYEAR,107975,205/65R16 95H ASRAS,1,Goodyear,1,103.79,407-780-374,407-780-3748294,,
9,8176,"TOPEKA, KS",GOODYEAR TIRE & RUBBER CO,GOODYEAR,158779,275/65R18 116T ADVEN,1,Goodyear,1,249.83,758-066-571,758-066-5718176,,
33,4847,GREENSBURG PA,GOODYEAR TIRE & RUBBER CO,GOODYEAR,984188245,LT245/75R17E WDRTLT,1,Goodyear,4,934.76,176-104-991,176-104-9914847,,
31,6387,PINELLAS PARK FL,GOODYEAR TIRE & RUBBER CO,GOODYEAR,980137895,245/50R20 102VMAXLIF,1,Goodyear,8,1660.48,110-927-545,110-927-5456387,A,980197524
2,4822,"MURRIETA, CA",GOODYEAR TIRE & RUBBER CO,GOODYEAR,980137892,235/55R20 102VMAXLIF,1,Goodyear,4,750.4,110-928-545,110-928-5454822,A,980197521
15,4769,"HOUSTON(WESTPARK), TX",GOODYEAR TIRE & RUBBER CO,GOODYEAR,692896,215/55R16 93H ASRAS,1,Goodyear,4,425.56,407-525-374,407-525-3744769,,
13,6259,"ROUND ROCK, TX",GOODYEAR TIRE & RUBBER CO,GOODYEAR,107975,205/65R16 95H ASRAS,1,Goodyear,2,207.58,407-780-374,407-780-3746259,,
26,6659,"MADISON HEIGHTS, MI",GOODYEAR TIRE & RUBBER CO,GOODYEAR,980409551,P245/45R19 98V RSA2,1,Goodyear,1,167.59,107-172-659,107-172-6596659,,
26,6667,"YPSILANTI, MI",GOODYEAR TIRE & RUBBER CO,GOODYEAR,984188235,275/65R18X 116T WDRT,1,Goodyear,4,999.88,150-031-991,150-031-9916667,,
12,4914,San Antonio N TX,GOODYEAR TIRE & RUBBER CO,GOODYEAR,676057,265/50R20 107T F HL,1,Goodyear,1,207.33,151-093-203,151-093-2034914,A,737691
39,4994,MECHANICSBURG PA,GOODYEAR TIRE & RUBBER CO,GOODYEAR,692896,215/55R16 93H ASRAS,1,Goodyear,4,440.92,407-525-374,407-525-3744994,,
11,8269,"GRAND PRAIRIE, TX",GOODYEAR TIRE & RUBBER CO,GOODYEAR,980254968,205/65R16 95H AMAX,1,Goodyear,1,127.49,738-003-571,738-003-5718269,,
1,4755,"HONOLULU, HI",GOODYEAR TIRE & RUBBER CO,GOODYEAR,980114276,225/65R17 102HMAXLIF,1,Goodyear,5,766.9,110-981-545,110-981-5454755,A,980116049
34,6351,"NEWPORT NEWS, VA",GOODYEAR TIRE & RUBBER CO,GOODYEAR,980124566,235/45R18 94V MAXLIF,1,Goodyear,4,720.12,110-936-545,110-936-5456351,A,980197525
3,4786,"LOGAN, UT",GOODYEAR TIRE & RUBBER CO,GOODYEAR,980254971,245/45R19 98W EAGTR,1,Goodyear,1,171.45,102-015-387,102-015-3874786,,
10,8224,"WICHITA FALLS, TX",GOODYEAR TIRE & RUBBER CO,GOODYEAR,692896,215/55R16 93H ASRAS,1,Goodyear,1,110.23,407-525-374,407-525-3748224,,
23,4740,"SOUTHAVEN, MS",GOODYEAR TIRE & RUBBER CO,GOODYEAR,984217727,255/50R19X 107V WRY2,1,Goodyear,1,216.79,767-135-673,767-135-6734740,,
28,4789,"SHARPSBURG, GA",GOODYEAR TIRE & RUBBER CO,GOODYEAR,980254975,235/55R20 102V EAGTR,1,Goodyear,1,192.23,102-928-387,102-928-3874789,,
18,6310,"FRIDLEY, MN",GOODYEAR TIRE & RUBBER CO,GOODYEAR,881133,185/65R15 88T ASRAS,1,Goodyear,4,336.6,407-259-374,407-259-3746310,,
27,6242,"DUBLIN, OH",GOODYEAR TIRE & RUBBER CO,GOODYEAR,980334374,235/55R20 102V DRIVE,1,Goodyear,4,817.68,413-022-582,413-022-5826242,,
34,8220,"ROANOKE, VA",GOODYEAR TIRE & RUBBER CO,GOODYEAR,980211287,225/45R17 91V ASRAS,1,Goodyear,4,497.08,407-003-374,407-003-3748220,,
7,8172,"FARGO, ND",GOODYEAR TIRE & RUBBER CO,GOODYEAR,881212,225/65R17 102T ASRAS,1,Goodyear,2,250.78,407-285-374,407-285-3748172,,
26,6667,"YPSILANTI, MI",GOODYEAR TIRE & RUBBER CO,GOODYEAR,692896,215/55R16 93H ASRAS,1,Goodyear,1,110.23,407-525-374,407-525-3746667,,
17,6527,"BATON ROUGE, LA",GOODYEAR TIRE & RUBBER CO,GOODYEAR,984188253,LT275/55R20E WDRTLT,1,Goodyear,4,1112.16,176-301-991,176-301-9916527,,
12,8156,"LAREDO, TX",GOODYEAR TIRE & RUBBER CO,GOODYEAR,140339,245/45R19 98V EAGTR,1,Goodyear,4,715.08,102-839-387,102-839-3878156,,
28,4739,"SNELLVILLE, GA",GOODYEAR TIRE & RUBBER CO,GOODYEAR,980137895,245/50R20 102VMAXLIF,1,Goodyear,2,415.12,110-927-545,110-927-5454739,A,980197524
24,6435,"TUSCALOOSA, AL",GOODYEAR TIRE & RUBBER CO,GOODYEAR,980239393,225/55R19 99V ASRAS,1,Goodyear,3,525.57,407-930-374,407-930-3746435,,
12,8262,"SAN ANTONIO (N), TX",GOODYEAR TIRE & RUBBER CO,GOODYEAR,314716,215/45R17X 91WSPRTAS,1,Goodyear,4,541.8,109-053-366,109-053-3668262,,
17,6527,"BATON ROUGE, LA",GOODYEAR TIRE & RUBBER CO,GOODYEAR,980239411,235/65R18 106H ASRAS,1,Goodyear,1,159.57,407-885-374,407-885-3746527,,
37,6440,"LATHAM, NY",GOODYEAR TIRE & RUBBER CO,GOODYEAR,980293871,205/60R16X 96H CMUL,1,Goodyear,4,438.52,781-007-579,781-007-5796440,,
1,6612,"CONCORD, CA",GOODYEAR TIRE & RUBBER CO,GOODYEAR,980137895,245/50R20 102VMAXLIF,1,Goodyear,4,830.24,110-927-545,110-927-5456612,A,980197524
39,8175,"HARRISBURG, PA",GOODYEAR TIRE & RUBBER CO,GOODYEAR,980087409,205/50R17 89V ASRAS,1,Goodyear,4,516.52,407-582-374,407-582-3748175,,
20,6349,"EVERGREEN PARK, IL",GOODYEAR TIRE & RUBBER CO,GOODYEAR,980114261,225/60R16 98H MAXLIF,1,Goodyear,4,513.4,110-407-545,110-407-5456349,,
29,4879,AIKEN SC,GOODYEAR TIRE & RUBBER CO,GOODYEAR,127287,265/65R18 114T ADVEN,1,Goodyear,3,723.69,758-068-571,758-068-5714879,,
4,6606,"PHOENIX, AZ",GOODYEAR TIRE & RUBBER CO,GOODYEAR,980114264,235/60R17 102HMAXLIF,1,Goodyear,2,327.92,110-488-545,110-488-5456606,,
12,8264,"SAN ANTONIO (S), TX",GOODYEAR TIRE & RUBBER CO,GOODYEAR,314716,215/45R17X 91WSPRTAS,1,Goodyear,2,270.9,109-053-366,109-053-3668264,,
15,8275,"BEAUMONT, TX",GOODYEAR TIRE & RUBBER CO,GOODYEAR,980114271,205/65R16 95H MAXLIF,1,Goodyear,4,514.8,110-780-545,110-780-5458275,A,980116259
28,6409,"TUCKER, GA",GOODYEAR TIRE & RUBBER CO,GOODYEAR,980137885,235/50R17 96H MAXLIF,1,Goodyear,1,161.03,110-956-545,110-956-5456409,,
34,8228,"WINSTON-SALEM, NC",GOODYEAR TIRE & RUBBER CO,GOODYEAR,692931,195/65R15 91T ASRAS,1,Goodyear,3,260.76,407-477-374,407-477-3748228,,
28,4802,"HIRAM, GA",GOODYEAR TIRE & RUBBER CO,GOODYEAR,497871,235/45R18 94V LS2,1,Goodyear,1,149.26,706-038-163,706-038-1634802,,
9,8163,"COLUMBIA, MO",GOODYEAR TIRE & RUBBER CO,GOODYEAR,980137894,235/40R19X 96VMAXLIF,1,Goodyear,1,193.02,110-918-545,110-918-5458163,,
31,4818,"BROOKSVILLE, FL",GOODYEAR TIRE & RUBBER CO,GOODYEAR,980419492,235/70R16 106T WRKHT,1,Goodyear,1,139.39,116-086-632,116-086-6324818,,
27,6326,"REYNOLDSBURG, OH",GOODYEAR TIRE & RUBBER CO,GOODYEAR,692889,215/60R16 95T ASRAS,1,Goodyear,8,781.68,407-562-374,407-562-3746326,,
27,6307,"COLUMBUS(N),OH",GOODYEAR TIRE & RUBBER CO,GOODYEAR,125724,235/70R16 106T ASRAS,1,Goodyear,4,488.24,407-866-374,407-866-3746307,,
28,4739,"SNELLVILLE, GA",GOODYEAR TIRE & RUBBER CO,GOODYEAR,980079706,285/45R22X 114HEAGTR,1,Goodyear,1,192.5,102-863-387,102-863-3874739,,
8,8162,"CEDAR RAPIDS,IA",GOODYEAR TIRE & RUBBER CO,GOODYEAR,980317767,215/55R17 94V DRIVE,1,Goodyear,4,658.04,413-340-582,413-340-5828162,,
4,6606,"PHOENIX, AZ",GOODYEAR TIRE & RUBBER CO,GOODYEAR,980124559,275/65R18 116T FRTHT,1,Goodyear,1,208.99,157-066-708,157-066-7086606,,
4,6605,"GILBERT, AZ",GOODYEAR TIRE & RUBBER CO,GOODYEAR,980077360,245/50R20 102VSPRTAS,1,Goodyear,1,190.24,109-111-366,109-111-3666605,,
39,6330,"DOVER, DE",GOODYEAR TIRE & RUBBER CO,GOODYEAR,720856,215/55R17 94H ASRAS,1,Goodyear,2,245.14,407-213-374,407-213-3746330,,
38,6653,"GAITHERSBURG, MD",GOODYEAR TIRE & RUBBER CO,GOODYEAR,315487,205/55R16 91V SPRTAS,1,Goodyear,4,484,109-907-366,109-907-3666653,,
29,8115,"AUGUSTA, GA",GOODYEAR TIRE & RUBBER CO,GOODYEAR,980079704,235/40R19X 96V EAGTR,1,Goodyear,1,193.38,102-918-387,102-918-3878115,,
38,6371,"WOODBRIDGE, VA",GOODYEAR TIRE & RUBBER CO,GOODYEAR,980137892,235/55R20 102VMAXLIF,1,Goodyear,3,562.8,110-928-545,110-928-5456371,A,980197521
38,6653,"GAITHERSBURG, MD",GOODYEAR TIRE & RUBBER CO,GOODYEAR,980346633,265/65R18 114T WRKAT,1,Goodyear,2,419.3,480-068-856,480-068-8566653,,
29,8115,"AUGUSTA, GA",GOODYEAR TIRE & RUBBER CO,GOODYEAR,984217701,225/55R18 98V WRY2,1,Goodyear,4,726.36,767-097-673,767-097-6738115,,
6,4784,"LAS CRUCES,NM",GOODYEAR TIRE & RUBBER CO,GOODYEAR,980137890,265/60R18 110HMAXLIF,1,Goodyear,4,775.44,110-957-545,110-957-5454784,,
8,6181,PAPILLION NE,GOODYEAR TIRE & RUBBER CO,GOODYEAR,980137894,235/40R19X 96VMAXLIF,1,Goodyear,3,579.06,110-918-545,110-918-5456181,A,980301303
24,8102,"MOBILE, AL",GOODYEAR TIRE & RUBBER CO,GOODYEAR,983181,P205/55R16 89H RSA,1,Goodyear,4,486.2,732-170-500,732-170-5008102,,
5,6630,"ARVADA, CO",GOODYEAR TIRE & RUBBER CO,GOODYEAR,980419490,LT245/75R16E WRKHT,1,Goodyear,2,348.42,131-747-875,131-747-8756630,,
39,8160,"TEMPLE, PA",GOODYEAR TIRE & RUBBER CO,GOODYEAR,980124564,235/50R19 99V MAXLIF,1,Goodyear,4,782.04,110-933-545,110-933-5458160,A,980301305
11,4905,"DENTON, TX",GOODYEAR TIRE & RUBBER CO,GOODYEAR,980114276,225/65R17 102HMAXLIF,1,Goodyear,4,613.52,110-981-545,110-981-5454905,A,980116049
6,7676,AMARILLO TX,GOODYEAR TIRE & RUBBER CO,GOODYEAR,980114278,225/45R17 91V MAXLIF,1,Goodyear,1,154.57,110-567-545,110-567-5457676,,
14,6265,"IRVING (N), TX",GOODYEAR TIRE & RUBBER CO,GOODYEAR,980417295,255/45ZR20X 105WEXHL,1,Goodyear,1,201.59,104-048-568,104-048-5686265,,
6,6672,"ALBUQUERQUE, NM",GOODYEAR TIRE & RUBBER CO,GOODYEAR,980317793,255/45R20X 105V DRIV,1,Goodyear,4,883.52,413-030-582,413-030-5826672,,
32,6341,"SUNRISE, FL",GOODYEAR TIRE & RUBBER CO,GOODYEAR,980346635,265/65R17 112T WRKAT,1,Goodyear,2,361.54,480-061-856,480-061-8566341,,
7,8172,"FARGO, ND",GOODYEAR TIRE & RUBBER CO,GOODYEAR,980137887,235/40R18 91V MAXLIF,1,Goodyear,1,176.41,110-940-545,110-940-5458172,,
3,6382,"LAS VEGAS(W),NV",GOODYEAR TIRE & RUBBER CO,GOODYEAR,980114258,215/55R17 94V MAXLIF,1,Goodyear,1,150.78,110-340-545,110-340-5456382,A,980116054
17,6527,"BATON ROUGE, LA",GOODYEAR TIRE & RUBBER CO,GOODYEAR,249152,245/45R20X 103WSPTAS,1,Goodyear,10,2159.2,109-069-366,109-069-3666527,,
15,6867,HOUSTON CINCO TX,GOODYEAR TIRE & RUBBER CO,GOODYEAR,980137898,235/45R18X 98V EAGTR,1,Goodyear,3,404.28,102-964-559,102-964-5596867,,
2,6626,"SOUTHGATE, CA",GOODYEAR TIRE & RUBBER CO,GOODYEAR,497871,235/45R18 94V LS2,1,Goodyear,4,597.04,706-038-163,706-038-1636626,,
1,4799,"CITRUS HEIGHTS, CA",GOODYEAR TIRE & RUBBER CO,GOODYEAR,980417300,235/45ZR17X 97W EXHL,1,Goodyear,1,138.59,104-045-568,104-045-5684799,,
24,4871,"MERIDIAN, MS",GOODYEAR TIRE & RUBBER CO,GOODYEAR,984207899,235/45R18X 98W EDV2,1,Goodyear,4,789.32,483-165-681,483-165-6814871,,
17,8221,"HARVEY, LA",GOODYEAR TIRE & RUBBER CO,GOODYEAR,980137882,225/55R19 99V MAXLIF,1,Goodyear,2,401.54,110-930-545,110-930-5458221,,
30,6355,"HICKORY, NC",GOODYEAR TIRE & RUBBER CO,GOODYEAR,980114261,225/60R16 98H MAXLIF,1,Goodyear,4,539.56,110-407-545,110-407-5456355,,
2,6628,"TORRANCE, CA",GOODYEAR TIRE & RUBBER CO,GOODYEAR,980114276,225/65R17 102HMAXLIF,1,Goodyear,12,1840.56,110-981-545,110-981-5456628,A,980116049
28,4739,"SNELLVILLE, GA",GOODYEAR TIRE & RUBBER CO,GOODYEAR,980317787,215/65R16 98V DRIVE,1,Goodyear,4,603.24,413-002-582,413-002-5824739,,
30,8278,"GREENVILLE, SC",GOODYEAR TIRE & RUBBER CO,GOODYEAR,980114255,205/55R16 91H MAXLIF,1,Goodyear,4,521.24,110-952-545,110-952-5458278,A,980116058
16,4985,"SPRINGFIELD (S), MO",GOODYEAR TIRE & RUBBER CO,GOODYEAR,984223711,265/50R20 107H WRSF,1,Goodyear,4,848.08,269-011-969,269-011-9694985,,
2,6616,"FULLERTON, CA",GOODYEAR TIRE & RUBBER CO,GOODYEAR,980419004,LT265/70R17E WRKHT,1,Goodyear,4,832.96,131-535-875,131-535-8756616,,
31,6448,"NEW PORT RICHEY, FL",GOODYEAR TIRE & RUBBER CO,GOODYEAR,980087409,205/50R17 89V ASRAS,1,Goodyear,1,129.13,407-582-374,407-582-3746448,,
8,6181,PAPILLION NE,GOODYEAR TIRE & RUBBER CO,GOODYEAR,980317791,215/55R18 95H DRIVE,1,Goodyear,3,557.01,413-810-582,413-810-5826181,,
24,6435,"TUSCALOOSA, AL",GOODYEAR TIRE & RUBBER CO,GOODYEAR,980077362,285/45R22 110HSPRTAS,1,Goodyear,4,946.24,109-115-366,109-115-3666435,,
9,4870,KANSAS CITY KS,GOODYEAR TIRE & RUBBER CO,GOODYEAR,980137892,235/55R20 102VMAXLIF,1,Goodyear,4,750.4,110-928-545,110-928-5454870,A,980197521
33,4859,"BUTLER, PA",GOODYEAR TIRE & RUBBER CO,GOODYEAR,980114277,215/70R16 100HMAXLIF,1,Goodyear,2,313.26,110-954-545,110-954-5454859,,
23,4740,"SOUTHAVEN, MS",GOODYEAR TIRE & RUBBER CO,GOODYEAR,335214,215/45R18X 93WSPRTAS,1,Goodyear,1,146.04,109-065-366,109-065-3664740,,
25,6359,"COMSTOCK PARK, MI",GOODYEAR TIRE & RUBBER CO,GOODYEAR,675434,P235/55R17 98W RSAP,1,Goodyear,2,356.96,732-002-500,732-002-5006359,,
31,6387,PINELLAS PARK FL,GOODYEAR TIRE & RUBBER CO,GOODYEAR,881133,185/65R15 88T ASRAS,1,Goodyear,4,336.6,407-259-374,407-259-3746387,,
34,6524,"COLONIAL HEIGHTS, VA",GOODYEAR TIRE & RUBBER CO,GOODYEAR,127294,265/65R17 112T ADVEN,1,Goodyear,2,338.3,758-061-571,758-061-5716524,,
17,6527,"BATON ROUGE, LA",GOODYEAR TIRE & RUBBER CO,GOODYEAR,249153,255/45R20 101WSPRTAS,1,Goodyear,7,1481.27,109-082-366,109-082-3666527,,
11,6244,"FORT WORTH, TX",GOODYEAR TIRE & RUBBER CO,GOODYEAR,289981,185/55R15 82T INTE,1,Goodyear,1,125.83,402-602-047,402-602-0476244,,
11,8282,"DALLAS (S), TX",GOODYEAR TIRE & RUBBER CO,GOODYEAR,980114276,225/65R17 102HMAXLIF,1,Goodyear,4,613.52,110-981-545,110-981-5458282,A,980116049
16,8104,"LITTLE ROCK, AR",GOODYEAR TIRE & RUBBER CO,GOODYEAR,164631,275/55R20 113T ADVEN,1,Goodyear,1,256.76,758-065-571,758-065-5718104,,
39,8175,"HARRISBURG, PA",GOODYEAR TIRE & RUBBER CO,GOODYEAR,980421311,245/65R17 107T WRKHT,1,Goodyear,1,165.53,116-081-632,116-081-6328175,,
2,6616,"FULLERTON, CA",GOODYEAR TIRE & RUBBER CO,GOODYEAR,140283,235/40R19X96WF1ASMAS,1,Goodyear,1,250.45,104-504-357,104-504-3576616,,
32,4972,"PORT ST LUCIE (W), FL",GOODYEAR TIRE & RUBBER CO,GOODYEAR,980114258,215/55R17 94V MAXLIF,1,Goodyear,2,301.56,110-340-545,110-340-5454972,A,980116054
12,8156,"LAREDO, TX",GOODYEAR TIRE & RUBBER CO,GOODYEAR,984217722,215/60R17 96V WRY2,1,Goodyear,1,155.19,767-129-673,767-129-6738156,,
17,6527,"BATON ROUGE, LA",GOODYEAR TIRE & RUBBER CO,GOODYEAR,365923,245/50R18 100VSPRTAS,1,Goodyear,2,409.6,109-089-366,109-089-3666527,,
33,6314,"ELYRIA, OH",GOODYEAR TIRE & RUBBER CO,GOODYEAR,676050,P245/70R17 108T F HL,1,Goodyear,4,730.32,151-056-203,151-056-2036314,,
23,8112,"CHATTANOOGA, TN",GOODYEAR TIRE & RUBBER CO,GOODYEAR,980137884,235/45R17 94V MAXLIF,1,Goodyear,4,706.4,110-996-545,110-996-5458112,,
26,6659,"MADISON HEIGHTS, MI",GOODYEAR TIRE & RUBBER CO,GOODYEAR,598226,225/50R17 94V ASRAS,1,Goodyear,2,261.64,407-372-374,407-372-3746659,,
3,6382,"LAS VEGAS(W),NV",GOODYEAR TIRE & RUBBER CO,GOODYEAR,125724,235/70R16 106T ASRAS,1,Goodyear,4,488.24,407-866-374,407-866-3746382,,
9,4870,KANSAS CITY KS,GOODYEAR TIRE & RUBBER CO,GOODYEAR,980077381,235/40R18 91W SPRTAS,1,Goodyear,4,741.56,109-104-366,109-104-3664870,,
13,6421,"CONROE, TX",GOODYEAR TIRE & RUBBER CO,GOODYEAR,980346636,265/70R17 115T WRKAT,1,Goodyear,4,724.92,480-042-856,480-042-8566421,,
22,4728,NICHOLASVILLE KY,GOODYEAR TIRE & RUBBER CO,GOODYEAR,335214,215/45R18X 93WSPRTAS,1,Goodyear,4,615.4,109-065-366,109-065-3664728,,
15,4702,"FRIENDSWOOD, TX",GOODYEAR TIRE & RUBBER CO,GOODYEAR,980087409,205/50R17 89V ASRAS,1,Goodyear,1,129.13,407-582-374,407-582-3744702,,
17,4837,"DENHAM SPRINGS, LA",GOODYEAR TIRE & RUBBER CO,GOODYEAR,980114275,225/60R17 99H MAXLIF,1,Goodyear,4,659,110-979-545,110-979-5454837,A,980116260
31,6387,PINELLAS PARK FL,GOODYEAR TIRE & RUBBER CO,GOODYEAR,980124564,235/50R19 99V MAXLIF,1,Goodyear,4,782.04,110-933-545,110-933-5456387,A,980301305
26,6666,"CANTON, MI",GOODYEAR TIRE & RUBBER CO,GOODYEAR,881175,235/60R16 100T ASRAS,1,Goodyear,4,441.68,407-784-374,407-784-3746666,,
29,8115,"AUGUSTA, GA",GOODYEAR TIRE & RUBBER CO,GOODYEAR,335214,215/45R18X 93WSPRTAS,1,Goodyear,1,153.85,109-065-366,109-065-3668115,,
31,6387,PINELLAS PARK FL,GOODYEAR TIRE & RUBBER CO,GOODYEAR,984188230,255/75R17 115T WDRT,1,Goodyear,4,887.36,150-026-991,150-026-9916387,,
2,4709,"CORONA, CA",GOODYEAR TIRE & RUBBER CO,GOODYEAR,980418985,275/65R18 116T WRKHT,1,Goodyear,4,777.72,116-009-652,116-009-6524709,A,980418984
20,6487,"ADDISON, IL",GOODYEAR TIRE & RUBBER CO,GOODYEAR,881175,235/60R16 100T ASRAS,1,Goodyear,2,220.84,407-784-374,407-784-3746487,,
35,6443,"GOLDSBORO, NC",GOODYEAR TIRE & RUBBER CO,GOODYEAR,980239644,235/65R18 106VMAXLIF,1,Goodyear,4,701.4,110-022-545,110-022-5456443,A,980239645
34,6368,"CHESAPEAKE, VA",GOODYEAR TIRE & RUBBER CO,GOODYEAR,980211260,235/55R18 100H SPTAS,1,Goodyear,1,222.63,109-149-569,109-149-5696368,,
14,6265,"IRVING (N), TX",GOODYEAR TIRE & RUBBER CO,GOODYEAR,980124566,235/45R18 94V MAXLIF,1,Goodyear,4,720.12,110-936-545,110-936-5456265,A,980197525
27,6242,"DUBLIN, OH",GOODYEAR TIRE & RUBBER CO,GOODYEAR,980361365,225/75R16 104S WRKAT,1,Goodyear,4,548.2,480-129-856,480-129-8566242,,
34,8228,"WINSTON-SALEM, NC",GOODYEAR TIRE & RUBBER CO,GOODYEAR,980114265,235/60R18 103VMAXLIF,1,Goodyear,1,182.84,110-934-545,110-934-5458228,A,980116262
13,6245,Harker Heights TX,GOODYEAR TIRE & RUBBER CO,GOODYEAR,980434366,265/70R16 112T SF HT,1,Goodyear,4,712.96,269-017-969,269-017-9696245,,
4,4829,GILBERT (E) AZ,GOODYEAR TIRE & RUBBER CO,GOODYEAR,980417308,245/45R20 99V EAGTR,1,Goodyear,1,194.37,102-035-387,102-035-3874829,,
14,4783,"GARLAND, TX",GOODYEAR TIRE & RUBBER CO,GOODYEAR,980114259,225/55R17 97V MAXLIF,1,Goodyear,4,637.24,110-502-545,110-502-5454783,A,980116057
33,6314,"ELYRIA, OH",GOODYEAR TIRE & RUBBER CO,GOODYEAR,980137895,245/50R20 102VMAXLIF,1,Goodyear,4,830.24,110-927-545,110-927-5456314,A,980197524
9,8176,"TOPEKA, KS",GOODYEAR TIRE & RUBBER CO,GOODYEAR,980137899,255/70R18 113T ADVEN,1,Goodyear,4,758.2,758-074-707,758-074-7078176,,
30,6236,Rock Hill SC,GOODYEAR TIRE & RUBBER CO,GOODYEAR,127308,265/60R18 110T ADVEN,1,Goodyear,4,820,758-076-571,758-076-5716236,,
27,6242,"DUBLIN, OH",GOODYEAR TIRE & RUBBER CO,GOODYEAR,984217687,215/50R17X 95V WRY2,1,Goodyear,1,161.6,767-082-673,767-082-6736242,,
38,6653,"GAITHERSBURG, MD",GOODYEAR TIRE & RUBBER CO,GOODYEAR,980418985,275/65R18 116T WRKHT,1,Goodyear,4,764.6,116-009-652,116-009-6526653,A,980418984
1,4799,"CITRUS HEIGHTS, CA",GOODYEAR TIRE & RUBBER CO,GOODYEAR,126066,235/55R18 100H ASRAS,1,Goodyear,4,605.12,407-826-374,407-826-3744799,,
34,6402,"GREENSBORO, NC",GOODYEAR TIRE & RUBBER CO,GOODYEAR,881212,225/65R17 102T ASRAS,1,Goodyear,3,376.17,407-285-374,407-285-3746402,,
13,8259,"AUSTIN, TX",GOODYEAR TIRE & RUBBER CO,GOODYEAR,984188226,265/70R16X 116T WDRT,1,Goodyear,1,189.74,150-020-991,150-020-9918259,,
35,4872,COLUMBIA NE SC,GOODYEAR TIRE & RUBBER CO,GOODYEAR,984217729,255/45R19X 104W WRY2,1,Goodyear,4,950.36,767-144-673,767-144-6734872,,
7,8172,"FARGO, ND",GOODYEAR TIRE & RUBBER CO,GOODYEAR,692896,215/55R16 93H ASRAS,1,Goodyear,4,440.92,407-525-374,407-525-3748172,,
11,8269,"GRAND PRAIRIE, TX",GOODYEAR TIRE & RUBBER CO,GOODYEAR,675434,P235/55R17 98W RSAP,1,Goodyear,1,178.48,732-002-500,732-002-5008269,,
29,6363,"JACKSONVILLE (W), FL",GOODYEAR TIRE & RUBBER CO,GOODYEAR,107948,225/60R18 100H ASRAS,1,Goodyear,4,511.92,407-795-374,407-795-3746363,,
29,6363,"JACKSONVILLE (W), FL",GOODYEAR TIRE & RUBBER CO,GOODYEAR,127294,265/65R17 112T ADVEN,1,Goodyear,4,902.76,758-061-571,758-061-5716363,,
5,6634,"LONE TREE, CO",GOODYEAR TIRE & RUBBER CO,GOODYEAR,881165,225/60R16 98T ASRAS,1,Goodyear,1,100.7,407-715-374,407-715-3746634,,
10,7189,OKLAHOMA CITY PENN SQ OK,GOODYEAR TIRE & RUBBER CO,GOODYEAR,164631,275/55R20 113T ADVEN,1,Goodyear,1,250.56,758-065-571,758-065-5717189,,
37,6366,"VESTAL, NY",GOODYEAR TIRE & RUBBER CO,GOODYEAR,107975,205/65R16 95H ASRAS,1,Goodyear,4,412.04,407-780-374,407-780-3746366,,
32,6341,"SUNRISE, FL",GOODYEAR TIRE & RUBBER CO,GOODYEAR,980079704,235/40R19X 96V EAGTR,1,Goodyear,1,193.38,102-918-387,102-918-3876341,,
11,4905,"DENTON, TX",GOODYEAR TIRE & RUBBER CO,GOODYEAR,980114257,205/60R16 92V MAXLIF,1,Goodyear,1,128.31,110-953-545,110-953-5454905,A,980116053
1,6433,"VACAVILLE, CA",GOODYEAR TIRE & RUBBER CO,GOODYEAR,980321134,225/55R19 99V DRIVE,1,Goodyear,1,212.73,413-019-582,413-019-5826433,,
22,8123,"EVANSVILLE, IN",GOODYEAR TIRE & RUBBER CO,GOODYEAR,980137881,245/60R18 105HMAXLIF,1,Goodyear,1,182.87,110-819-545,110-819-5458123,,
27,6242,"DUBLIN, OH",GOODYEAR TIRE & RUBBER CO,GOODYEAR,980254971,245/45R19 98W EAGTR,1,Goodyear,1,174.87,102-015-387,102-015-3876242,,
24,6435,"TUSCALOOSA, AL",GOODYEAR TIRE & RUBBER CO,GOODYEAR,980137894,235/40R19X 96VMAXLIF,1,Goodyear,2,386.04,110-918-545,110-918-5456435,A,980301303
12,8156,"LAREDO, TX",GOODYEAR TIRE & RUBBER CO,GOODYEAR,980114257,205/60R16 92V MAXLIF,1,Goodyear,1,128.31,110-953-545,110-953-5458156,,
12,8264,"SAN ANTONIO (S), TX",GOODYEAR TIRE & RUBBER CO,GOODYEAR,107934,225/70R16 103T ASRAS,1,Goodyear,4,446.6,407-378-374,407-378-3748264,,
33,6314,"ELYRIA, OH",GOODYEAR TIRE & RUBBER CO,GOODYEAR,108655,205/70R15 96T ASRAS,1,Goodyear,4,344.92,407-785-374,407-785-3746314,,
27,6242,"DUBLIN, OH",GOODYEAR TIRE & RUBBER CO,GOODYEAR,980124567,P215/55R18 94HMAXLIF,1,Goodyear,1,166.44,110-939-545,110-939-5456242,,
28,8158,WOODSTOCK GA,GOODYEAR TIRE & RUBBER CO,GOODYEAR,983195,P255/50R20 104V RSA,1,Goodyear,4,883.8,732-550-500,732-550-5008158,,
7,8172,"FARGO, ND",GOODYEAR TIRE & RUBBER CO,GOODYEAR,980293885,235/55R17 99H CMUL,1,Goodyear,1,137.25,781-008-579,781-008-5798172,,
29,4879,AIKEN SC,GOODYEAR TIRE & RUBBER CO,GOODYEAR,984217686,205/55R17X 95V WRY2,1,Goodyear,4,569.56,767-080-673,767-080-6734879,,
17,4837,"DENHAM SPRINGS, LA",GOODYEAR TIRE & RUBBER CO,GOODYEAR,980137881,245/60R18 105HMAXLIF,1,Goodyear,1,182.87,110-819-545,110-819-5454837,A,980137878
18,4738,"EAGAN, MN",GOODYEAR TIRE & RUBBER CO,GOODYEAR,126066,235/55R18 100H ASRAS,1,Goodyear,4,605.12,407-826-374,407-826-3744738,,
17,6527,"BATON ROUGE, LA",GOODYEAR TIRE & RUBBER CO,GOODYEAR,984188255,LT275/65R20E WDRTLT,1,Goodyear,2,718.1,176-303-991,176-303-9916527,,
8,6472,"COUNCIL BLUFFS, IA",GOODYEAR TIRE & RUBBER CO,GOODYEAR,980137891,235/55R19 101VMAXLIF,1,Goodyear,4,814.32,110-883-545,110-883-5456472,A,980184500
30,6463,"ANDERSON, SC",GOODYEAR TIRE & RUBBER CO,GOODYEAR,980137881,245/60R18 105HMAXLIF,1,Goodyear,1,182.87,110-819-545,110-819-5456463,A,980137878
14,4783,"GARLAND, TX",GOODYEAR TIRE & RUBBER CO,GOODYEAR,433640,235/40R18X 95WSPRTAS,1,Goodyear,3,494.43,109-063-366,109-063-3664783,,
17,8221,"HARVEY, LA",GOODYEAR TIRE & RUBBER CO,GOODYEAR,980321134,225/55R19 99V DRIVE,1,Goodyear,2,425.46,413-019-582,413-019-5828221,,
34,8220,"ROANOKE, VA",GOODYEAR TIRE & RUBBER CO,GOODYEAR,314679,225/45R17X 94WSPRTAS,1,Goodyear,4,495.76,109-044-366,109-044-3668220,,
18,4738,"EAGAN, MN",GOODYEAR TIRE & RUBBER CO,GOODYEAR,980346633,265/65R18 114T WRKAT,1,Goodyear,4,838.6,480-068-856,480-068-8564738,A,980346622
15,4712,"HOUSTON(MEM), TX",GOODYEAR TIRE & RUBBER CO,GOODYEAR,980346629,LT245/75R16E WRKAT,1,Goodyear,4,712.84,481-103-855,481-103-8554712,A,980346618
24,8213,"COLUMBUS, GA",GOODYEAR TIRE & RUBBER CO,GOODYEAR,980137894,235/40R19X 96VMAXLIF,1,Goodyear,8,1544.16,110-918-545,110-918-5458213,A,980301303
15,8190,"LA MARQUE, TX",GOODYEAR TIRE & RUBBER CO,GOODYEAR,980317764,205/55R16 91H DRIVE,1,Goodyear,4,574.4,413-524-582,413-524-5828190,,
29,8202,"SAVANNAH, GA",GOODYEAR TIRE & RUBBER CO,GOODYEAR,980114276,225/65R17 102HMAXLIF,1,Goodyear,2,306.76,110-981-545,110-981-5458202,A,980116049
14,6422,"LONGVIEW, TX",GOODYEAR TIRE & RUBBER CO,GOODYEAR,980114271,205/65R16 95H MAXLIF,1,Goodyear,4,514.8,110-780-545,110-780-5456422,A,980116259
4,6606,"PHOENIX, AZ",GOODYEAR TIRE & RUBBER CO,GOODYEAR,881133,185/65R15 88T ASRAS,1,Goodyear,2,168.3,407-259-374,407-259-3746606,,
28,8166,"DULUTH, GA",GOODYEAR TIRE & RUBBER CO,GOODYEAR,719323,215/65R17 99T ASRAS,1,Goodyear,4,508.32,407-719-374,407-719-3748166,,
28,6644,"OAKWOOD, GA",GOODYEAR TIRE & RUBBER CO,GOODYEAR,980114276,225/65R17 102HMAXLIF,1,Goodyear,4,613.52,110-981-545,110-981-5456644,A,980116049
29,8116,"JACKSONVILLE,FL",GOODYEAR TIRE & RUBBER CO,GOODYEAR,342193,195/60R15 88H RSA,1,Goodyear,4,381.68,732-401-500,732-401-5008116,,
22,8188,"LEXINGTON, KY",GOODYEAR TIRE & RUBBER CO,GOODYEAR,107913,215/70R16 100T ASRAS,1,Goodyear,4,445.16,407-782-374,407-782-3748188,,
7,8172,"FARGO, ND",GOODYEAR TIRE & RUBBER CO,GOODYEAR,980317765,205/60R16 92V DRIVE,1,Goodyear,4,414.08,413-570-582,413-570-5828172,,
35,4831,"DURHAM (S), NC",GOODYEAR TIRE & RUBBER CO,GOODYEAR,980418981,265/70R17 115T WRKHT,1,Goodyear,1,164.86,116-007-651,116-007-6514831,A,980418980
27,6242,"DUBLIN, OH",GOODYEAR TIRE & RUBBER CO,GOODYEAR,692903,195/60R15 88T ASRAS,1,Goodyear,4,337.96,407-740-374,407-740-3746242,,
8,6568,"AMES, IA",GOODYEAR TIRE & RUBBER CO,GOODYEAR,881165,225/60R16 98T ASRAS,1,Goodyear,4,402.8,407-715-374,407-715-3746568,,
31,6387,PINELLAS PARK FL,GOODYEAR TIRE & RUBBER CO,GOODYEAR,980379897,245/75R16 111S WRKAT,1,Goodyear,4,629.64,480-128-856,480-128-8566387,,
2,6619,"ONTARIO, CA",GOODYEAR TIRE & RUBBER CO,GOODYEAR,984193235,255/50R20 105V MXLIF,1,Goodyear,4,818.4,110-067-545,110-067-5456619,,
15,8190,"LA MARQUE, TX",GOODYEAR TIRE & RUBBER CO,GOODYEAR,984188235,275/65R18X 116T WDRT,1,Goodyear,4,999.88,150-031-991,150-031-9918190,,
35,8283,"COLUMBIA, SC",GOODYEAR TIRE & RUBBER CO,GOODYEAR,980137888,235/50R18 97V MAXLIF,1,Goodyear,1,181.46,110-876-545,110-876-5458283,,
8,6181,PAPILLION NE,GOODYEAR TIRE & RUBBER CO,GOODYEAR,720856,215/55R17 94H ASRAS,1,Goodyear,6,735.42,407-213-374,407-213-3746181,,
23,4740,"SOUTHAVEN, MS",GOODYEAR TIRE & RUBBER CO,GOODYEAR,676015,P275/60R20 114S SRA,1,Goodyear,1,200.83,183-934-492,183-934-4924740,,
15,6867,HOUSTON CINCO TX,GOODYEAR TIRE & RUBBER CO,GOODYEAR,980079702,255/65R18 111T CSMAX,1,Goodyear,4,787.68,755-907-383,755-907-3836867,,
2,4735,"LA HABRA, CA",GOODYEAR TIRE & RUBBER CO,GOODYEAR,980079702,255/65R18 111T CSMAX,1,Goodyear,4,787.68,755-907-383,755-907-3834735,,
38,6651,"CATONSVILLE, MD",GOODYEAR TIRE & RUBBER CO,GOODYEAR,314702,225/45R18X 95WSPRTAS,1,Goodyear,4,633.72,109-058-366,109-058-3666651,,
8,6181,PAPILLION NE,GOODYEAR TIRE & RUBBER CO,GOODYEAR,881212,225/65R17 102T ASRAS,1,Goodyear,1,125.39,407-285-374,407-285-3746181,,
24,6435,"TUSCALOOSA, AL",GOODYEAR TIRE & RUBBER CO,GOODYEAR,281657,255/50R19 103W F1SUV,1,Goodyear,1,166,784-287-347,784-287-3476435,,
7,8165,"SIOUX FALLS, SD",GOODYEAR TIRE & RUBBER CO,GOODYEAR,980114255,205/55R16 91H MAXLIF,1,Goodyear,1,130.31,110-952-545,110-952-5458165,A,980116058
39,6670,"DEPTFORD, NJ",GOODYEAR TIRE & RUBBER CO,GOODYEAR,610704,265/70R17 115T FRTHT,1,Goodyear,1,187.65,157-042-620,157-042-6206670,,
27,6242,"DUBLIN, OH",GOODYEAR TIRE & RUBBER CO,GOODYEAR,980321134,225/55R19 99V DRIVE,1,Goodyear,4,850.92,413-019-582,413-019-5826242,,
25,6319,"KENTWOOD, MI",GOODYEAR TIRE & RUBBER CO,GOODYEAR,980114254,195/65R15 91H MAXLIF,1,Goodyear,4,450.6,110-489-545,110-489-5456319,A,980184501
29,6204,"VALDOSTA, GA",GOODYEAR TIRE & RUBBER CO,GOODYEAR,980114257,205/60R16 92V MAXLIF,1,Goodyear,4,513.24,110-953-545,110-953-5456204,A,980116053
31,6387,PINELLAS PARK FL,GOODYEAR TIRE & RUBBER CO,GOODYEAR,980419006,LT245/75R17E WRKHT,1,Goodyear,4,819.36,131-636-875,131-636-8756387,,
32,6520,"VERO BEACH, FL",GOODYEAR TIRE & RUBBER CO,GOODYEAR,980321133,245/55R19 103V DRIVE,1,Goodyear,4,911.88,413-014-582,413-014-5826520,,
29,4879,AIKEN SC,GOODYEAR TIRE & RUBBER CO,GOODYEAR,980114261,225/60R16 98H MAXLIF,1,Goodyear,8,1026.8,110-407-545,110-407-5454879,,
17,6527,"BATON ROUGE, LA",GOODYEAR TIRE & RUBBER CO,GOODYEAR,980114254,195/65R15 91H MAXLIF,1,Goodyear,5,563.25,110-489-545,110-489-5456527,A,980184501
14,6422,"LONGVIEW, TX",GOODYEAR TIRE & RUBBER CO,GOODYEAR,980137882,225/55R19 99V MAXLIF,1,Goodyear,4,803.08,110-930-545,110-930-5456422,A,980197523
14,8242,"DALLAS (E), TX",GOODYEAR TIRE & RUBBER CO,GOODYEAR,980254972,245/40R20X 99W EAGTR,1,Goodyear,4,776,102-997-387,102-997-3878242,,
23,8112,"CHATTANOOGA, TN",GOODYEAR TIRE & RUBBER CO,GOODYEAR,984217693,225/65R17 102H WRY2,1,Goodyear,2,319.78,767-088-673,767-088-6738112,,
17,8271,"JACKSON, MS",GOODYEAR TIRE & RUBBER CO,GOODYEAR,980239390,215/45R17 87V ASRAS,1,Goodyear,2,246.22,407-568-374,407-568-3748271,,
29,8202,"SAVANNAH, GA",GOODYEAR TIRE & RUBBER CO,GOODYEAR,980346643,LT275/70R18E WRKAT,1,Goodyear,4,999.96,481-139-856,481-139-8568202,,
28,6643,CLAIRMONT GA,GOODYEAR TIRE & RUBBER CO,GOODYEAR,984217693,225/65R17 102H WRY2,1,Goodyear,1,159.89,767-088-673,767-088-6736643,,
26,8139,"TOLEDO, OH",GOODYEAR TIRE & RUBBER CO,GOODYEAR,980379657,245/45R17X 99V DRIVE,1,Goodyear,2,394.06,413-027-582,413-027-5828139,,
38,6653,"GAITHERSBURG, MD",GOODYEAR TIRE & RUBBER CO,GOODYEAR,980211261,245/50R20 102H ASRAS,1,Goodyear,4,680.28,407-870-374,407-870-3746653,,
20,6349,"EVERGREEN PARK, IL",GOODYEAR TIRE & RUBBER CO,GOODYEAR,980114267,235/65R17 104HMAXLIF,1,Goodyear,2,329.24,110-188-545,110-188-5456349,A,980116052
38,6653,"GAITHERSBURG, MD",GOODYEAR TIRE & RUBBER CO,GOODYEAR,692912,205/60R16 92T ASRAS,1,Goodyear,1,113.14,407-212-374,407-212-3746653,,
12,4939,"SAN ANTONIO (BROOKS), TX",GOODYEAR TIRE & RUBBER CO,GOODYEAR,980114262,235/55R18 100VMAXLIF,1,Goodyear,1,188.19,110-496-545,110-496-5454939,,
37,6431,"SAM&#39;S ELMIRA, NY",GOODYEAR TIRE & RUBBER CO,GOODYEAR,980137891,235/55R19 101VMAXLIF,1,Goodyear,4,814.32,110-883-545,110-883-5456431,A,980184500
34,6524,"COLONIAL HEIGHTS, VA",GOODYEAR TIRE & RUBBER CO,GOODYEAR,598226,225/50R17 94V ASRAS,1,Goodyear,1,143.1,407-372-374,407-372-3746524,,
28,4739,"SNELLVILLE, GA",GOODYEAR TIRE & RUBBER CO,GOODYEAR,980419010,245/75R16 111T WRKHT,1,Goodyear,4,559.84,116-084-652,116-084-6524739,A,984223137
17,6527,"BATON ROUGE, LA",GOODYEAR TIRE & RUBBER CO,GOODYEAR,107948,225/60R18 100H ASRAS,1,Goodyear,1,127.98,407-795-374,407-795-3746527,,
34,8220,"ROANOKE, VA",GOODYEAR TIRE & RUBBER CO,GOODYEAR,980434352,275/65R18 116T SF HT,1,Goodyear,4,832.96,269-006-969,269-006-9698220,,
37,6675,"ERIE, PA",GOODYEAR TIRE & RUBBER CO,GOODYEAR,984217707,245/60R18 105V WRY2,1,Goodyear,4,779.96,767-107-673,767-107-6736675,,
37,6675,"ERIE, PA",GOODYEAR TIRE & RUBBER CO,GOODYEAR,980239412,245/55R19 103V ASRAS,1,Goodyear,4,722.16,407-971-374,407-971-3746675,,
27,4963,"CHILLICOTHE, OH",GOODYEAR TIRE & RUBBER CO,GOODYEAR,980114257,205/60R16 92V MAXLIF,1,Goodyear,2,256.62,110-953-545,110-953-5454963,A,980116053
27,6307,"COLUMBUS(N),OH",GOODYEAR TIRE & RUBBER CO,GOODYEAR,881133,185/65R15 88T ASRAS,1,Goodyear,2,168.3,407-259-374,407-259-3746307,,
6,8270,"LUBBOCK, TX",GOODYEAR TIRE & RUBBER CO,GOODYEAR,610704,265/70R17 115T FRTHT,1,Goodyear,1,183.08,157-042-620,157-042-6208270,,
31,4861,"ST PETERSBURG, FL",GOODYEAR TIRE & RUBBER CO,GOODYEAR,980239412,245/55R19 103V ASRAS,1,Goodyear,2,361.08,407-971-374,407-971-3744861,,
24,4724,"HOOVER, AL",GOODYEAR TIRE & RUBBER CO,GOODYEAR,629894,225/50R18 95H LS2,1,Goodyear,2,289.64,706-171-163,706-171-1634724,,
22,8132,"CINCINNATI, OH",GOODYEAR TIRE & RUBBER CO,GOODYEAR,980114259,225/55R17 97V MAXLIF,1,Goodyear,5,796.55,110-502-545,110-502-5458132,A,980116057
29,6204,"VALDOSTA, GA",GOODYEAR TIRE & RUBBER CO,GOODYEAR,980137889,235/45R19 95H MAXLIF,1,Goodyear,1,192.13,110-931-545,110-931-5456204,,
35,8218,"FAYETTEVILLE,NC",GOODYEAR TIRE & RUBBER CO,GOODYEAR,629887,225/55R17 97H LS2,1,Goodyear,1,143.29,706-447-163,706-447-1638218,,
31,8201,"BRADENTON, FL",GOODYEAR TIRE & RUBBER CO,GOODYEAR,980317782,235/40R19X 96V DRIVE,1,Goodyear,1,194.85,413-021-582,413-021-5828201,,
34,8228,"WINSTON-SALEM, NC",GOODYEAR TIRE & RUBBER CO,GOODYEAR,980114272,215/50R17X 95VMAXLIF,1,Goodyear,4,609.36,110-977-545,110-977-5458228,A,980116051
38,6653,"GAITHERSBURG, MD",GOODYEAR TIRE & RUBBER CO,GOODYEAR,980334374,235/55R20 102V DRIVE,1,Goodyear,1,213.01,413-022-582,413-022-5826653,,
38,8161,"YORK, PA",GOODYEAR TIRE & RUBBER CO,GOODYEAR,126066,235/55R18 100H ASRAS,1,Goodyear,4,605.12,407-826-374,407-826-3748161,,
37,6547,"MUNCY, PA",GOODYEAR TIRE & RUBBER CO,GOODYEAR,980124564,235/50R19 99V MAXLIF,1,Goodyear,1,195.51,110-933-545,110-933-5456547,,
22,8111,"JEFFERSONTOWN, KY",GOODYEAR TIRE & RUBBER CO,GOODYEAR,984188235,275/65R18X 116T WDRT,1,Goodyear,4,999.88,150-031-991,150-031-9918111,,
7,6385,"GRAND FORKS, ND",GOODYEAR TIRE & RUBBER CO,GOODYEAR,980114276,225/65R17 102HMAXLIF,1,Goodyear,4,603.84,110-981-545,110-981-5456385,A,980116049
16,6377,"JONESBORO, AR",GOODYEAR TIRE & RUBBER CO,GOODYEAR,980114257,205/60R16 92V MAXLIF,1,Goodyear,1,128.31,110-953-545,110-953-5456377,,
32,6341,"SUNRISE, FL",GOODYEAR TIRE & RUBBER CO,GOODYEAR,984207897,255/45R19X 104W EDV2,1,Goodyear,2,491.38,483-159-681,483-159-6816341,,
17,6527,"BATON ROUGE, LA",GOODYEAR TIRE & RUBBER CO,GOODYEAR,980114262,235/55R18 100VMAXLIF,1,Goodyear,1,188.19,110-496-545,110-496-5456527,A,980131000
27,6572,"KNOXVILLE, TN",GOODYEAR TIRE & RUBBER CO,GOODYEAR,980239392,235/50R18 97H ASRAS,1,Goodyear,4,615.36,407-004-374,407-004-3746572,,
29,8116,"JACKSONVILLE,FL",GOODYEAR TIRE & RUBBER CO,GOODYEAR,889783,P275/55R20 111S LS2,1,Goodyear,1,181.15,706-069-165,706-069-1658116,,
31,6401,"TAMPA, FL",GOODYEAR TIRE & RUBBER CO,GOODYEAR,107948,225/60R18 100H ASRAS,1,Goodyear,1,127.98,407-795-374,407-795-3746401,,
37,6440,"LATHAM, NY",GOODYEAR TIRE & RUBBER CO,GOODYEAR,107948,225/60R18 100H ASRAS,1,Goodyear,1,127.98,407-795-374,407-795-3746440,,
3,4974,"NORTH LAS VEGAS (NE), NV",MICHELIN NORTH AMERICA,MICHELIN,980283193,215/55R17 94V CC2,2,MICHELIN,4,732.32,46271,462714974,,
31,6387,PINELLAS PARK FL,MICHELIN NORTH AMERICA,MICHELIN,995434,235/65R18 106V PRLTX,2,MICHELIN,1,210.7,8008,80086387,,
28,8225,"MACON, GA",MICHELIN NORTH AMERICA,MICHELIN,980285272,225/45ZR18X 95Y PSA4,2,MICHELIN,3,575.13,11214,112148225,,
14,8299,PLANO TX,MICHELIN NORTH AMERICA,MICHELIN,980208415,245/35ZR21X 96Y PS4S,2,MICHELIN,2,851.86,1875,18758299,,
13,6245,Harker Heights TX,MICHELIN NORTH AMERICA,MICHELIN,980285273,245/40ZR18X 97Y PSA4,2,MICHELIN,2,405.12,13787,137876245,,
32,4991,"COCOA, FL",MICHELIN NORTH AMERICA,MICHELIN,984182901,LT245/75R17E DLTX2,2,MICHELIN,2,608.18,38846,388464991,,
24,6361,"FT. WALTON BEACH, FL",MICHELIN NORTH AMERICA,MICHELIN,984197705,C235/65R16E AGLIS CC,2,MICHELIN,4,926,12816,128166361,,
35,8218,"FAYETTEVILLE,NC",MICHELIN NORTH AMERICA,MICHELIN,980431179,235/55R20 102H DEF2,2,MICHELIN,4,927.52,50833,508338218,,
27,6326,"REYNOLDSBURG, OH",MICHELIN NORTH AMERICA,MICHELIN,984189165,235/65R18 106H DEF2,2,MICHELIN,2,379.8,9818,98186326,A,984223125
20,6487,"ADDISON, IL",MICHELIN NORTH AMERICA,MICHELIN,980348618,225/50ZR18X 99Y PSA4,2,MICHELIN,4,737.92,22058,220586487,,
12,4939,"SAN ANTONIO (BROOKS), TX",MICHELIN NORTH AMERICA,MICHELIN,980344122,245/40ZR19X 98Y PSA4,2,MICHELIN,2,490.14,36966,369664939,,
34,6354,"MIDLOTHIAN, VA",MICHELIN NORTH AMERICA,MICHELIN,984216724,225/55R19X 103V DEF2,2,MICHELIN,1,221.55,40689,406896354,,
20,6388,MONTGOMERY IL,MICHELIN NORTH AMERICA,MICHELIN,980427186,215/60R16 95H DEF2,2,MICHELIN,4,625.36,79034,790346388,,
29,8202,"SAVANNAH, GA",MICHELIN NORTH AMERICA,MICHELIN,980354622,245/45R17X 99V CC2,2,MICHELIN,4,964.16,33703,337038202,,
38,8193,"HAGERSTOWN, MD",MICHELIN NORTH AMERICA,MICHELIN,980171614,285/35ZR19X 103YPS4S,2,MICHELIN,2,692.7,79871,798718193,,
31,4772,"SARASOTA, FL",MICHELIN NORTH AMERICA,MICHELIN,980348622,255/40ZR19X 100YPSA4,2,MICHELIN,4,991.12,27700,277004772,,
24,4817,"SAM&#39;S TRUSSVILLE , AL",MICHELIN NORTH AMERICA,MICHELIN,984183870,255/70R16X 115TDLTX2,2,MICHELIN,1,215.32,10581,105814817,,
33,6317,"NORTH CANTON, OH",MICHELIN NORTH AMERICA,MICHELIN,984182900,285/45R22X 114HDLTX2,2,MICHELIN,1,294.4,44941,449416317,,
38,8193,"HAGERSTOWN, MD",MICHELIN NORTH AMERICA,MICHELIN,980283168,235/55R19X 105VCC2,2,MICHELIN,1,238.28,8499,84998193,,
18,6309,"WHITE BEAR LAKE, MN",MICHELIN NORTH AMERICA,MICHELIN,980315346,235/45R18X 98V CC2,2,MICHELIN,4,857.44,16172,161726309,A,984238061
38,6434,"LAUREL, MD",MICHELIN NORTH AMERICA,MICHELIN,980285272,225/45ZR18X 95Y PSA4,2,MICHELIN,2,383.42,11214,112146434,,
13,8259,"AUSTIN, TX",MICHELIN NORTH AMERICA,MICHELIN,984182901,LT245/75R17E DLTX2,2,MICHELIN,3,912.27,38846,388468259,,
34,6351,"NEWPORT NEWS, VA",MICHELIN NORTH AMERICA,MICHELIN,980348611,235/40ZR19X 96Y PSA4,2,MICHELIN,1,227.88,47518,475186351,,
11,4795,"GRAPEVINE, TX",MICHELIN NORTH AMERICA,MICHELIN,980163733,245/50R20 102VPRTRAS,2,MICHELIN,1,254.84,41639,416394795,,
9,4920,"SAINT JOSEPH, MO",MICHELIN NORTH AMERICA,MICHELIN,984223506,265/65R18 114T PLTX,2,MICHELIN,1,231.5,79087,790874920,,
1,4799,"CITRUS HEIGHTS, CA",MICHELIN NORTH AMERICA,MICHELIN,980283186,235/60R18X 107VCC2,2,MICHELIN,1,227.24,29611,296114799,,
34,6368,"CHESAPEAKE, VA",MICHELIN NORTH AMERICA,MICHELIN,984182904,255/60R19 109H DEF2,2,MICHELIN,4,904.28,52913,529136368,,
4,4829,GILBERT (E) AZ,MICHELIN NORTH AMERICA,MICHELIN,972797,245/70R16 107T D LTX,2,MICHELIN,1,222.46,10031,100314829,,
34,6458,"LYNCHBURG, VA",MICHELIN NORTH AMERICA,MICHELIN,980285274,245/45ZR18X 100YPSA4,2,MICHELIN,3,583.26,7799,77996458,,
15,8274,"HOUSTON (NW),TX",MICHELIN NORTH AMERICA,MICHELIN,980348630,275/35ZR19X 100YPSA4,2,MICHELIN,2,519.06,44488,444888274,,
9,6418,"WICHITA, KS",MICHELIN NORTH AMERICA,MICHELIN,984200918,255/50R19X 107H DEF2,2,MICHELIN,2,484.7,80655,806556418,,
29,8202,"SAVANNAH, GA",MICHELIN NORTH AMERICA,MICHELIN,984200918,255/50R19X 107H DEF2,2,MICHELIN,4,969.4,80655,806558202,,
9,6418,"WICHITA, KS",MICHELIN NORTH AMERICA,MICHELIN,984175146,LT275/70R18E  DLTX2,2,MICHELIN,1,285.27,13990,139906418,A,984183394
15,4712,"HOUSTON(MEM), TX",MICHELIN NORTH AMERICA,MICHELIN,980144939,255/50R19X107HTRHPZP,2,MICHELIN,1,274.91,9483,94834712,,
32,6341,"SUNRISE, FL",MICHELIN NORTH AMERICA,MICHELIN,972745,235/70R16X 109T DLTX,2,MICHELIN,3,639.09,15545,155456341,,
28,4739,"SNELLVILLE, GA",MICHELIN NORTH AMERICA,MICHELIN,984182905,235/55R19X 105H DEF2,2,MICHELIN,4,867.72,29595,295954739,A,984223522
28,8225,"MACON, GA",MICHELIN NORTH AMERICA,MICHELIN,980436885,225/55R17X 101H DEF2,2,MICHELIN,4,751.68,822,8228225,A,984223527
5,6630,"ARVADA, CO",MICHELIN NORTH AMERICA,MICHELIN,984183867,275/65R18X 116TDLTX2,2,MICHELIN,4,1005.72,9590,95906630,,
4,4829,GILBERT (E) AZ,MICHELIN NORTH AMERICA,MICHELIN,984150900,205/60R16 92H DEF2,2,MICHELIN,4,654.84,37594,375944829,A,984223518
40,6423,"MIDDLETOWN, NY",MICHELIN NORTH AMERICA,MICHELIN,980285246,225/65R17X 106TXICES,2,MICHELIN,4,584.64,24387,243876423,,
21,8197,"CHAMPAIGN, IL",MICHELIN NORTH AMERICA,MICHELIN,984200854,225/60R18X 104H CC2,2,MICHELIN,1,201.48,36488,364888197,,
39,8160,"TEMPLE, PA",MICHELIN NORTH AMERICA,MICHELIN,980315386,225/60R17 99H CC2,2,MICHELIN,4,780.16,8941,89418160,,
20,6487,"ADDISON, IL",MICHELIN NORTH AMERICA,MICHELIN,980348623,285/35ZR20X 104YPSA4,2,MICHELIN,2,571.52,75754,757546487,,
27,6572,"KNOXVILLE, TN",MICHELIN NORTH AMERICA,MICHELIN,980285287,215/50ZR17X 95Y PSA4,2,MICHELIN,4,669.2,45978,459786572,,
35,6443,"GOLDSBORO, NC",MICHELIN NORTH AMERICA,MICHELIN,980285281,235/45ZR18X 98Y PSA4,2,MICHELIN,4,853.64,55731,557316443,,
24,8102,"MOBILE, AL",MICHELIN NORTH AMERICA,MICHELIN,980348647,265/35ZR19X 98Y PSA4,2,MICHELIN,2,508.22,65369,653698102,,
4,4915,BULLHEAD CITY AZ,MICHELIN NORTH AMERICA,MICHELIN,984200852,245/60R18X 109V CC2,2,MICHELIN,4,920,5213,52134915,,
30,4917,Mooresville NC,MICHELIN NORTH AMERICA,MICHELIN,984200850,245/50R20X 105V CC2,2,MICHELIN,4,993.6,91052,910524917,,
14,8299,PLANO TX,MICHELIN NORTH AMERICA,MICHELIN,980100370,275/30ZR21X 98Y PS4S,2,MICHELIN,2,828.34,19555,195558299,,
24,6435,"TUSCALOOSA, AL",MICHELIN NORTH AMERICA,MICHELIN,980285277,225/50ZR17X 98Y PSA4,2,MICHELIN,4,705.36,19719,197196435,,
36,8138,"DAYTONA BEACH, FL",MICHELIN NORTH AMERICA,MICHELIN,984150900,205/60R16 92H DEF2,2,MICHELIN,4,670.08,37594,375948138,,
24,8236,"GULFPORT, MS",MICHELIN NORTH AMERICA,MICHELIN,984200910,265/70R18X 116TDLTX2,2,MICHELIN,1,248.69,69047,690478236,,
8,6427,"ROCHESTER, MN",MICHELIN NORTH AMERICA,MICHELIN,401995,245/75R16 111T D LTX,2,MICHELIN,1,221.55,94262,942626427,,
13,8259,"AUSTIN, TX",MICHELIN NORTH AMERICA,MICHELIN,980285310,245/50ZR19X 105YPSA4,2,MICHELIN,1,270.39,89215,892158259,,
32,6341,"SUNRISE, FL",MICHELIN NORTH AMERICA,MICHELIN,980195589,LT265/75R16E AGLISCC,2,MICHELIN,4,868.12,10257,102576341,,
17,6527,"BATON ROUGE, LA",MICHELIN NORTH AMERICA,MICHELIN,980315342,235/65R18 106V CC2,2,MICHELIN,4,857.44,47167,471676527,,
27,8152,"SOUTH POINT, OH",MICHELIN NORTH AMERICA,MICHELIN,984189163,265/60R18X 114HDLTX2,2,MICHELIN,4,976.48,1121,11218152,A,984223132
2,6616,"FULLERTON, CA",MICHELIN NORTH AMERICA,MICHELIN,980100362,265/40ZR18X 101YPS4S,2,MICHELIN,4,1211.76,85587,855876616,,
6,8153,"EL PASO, TX",MICHELIN NORTH AMERICA,MICHELIN,984182906,255/65R18 111H DEF2,2,MICHELIN,1,232.41,3893,38938153,,
39,6693,"LANGHORNE, PA",MICHELIN NORTH AMERICA,MICHELIN,980427207,225/65R17 102H DEF2,2,MICHELIN,2,352.8,8218,82186693,A,984223123
29,8202,"SAVANNAH, GA",MICHELIN NORTH AMERICA,MICHELIN,995434,235/65R18 106V PRLTX,2,MICHELIN,4,862.72,8008,80088202,,
34,6458,"LYNCHBURG, VA",MICHELIN NORTH AMERICA,MICHELIN,980285269,235/50ZR18X 101YPSA4,2,MICHELIN,1,198.95,20421,204216458,,
14,6381,"LEWISVILLE, TX",MICHELIN NORTH AMERICA,MICHELIN,980348618,225/50ZR18X 99Y PSA4,2,MICHELIN,4,727.04,22058,220586381,,
32,8130,"FORT MYERS, FL",MICHELIN NORTH AMERICA,MICHELIN,980283199,205/65R16 95H CC2,2,MICHELIN,4,687.56,76709,767098130,,
25,6313,"FT. WAYNE, IN",MICHELIN NORTH AMERICA,MICHELIN,980414845,225/60R16 98H DEF2,2,MICHELIN,4,638.36,6384,63846313,A,984223510
32,4972,"PORT ST LUCIE (W), FL",MICHELIN NORTH AMERICA,MICHELIN,980018315,245/40ZR18X 97Y PS4S,2,MICHELIN,2,439.48,37666,376664972,,
4,4915,BULLHEAD CITY AZ,MICHELIN NORTH AMERICA,MICHELIN,980195590,LT275/65R20E AGLISCC,2,MICHELIN,4,1311.64,15627,156274915,,
17,6527,"BATON ROUGE, LA",MICHELIN NORTH AMERICA,MICHELIN,980171612,255/35ZR19X 96Y PS4S,2,MICHELIN,1,264.96,66901,669016527,,
39,6693,"LANGHORNE, PA",MICHELIN NORTH AMERICA,MICHELIN,980412557,255/50R20X 109V CC2,2,MICHELIN,4,1063.52,92056,920566693,,
34,8220,"ROANOKE, VA",MICHELIN NORTH AMERICA,MICHELIN,980414845,225/60R16 98H DEF2,2,MICHELIN,1,156.19,6384,63848220,,
34,6458,"LYNCHBURG, VA",MICHELIN NORTH AMERICA,MICHELIN,980241238,275/45ZR21X 110Y4SUV,2,MICHELIN,4,1526.44,19709,197096458,,
13,6245,Harker Heights TX,MICHELIN NORTH AMERICA,MICHELIN,401995,245/75R16 111T D LTX,2,MICHELIN,2,443.1,94262,942626245,,
19,8251,"SAINT CHARLES, MO",MICHELIN NORTH AMERICA,MICHELIN,980048314,195/65R15 91H D T+H,2,MICHELIN,4,571.92,8771,87718251,,
2,6616,"FULLERTON, CA",MICHELIN NORTH AMERICA,MICHELIN,980412563,265/45R20X 108V CC2,2,MICHELIN,2,561.2,8932,89326616,,
32,6341,"SUNRISE, FL",MICHELIN NORTH AMERICA,MICHELIN,401995,245/75R16 111T D LTX,2,MICHELIN,2,443.1,94262,942626341,,
15,4712,"HOUSTON(MEM), TX",MICHELIN NORTH AMERICA,MICHELIN,984200925,265/65R18X 116TDLTX2,2,MICHELIN,4,945.12,92862,928624712,,
5,4745,"THORNTON, CO",MICHELIN NORTH AMERICA,MICHELIN,980348620,255/40ZR20X 101YPSA4,2,MICHELIN,4,1247.92,45451,454514745,,
31,4861,"ST PETERSBURG, FL",MICHELIN NORTH AMERICA,MICHELIN,984197705,C235/65R16E AGLIS CC,2,MICHELIN,2,457.58,12816,128164861,,
40,6333,"BANGOR, ME",MICHELIN NORTH AMERICA,MICHELIN,980315336,235/45R19X 99V CC2,2,MICHELIN,1,223.56,16620,166206333,,
31,6403,"BRANDON, FL",MICHELIN NORTH AMERICA,MICHELIN,980171612,255/35ZR19X 96Y PS4S,2,MICHELIN,2,529.92,66901,669016403,,
23,8294,"NASHVILLE(S),TN",MICHELIN NORTH AMERICA,MICHELIN,984175146,LT275/70R18E  DLTX2,2,MICHELIN,1,280.75,13990,139908294,,
30,6236,Rock Hill SC,MICHELIN NORTH AMERICA,MICHELIN,980208425,255/55R20X110VPRIMAS,2,MICHELIN,1,248.68,92446,924466236,,
24,8236,"GULFPORT, MS",MICHELIN NORTH AMERICA,MICHELIN,497958,245/40R19 94V PMXM4,2,MICHELIN,2,509.68,23600,236008236,,
24,4817,"SAM&#39;S TRUSSVILLE , AL",MICHELIN NORTH AMERICA,MICHELIN,313972,225/45R18 91V PMXM4,2,MICHELIN,1,218.96,23460,234604817,,
30,6452,"ASHEVILLE, NC",MICHELIN NORTH AMERICA,MICHELIN,980171634,225/65R17 102HPRIMAS,2,MICHELIN,4,774.08,52670,526706452,,
35,8223,"RALEIGH, NC",MICHELIN NORTH AMERICA,MICHELIN,980285274,245/45ZR18X 100YPSA4,2,MICHELIN,4,777.68,7799,77998223,,
31,6401,"TAMPA, FL",MICHELIN NORTH AMERICA,MICHELIN,984200918,255/50R19X 107H DEF2,2,MICHELIN,1,246.87,80655,806556401,,
13,8245,"HOUSTON (N), TX",MICHELIN NORTH AMERICA,MICHELIN,980383252,265/65R18 114T PLTX,2,MICHELIN,1,220.65,1582,15828245,,
5,6631,"AURORA, CO",MICHELIN NORTH AMERICA,MICHELIN,980283195,225/50R17X 98V CC2,2,MICHELIN,4,754.4,69757,697576631,,
17,6527,"BATON ROUGE, LA",MICHELIN NORTH AMERICA,MICHELIN,980315348,225/45R18X 95V CC2,2,MICHELIN,4,839.04,49702,497026527,,
32,6341,"SUNRISE, FL",MICHELIN NORTH AMERICA,MICHELIN,980414844,235/60R17 102H DEF2,2,MICHELIN,4,771.08,21087,210876341,,
17,4775,"METAIRIE, LA",MICHELIN NORTH AMERICA,MICHELIN,984182903,275/55R20X 117TDLTX2,2,MICHELIN,2,465.38,4085,40854775,A,984223129
15,4712,"HOUSTON(MEM), TX",MICHELIN NORTH AMERICA,MICHELIN,980427186,215/60R16 95H DEF2,2,MICHELIN,4,644.2,79034,790344712,,
14,4783,"GARLAND, TX",MICHELIN NORTH AMERICA,MICHELIN,980285306,255/55ZR20X 110YPSA4,2,MICHELIN,4,1067.08,46513,465134783,,
11,8288,"MIDLAND, TX",MICHELIN NORTH AMERICA,MICHELIN,980348624,245/35ZR19 89YPSA4ZP,2,MICHELIN,4,1157.52,46522,465228288,,
27,6242,"DUBLIN, OH",MICHELIN NORTH AMERICA,MICHELIN,980315349,245/45R19X 102V CC2,2,MICHELIN,4,1037.76,38373,383736242,,
31,6420,"CLEARWATER, FL",MICHELIN NORTH AMERICA,MICHELIN,980315376,215/60R16 95V CC2,2,MICHELIN,1,167.44,31690,316906420,,
20,6487,"ADDISON, IL",MICHELIN NORTH AMERICA,MICHELIN,980348620,255/40ZR20X 101YPSA4,2,MICHELIN,2,618.54,45451,454516487,,
29,8116,"JACKSONVILLE,FL",MICHELIN NORTH AMERICA,MICHELIN,980348620,255/40ZR20X 101YPSA4,2,MICHELIN,4,1247.92,45451,454518116,,
9,4870,KANSAS CITY KS,MICHELIN NORTH AMERICA,MICHELIN,980285269,235/50ZR18X 101YPSA4,2,MICHELIN,1,198.95,20421,204214870,,
15,4843,PEARLAND TX,MICHELIN NORTH AMERICA,MICHELIN,980315339,235/55R20 102V CC2,2,MICHELIN,4,901.6,70750,707504843,,
37,6322,"BOARDMAN, OH",MICHELIN NORTH AMERICA,MICHELIN,984182905,235/55R19X 105H DEF2,2,MICHELIN,4,878.96,29595,295956322,,
31,4998,"THE VILLAGES, FL",MICHELIN NORTH AMERICA,MICHELIN,315552,235/55R17 99H SAVAS,2,MICHELIN,4,920.52,24910,249104998,,
26,6657,"NOVI, MI",MICHELIN NORTH AMERICA,MICHELIN,980303686,245/45RF20 99Y PS4ZP,2,MICHELIN,4,1175.6,52969,529696657,,
14,8299,PLANO TX,MICHELIN NORTH AMERICA,MICHELIN,980412572,285/45R20X 112V CC2,2,MICHELIN,4,1328.48,12199,121998299,,
2,4822,"MURRIETA, CA",MICHELIN NORTH AMERICA,MICHELIN,984200858,255/70R17X 116TDLTX2,2,MICHELIN,4,1005.72,59350,593504822,,
2,6616,"FULLERTON, CA",MICHELIN NORTH AMERICA,MICHELIN,980285270,225/40ZR18X 92Y PSA4,2,MICHELIN,1,171.82,34320,343206616,,
30,6236,Rock Hill SC,MICHELIN NORTH AMERICA,MICHELIN,980212312,225/60R18 100HPRIMAS,2,MICHELIN,1,203.47,72282,722826236,,
4,4915,BULLHEAD CITY AZ,MICHELIN NORTH AMERICA,MICHELIN,980285276,215/55ZR17X 98Y PSA4,2,MICHELIN,4,680.04,68640,686404915,,
36,8290,"ORLANDO (S), FL",MICHELIN NORTH AMERICA,MICHELIN,980144939,255/50R19X107HTRHPZP,2,MICHELIN,4,1110.48,9483,94838290,,
17,8271,"JACKSON, MS",MICHELIN NORTH AMERICA,MICHELIN,980348614,245/45ZR17X 99Y PSA4,2,MICHELIN,1,210.7,81624,816248271,,
35,6570,"RALEIGH, NC",MICHELIN NORTH AMERICA,MICHELIN,984200894,235/40R19X 96V DEF2,2,MICHELIN,4,842.8,48884,488846570,,
15,8274,"HOUSTON (NW),TX",MICHELIN NORTH AMERICA,MICHELIN,980344122,245/40ZR19X 98Y PSA4,2,MICHELIN,2,490.14,36966,369668274,,
6,8280,EL PASO TX,MICHELIN NORTH AMERICA,MICHELIN,980408280,205/55R16 91H DEF2,2,MICHELIN,4,640.44,7259,72598280,A,984223517
18,6309,"WHITE BEAR LAKE, MN",MICHELIN NORTH AMERICA,MICHELIN,980315376,215/60R16 95V CC2,2,MICHELIN,4,669.76,31690,316906309,,
31,4801,"RIVERVIEW, FL",MICHELIN NORTH AMERICA,MICHELIN,980212312,225/60R18 100HPRIMAS,2,MICHELIN,1,203.47,72282,722824801,,
22,8136,"DAYTON, OH",MICHELIN NORTH AMERICA,MICHELIN,980354619,225/40R18X 92V CC2,2,MICHELIN,2,432.4,52883,528838136,,
24,8236,"GULFPORT, MS",MICHELIN NORTH AMERICA,MICHELIN,984200926,265/70R16X 116TDLTX2,2,MICHELIN,2,466.62,93928,939288236,A,984223128
11,4795,"GRAPEVINE, TX",MICHELIN NORTH AMERICA,MICHELIN,980315335,235/40R19X 96V CC2,2,MICHELIN,4,920,60820,608204795,,
9,8208,"LENEXA, KS",MICHELIN NORTH AMERICA,MICHELIN,980285292,265/35ZR18X 97Y PSA4,2,MICHELIN,2,472.04,17169,171698208,,
31,6420,"CLEARWATER, FL",MICHELIN NORTH AMERICA,MICHELIN,980171633,235/55R19 101VPRIMAS,2,MICHELIN,1,230,29730,297306420,,
20,6228,"VERNON HILLS, IL",MICHELIN NORTH AMERICA,MICHELIN,980315340,235/60R17 102H CC2,2,MICHELIN,1,200.07,21800,218006228,,
29,8202,"SAVANNAH, GA",MICHELIN NORTH AMERICA,MICHELIN,980436884,235/60R18X 107H DEF2,2,MICHELIN,1,208.23,87332,873328202,A,984223122
33,4936,"GRANVILLE, WV",MICHELIN NORTH AMERICA,MICHELIN,980315386,225/60R17 99H CC2,2,MICHELIN,8,1560.32,8941,89414936,A,984238060
28,8158,WOODSTOCK GA,MICHELIN NORTH AMERICA,MICHELIN,984200879,265/70R17X 116TDLTX2,2,MICHELIN,4,943.56,21308,213088158,A,984223126
33,4847,GREENSBURG PA,MICHELIN NORTH AMERICA,MICHELIN,980283165,225/55R18 98H CC2,2,MICHELIN,4,839.04,4749,47494847,,
32,6341,"SUNRISE, FL",MICHELIN NORTH AMERICA,MICHELIN,984200923,245/75R17X 116TDLTX2,2,MICHELIN,2,574.18,91777,917776341,,
15,8190,"LA MARQUE, TX",MICHELIN NORTH AMERICA,MICHELIN,980283186,235/60R18X 107VCC2,2,MICHELIN,2,454.48,29611,296118190,,
17,6527,"BATON ROUGE, LA",MICHELIN NORTH AMERICA,MICHELIN,984200879,265/70R17X 116TDLTX2,2,MICHELIN,2,468.12,21308,213086527,A,984223126
34,8228,"WINSTON-SALEM, NC",MICHELIN NORTH AMERICA,MICHELIN,984182900,285/45R22X 114HDLTX2,2,MICHELIN,4,1177.6,44941,449418228,,
17,8271,"JACKSON, MS",MICHELIN NORTH AMERICA,MICHELIN,980307079,235/50R20 100VPRIMAS,2,MICHELIN,1,259.44,34155,341558271,,
29,8202,"SAVANNAH, GA",MICHELIN NORTH AMERICA,MICHELIN,980436885,225/55R17X 101H DEF2,2,MICHELIN,1,190.75,822,8228202,,
17,4790,"PEARL, MS",MICHELIN NORTH AMERICA,MICHELIN,980348621,275/30ZR20X 97Y PSA4,2,MICHELIN,2,560.66,64805,648054790,,
1,6612,"CONCORD, CA",MICHELIN NORTH AMERICA,MICHELIN,980315348,225/45R18X 95V CC2,2,MICHELIN,1,209.76,49702,497026612,,
33,4936,"GRANVILLE, WV",MICHELIN NORTH AMERICA,MICHELIN,980315365,205/60R16 92V CC2,2,MICHELIN,4,647.68,61910,619104936,,
17,4837,"DENHAM SPRINGS, LA",MICHELIN NORTH AMERICA,MICHELIN,984183867,275/65R18X 116TDLTX2,2,MICHELIN,1,260.58,9590,95904837,A,984183866
11,6244,"FORT WORTH, TX",MICHELIN NORTH AMERICA,MICHELIN,984183867,275/65R18X 116TDLTX2,2,MICHELIN,2,521.16,9590,95906244,A,984183866
12,4914,San Antonio N TX,MICHELIN NORTH AMERICA,MICHELIN,984182904,255/60R19 109H DEF2,2,MICHELIN,1,226.07,52913,529134914,,
17,4790,"PEARL, MS",MICHELIN NORTH AMERICA,MICHELIN,980018309,275/30ZR20X 97Y PS4S,2,MICHELIN,2,739.72,50352,503524790,,
13,4713,"SHENANDOAH, TX",MICHELIN NORTH AMERICA,MICHELIN,984200925,265/65R18X 116TDLTX2,2,MICHELIN,4,945.12,92862,928624713,,
31,6403,"BRANDON, FL",MICHELIN NORTH AMERICA,MICHELIN,984197705,C235/65R16E AGLIS CC,2,MICHELIN,4,920.6,12816,128166403,,
11,6439,"ODESSA,TX",MICHELIN NORTH AMERICA,MICHELIN,980383252,265/65R18 114T PLTX,2,MICHELIN,1,220.65,1582,15826439,,
33,6305,"BROOKLYN, OH",MICHELIN NORTH AMERICA,MICHELIN,980018320,255/40ZR20X 101YPS4S,2,MICHELIN,1,273.1,59321,593216305,,
16,8266,"SHERWOOD, AR",MICHELIN NORTH AMERICA,MICHELIN,980354623,245/65R17 107H CC2,2,MICHELIN,1,218.04,8401,84018266,,
31,6387,PINELLAS PARK FL,MICHELIN NORTH AMERICA,MICHELIN,980307080,235/55R19X105WPRTRAS,2,MICHELIN,3,724.95,37369,373696387,,
17,8221,"HARVEY, LA",MICHELIN NORTH AMERICA,MICHELIN,980348627,275/40ZR19X 105YPSA4,2,MICHELIN,2,542.58,78364,783648221,,
5,4777,"DENVER, CO",MICHELIN NORTH AMERICA,MICHELIN,980412560,255/60R18X 112V CC2,2,MICHELIN,4,986.24,92640,926404777,,
33,4847,GREENSBURG PA,MICHELIN NORTH AMERICA,MICHELIN,984200925,265/65R18X 116TDLTX2,2,MICHELIN,1,244.43,92862,928624847,,
2,6628,"TORRANCE, CA",MICHELIN NORTH AMERICA,MICHELIN,984182903,275/55R20X 117TDLTX2,2,MICHELIN,4,930.76,4085,40856628,,
29,6363,"JACKSONVILLE (W), FL",MICHELIN NORTH AMERICA,MICHELIN,984189162,245/70R17X 114TDLTX2,2,MICHELIN,4,922.4,546,5466363,,
4,4915,BULLHEAD CITY AZ,MICHELIN NORTH AMERICA,MICHELIN,984200923,245/75R17X 116TDLTX2,2,MICHELIN,6,1749.96,91777,917774915,,
20,6331,"KENOSHA, WI",MICHELIN NORTH AMERICA,MICHELIN,984175148,LT285/70R17E  DLTX2,2,MICHELIN,2,589.88,44327,443276331,,
19,8125,"SAINT LOUIS, MO",MICHELIN NORTH AMERICA,MICHELIN,980436884,235/60R18X 107H DEF2,2,MICHELIN,4,814.72,87332,873328125,A,984223122
25,4944,"GRAND BLANC, MI",MICHELIN NORTH AMERICA,MICHELIN,980171634,225/65R17 102HPRIMAS,2,MICHELIN,1,193.52,52670,526704944,,
34,6402,"GREENSBORO, NC",MICHELIN NORTH AMERICA,MICHELIN,984200925,265/65R18X 116TDLTX2,2,MICHELIN,4,945.12,92862,928626402,,
34,4711,"VIRGINIA BEACH, VA",MICHELIN NORTH AMERICA,MICHELIN,980315342,235/65R18 106V CC2,2,MICHELIN,4,861.12,47167,471674711,,
26,6667,"YPSILANTI, MI",MICHELIN NORTH AMERICA,MICHELIN,980315373,235/50R17 96H CC2,2,MICHELIN,1,195.37,81448,814486667,,
12,4939,"SAN ANTONIO (BROOKS), TX",MICHELIN NORTH AMERICA,MICHELIN,980104547,235/40R19X 96V PMXM4,2,MICHELIN,2,487.6,53283,532834939,,
1,6612,"CONCORD, CA",MICHELIN NORTH AMERICA,MICHELIN,980285270,225/40ZR18X 92Y PSA4,2,MICHELIN,2,345.68,34320,343206612,,
9,8207,"KANSAS CITY, MO",MICHELIN NORTH AMERICA,MICHELIN,980326863,265/60R18 110H PLTX,2,MICHELIN,4,886.2,8915,89158207,,
17,6527,"BATON ROUGE, LA",MICHELIN NORTH AMERICA,MICHELIN,984200910,265/70R18X 116TDLTX2,2,MICHELIN,4,994.76,69047,690476527,,
23,4740,"SOUTHAVEN, MS",MICHELIN NORTH AMERICA,MICHELIN,610837,245/45R19 98W PMXM4,2,MICHELIN,1,249.59,19136,191364740,,
6,8280,EL PASO TX,MICHELIN NORTH AMERICA,MICHELIN,984182905,235/55R19X 105H DEF2,2,MICHELIN,1,219.74,29595,295958280,,
34,6524,"COLONIAL HEIGHTS, VA",MICHELIN NORTH AMERICA,MICHELIN,980241240,255/35ZR20X97WPSA4ZP,2,MICHELIN,4,1164.72,32180,321806524,,
17,4790,"PEARL, MS",MICHELIN NORTH AMERICA,MICHELIN,980303686,245/45RF20 99Y PS4ZP,2,MICHELIN,1,300.68,52969,529694790,,
21,6304,"INDIANAPOLIS, IN",MICHELIN NORTH AMERICA,MICHELIN,984189164,275/60R20X 116HDLTX2,2,MICHELIN,2,526.64,13647,136476304,,
38,6371,"WOODBRIDGE, VA",MICHELIN NORTH AMERICA,MICHELIN,984182903,275/55R20X 117TDLTX2,2,MICHELIN,1,228.57,4085,40856371,A,984223129
38,6371,"WOODBRIDGE, VA",MICHELIN NORTH AMERICA,MICHELIN,980100333,245/35ZR20X 95Y PS4S,2,MICHELIN,2,723.44,57304,573046371,,
15,8265,"LAKE CHARLES,LA",MICHELIN NORTH AMERICA,MICHELIN,980171616,265/35ZR19X 98Y PS4S,2,MICHELIN,2,636.62,87309,873098265,,
31,6387,PINELLAS PARK FL,MICHELIN NORTH AMERICA,MICHELIN,980003895,LT245/75R17E XMS2,2,MICHELIN,2,602.26,54043,540436387,,
22,8111,"JEFFERSONTOWN, KY",MICHELIN NORTH AMERICA,MICHELIN,980283163,215/55R16X 97H CC2,2,MICHELIN,4,657.52,3995,39958111,,
14,4783,"GARLAND, TX",MICHELIN NORTH AMERICA,MICHELIN,980171634,225/65R17 102HPRIMAS,2,MICHELIN,4,774.08,52670,526704783,,
13,6336,"TEMPLE, TX",MICHELIN NORTH AMERICA,MICHELIN,980348649,275/35ZR18 95YPSA4ZP,2,MICHELIN,2,558.86,40767,407676336,,
32,6341,"SUNRISE, FL",MICHELIN NORTH AMERICA,MICHELIN,980100357,265/35ZR18X 97Y PS4S,2,MICHELIN,4,1049,53791,537916341,,
31,8155,"GAINESVILLE, FL",MICHELIN NORTH AMERICA,MICHELIN,980202789,255/60R18X 112W 4SUV,2,MICHELIN,4,900.68,68420,684208155,,
33,6314,"ELYRIA, OH",MICHELIN NORTH AMERICA,MICHELIN,980285272,225/45ZR18X 95Y PSA4,2,MICHELIN,4,786.16,11214,112146314,,
28,8158,WOODSTOCK GA,MICHELIN NORTH AMERICA,MICHELIN,984200866,245/55R19X 107H DEF2,2,MICHELIN,6,1425.84,13640,136408158,,
38,4729,"STERLING, VA",MICHELIN NORTH AMERICA,MICHELIN,980412558,255/55R19X 111V CC2,2,MICHELIN,2,491.28,67231,672314729,,
8,6432,"SIOUX CITY,IA",MICHELIN NORTH AMERICA,MICHELIN,980414845,225/60R16 98H DEF2,2,MICHELIN,4,638.36,6384,63846432,,
27,6308,"COLUMBUS(W),OH",MICHELIN NORTH AMERICA,MICHELIN,980283165,225/55R18 98H CC2,2,MICHELIN,1,218.96,4749,47496308,,
23,8112,"CHATTANOOGA, TN",MICHELIN NORTH AMERICA,MICHELIN,980412551,235/65R16 103H DEF2,2,MICHELIN,1,186.97,18797,187978112,,
34,6458,"LYNCHBURG, VA",MICHELIN NORTH AMERICA,MICHELIN,980104547,235/40R19X 96V PMXM4,2,MICHELIN,1,243.8,53283,532836458,,
37,6675,"ERIE, PA",MICHELIN NORTH AMERICA,MICHELIN,980315365,205/60R16 92V CC2,2,MICHELIN,4,647.68,61910,619106675,,
21,6334,"DECATUR, IL",MICHELIN NORTH AMERICA,MICHELIN,984200854,225/60R18X 104H CC2,2,MICHELIN,1,201.48,36488,364886334,,
15,4712,"HOUSTON(MEM), TX",MICHELIN NORTH AMERICA,MICHELIN,984200854,225/60R18X 104H CC2,2,MICHELIN,4,805.92,36488,364884712,,
27,6572,"KNOXVILLE, TN",MICHELIN NORTH AMERICA,MICHELIN,980285270,225/40ZR18X 92Y PSA4,2,MICHELIN,1,171.82,34320,343206572,A,980288764
31,6387,PINELLAS PARK FL,MICHELIN NORTH AMERICA,MICHELIN,984200888,255/75R17X 116TDLTX2,2,MICHELIN,4,907.92,36845,368456387,,
39,8160,"TEMPLE, PA",MICHELIN NORTH AMERICA,MICHELIN,980431236,235/65R17 104H DEF2,2,MICHELIN,4,796.56,8758,87588160,,
12,8264,"SAN ANTONIO (S), TX",MICHELIN NORTH AMERICA,MICHELIN,984211781,285/55R20X 116TDLTX2,2,MICHELIN,4,1139.4,40597,405978264,,
19,8251,"SAINT CHARLES, MO",MICHELIN NORTH AMERICA,MICHELIN,980354616,205/55R17X 95V CC2,2,MICHELIN,4,706.56,21343,213438251,,
27,6242,"DUBLIN, OH",MICHELIN NORTH AMERICA,MICHELIN,980283172,215/50R17X 95V CC2,2,MICHELIN,4,780.16,17193,171936242,,
8,8146,"OMAHA, NE",MICHELIN NORTH AMERICA,MICHELIN,984200926,265/70R16X 116TDLTX2,2,MICHELIN,1,242.35,93928,939288146,,
4,4915,BULLHEAD CITY AZ,MICHELIN NORTH AMERICA,MICHELIN,980436884,235/60R18X 107H DEF2,2,MICHELIN,8,1679.6,87332,873324915,A,984223122
28,4739,"SNELLVILLE, GA",MICHELIN NORTH AMERICA,MICHELIN,984200926,265/70R16X 116TDLTX2,2,MICHELIN,1,234.21,93928,939284739,A,984223128
27,6242,"DUBLIN, OH",MICHELIN NORTH AMERICA,MICHELIN,980285274,245/45ZR18X 100YPSA4,2,MICHELIN,2,388.84,7799,77996242,,
39,4722,"WILLIAMSTOWN, NJ",MICHELIN NORTH AMERICA,MICHELIN,980436884,235/60R18X 107H DEF2,2,MICHELIN,1,203.68,87332,873324722,A,984223122
22,8276,"LOUISVILLE, KY",MICHELIN NORTH AMERICA,MICHELIN,995434,235/65R18 106V PRLTX,2,MICHELIN,2,421.4,8008,80088276,,
11,8226,"ABILENE, TX",MICHELIN NORTH AMERICA,MICHELIN,813480,P275/60R20 114S A/T2,2,MICHELIN,4,1193.68,36429,364298226,,
21,6489,"CALUMET CITY, IL",MICHELIN NORTH AMERICA,MICHELIN,984200894,235/40R19X 96V DEF2,2,MICHELIN,1,210.7,48884,488846489,,
17,8221,"HARVEY, LA",MICHELIN NORTH AMERICA,MICHELIN,980100371,275/35ZR18X 99Y PS4S,2,MICHELIN,1,272.19,795,7958221,,
39,6676,"WILLOW GROVE(HATBORO), PA",MICHELIN NORTH AMERICA,MICHELIN,984179036,C195/75R16D AGLIS CC,2,MICHELIN,4,734.28,57046,570466676,,
9,4870,KANSAS CITY KS,MICHELIN NORTH AMERICA,MICHELIN,980354623,245/65R17 107H CC2,2,MICHELIN,2,467.36,8401,84014870,,
29,8116,"JACKSONVILLE,FL",MICHELIN NORTH AMERICA,MICHELIN,995413,235/55R20 102V PRLTX,2,MICHELIN,4,958.56,13732,137328116,,
1,4768,"RENO, NV",MICHELIN NORTH AMERICA,MICHELIN,984189164,275/60R20X 116HDLTX2,2,MICHELIN,4,1020.36,13647,136474768,,
14,4783,"GARLAND, TX",MICHELIN NORTH AMERICA,MICHELIN,984200850,245/50R20X 105V CC2,2,MICHELIN,2,496.8,91052,910524783,,
35,8218,"FAYETTEVILLE,NC",MICHELIN NORTH AMERICA,MICHELIN,980285275,235/45ZR17X 97Y PSA4,2,MICHELIN,4,759.6,35124,351248218,,
34,6351,"NEWPORT NEWS, VA",MICHELIN NORTH AMERICA,MICHELIN,984150900,205/60R16 92H DEF2,2,MICHELIN,4,651.04,37594,375946351,,
32,6341,"SUNRISE, FL",MICHELIN NORTH AMERICA,MICHELIN,980171602,275/35ZR19X 100YPS4S,2,MICHELIN,2,587.8,10078,100786341,,
27,6572,"KNOXVILLE, TN",MICHELIN NORTH AMERICA,MICHELIN,610837,245/45R19 98W PMXM4,2,MICHELIN,2,499.18,19136,191366572,,
33,4936,"GRANVILLE, WV",MICHELIN NORTH AMERICA,MICHELIN,980414844,235/60R17 102H DEF2,2,MICHELIN,4,771.08,21087,210874936,,
10,8241,"MIDWEST CITY, OK",MICHELIN NORTH AMERICA,MICHELIN,984189164,275/60R20X 116HDLTX2,2,MICHELIN,4,1053.28,13647,136478241,A,984223130
7,4933,"BISMARCK, ND",MICHELIN NORTH AMERICA,MICHELIN,980285246,225/65R17X 106TXICES,2,MICHELIN,4,625.6,24387,243874933,,
11,6439,"ODESSA,TX",MICHELIN NORTH AMERICA,MICHELIN,984189162,245/70R17X 114TDLTX2,2,MICHELIN,4,915.16,546,5466439,,
14,6422,"LONGVIEW, TX",MICHELIN NORTH AMERICA,MICHELIN,980427207,225/65R17 102H DEF2,2,MICHELIN,12,2099.16,8218,82186422,A,984223123
11,6244,"FORT WORTH, TX",MICHELIN NORTH AMERICA,MICHELIN,984189164,275/60R20X 116HDLTX2,2,MICHELIN,4,1020.36,13647,136476244,,
1,4768,"RENO, NV",MICHELIN NORTH AMERICA,MICHELIN,980315334,225/65R17 102H CC2,2,MICHELIN,2,369.84,13153,131534768,,
18,6309,"WHITE BEAR LAKE, MN",MICHELIN NORTH AMERICA,MICHELIN,980360394,265/65R17 112T PLTX,2,MICHELIN,4,1034.52,9923,99236309,,
1,4799,"CITRUS HEIGHTS, CA",MICHELIN NORTH AMERICA,MICHELIN,980431236,235/65R17 104H DEF2,2,MICHELIN,1,199.14,8758,87584799,A,984223519
38,4771,SEVERN MD,MICHELIN NORTH AMERICA,MICHELIN,980431236,235/65R17 104H DEF2,2,MICHELIN,1,199.14,8758,87584771,A,984223519
31,6441,"LAKELAND (N),FL",MICHELIN NORTH AMERICA,MICHELIN,984189165,235/65R18 106H DEF2,2,MICHELIN,1,191.71,9818,98186441,A,984223125
15,6867,HOUSTON CINCO TX,MICHELIN NORTH AMERICA,MICHELIN,984182906,255/65R18 111H DEF2,2,MICHELIN,2,455.76,3893,38936867,,
38,6653,"GAITHERSBURG, MD",MICHELIN NORTH AMERICA,MICHELIN,980283197,235/65R17 104H CC2,2,MICHELIN,4,844.36,74077,740776653,,
34,6402,"GREENSBORO, NC",MICHELIN NORTH AMERICA,MICHELIN,610837,245/45R19 98W PMXM4,2,MICHELIN,1,256.82,19136,191366402,,
32,6341,"SUNRISE, FL",MICHELIN NORTH AMERICA,MICHELIN,972874,265/75R16 116T D LTX,2,MICHELIN,4,1038.12,99123,991236341,,
27,6242,"DUBLIN, OH",MICHELIN NORTH AMERICA,MICHELIN,980354620,235/55R17 99H CC2,2,MICHELIN,4,815.32,80501,805016242,,
9,8163,"COLUMBIA, MO",MICHELIN NORTH AMERICA,MICHELIN,984189165,235/65R18 106H DEF2,2,MICHELIN,4,766.84,9818,98188163,,
32,6217,"MIAMI, FL",MICHELIN NORTH AMERICA,MICHELIN,984182900,285/45R22X 114HDLTX2,2,MICHELIN,4,1177.6,44941,449416217,,
36,4828,ORLANDO LAKE NONA FL,MICHELIN NORTH AMERICA,MICHELIN,984182903,275/55R20X 117TDLTX2,2,MICHELIN,8,1828.56,4085,40854828,A,984223129
27,6326,"REYNOLDSBURG, OH",MICHELIN NORTH AMERICA,MICHELIN,980431179,235/55R20 102H DEF2,2,MICHELIN,2,451.94,50833,508336326,A,984223525
35,4872,COLUMBIA NE SC,MICHELIN NORTH AMERICA,MICHELIN,984200879,265/70R17X 116TDLTX2,2,MICHELIN,1,234.98,21308,213084872,A,984223126
23,4740,"SOUTHAVEN, MS",MICHELIN NORTH AMERICA,MICHELIN,984182903,275/55R20X 117TDLTX2,2,MICHELIN,2,465.38,4085,40854740,A,984223129
2,6628,"TORRANCE, CA",MICHELIN NORTH AMERICA,MICHELIN,984200926,265/70R16X 116TDLTX2,2,MICHELIN,1,233.98,93928,939286628,,
35,6443,"GOLDSBORO, NC",MICHELIN NORTH AMERICA,MICHELIN,980250377,225/60R18 100HPRTRAS,2,MICHELIN,1,196.88,37916,379166443,,
28,4789,"SHARPSBURG, GA",MICHELIN NORTH AMERICA,MICHELIN,984200866,245/55R19X 107H DEF2,2,MICHELIN,4,950.56,13640,136404789,,
23,8294,"NASHVILLE(S),TN",MICHELIN NORTH AMERICA,MICHELIN,984183867,275/65R18X 116TDLTX2,2,MICHELIN,1,260.58,9590,95908294,A,984183866
33,4847,GREENSBURG PA,MICHELIN NORTH AMERICA,MICHELIN,980348643,255/35ZR20X 97Y PSA4,2,MICHELIN,1,239.64,12040,120404847,,
18,6309,"WHITE BEAR LAKE, MN",MICHELIN NORTH AMERICA,MICHELIN,980431179,235/55R20 102H DEF2,2,MICHELIN,3,695.64,50833,508336309,,
29,6204,"VALDOSTA, GA",MICHELIN NORTH AMERICA,MICHELIN,980360393,245/70R17 110T PLTX,2,MICHELIN,4,770.48,18347,183476204,,
30,6463,"ANDERSON, SC",MICHELIN NORTH AMERICA,MICHELIN,984200866,245/55R19X 107H DEF2,2,MICHELIN,1,241.4,13640,136406463,,
7,4933,"BISMARCK, ND",MICHELIN NORTH AMERICA,MICHELIN,980292047,275/55R20 113T XICES,2,MICHELIN,4,1030.08,14422,144224933,,
23,4930,COOKEVILLE TN,MICHELIN NORTH AMERICA,MICHELIN,980427207,225/65R17 102H DEF2,2,MICHELIN,16,2822.4,8218,82184930,A,984223123
24,8236,"GULFPORT, MS",MICHELIN NORTH AMERICA,MICHELIN,980100374,275/35ZR20X 102YPS4S,2,MICHELIN,1,349.06,22176,221768236,,
29,8116,"JACKSONVILLE,FL",MICHELIN NORTH AMERICA,MICHELIN,980436884,235/60R18X 107H DEF2,2,MICHELIN,1,203.68,87332,873328116,A,984223122
7,4933,"BISMARCK, ND",MICHELIN NORTH AMERICA,MICHELIN,980285248,195/65R15X 95T XICES,2,MICHELIN,4,473.28,23384,233844933,,
24,4817,"SAM&#39;S TRUSSVILLE , AL",MICHELIN NORTH AMERICA,MICHELIN,995413,235/55R20 102V PRLTX,2,MICHELIN,2,464.82,13732,137324817,,
16,8296,"SPRINGFIELD, MO",MICHELIN NORTH AMERICA,MICHELIN,980285272,225/45ZR18X 95Y PSA4,2,MICHELIN,4,745.16,11214,112148296,,
34,8228,"WINSTON-SALEM, NC",MICHELIN NORTH AMERICA,MICHELIN,984182905,235/55R19X 105H DEF2,2,MICHELIN,4,860.88,29595,295958228,A,984223522
8,6181,PAPILLION NE,MICHELIN NORTH AMERICA,MICHELIN,980171634,225/65R17 102HPRIMAS,2,MICHELIN,1,202.56,52670,526706181,,
32,6520,"VERO BEACH, FL",MICHELIN NORTH AMERICA,MICHELIN,980431234,215/65R17X 103H DEF2,2,MICHELIN,4,721.4,44198,441986520,,
38,6434,"LAUREL, MD",MICHELIN NORTH AMERICA,MICHELIN,980285273,245/40ZR18X 97Y PSA4,2,MICHELIN,2,405.12,13787,137876434,,
31,6420,"CLEARWATER, FL",MICHELIN NORTH AMERICA,MICHELIN,980292008,P285/35ZR19 99YPSSZP,2,MICHELIN,8,3219.28,36022,360226420,,
1,6620,"FOLSOM, CA",MICHELIN NORTH AMERICA,MICHELIN,980412563,265/45R20X 108V CC2,2,MICHELIN,2,561.2,8932,89326620,,
4,6692,"TUCSON, AZ",MICHELIN NORTH AMERICA,MICHELIN,980171608,285/30ZR20X 99Y PS4S,2,MICHELIN,2,765.04,44926,449266692,,
29,8192,"DOTHAN, AL",MICHELIN NORTH AMERICA,MICHELIN,980292012,245/40R20X 99V PTRAS,2,MICHELIN,4,1129.76,49140,491408192,,
2,6624,"SAN BERNARDINO, CA",MICHELIN NORTH AMERICA,MICHELIN,980285285,255/35ZR18X 94Y PSA4,2,MICHELIN,2,455.76,41054,410546624,,
31,6387,PINELLAS PARK FL,MICHELIN NORTH AMERICA,MICHELIN,980285273,245/40ZR18X 97Y PSA4,2,MICHELIN,4,810.24,13787,137876387,,
6,6246,EL PASO TX,MICHELIN NORTH AMERICA,MICHELIN,980285271,225/45ZR17X 94Y PSA4,2,MICHELIN,2,347.26,19262,192626246,,
23,8292,"MEMPHIS (E), TN",MICHELIN NORTH AMERICA,MICHELIN,980354617,215/65R17 99H CC2,2,MICHELIN,1,192.56,21093,210938292,,
2,6628,"TORRANCE, CA",MICHELIN NORTH AMERICA,MICHELIN,980315339,235/55R20 102V CC2,2,MICHELIN,1,225.4,70750,707506628,,
17,6527,"BATON ROUGE, LA",MICHELIN NORTH AMERICA,MICHELIN,980398785,245/40R21X100VPRTRAS,2,MICHELIN,2,526.24,6321,63216527,,
23,4740,"SOUTHAVEN, MS",MICHELIN NORTH AMERICA,MICHELIN,984200921,305/40R22X 114HDLTX2,2,MICHELIN,2,621.72,85293,852934740,,
5,4745,"THORNTON, CO",MICHELIN NORTH AMERICA,MICHELIN,984200888,255/75R17X 116TDLTX2,2,MICHELIN,3,680.94,36845,368454745,,
4,4829,GILBERT (E) AZ,MICHELIN NORTH AMERICA,MICHELIN,984200918,255/50R19X 107H DEF2,2,MICHELIN,4,969.4,80655,806554829,,
35,8129,"WILMINGTON, NC",MICHELIN NORTH AMERICA,MICHELIN,980431167,235/45R19X 99H DEF2,2,MICHELIN,1,217.94,34256,342568129,,
21,8197,"CHAMPAIGN, IL",MICHELIN NORTH AMERICA,MICHELIN,980315339,235/55R20 102V CC2,2,MICHELIN,2,453.86,70750,707508197,,
15,4769,"HOUSTON(WESTPARK), TX",MICHELIN NORTH AMERICA,MICHELIN,984183861,245/60R20X 111HDLTX2,2,MICHELIN,1,248.68,25904,259044769,,
23,8196,"FLORENCE, AL",MICHELIN NORTH AMERICA,MICHELIN,980291995,255/35ZR19X 96Y PSA4,2,MICHELIN,4,897.08,18029,180298196,,
38,4729,"STERLING, VA",MICHELIN NORTH AMERICA,MICHELIN,980100318,235/35ZR20X 92Y PS4S,2,MICHELIN,4,1273.24,8557,85574729,,
14,6255,"PLANO(N),TX",MICHELIN NORTH AMERICA,MICHELIN,980018320,255/40ZR20X 101YPS4S,2,MICHELIN,2,528.12,59321,593216255,,
35,8283,"COLUMBIA, SC",MICHELIN NORTH AMERICA,MICHELIN,980418840,215/65R16 98H DEF2,2,MICHELIN,1,160.53,11141,111418283,,
23,4930,COOKEVILLE TN,MICHELIN NORTH AMERICA,MICHELIN,980348642,245/45ZR20X 103YPSA4,2,MICHELIN,4,1001.96,17478,174784930,,
33,6317,"NORTH CANTON, OH",MICHELIN NORTH AMERICA,MICHELIN,980315335,235/40R19X 96V CC2,2,MICHELIN,4,942.08,60820,608206317,,
28,4789,"SHARPSBURG, GA",MICHELIN NORTH AMERICA,MICHELIN,330089,235/55R18 100V PMXM4,2,MICHELIN,2,471.04,71547,715474789,,
1,4799,"CITRUS HEIGHTS, CA",MICHELIN NORTH AMERICA,MICHELIN,980427207,225/65R17 102H DEF2,2,MICHELIN,1,169.13,8218,82184799,A,984223123
27,6326,"REYNOLDSBURG, OH",MICHELIN NORTH AMERICA,MICHELIN,980283186,235/60R18X 107VCC2,2,MICHELIN,1,227.24,29611,296116326,,
34,6402,"GREENSBORO, NC",MICHELIN NORTH AMERICA,MICHELIN,984200850,245/50R20X 105V CC2,2,MICHELIN,1,248.4,91052,910526402,,
25,6319,"KENTWOOD, MI",MICHELIN NORTH AMERICA,MICHELIN,980427207,225/65R17 102H DEF2,2,MICHELIN,4,705.6,8218,82186319,A,984223123
23,8112,"CHATTANOOGA, TN",MICHELIN NORTH AMERICA,MICHELIN,980285319,255/45ZR19X 104YPSA4,2,MICHELIN,2,519.06,17344,173448112,,
3,4730,"WEST JORDAN, UT",MICHELIN NORTH AMERICA,MICHELIN,980285279,235/40ZR18X 95Y PSA4,2,MICHELIN,4,766.84,39076,390764730,,
11,6244,"FORT WORTH, TX",MICHELIN NORTH AMERICA,MICHELIN,980141574,235/50R19 99V PRTRAS,2,MICHELIN,1,247.48,3116,31166244,,
10,8241,"MIDWEST CITY, OK",MICHELIN NORTH AMERICA,MICHELIN,980412569,275/45R20X 110V CC2,2,MICHELIN,4,1166.56,18856,188568241,,
23,8292,"MEMPHIS (E), TN",MICHELIN NORTH AMERICA,MICHELIN,980431179,235/55R20 102H DEF2,2,MICHELIN,4,927.52,50833,508338292,,
25,4944,"GRAND BLANC, MI",MICHELIN NORTH AMERICA,MICHELIN,980427186,215/60R16 95H DEF2,2,MICHELIN,4,663.04,79034,790344944,,
5,8272,"COLORADO SPRINGS, CO",MICHELIN NORTH AMERICA,MICHELIN,980412556,255/45R19X 104V CC2,2,MICHELIN,3,819.72,23187,231878272,,
24,8236,"GULFPORT, MS",MICHELIN NORTH AMERICA,MICHELIN,980134157,225/60R17 99H PRIMAS,2,MICHELIN,4,803,43257,432578236,,
22,8111,"JEFFERSONTOWN, KY",MICHELIN NORTH AMERICA,MICHELIN,980427207,225/65R17 102H DEF2,2,MICHELIN,5,882,8218,82188111,A,984223123
29,6363,"JACKSONVILLE (W), FL",MICHELIN NORTH AMERICA,MICHELIN,980104547,235/40R19X 96V PMXM4,2,MICHELIN,1,243.8,53283,532836363,,
25,6313,"FT. WAYNE, IN",MICHELIN NORTH AMERICA,MICHELIN,984183486,265/50R20X 111HDLTX2,2,MICHELIN,4,1051.44,55522,555226313,A,984183489
31,4861,"ST PETERSBURG, FL",MICHELIN NORTH AMERICA,MICHELIN,980285285,255/35ZR18X 94Y PSA4,2,MICHELIN,1,227.88,41054,410544861,,
28,6409,"TUCKER, GA",MICHELIN NORTH AMERICA,MICHELIN,980348630,275/35ZR19X 100YPSA4,2,MICHELIN,1,264.06,44488,444886409,,
29,8151,PANAMA CITY FL,MICHELIN NORTH AMERICA,MICHELIN,980431245,235/60R16 100H DEF2,2,MICHELIN,4,721.4,1023,10238151,,
6,8270,"LUBBOCK, TX",MICHELIN NORTH AMERICA,MICHELIN,980418840,215/65R16 98H DEF2,2,MICHELIN,2,321.06,11141,111418270,,
2,6616,"FULLERTON, CA",MICHELIN NORTH AMERICA,MICHELIN,980285273,245/40ZR18X 97Y PSA4,2,MICHELIN,4,810.24,13787,137876616,,
11,4795,"GRAPEVINE, TX",MICHELIN NORTH AMERICA,MICHELIN,972818,LT265/75R16E D LTX,2,MICHELIN,2,566.86,56522,565224795,,
2,6628,"TORRANCE, CA",MICHELIN NORTH AMERICA,MICHELIN,980018320,255/40ZR20X 101YPS4S,2,MICHELIN,2,528.12,59321,593216628,,
17,6527,"BATON ROUGE, LA",MICHELIN NORTH AMERICA,MICHELIN,497958,245/40R19 94V PMXM4,2,MICHELIN,4,1070.88,23600,236006527,,
32,8173,"MIRAMAR, FL",MICHELIN NORTH AMERICA,MICHELIN,972797,245/70R16 107T D LTX,2,MICHELIN,2,446.72,10031,100318173,,
24,8236,"GULFPORT, MS",MICHELIN NORTH AMERICA,MICHELIN,980348630,275/35ZR19X 100YPSA4,2,MICHELIN,2,519.06,44488,444888236,,
9,8176,"TOPEKA, KS",MICHELIN NORTH AMERICA,MICHELIN,980412551,235/65R16 103H DEF2,2,MICHELIN,4,725.24,18797,187978176,,
35,8223,"RALEIGH, NC",MICHELIN NORTH AMERICA,MICHELIN,980018318,255/35ZR20X 97Y PS4S,2,MICHELIN,2,582.36,30209,302098223,,
39,4722,"WILLIAMSTOWN, NJ",MICHELIN NORTH AMERICA,MICHELIN,980271507,305/30ZR20 99YPSA4ZP,2,MICHELIN,2,741.52,90383,903834722,,
15,4843,PEARLAND TX,MICHELIN NORTH AMERICA,MICHELIN,980285281,235/45ZR18X 98Y PSA4,2,MICHELIN,2,434.06,55731,557314843,,
17,8221,"HARVEY, LA",MICHELIN NORTH AMERICA,MICHELIN,980208415,245/35ZR21X 96Y PS4S,2,MICHELIN,1,420.5,1875,18758221,,
11,8269,"GRAND PRAIRIE, TX",MICHELIN NORTH AMERICA,MICHELIN,980285270,225/40ZR18X 92Y PSA4,2,MICHELIN,2,343.64,34320,343208269,,
27,6242,"DUBLIN, OH",MICHELIN NORTH AMERICA,MICHELIN,980408280,205/55R16 91H DEF2,2,MICHELIN,4,640.44,7259,72596242,A,984223517
28,4802,"HIRAM, GA",MICHELIN NORTH AMERICA,MICHELIN,984200926,265/70R16X 116TDLTX2,2,MICHELIN,2,473.08,93928,939284802,,
6,6246,EL PASO TX,MICHELIN NORTH AMERICA,MICHELIN,980348614,245/45ZR17X 99Y PSA4,2,MICHELIN,2,421.4,81624,816246246,,
33,6314,"ELYRIA, OH",MICHELIN NORTH AMERICA,MICHELIN,984200912,255/50R20X 109H DEF2,2,MICHELIN,3,702.63,73724,737246314,,
1,4799,"CITRUS HEIGHTS, CA",MICHELIN NORTH AMERICA,MICHELIN,980315348,225/45R18X 95V CC2,2,MICHELIN,1,203.32,49702,497024799,,
40,6581,"SCRANTON, PA",MICHELIN NORTH AMERICA,MICHELIN,980412551,235/65R16 103H DEF2,2,MICHELIN,4,755.44,18797,187976581,,
31,4998,"THE VILLAGES, FL",MICHELIN NORTH AMERICA,MICHELIN,980171641,245/60R18 105HPRTRAS,2,MICHELIN,3,695.52,67185,671854998,,
31,6448,"NEW PORT RICHEY, FL",MICHELIN NORTH AMERICA,MICHELIN,980212312,225/60R18 100HPRIMAS,2,MICHELIN,1,207.99,72282,722826448,,
31,4998,"THE VILLAGES, FL",MICHELIN NORTH AMERICA,MICHELIN,980285297,275/45ZR21X 110YPSA4,2,MICHELIN,2,819.3,28628,286284998,,
38,6653,"GAITHERSBURG, MD",MICHELIN NORTH AMERICA,MICHELIN,972853,245/65R17 107T D LTX,2,MICHELIN,4,917.96,20563,205636653,A,980152455
8,6461,"GRAND ISLAND,NE",MICHELIN NORTH AMERICA,MICHELIN,980285322,285/40ZR21X 109YPSA4,2,MICHELIN,2,898.88,19360,193606461,,
6,8280,EL PASO TX,MICHELIN NORTH AMERICA,MICHELIN,980348629,285/30ZR19X 98Y PSA4,2,MICHELIN,2,636.62,30695,306958280,,
29,8202,"SAVANNAH, GA",MICHELIN NORTH AMERICA,MICHELIN,980202789,255/60R18X 112W 4SUV,2,MICHELIN,1,218.84,68420,684208202,,
34,6351,"NEWPORT NEWS, VA",MICHELIN NORTH AMERICA,MICHELIN,980408276,225/60R17 99H DEF2,2,MICHELIN,4,723.84,78472,784726351,,
34,6351,"NEWPORT NEWS, VA",MICHELIN NORTH AMERICA,MICHELIN,980285273,245/40ZR18X 97Y PSA4,2,MICHELIN,2,405.12,13787,137876351,,
15,8275,"BEAUMONT, TX",MICHELIN NORTH AMERICA,MICHELIN,980307080,235/55R19X105WPRTRAS,2,MICHELIN,4,978.88,37369,373698275,,
26,6666,"CANTON, MI",MICHELIN NORTH AMERICA,MICHELIN,980412552,235/50R20X 104V CC2,2,MICHELIN,4,1041.44,55754,557546666,,
8,8146,"OMAHA, NE",MICHELIN NORTH AMERICA,MICHELIN,980354627,255/45R20X 105V CC2,2,MICHELIN,1,270.48,30754,307548146,,
24,4817,"SAM&#39;S TRUSSVILLE , AL",MICHELIN NORTH AMERICA,MICHELIN,980285287,215/50ZR17X 95Y PSA4,2,MICHELIN,4,669.2,45978,459784817,,
27,6326,"REYNOLDSBURG, OH",MICHELIN NORTH AMERICA,MICHELIN,980285288,255/40ZR18X 99Y PSA4,2,MICHELIN,4,857.28,31394,313946326,,
23,4740,"SOUTHAVEN, MS",MICHELIN NORTH AMERICA,MICHELIN,980344121,215/45ZR17X 91Y PSA4,2,MICHELIN,1,167.3,21677,216774740,,
8,6181,PAPILLION NE,MICHELIN NORTH AMERICA,MICHELIN,984182900,285/45R22X 114HDLTX2,2,MICHELIN,4,1242.56,44941,449416181,,
39,4722,"WILLIAMSTOWN, NJ",MICHELIN NORTH AMERICA,MICHELIN,984182900,285/45R22X 114HDLTX2,2,MICHELIN,2,590.64,44941,449414722,,
30,4901,EASLEY SC,MICHELIN NORTH AMERICA,MICHELIN,980285276,215/55ZR17X 98Y PSA4,2,MICHELIN,4,687.28,68640,686404901,,
13,6336,"TEMPLE, TX",MICHELIN NORTH AMERICA,MICHELIN,980348642,245/45ZR20X 103YPSA4,2,MICHELIN,1,250.49,17478,174786336,,
9,4870,KANSAS CITY KS,MICHELIN NORTH AMERICA,MICHELIN,980354617,215/65R17 99H CC2,2,MICHELIN,1,192.56,21093,210934870,,
34,6351,"NEWPORT NEWS, VA",MICHELIN NORTH AMERICA,MICHELIN,980100334,245/40ZR17X 95Y PS4S,2,MICHELIN,1,230.6,63006,630066351,,
6,7676,AMARILLO TX,MICHELIN NORTH AMERICA,MICHELIN,980427207,225/65R17 102H DEF2,2,MICHELIN,1,176.4,8218,82187676,A,984223123
24,6435,"TUSCALOOSA, AL",MICHELIN NORTH AMERICA,MICHELIN,980431167,235/45R19X 99H DEF2,2,MICHELIN,4,853.64,34256,342566435,,
35,8218,"FAYETTEVILLE,NC",MICHELIN NORTH AMERICA,MICHELIN,980283185,235/50R18 97V CC2,2,MICHELIN,1,220.8,28997,289978218,,
31,4998,"THE VILLAGES, FL",MICHELIN NORTH AMERICA,MICHELIN,980139805,LT235/80R17E A/T2,2,MICHELIN,2,645.68,35847,358474998,,
33,6575,"PITTSBURGH, PA",MICHELIN NORTH AMERICA,MICHELIN,980134159,235/45R18X 98VPRTRAS,2,MICHELIN,4,886.88,31130,311306575,,
1,4755,"HONOLULU, HI",MICHELIN NORTH AMERICA,MICHELIN,980285279,235/40ZR18X 95Y PSA4,2,MICHELIN,8,1504.72,39076,390764755,,
18,6310,"FRIDLEY, MN",MICHELIN NORTH AMERICA,MICHELIN,984200866,245/55R19X 107H DEF2,2,MICHELIN,1,237.64,13640,136406310,,
32,8173,"MIRAMAR, FL",MICHELIN NORTH AMERICA,MICHELIN,980326863,265/60R18 110H PLTX,2,MICHELIN,4,886.2,8915,89158173,,
14,6376,"ADDISON, TX",MICHELIN NORTH AMERICA,MICHELIN,984182898,LT265/70R17E DLTX2,2,MICHELIN,4,1141.04,45468,454686376,,
11,6244,"FORT WORTH, TX",MICHELIN NORTH AMERICA,MICHELIN,984189165,235/65R18 106H DEF2,2,MICHELIN,1,191.71,9818,98186244,,
35,8223,"RALEIGH, NC",MICHELIN NORTH AMERICA,MICHELIN,980315386,225/60R17 99H CC2,2,MICHELIN,4,780.16,8941,89418223,,
19,8251,"SAINT CHARLES, MO",MICHELIN NORTH AMERICA,MICHELIN,980414845,225/60R16 98H DEF2,2,MICHELIN,4,638.36,6384,63848251,,
25,6319,"KENTWOOD, MI",MICHELIN NORTH AMERICA,MICHELIN,980412561,255/60R19 109H CC2,2,MICHELIN,4,971.52,52171,521716319,,
6,8280,EL PASO TX,MICHELIN NORTH AMERICA,MICHELIN,980291995,255/35ZR19X 96Y PSA4,2,MICHELIN,2,448.54,18029,180298280,,
28,4780,"BUFORD, GA",MICHELIN NORTH AMERICA,MICHELIN,980285269,235/50ZR18X 101YPSA4,2,MICHELIN,2,397.9,20421,204214780,,
32,6341,"SUNRISE, FL",MICHELIN NORTH AMERICA,MICHELIN,980144939,255/50R19X107HTRHPZP,2,MICHELIN,2,549.82,9483,94836341,,
34,8228,"WINSTON-SALEM, NC",MICHELIN NORTH AMERICA,MICHELIN,972853,245/65R17 107T D LTX,2,MICHELIN,8,1828.56,20563,205638228,,
38,4729,"STERLING, VA",MICHELIN NORTH AMERICA,MICHELIN,980018320,255/40ZR20X 101YPS4S,2,MICHELIN,4,1081.56,59321,593214729,,
9,6418,"WICHITA, KS",MICHELIN NORTH AMERICA,MICHELIN,980414845,225/60R16 98H DEF2,2,MICHELIN,4,638.36,6384,63846418,A,984223510
38,6371,"WOODBRIDGE, VA",MICHELIN NORTH AMERICA,MICHELIN,980360393,245/70R17 110T PLTX,2,MICHELIN,4,788.56,18347,183476371,,
17,6527,"BATON ROUGE, LA",MICHELIN NORTH AMERICA,MICHELIN,984102049,225/65R16 100H DEF2,2,MICHELIN,1,165.32,18896,188966527,,
15,4843,PEARLAND TX,MICHELIN NORTH AMERICA,MICHELIN,980412550,235/50R17 96H DEF2,2,MICHELIN,4,774,11994,119944843,,
22,8132,"CINCINNATI, OH",MICHELIN NORTH AMERICA,MICHELIN,972745,235/70R16X 109T DLTX,2,MICHELIN,1,215.77,15545,155458132,,
20,6388,MONTGOMERY IL,MICHELIN NORTH AMERICA,MICHELIN,984150900,205/60R16 92H DEF2,2,MICHELIN,1,154.2,37594,375946388,,
35,6443,"GOLDSBORO, NC",MICHELIN NORTH AMERICA,MICHELIN,984189163,265/60R18X 114HDLTX2,2,MICHELIN,2,488.24,1121,11216443,A,984223132
17,4837,"DENHAM SPRINGS, LA",MICHELIN NORTH AMERICA,MICHELIN,980205520,275/55R20 113H XMS2,2,MICHELIN,1,258.63,29059,290594837,,
40,6352,"HUDSON, NH",MICHELIN NORTH AMERICA,MICHELIN,980307080,235/55R19X105WPRTRAS,2,MICHELIN,1,244.72,37369,373696352,,
38,6239,"TIMONIOUM, MD",MICHELIN NORTH AMERICA,MICHELIN,980354623,245/65R17 107H CC2,2,MICHELIN,4,886.88,8401,84016239,,
4,6606,"PHOENIX, AZ",MICHELIN NORTH AMERICA,MICHELIN,980100324,235/50ZR18X 101YPS4S,2,MICHELIN,3,727.05,39562,395626606,,
35,6573,Jacksonville NC,MICHELIN NORTH AMERICA,MICHELIN,984216723,275/50R22X 115HDLTX2,2,MICHELIN,1,288.33,38984,389846573,,
27,6326,"REYNOLDSBURG, OH",MICHELIN NORTH AMERICA,MICHELIN,980171622,255/35ZR19X 96Y PSS,2,MICHELIN,2,549.82,21931,219316326,,
28,4739,"SNELLVILLE, GA",MICHELIN NORTH AMERICA,MICHELIN,980048314,195/65R15 91H D T+H,2,MICHELIN,5,714.9,8771,87714739,,
22,6380,"DAYTON, OH",MICHELIN NORTH AMERICA,MICHELIN,984214848,235/45R18X 98V DEF2,2,MICHELIN,4,774.08,58723,587236380,,
14,8299,PLANO TX,MICHELIN NORTH AMERICA,MICHELIN,995434,235/65R18 106V PRLTX,2,MICHELIN,4,842.8,8008,80088299,,
5,6634,"LONE TREE, CO",MICHELIN NORTH AMERICA,MICHELIN,980283168,235/55R19X 105VCC2,2,MICHELIN,1,233.68,8499,84996634,A,980289057
31,8201,"BRADENTON, FL",MICHELIN NORTH AMERICA,MICHELIN,980018320,255/40ZR20X 101YPS4S,2,MICHELIN,1,264.06,59321,593218201,,
39,6693,"LANGHORNE, PA",MICHELIN NORTH AMERICA,MICHELIN,980182838,255/35R19X 96Y PS4S,2,MICHELIN,2,533.54,94916,949166693,,
26,6666,"CANTON, MI",MICHELIN NORTH AMERICA,MICHELIN,980348650,285/35ZR19X 103YPSA4,2,MICHELIN,1,301.13,17656,176566666,,
33,4936,"GRANVILLE, WV",MICHELIN NORTH AMERICA,MICHELIN,980412563,265/45R20X 108V CC2,2,MICHELIN,4,1137.12,8932,89324936,,
22,8111,"JEFFERSONTOWN, KY",MICHELIN NORTH AMERICA,MICHELIN,984189165,235/65R18 106H DEF2,2,MICHELIN,2,383.42,9818,98188111,,
31,6335,"OCALA, FL",MICHELIN NORTH AMERICA,MICHELIN,980283185,235/50R18 97V CC2,2,MICHELIN,4,883.2,28997,289976335,,
29,8202,"SAVANNAH, GA",MICHELIN NORTH AMERICA,MICHELIN,980348633,235/55ZR17X 103YPSA4,2,MICHELIN,2,390.66,6235,62358202,,
32,6341,"SUNRISE, FL",MICHELIN NORTH AMERICA,MICHELIN,980104532,245/50R19X105WLSP3ZP,2,MICHELIN,1,330.97,42717,427176341,,
15,4712,"HOUSTON(MEM), TX",MICHELIN NORTH AMERICA,MICHELIN,980285271,225/45ZR17X 94Y PSA4,2,MICHELIN,4,694.52,19262,192624712,,
33,6302,"OAKWOOD VILLAGE, OH",MICHELIN NORTH AMERICA,MICHELIN,980326863,265/60R18 110H PLTX,2,MICHELIN,2,443.1,8915,89156302,,
36,4828,ORLANDO LAKE NONA FL,MICHELIN NORTH AMERICA,MICHELIN,980018285,235/35ZR20X 92Y PS4S,2,MICHELIN,2,629.4,33211,332114828,,
32,6341,"SUNRISE, FL",MICHELIN NORTH AMERICA,MICHELIN,984200882,235/60R19X 107V CC2,2,MICHELIN,4,1030.4,26500,265006341,,
39,6671,"FREEHOLD, NJ",MICHELIN NORTH AMERICA,MICHELIN,980412566,265/50R20X 111V CC2,2,MICHELIN,4,1107.68,74642,746426671,,
37,6327,"WARREN,OH",MICHELIN NORTH AMERICA,MICHELIN,980151447,255/55R18X 109H DLTX,2,MICHELIN,4,991.12,98045,980456327,,
11,8269,"GRAND PRAIRIE, TX",MICHELIN NORTH AMERICA,MICHELIN,980348611,235/40ZR19X 96Y PSA4,2,MICHELIN,1,232.41,47518,475188269,,
24,8236,"GULFPORT, MS",MICHELIN NORTH AMERICA,MICHELIN,980285274,245/45ZR18X 100YPSA4,2,MICHELIN,1,194.42,7799,77998236,,
19,8251,"SAINT CHARLES, MO",MICHELIN NORTH AMERICA,MICHELIN,984200864,255/65R17X 114TDLTX2,2,MICHELIN,3,675.51,11623,116238251,,
26,6667,"YPSILANTI, MI",MICHELIN NORTH AMERICA,MICHELIN,984179036,C195/75R16D AGLIS CC,2,MICHELIN,4,734.28,57046,570466667,,
14,4783,"GARLAND, TX",MICHELIN NORTH AMERICA,MICHELIN,980285308,245/50ZR17X 103YPSA4,2,MICHELIN,1,254.11,60954,609544783,,
31,6401,"TAMPA, FL",MICHELIN NORTH AMERICA,MICHELIN,980285322,285/40ZR21X 109YPSA4,2,MICHELIN,4,1797.76,19360,193606401,,
31,4998,"THE VILLAGES, FL",MICHELIN NORTH AMERICA,MICHELIN,984200866,245/55R19X 107H DEF2,2,MICHELIN,4,965.6,13640,136404998,A,984223512
27,6326,"REYNOLDSBURG, OH",MICHELIN NORTH AMERICA,MICHELIN,984182906,255/65R18 111H DEF2,2,MICHELIN,4,911.52,3893,38936326,,
24,4817,"SAM&#39;S TRUSSVILLE , AL",MICHELIN NORTH AMERICA,MICHELIN,980285273,245/40ZR18X 97Y PSA4,2,MICHELIN,1,202.56,13787,137874817,,
13,8259,"AUSTIN, TX",MICHELIN NORTH AMERICA,MICHELIN,980285300,215/40ZR18X 89Y PSA4,2,MICHELIN,1,177.24,33483,334838259,,
31,8155,"GAINESVILLE, FL",MICHELIN NORTH AMERICA,MICHELIN,980134159,235/45R18X 98VPRTRAS,2,MICHELIN,4,886.88,31130,311308155,,
35,4831,"DURHAM (S), NC",MICHELIN NORTH AMERICA,MICHELIN,980283189,205/55R16 91H CC2,2,MICHELIN,3,495.96,35861,358614831,A,980283188
31,6387,PINELLAS PARK FL,MICHELIN NORTH AMERICA,MICHELIN,980250377,225/60R18 100HPRTRAS,2,MICHELIN,4,787.52,37916,379166387,,
20,6388,MONTGOMERY IL,MICHELIN NORTH AMERICA,MICHELIN,980283193,215/55R17 94V CC2,2,MICHELIN,4,747.04,46271,462716388,A,980283192
26,6666,"CANTON, MI",MICHELIN NORTH AMERICA,MICHELIN,980212312,225/60R18 100HPRIMAS,2,MICHELIN,1,207.99,72282,722826666,,
34,8220,"ROANOKE, VA",MICHELIN NORTH AMERICA,MICHELIN,980151447,255/55R18X 109H DLTX,2,MICHELIN,1,240.54,98045,980458220,,
26,6454,"SOUTHFIELD, MI",MICHELIN NORTH AMERICA,MICHELIN,984211779,275/40R22X 108VCC2,2,MICHELIN,4,1394.72,59847,598476454,,
2,4822,"MURRIETA, CA",MICHELIN NORTH AMERICA,MICHELIN,980427207,225/65R17 102H DEF2,2,MICHELIN,8,1405.68,8218,82184822,A,984223123
13,6259,"ROUND ROCK, TX",MICHELIN NORTH AMERICA,MICHELIN,984183861,245/60R20X 111HDLTX2,2,MICHELIN,4,994.72,25904,259046259,,
18,4738,"EAGAN, MN",MICHELIN NORTH AMERICA,MICHELIN,532987,235/75R17 109T D LTX,2,MICHELIN,4,973.04,51139,511394738,,
31,6335,"OCALA, FL",MICHELIN NORTH AMERICA,MICHELIN,980383252,265/65R18 114T PLTX,2,MICHELIN,4,882.6,1582,15826335,,
24,8236,"GULFPORT, MS",MICHELIN NORTH AMERICA,MICHELIN,984183867,275/65R18X 116TDLTX2,2,MICHELIN,1,251.43,9590,95908236,A,984183866
23,8196,"FLORENCE, AL",MICHELIN NORTH AMERICA,MICHELIN,984200886,LT265/60R20E DLTXP,2,MICHELIN,4,1237.08,34778,347788196,,
31,4861,"ST PETERSBURG, FL",MICHELIN NORTH AMERICA,MICHELIN,980285280,275/40ZR20X 106YPSA4,2,MICHELIN,2,544.38,3133,31334861,,
14,6255,"PLANO(N),TX",MICHELIN NORTH AMERICA,MICHELIN,980436884,235/60R18X 107H DEF2,2,MICHELIN,5,1031.05,87332,873326255,A,984223122
31,8155,"GAINESVILLE, FL",MICHELIN NORTH AMERICA,MICHELIN,980163733,245/50R20 102VPRTRAS,2,MICHELIN,1,264.04,41639,416398155,,
39,8160,"TEMPLE, PA",MICHELIN NORTH AMERICA,MICHELIN,980283197,235/65R17 104H CC2,2,MICHELIN,2,425.04,74077,740778160,,
40,6423,"MIDDLETOWN, NY",MICHELIN NORTH AMERICA,MICHELIN,980348636,265/40ZR22X 106YPSA4,2,MICHELIN,4,1269.64,97057,970576423,,
7,4770,"EVANS, CO",MICHELIN NORTH AMERICA,MICHELIN,980100307,225/40ZR18X 92Y PS4S,2,MICHELIN,2,419.6,2717,27174770,,
23,8294,"NASHVILLE(S),TN",MICHELIN NORTH AMERICA,MICHELIN,972745,235/70R16X 109T DLTX,2,MICHELIN,4,870.4,15545,155458294,,
19,8125,"SAINT LOUIS, MO",MICHELIN NORTH AMERICA,MICHELIN,984200926,265/70R16X 116TDLTX2,2,MICHELIN,1,242.35,93928,939288125,A,984223128
10,8117,"OK CITY (N), OK",MICHELIN NORTH AMERICA,MICHELIN,980412565,265/50R19X 110V CC2,2,MICHELIN,4,1192.32,70977,709778117,,
17,6527,"BATON ROUGE, LA",MICHELIN NORTH AMERICA,MICHELIN,980315322,225/40R19X 93WPRTRAS,2,MICHELIN,4,949.44,77335,773356527,,
26,6667,"YPSILANTI, MI",MICHELIN NORTH AMERICA,MICHELIN,984200864,255/65R17X 114TDLTX2,2,MICHELIN,4,900.68,11623,116236667,,
15,4712,"HOUSTON(MEM), TX",MICHELIN NORTH AMERICA,MICHELIN,313476,205/60R16 92H SAVAS,2,MICHELIN,4,676.28,34895,348954712,,
23,8112,"CHATTANOOGA, TN",MICHELIN NORTH AMERICA,MICHELIN,984189162,245/70R17X 114TDLTX2,2,MICHELIN,4,922.4,546,5468112,,
9,6505,JEFFERSON CITY MO,MICHELIN NORTH AMERICA,MICHELIN,980354616,205/55R17X 95V CC2,2,MICHELIN,4,717.6,21343,213436505,,
37,6675,"ERIE, PA",MICHELIN NORTH AMERICA,MICHELIN,984182906,255/65R18 111H DEF2,2,MICHELIN,4,911.52,3893,38936675,,
18,4738,"EAGAN, MN",MICHELIN NORTH AMERICA,MICHELIN,401995,245/75R16 111T D LTX,2,MICHELIN,4,784.92,94262,942624738,,
31,4772,"SARASOTA, FL",MICHELIN NORTH AMERICA,MICHELIN,980348610,245/50ZR18X 104YPSA4,2,MICHELIN,4,918.76,27469,274694772,,
31,6403,"BRANDON, FL",MICHELIN NORTH AMERICA,MICHELIN,980285309,255/40ZR21X 102YPSA4,2,MICHELIN,1,364.43,25642,256426403,,
12,8156,"LAREDO, TX",MICHELIN NORTH AMERICA,MICHELIN,984200926,265/70R16X 116TDLTX2,2,MICHELIN,4,936.84,93928,939288156,A,984223128
28,4780,"BUFORD, GA",MICHELIN NORTH AMERICA,MICHELIN,980283197,235/65R17 104H CC2,2,MICHELIN,4,872.16,74077,740774780,,
20,6444,"EVANSTON, IL",MICHELIN NORTH AMERICA,MICHELIN,980315348,225/45R18X 95V CC2,2,MICHELIN,4,802.24,49702,497026444,,
33,6305,"BROOKLYN, OH",MICHELIN NORTH AMERICA,MICHELIN,980344122,245/40ZR19X 98Y PSA4,2,MICHELIN,2,490.14,36966,369666305,,
23,8112,"CHATTANOOGA, TN",MICHELIN NORTH AMERICA,MICHELIN,984183867,275/65R18X 116TDLTX2,2,MICHELIN,2,521.16,9590,95908112,A,984183866
24,4817,"SAM&#39;S TRUSSVILLE , AL",MICHELIN NORTH AMERICA,MICHELIN,984200856,255/55R20X 110H DEF2,2,MICHELIN,2,484.7,37788,377884817,,
35,4872,COLUMBIA NE SC,MICHELIN NORTH AMERICA,MICHELIN,980427207,225/65R17 102H DEF2,2,MICHELIN,4,705.6,8218,82184872,A,984223123
8,6181,PAPILLION NE,MICHELIN NORTH AMERICA,MICHELIN,980412549,205/65R16 95H DEF2,2,MICHELIN,4,645.92,69099,690996181,,
27,6308,"COLUMBUS(W),OH",MICHELIN NORTH AMERICA,MICHELIN,980104532,245/50R19X105WLSP3ZP,2,MICHELIN,4,1323.88,42717,427176308,,
23,4740,"SOUTHAVEN, MS",MICHELIN NORTH AMERICA,MICHELIN,984200926,265/70R16X 116TDLTX2,2,MICHELIN,4,969.4,93928,939284740,,
14,6255,"PLANO(N),TX",MICHELIN NORTH AMERICA,MICHELIN,980354616,205/55R17X 95V CC2,2,MICHELIN,4,724.96,21343,213436255,,
1,4768,"RENO, NV",MICHELIN NORTH AMERICA,MICHELIN,980283189,205/55R16 91H CC2,2,MICHELIN,1,163.44,35861,358614768,,
32,6217,"MIAMI, FL",MICHELIN NORTH AMERICA,MICHELIN,980283186,235/60R18X 107VCC2,2,MICHELIN,1,225.4,29611,296116217,,
20,6444,"EVANSTON, IL",MICHELIN NORTH AMERICA,MICHELIN,980315365,205/60R16 92V CC2,2,MICHELIN,4,647.68,61910,619106444,,
31,8155,"GAINESVILLE, FL",MICHELIN NORTH AMERICA,MICHELIN,980171641,245/60R18 105HPRTRAS,2,MICHELIN,2,463.68,67185,671858155,,
7,8165,"SIOUX FALLS, SD",MICHELIN NORTH AMERICA,MICHELIN,980285286,245/40ZR17X 95Y PSA4,2,MICHELIN,2,412.36,25995,259958165,,
14,6255,"PLANO(N),TX",MICHELIN NORTH AMERICA,MICHELIN,984102056,235/60R19 103VPRIMAS,2,MICHELIN,2,550.16,34443,344436255,,
23,8292,"MEMPHIS (E), TN",MICHELIN NORTH AMERICA,MICHELIN,980414843,255/65R18 111H CC2,2,MICHELIN,1,240.12,90299,902998292,,
1,4799,"CITRUS HEIGHTS, CA",MICHELIN NORTH AMERICA,MICHELIN,980285274,245/45ZR18X 100YPSA4,2,MICHELIN,4,777.68,7799,77994799,,
6,4703,"ALBUQUERQUE, NM",MICHELIN NORTH AMERICA,MICHELIN,984200896,265/65R17X 116TDLTX2,2,MICHELIN,4,1014.64,51486,514864703,,
15,4763,"SUGAR LAND, TX",MICHELIN NORTH AMERICA,MICHELIN,980171641,245/60R18 105HPRTRAS,2,MICHELIN,1,231.84,67185,671854763,,
27,6307,"COLUMBUS(N),OH",MICHELIN NORTH AMERICA,MICHELIN,980285270,225/40ZR18X 92Y PSA4,2,MICHELIN,2,343.64,34320,343206307,,
27,6308,"COLUMBUS(W),OH",MICHELIN NORTH AMERICA,MICHELIN,980354620,235/55R17 99H CC2,2,MICHELIN,4,815.32,80501,805016308,,
11,4948,"SAN ANGELO, TX",MICHELIN NORTH AMERICA,MICHELIN,984200856,255/55R20X 110H DEF2,2,MICHELIN,4,976.64,37788,377884948,,
1,6622,"SACRAMENTO, CA",MICHELIN NORTH AMERICA,MICHELIN,980412572,285/45R20X 112V CC2,2,MICHELIN,4,1339.52,12199,121996622,,
10,8241,"MIDWEST CITY, OK",MICHELIN NORTH AMERICA,MICHELIN,980427207,225/65R17 102H DEF2,2,MICHELIN,1,176.4,8218,82188241,A,984223123
1,6433,"VACAVILLE, CA",MICHELIN NORTH AMERICA,MICHELIN,980283195,225/50R17X 98V CC2,2,MICHELIN,1,191.36,69757,697576433,,
31,6403,"BRANDON, FL",MICHELIN NORTH AMERICA,MICHELIN,610837,245/45R19 98W PMXM4,2,MICHELIN,4,1027.28,19136,191366403,,
31,4818,"BROOKSVILLE, FL",MICHELIN NORTH AMERICA,MICHELIN,980414844,235/60R17 102H DEF2,2,MICHELIN,4,771.08,21087,210874818,A,980421061
15,4769,"HOUSTON(WESTPARK), TX",MICHELIN NORTH AMERICA,MICHELIN,980360393,245/70R17 110T PLTX,2,MICHELIN,4,770.48,18347,183474769,,
28,4789,"SHARPSBURG, GA",MICHELIN NORTH AMERICA,MICHELIN,980303691,235/45R18X 98W PMXM4,2,MICHELIN,1,245.97,7563,75634789,,
36,4828,ORLANDO LAKE NONA FL,MICHELIN NORTH AMERICA,MICHELIN,980285281,235/45ZR18X 98Y PSA4,2,MICHELIN,4,853.64,55731,557314828,,
39,6693,"LANGHORNE, PA",MICHELIN NORTH AMERICA,MICHELIN,980315342,235/65R18 106V CC2,2,MICHELIN,1,215.28,47167,471676693,,
32,8173,"MIRAMAR, FL",MICHELIN NORTH AMERICA,MICHELIN,980100345,255/35ZR18X 94Y PS4S,2,MICHELIN,2,508.22,27579,275798173,,
28,4780,"BUFORD, GA",MICHELIN NORTH AMERICA,MICHELIN,984216723,275/50R22X 115HDLTX2,2,MICHELIN,1,288.33,38984,389844780,,
28,4739,"SNELLVILLE, GA",MICHELIN NORTH AMERICA,MICHELIN,980436883,215/60R17 96H DEF2,2,MICHELIN,4,658.32,54251,542514739,,
32,6217,"MIAMI, FL",MICHELIN NORTH AMERICA,MICHELIN,980285276,215/55ZR17X 98Y PSA4,2,MICHELIN,4,708.96,68640,686406217,,
27,4947,"ZANESVILLE, OH",MICHELIN NORTH AMERICA,MICHELIN,980315386,225/60R17 99H CC2,2,MICHELIN,4,769.12,8941,89414947,,
33,6404,"FAIRLAWN, OH",MICHELIN NORTH AMERICA,MICHELIN,980141579,215/55R17 94V PRTRAS,2,MICHELIN,4,824.32,26370,263706404,,
34,6351,"NEWPORT NEWS, VA",MICHELIN NORTH AMERICA,MICHELIN,984189165,235/65R18 106H DEF2,2,MICHELIN,4,766.84,9818,98186351,,
27,6308,"COLUMBUS(W),OH",MICHELIN NORTH AMERICA,MICHELIN,984150900,205/60R16 92H DEF2,2,MICHELIN,1,158.95,37594,375946308,,
23,8294,"NASHVILLE(S),TN",MICHELIN NORTH AMERICA,MICHELIN,984200879,265/70R17X 116TDLTX2,2,MICHELIN,2,469.96,21308,213088294,A,984223126
35,6573,Jacksonville NC,MICHELIN NORTH AMERICA,MICHELIN,984200865,255/70R18X 116TDLTX2,2,MICHELIN,4,947.72,3101,31016573,,
7,6385,"GRAND FORKS, ND",MICHELIN NORTH AMERICA,MICHELIN,980283193,215/55R17 94V CC2,2,MICHELIN,2,373.52,46271,462716385,,
30,4901,EASLEY SC,MICHELIN NORTH AMERICA,MICHELIN,980100319,235/40ZR18X 95Y PS4S,2,MICHELIN,1,218.84,43847,438474901,,
10,6779,MOORE OK,MICHELIN NORTH AMERICA,MICHELIN,984182905,235/55R19X 105H DEF2,2,MICHELIN,1,215.22,29595,295956779,A,984223522
6,4703,"ALBUQUERQUE, NM",MICHELIN NORTH AMERICA,MICHELIN,972874,265/75R16 116T D LTX,2,MICHELIN,4,1009.2,99123,991234703,,
28,8211,"DOUGLASVILLE,GA",MICHELIN NORTH AMERICA,MICHELIN,980171603,235/35ZR19X 91Y PS4S,2,MICHELIN,2,499.18,10221,102218211,,
17,4790,"PEARL, MS",MICHELIN NORTH AMERICA,MICHELIN,980412549,205/65R16 95H DEF2,2,MICHELIN,4,627,69099,690994790,,
31,6420,"CLEARWATER, FL",MICHELIN NORTH AMERICA,MICHELIN,984200868,LT285/60R20E DLTXP,2,MICHELIN,1,385.65,15801,158016420,,
27,4963,"CHILLICOTHE, OH",MICHELIN NORTH AMERICA,MICHELIN,972797,245/70R16 107T D LTX,2,MICHELIN,2,415.98,10031,100314963,,
17,4837,"DENHAM SPRINGS, LA",MICHELIN NORTH AMERICA,MICHELIN,980427186,215/60R16 95H DEF2,2,MICHELIN,1,160.11,79034,790344837,,
23,4740,"SOUTHAVEN, MS",MICHELIN NORTH AMERICA,MICHELIN,984200868,LT285/60R20E DLTXP,2,MICHELIN,4,1542.6,15801,158014740,,
38,6653,"GAITHERSBURG, MD",MICHELIN NORTH AMERICA,MICHELIN,980104547,235/40R19X 96V PMXM4,2,MICHELIN,4,975.2,53283,532836653,,
30,6463,"ANDERSON, SC",MICHELIN NORTH AMERICA,MICHELIN,972853,245/65R17 107T D LTX,2,MICHELIN,4,917.96,20563,205636463,,
21,6489,"CALUMET CITY, IL",MICHELIN NORTH AMERICA,MICHELIN,980427186,215/60R16 95H DEF2,2,MICHELIN,4,630.68,79034,790346489,,
27,6307,"COLUMBUS(N),OH",MICHELIN NORTH AMERICA,MICHELIN,980383246,275/35ZR21X 103WPSA4,2,MICHELIN,1,347.25,19140,191406307,,
31,6420,"CLEARWATER, FL",MICHELIN NORTH AMERICA,MICHELIN,980285281,235/45ZR18X 98Y PSA4,2,MICHELIN,2,426.82,55731,557316420,,
1,4799,"CITRUS HEIGHTS, CA",MICHELIN NORTH AMERICA,MICHELIN,980285270,225/40ZR18X 92Y PSA4,2,MICHELIN,2,343.64,34320,343204799,,
20,6464,"DES PLAINES, IL",MICHELIN NORTH AMERICA,MICHELIN,980283197,235/65R17 104H CC2,2,MICHELIN,4,861.12,74077,740776464,,
27,6308,"COLUMBUS(W),OH",MICHELIN NORTH AMERICA,MICHELIN,980315378,215/45R17X 91V CC2,2,MICHELIN,1,200.56,17814,178146308,,
6,7676,AMARILLO TX,MICHELIN NORTH AMERICA,MICHELIN,984189164,275/60R20X 116HDLTX2,2,MICHELIN,4,1053.28,13647,136477676,A,984223130
38,6371,"WOODBRIDGE, VA",MICHELIN NORTH AMERICA,MICHELIN,980348630,275/35ZR19X 100YPSA4,2,MICHELIN,2,528.12,44488,444886371,,
29,8115,"AUGUSTA, GA",MICHELIN NORTH AMERICA,MICHELIN,984189165,235/65R18 106H DEF2,2,MICHELIN,1,191.71,9818,98188115,A,984223125
17,4837,"DENHAM SPRINGS, LA",MICHELIN NORTH AMERICA,MICHELIN,984189162,245/70R17X 114TDLTX2,2,MICHELIN,4,922.4,546,5464837,,
35,8223,"RALEIGH, NC",MICHELIN NORTH AMERICA,MICHELIN,984200873,245/55R19X 107V CC2,2,MICHELIN,1,255.76,18167,181678223,,
11,8226,"ABILENE, TX",MICHELIN NORTH AMERICA,MICHELIN,984200852,245/60R18X 109V CC2,2,MICHELIN,1,238.28,5213,52138226,,
29,8116,"JACKSONVILLE,FL",MICHELIN NORTH AMERICA,MICHELIN,984200896,265/65R17X 116TDLTX2,2,MICHELIN,5,1270.55,51486,514868116,,
39,6693,"LANGHORNE, PA",MICHELIN NORTH AMERICA,MICHELIN,984183861,245/60R20X 111HDLTX2,2,MICHELIN,1,248.68,25904,259046693,,
34,6351,"NEWPORT NEWS, VA",MICHELIN NORTH AMERICA,MICHELIN,980285271,225/45ZR17X 94Y PSA4,2,MICHELIN,1,171.82,19262,192626351,,
31,6387,PINELLAS PARK FL,MICHELIN NORTH AMERICA,MICHELIN,980436884,235/60R18X 107H DEF2,2,MICHELIN,4,827.36,87332,873326387,A,984223122
3,6684,"RIVERDALE, UT",MICHELIN NORTH AMERICA,MICHELIN,980212312,225/60R18 100HPRIMAS,2,MICHELIN,1,203.47,72282,722826684,,
27,6326,"REYNOLDSBURG, OH",MICHELIN NORTH AMERICA,MICHELIN,980003895,LT245/75R17E XMS2,2,MICHELIN,6,1806.78,54043,540436326,,
38,8193,"HAGERSTOWN, MD",MICHELIN NORTH AMERICA,MICHELIN,980283189,205/55R16 91H CC2,2,MICHELIN,4,661.28,35861,358618193,,
12,4914,San Antonio N TX,MICHELIN NORTH AMERICA,MICHELIN,980436884,235/60R18X 107H DEF2,2,MICHELIN,4,814.72,87332,873324914,A,984223122
24,8213,"COLUMBUS, GA",MICHELIN NORTH AMERICA,MICHELIN,980348627,275/40ZR19X 105YPSA4,2,MICHELIN,1,271.29,78364,783648213,,
31,4998,"THE VILLAGES, FL",MICHELIN NORTH AMERICA,MICHELIN,980348614,245/45ZR17X 99Y PSA4,2,MICHELIN,1,210.7,81624,816244998,,
13,8259,"AUSTIN, TX",MICHELIN NORTH AMERICA,MICHELIN,980414843,255/65R18 111H CC2,2,MICHELIN,1,234.6,90299,902998259,,
33,6305,"BROOKLYN, OH",MICHELIN NORTH AMERICA,MICHELIN,980285299,255/40ZR17X 98Y PSA4,2,MICHELIN,2,365.34,95120,951206305,,
24,8213,"COLUMBUS, GA",MICHELIN NORTH AMERICA,MICHELIN,980285288,255/40ZR18X 99Y PSA4,2,MICHELIN,2,428.64,31394,313948213,,
2,6628,"TORRANCE, CA",MICHELIN NORTH AMERICA,MICHELIN,980018309,275/30ZR20X 97Y PS4S,2,MICHELIN,2,757.8,50352,503526628,,
5,6631,"AURORA, CO",MICHELIN NORTH AMERICA,MICHELIN,980282185,325/35ZR22X 114YPS4S,2,MICHELIN,2,1171.98,81332,813326631,,
31,6420,"CLEARWATER, FL",MICHELIN NORTH AMERICA,MICHELIN,984150902,215/55R16X 97H DEF2,2,MICHELIN,4,627,12060,120606420,,
16,8296,"SPRINGFIELD, MO",MICHELIN NORTH AMERICA,MICHELIN,980427186,215/60R16 95H DEF2,2,MICHELIN,4,663.04,79034,790348296,,
28,8166,"DULUTH, GA",MICHELIN NORTH AMERICA,MICHELIN,813480,P275/60R20 114S A/T2,2,MICHELIN,1,281.24,36429,364298166,,
25,4781,"LANSING (E),MI",MICHELIN NORTH AMERICA,MICHELIN,980283197,235/65R17 104H CC2,2,MICHELIN,2,425.04,74077,740774781,,
10,8241,"MIDWEST CITY, OK",MICHELIN NORTH AMERICA,MICHELIN,984150900,205/60R16 92H DEF2,2,MICHELIN,1,162.76,37594,375948241,,
17,4837,"DENHAM SPRINGS, LA",MICHELIN NORTH AMERICA,MICHELIN,984182903,275/55R20X 117TDLTX2,2,MICHELIN,2,457.14,4085,40854837,A,984223129
15,4843,PEARLAND TX,MICHELIN NORTH AMERICA,MICHELIN,980360394,265/65R17 112T PLTX,2,MICHELIN,1,258.63,9923,99234843,,
17,8271,"JACKSON, MS",MICHELIN NORTH AMERICA,MICHELIN,984175145,LT275/65R18E  DLTX2,2,MICHELIN,4,1124.96,39974,399748271,,
34,6351,"NEWPORT NEWS, VA",MICHELIN NORTH AMERICA,MICHELIN,980427207,225/65R17 102H DEF2,2,MICHELIN,4,701.32,8218,82186351,A,984223123
28,4789,"SHARPSBURG, GA",MICHELIN NORTH AMERICA,MICHELIN,980104559,235/40R19 92V PMXM4,2,MICHELIN,1,246.56,13134,131344789,,
38,6653,"GAITHERSBURG, MD",MICHELIN NORTH AMERICA,MICHELIN,980408280,205/55R16 91H DEF2,2,MICHELIN,2,320.22,7259,72596653,A,984223517
24,4817,"SAM&#39;S TRUSSVILLE , AL",MICHELIN NORTH AMERICA,MICHELIN,980326862,245/50R20 102V PLTX,2,MICHELIN,4,1023.68,64338,643384817,,
19,4999,"QUINCY, IL",MICHELIN NORTH AMERICA,MICHELIN,533051,LT225/75R17E D LTX,2,MICHELIN,6,1454.1,63361,633614999,,
14,4783,"GARLAND, TX",MICHELIN NORTH AMERICA,MICHELIN,984182905,235/55R19X 105H DEF2,2,MICHELIN,5,1076.1,29595,295954783,A,984223522
35,8218,"FAYETTEVILLE,NC",MICHELIN NORTH AMERICA,MICHELIN,984183861,245/60R20X 111HDLTX2,2,MICHELIN,4,994.72,25904,259048218,,
17,6527,"BATON ROUGE, LA",MICHELIN NORTH AMERICA,MICHELIN,972818,LT265/75R16E D LTX,2,MICHELIN,4,1099.36,56522,565226527,,
27,6242,"DUBLIN, OH",MICHELIN NORTH AMERICA,MICHELIN,980285288,255/40ZR18X 99Y PSA4,2,MICHELIN,2,431.82,31394,313946242,,
7,4987,LONGMONT ALT CO,MICHELIN NORTH AMERICA,MICHELIN,980315334,225/65R17 102H CC2,2,MICHELIN,4,739.68,13153,131534987,,
1,6612,"CONCORD, CA",MICHELIN NORTH AMERICA,MICHELIN,972797,245/70R16 107T D LTX,2,MICHELIN,5,1113.9,10031,100316612,,
5,6634,"LONE TREE, CO",MICHELIN NORTH AMERICA,MICHELIN,980431236,235/65R17 104H DEF2,2,MICHELIN,1,199.14,8758,87586634,,
34,8228,"WINSTON-SALEM, NC",MICHELIN NORTH AMERICA,MICHELIN,980285313,285/35ZR18X 101YPSA4,2,MICHELIN,2,598.64,83431,834318228,,
9,8176,"TOPEKA, KS",MICHELIN NORTH AMERICA,MICHELIN,980315365,205/60R16 92V CC2,2,MICHELIN,4,647.68,61910,619108176,,
10,6779,MOORE OK,MICHELIN NORTH AMERICA,MICHELIN,980348622,255/40ZR19X 100YPSA4,2,MICHELIN,4,991.12,27700,277006779,,
35,8283,"COLUMBIA, SC",MICHELIN NORTH AMERICA,MICHELIN,980285279,235/40ZR18X 95Y PSA4,2,MICHELIN,4,766.84,39076,390768283,,
15,8190,"LA MARQUE, TX",MICHELIN NORTH AMERICA,MICHELIN,980144939,255/50R19X107HTRHPZP,2,MICHELIN,4,1099.64,9483,94838190,,
24,6435,"TUSCALOOSA, AL",MICHELIN NORTH AMERICA,MICHELIN,980141579,215/55R17 94V PRTRAS,2,MICHELIN,2,412.16,26370,263706435,,
26,6657,"NOVI, MI",MICHELIN NORTH AMERICA,MICHELIN,980285271,225/45ZR17X 94Y PSA4,2,MICHELIN,1,173.63,19262,192626657,,
27,6326,"REYNOLDSBURG, OH",MICHELIN NORTH AMERICA,MICHELIN,980171558,245/60R18 105V TRHP,2,MICHELIN,1,236.93,43880,438806326,,
17,4790,"PEARL, MS",MICHELIN NORTH AMERICA,MICHELIN,984182903,275/55R20X 117TDLTX2,2,MICHELIN,1,228.57,4085,40854790,A,984223129
14,6255,"PLANO(N),TX",MICHELIN NORTH AMERICA,MICHELIN,984217206,255/55R18X 109V TRHP,2,MICHELIN,1,271.29,62246,622466255,,
28,8211,"DOUGLASVILLE,GA",MICHELIN NORTH AMERICA,MICHELIN,980171606,295/30ZR19X 100YPS4S,2,MICHELIN,2,705.36,20617,206178211,,
31,6420,"CLEARWATER, FL",MICHELIN NORTH AMERICA,MICHELIN,984183879,LT275/65R20E DLTXP,2,MICHELIN,4,1438.24,22455,224556420,,
38,4771,SEVERN MD,MICHELIN NORTH AMERICA,MICHELIN,984189162,245/70R17X 114TDLTX2,2,MICHELIN,4,922.4,546,5464771,,
12,4939,"SAN ANTONIO (BROOKS), TX",MICHELIN NORTH AMERICA,MICHELIN,984211781,285/55R20X 116TDLTX2,2,MICHELIN,4,1171.96,40597,405974939,,
7,8172,"FARGO, ND",MICHELIN NORTH AMERICA,MICHELIN,980285248,195/65R15X 95T XICES,2,MICHELIN,4,473.28,23384,233848172,,
40,6423,"MIDDLETOWN, NY",MICHELIN NORTH AMERICA,MICHELIN,980104547,235/40R19X 96V PMXM4,2,MICHELIN,2,472.88,53283,532836423,,
7,4933,"BISMARCK, ND",MICHELIN NORTH AMERICA,MICHELIN,980338400,225/55R18X 102HXICES,2,MICHELIN,4,719.6,41319,413194933,,
35,6976,WAKE FOREST NC,MICHELIN NORTH AMERICA,MICHELIN,980208426,225/60R18 100HPRIMAS,2,MICHELIN,2,394.28,64429,644296976,,
29,8192,"DOTHAN, AL",MICHELIN NORTH AMERICA,MICHELIN,980418840,215/65R16 98H DEF2,2,MICHELIN,4,661.04,11141,111418192,,
17,6527,"BATON ROUGE, LA",MICHELIN NORTH AMERICA,MICHELIN,984200918,255/50R19X 107H DEF2,2,MICHELIN,2,484.7,80655,806556527,,
31,6448,"NEW PORT RICHEY, FL",MICHELIN NORTH AMERICA,MICHELIN,984214848,235/45R18X 98V DEF2,2,MICHELIN,1,193.52,58723,587236448,,
11,8269,"GRAND PRAIRIE, TX",MICHELIN NORTH AMERICA,MICHELIN,980283193,215/55R17 94V CC2,2,MICHELIN,4,747.04,46271,462718269,A,980283192
15,8274,"HOUSTON (NW),TX",MICHELIN NORTH AMERICA,MICHELIN,980171633,235/55R19 101VPRIMAS,2,MICHELIN,1,239.2,29730,297308274,,
11,6439,"ODESSA,TX",MICHELIN NORTH AMERICA,MICHELIN,980348642,245/45ZR20X 103YPSA4,2,MICHELIN,4,1001.96,17478,174786439,,
27,6242,"DUBLIN, OH",MICHELIN NORTH AMERICA,MICHELIN,984189160,225/55R19X 103V CC2,2,MICHELIN,4,901.6,19326,193266242,,
38,6653,"GAITHERSBURG, MD",MICHELIN NORTH AMERICA,MICHELIN,980412567,265/60R18 110V CC2,2,MICHELIN,4,912.64,46728,467286653,,
23,4740,"SOUTHAVEN, MS",MICHELIN NORTH AMERICA,MICHELIN,980315322,225/40R19X 93WPRTRAS,2,MICHELIN,2,483.92,77335,773354740,,
23,4740,"SOUTHAVEN, MS",MICHELIN NORTH AMERICA,MICHELIN,980431240,225/50R17X 98H DEF2,2,MICHELIN,3,557.94,10785,107854740,,
35,6976,WAKE FOREST NC,MICHELIN NORTH AMERICA,MICHELIN,980171634,225/65R17 102HPRIMAS,2,MICHELIN,1,193.52,52670,526706976,,
31,6387,PINELLAS PARK FL,MICHELIN NORTH AMERICA,MICHELIN,995413,235/55R20 102V PRLTX,2,MICHELIN,2,472.06,13732,137326387,,
31,6420,"CLEARWATER, FL",MICHELIN NORTH AMERICA,MICHELIN,984183486,265/50R20X 111HDLTX2,2,MICHELIN,1,262.4,55522,555226420,,
24,8213,"COLUMBUS, GA",MICHELIN NORTH AMERICA,MICHELIN,984182903,275/55R20X 117TDLTX2,2,MICHELIN,4,914.28,4085,40858213,A,984223129
26,6667,"YPSILANTI, MI",MICHELIN NORTH AMERICA,MICHELIN,984175146,LT275/70R18E  DLTX2,2,MICHELIN,2,561.5,13990,139906667,,
13,6259,"ROUND ROCK, TX",MICHELIN NORTH AMERICA,MICHELIN,980307080,235/55R19X105WPRTRAS,2,MICHELIN,4,978.88,37369,373696259,,
17,6527,"BATON ROUGE, LA",MICHELIN NORTH AMERICA,MICHELIN,980436884,235/60R18X 107H DEF2,2,MICHELIN,4,823.84,87332,873326527,A,984223122
2,6616,"FULLERTON, CA",MICHELIN NORTH AMERICA,MICHELIN,980431234,215/65R17X 103H DEF2,2,MICHELIN,4,721.4,44198,441986616,,
40,4774,"SECAUCUS, NJ",MICHELIN NORTH AMERICA,MICHELIN,980315340,235/60R17 102H CC2,2,MICHELIN,4,822.84,21800,218004774,,
14,6255,"PLANO(N),TX",MICHELIN NORTH AMERICA,MICHELIN,980344121,215/45ZR17X 91Y PSA4,2,MICHELIN,2,334.6,21677,216776255,,
13,6453,"AUSTIN (NW), TX",MICHELIN NORTH AMERICA,MICHELIN,984200896,265/65R17X 116TDLTX2,2,MICHELIN,2,508.22,51486,514866453,,
17,8221,"HARVEY, LA",MICHELIN NORTH AMERICA,MICHELIN,984183861,245/60R20X 111HDLTX2,2,MICHELIN,4,994.72,25904,259048221,,
13,6421,"CONROE, TX",MICHELIN NORTH AMERICA,MICHELIN,980431236,235/65R17 104H DEF2,2,MICHELIN,2,398.28,8758,87586421,,
32,6341,"SUNRISE, FL",MICHELIN NORTH AMERICA,MICHELIN,980100342,255/30ZR20X 92Y PS4S,2,MICHELIN,4,1294.96,29965,299656341,,
12,4914,San Antonio N TX,MICHELIN NORTH AMERICA,MICHELIN,980383245,255/35ZR21X 98W PSA4,2,MICHELIN,4,1258.8,39155,391554914,,
14,8242,"DALLAS (E), TX",MICHELIN NORTH AMERICA,MICHELIN,980414844,235/60R17 102H DEF2,2,MICHELIN,2,385.54,21087,210878242,,
27,6242,"DUBLIN, OH",MICHELIN NORTH AMERICA,MICHELIN,980436884,235/60R18X 107H DEF2,2,MICHELIN,4,832.92,87332,873326242,A,984223122
31,6448,"NEW PORT RICHEY, FL",MICHELIN NORTH AMERICA,MICHELIN,980285309,255/40ZR21X 102YPSA4,2,MICHELIN,2,741.52,25642,256426448,,
18,4738,"EAGAN, MN",MICHELIN NORTH AMERICA,MICHELIN,980018320,255/40ZR20X 101YPS4S,2,MICHELIN,4,1092.4,59321,593214738,,
22,8188,"LEXINGTON, KY",MICHELIN NORTH AMERICA,MICHELIN,984200854,225/60R18X 104H CC2,2,MICHELIN,4,805.92,36488,364888188,,
38,6371,"WOODBRIDGE, VA",MICHELIN NORTH AMERICA,MICHELIN,984189164,275/60R20X 116HDLTX2,2,MICHELIN,2,510.18,13647,136476371,A,984223130
27,6307,"COLUMBUS(N),OH",MICHELIN NORTH AMERICA,MICHELIN,984182903,275/55R20X 117TDLTX2,2,MICHELIN,4,914.28,4085,40856307,A,984223129
20,6464,"DES PLAINES, IL",MICHELIN NORTH AMERICA,MICHELIN,980048314,195/65R15 91H D T+H,2,MICHELIN,4,571.92,8771,87716464,,
13,6421,"CONROE, TX",MICHELIN NORTH AMERICA,MICHELIN,980100307,225/40ZR18X 92Y PS4S,2,MICHELIN,1,209.8,2717,27176421,,
33,4936,"GRANVILLE, WV",MICHELIN NORTH AMERICA,MICHELIN,980354624,235/40R18X 95V CC2,2,MICHELIN,4,897.92,45388,453884936,,
15,8190,"LA MARQUE, TX",MICHELIN NORTH AMERICA,MICHELIN,972617,275/60R18 113H D LTX,2,MICHELIN,1,233.31,5396,53968190,,
9,8208,"LENEXA, KS",MICHELIN NORTH AMERICA,MICHELIN,984200926,265/70R16X 116TDLTX2,2,MICHELIN,2,484.7,93928,939288208,,
29,8116,"JACKSONVILLE,FL",MICHELIN NORTH AMERICA,MICHELIN,980383245,255/35ZR21X 98W PSA4,2,MICHELIN,2,674.6,39155,391558116,,
30,4901,EASLEY SC,MICHELIN NORTH AMERICA,MICHELIN,972745,235/70R16X 109T DLTX,2,MICHELIN,1,213.03,15545,155454901,,
37,6327,"WARREN,OH",MICHELIN NORTH AMERICA,MICHELIN,984183486,265/50R20X 111HDLTX2,2,MICHELIN,1,264.34,55522,555226327,,
27,6242,"DUBLIN, OH",MICHELIN NORTH AMERICA,MICHELIN,972853,245/65R17 107T D LTX,2,MICHELIN,2,457.14,20563,205636242,,
35,8283,"COLUMBIA, SC",MICHELIN NORTH AMERICA,MICHELIN,980326863,265/60R18 110H PLTX,2,MICHELIN,4,840.08,8915,89158283,,
38,6371,"WOODBRIDGE, VA",MICHELIN NORTH AMERICA,MICHELIN,980431236,235/65R17 104H DEF2,2,MICHELIN,4,796.56,8758,87586371,,
15,4843,PEARLAND TX,MICHELIN NORTH AMERICA,MICHELIN,980427207,225/65R17 102H DEF2,2,MICHELIN,2,352.8,8218,82184843,A,984223123
29,8202,"SAVANNAH, GA",MICHELIN NORTH AMERICA,MICHELIN,980427207,225/65R17 102H DEF2,2,MICHELIN,4,705.6,8218,82188202,A,984223123
14,6255,"PLANO(N),TX",MICHELIN NORTH AMERICA,MICHELIN,980285281,235/45ZR18X 98Y PSA4,2,MICHELIN,4,853.64,55731,557316255,,
8,8162,"CEDAR RAPIDS,IA",MICHELIN NORTH AMERICA,MICHELIN,980408276,225/60R17 99H DEF2,2,MICHELIN,4,723.84,78472,784728162,,
35,6570,"RALEIGH, NC",MICHELIN NORTH AMERICA,MICHELIN,980431234,215/65R17X 103H DEF2,2,MICHELIN,4,721.4,44198,441986570,,
34,8220,"ROANOKE, VA",MICHELIN NORTH AMERICA,MICHELIN,980285281,235/45ZR18X 98Y PSA4,2,MICHELIN,4,839.2,55731,557318220,,
21,4926,COLUMBUS IN,MICHELIN NORTH AMERICA,MICHELIN,980348611,235/40ZR19X 96Y PSA4,2,MICHELIN,1,232.41,47518,475184926,,
9,4870,KANSAS CITY KS,MICHELIN NORTH AMERICA,MICHELIN,980285311,225/35ZR19X 88Y PSA4,2,MICHELIN,2,535.34,20528,205284870,,
38,4771,SEVERN MD,MICHELIN NORTH AMERICA,MICHELIN,980315346,235/45R18X 98V CC2,2,MICHELIN,2,428.72,16172,161724771,A,984238061
5,8272,"COLORADO SPRINGS, CO",MICHELIN NORTH AMERICA,MICHELIN,980412557,255/50R20X 109V CC2,2,MICHELIN,3,814.2,92056,920568272,,
31,6387,PINELLAS PARK FL,MICHELIN NORTH AMERICA,MICHELIN,980348647,265/35ZR19X 98Y PSA4,2,MICHELIN,2,508.22,65369,653696387,,
13,4713,"SHENANDOAH, TX",MICHELIN NORTH AMERICA,MICHELIN,980285290,205/45ZR17X 88Y PSA4,2,MICHELIN,4,665.56,41962,419624713,,
35,6570,"RALEIGH, NC",MICHELIN NORTH AMERICA,MICHELIN,980303691,235/45R18X 98W PMXM4,2,MICHELIN,1,245.97,7563,75636570,,
29,8115,"AUGUSTA, GA",MICHELIN NORTH AMERICA,MICHELIN,980151447,255/55R18X 109H DLTX,2,MICHELIN,1,252.3,98045,980458115,,
24,6435,"TUSCALOOSA, AL",MICHELIN NORTH AMERICA,MICHELIN,980208400,LT275/70R18E A/T2,2,MICHELIN,4,1209.8,32157,321576435,,
14,6265,"IRVING (N), TX",MICHELIN NORTH AMERICA,MICHELIN,980369228,255/40R20X 101W PSEV,2,MICHELIN,4,1244.32,89335,893356265,,
24,8236,"GULFPORT, MS",MICHELIN NORTH AMERICA,MICHELIN,401934,275/70R16 114H D LTX,2,MICHELIN,4,1041.76,21974,219748236,,
28,8166,"DULUTH, GA",MICHELIN NORTH AMERICA,MICHELIN,980315386,225/60R17 99H CC2,2,MICHELIN,4,780.16,8941,89418166,,
13,6259,"ROUND ROCK, TX",MICHELIN NORTH AMERICA,MICHELIN,980315386,225/60R17 99H CC2,2,MICHELIN,4,780.16,8941,89416259,,
26,6657,"NOVI, MI",MICHELIN NORTH AMERICA,MICHELIN,984182903,275/55R20X 117TDLTX2,2,MICHELIN,4,914.28,4085,40856657,A,984223129
37,6406,"NIAGARA FALLS, NY",MICHELIN NORTH AMERICA,MICHELIN,980412556,255/45R19X 104V CC2,2,MICHELIN,2,557.52,23187,231876406,,
28,4739,"SNELLVILLE, GA",MICHELIN NORTH AMERICA,MICHELIN,984189165,235/65R18 106H DEF2,2,MICHELIN,5,956.45,9818,98184739,A,984223125
31,4801,"RIVERVIEW, FL",MICHELIN NORTH AMERICA,MICHELIN,980412539,235/45ZR20X 100YPSA4,2,MICHELIN,1,277.62,71323,713234801,,
34,6402,"GREENSBORO, NC",MICHELIN NORTH AMERICA,MICHELIN,980436884,235/60R18X 107H DEF2,2,MICHELIN,4,832.92,87332,873326402,A,984223122
38,6371,"WOODBRIDGE, VA",MICHELIN NORTH AMERICA,MICHELIN,980100350,255/40ZR19X 100YPS4S,2,MICHELIN,2,591.42,78074,780746371,,
31,6441,"LAKELAND (N),FL",MICHELIN NORTH AMERICA,MICHELIN,995434,235/65R18 106V PRLTX,2,MICHELIN,2,429.54,8008,80086441,,
10,8117,"OK CITY (N), OK",MICHELIN NORTH AMERICA,MICHELIN,984182898,LT265/70R17E DLTX2,2,MICHELIN,4,1133.72,45468,454688117,,
39,8160,"TEMPLE, PA",MICHELIN NORTH AMERICA,MICHELIN,980100350,255/40ZR19X 100YPS4S,2,MICHELIN,4,1182.84,78074,780748160,,
23,8112,"CHATTANOOGA, TN",MICHELIN NORTH AMERICA,MICHELIN,980408276,225/60R17 99H DEF2,2,MICHELIN,4,723.84,78472,784728112,,
1,6410,"PEARL CITY, HI",MICHELIN NORTH AMERICA,MICHELIN,980138933,245/45R19 98WPRMTRAS,2,MICHELIN,2,506,86487,864876410,,
1,6410,"PEARL CITY, HI",MICHELIN NORTH AMERICA,MICHELIN,980285274,245/45ZR18X 100YPSA4,2,MICHELIN,2,388.84,7799,77996410,,
23,8112,"CHATTANOOGA, TN",MICHELIN NORTH AMERICA,MICHELIN,313972,225/45R18 91V PMXM4,2,MICHELIN,4,875.84,23460,234608112,,
29,8116,"JACKSONVILLE,FL",MICHELIN NORTH AMERICA,MICHELIN,984182905,235/55R19X 105H DEF2,2,MICHELIN,4,878.96,29595,295958116,A,984223522
31,6387,PINELLAS PARK FL,MICHELIN NORTH AMERICA,MICHELIN,980431236,235/65R17 104H DEF2,2,MICHELIN,4,796.56,8758,87586387,A,984223519
29,8116,"JACKSONVILLE,FL",MICHELIN NORTH AMERICA,MICHELIN,980418840,215/65R16 98H DEF2,2,MICHELIN,4,661.04,11141,111418116,,
15,4843,PEARLAND TX,MICHELIN NORTH AMERICA,MICHELIN,980285270,225/40ZR18X 92Y PSA4,2,MICHELIN,3,515.46,34320,343204843,,
8,6413,"LINCOLN (N), NE",MICHELIN NORTH AMERICA,MICHELIN,980348667,185/55R16X 87H XICES,2,MICHELIN,2,287.1,47795,477956413,,
27,4963,"CHILLICOTHE, OH",MICHELIN NORTH AMERICA,MICHELIN,984200866,245/55R19X 107H DEF2,2,MICHELIN,1,237.64,13640,136404963,,
2,6624,"SAN BERNARDINO, CA",MICHELIN NORTH AMERICA,MICHELIN,980412563,265/45R20X 108V CC2,2,MICHELIN,2,561.2,8932,89326624,,
11,6244,"FORT WORTH, TX",MICHELIN NORTH AMERICA,MICHELIN,980412556,255/45R19X 104V CC2,2,MICHELIN,4,1092.96,23187,231876244,,
39,4722,"WILLIAMSTOWN, NJ",MICHELIN NORTH AMERICA,MICHELIN,980412568,275/40R21X 107V CC2,2,MICHELIN,1,360.64,33925,339254722,,
31,4998,"THE VILLAGES, FL",MICHELIN NORTH AMERICA,MICHELIN,980315340,235/60R17 102H CC2,2,MICHELIN,1,200.07,21800,218004998,,
2,6628,"TORRANCE, CA",MICHELIN NORTH AMERICA,MICHELIN,980307080,235/55R19X105WPRTRAS,2,MICHELIN,1,244.72,37369,373696628,,
1,4799,"CITRUS HEIGHTS, CA",MICHELIN NORTH AMERICA,MICHELIN,980436884,235/60R18X 107H DEF2,2,MICHELIN,2,425.56,87332,873324799,A,984223122
1,6621,"ROSEVILLE, CA",MICHELIN NORTH AMERICA,MICHELIN,980315342,235/65R18 106V CC2,2,MICHELIN,4,861.12,47167,471676621,,
15,4769,"HOUSTON(WESTPARK), TX",MICHELIN NORTH AMERICA,MICHELIN,980431236,235/65R17 104H DEF2,2,MICHELIN,1,199.14,8758,87584769,,
24,6435,"TUSCALOOSA, AL",MICHELIN NORTH AMERICA,MICHELIN,984200886,LT265/60R20E DLTXP,2,MICHELIN,4,1237.08,34778,347786435,,
24,4724,"HOOVER, AL",MICHELIN NORTH AMERICA,MICHELIN,980285274,245/45ZR18X 100YPSA4,2,MICHELIN,1,194.42,7799,77994724,,
17,8271,"JACKSON, MS",MICHELIN NORTH AMERICA,MICHELIN,980285272,225/45ZR18X 95Y PSA4,2,MICHELIN,1,191.71,11214,112148271,,
31,6448,"NEW PORT RICHEY, FL",MICHELIN NORTH AMERICA,MICHELIN,980412556,255/45R19X 104V CC2,2,MICHELIN,4,1115.04,23187,231876448,,
34,8228,"WINSTON-SALEM, NC",MICHELIN NORTH AMERICA,MICHELIN,980431236,235/65R17 104H DEF2,2,MICHELIN,4,796.56,8758,87588228,,
17,6527,"BATON ROUGE, LA",MICHELIN NORTH AMERICA,MICHELIN,980348622,255/40ZR19X 100YPSA4,2,MICHELIN,4,1034.52,27700,277006527,,
31,6403,"BRANDON, FL",MICHELIN NORTH AMERICA,MICHELIN,980412556,255/45R19X 104V CC2,2,MICHELIN,2,557.52,23187,231876403,,
11,8282,"DALLAS (S), TX",MICHELIN NORTH AMERICA,MICHELIN,980427186,215/60R16 95H DEF2,2,MICHELIN,1,161.05,79034,790348282,,
5,8272,"COLORADO SPRINGS, CO",MICHELIN NORTH AMERICA,MICHELIN,980283193,215/55R17 94V CC2,2,MICHELIN,4,732.32,46271,462718272,,
39,6670,"DEPTFORD, NJ",MICHELIN NORTH AMERICA,MICHELIN,980171633,235/55R19 101VPRIMAS,2,MICHELIN,1,230,29730,297306670,,
23,4776,"HUNTSVILLE, AL",MICHELIN NORTH AMERICA,MICHELIN,980412549,205/65R16 95H DEF2,2,MICHELIN,4,627,69099,690994776,,
23,4776,"HUNTSVILLE, AL",MICHELIN NORTH AMERICA,MICHELIN,980171634,225/65R17 102HPRIMAS,2,MICHELIN,3,580.56,52670,526704776,,
28,8225,"MACON, GA",MICHELIN NORTH AMERICA,MICHELIN,984200896,265/65R17X 116TDLTX2,2,MICHELIN,4,1014.64,51486,514868225,A,984223127
20,6487,"ADDISON, IL",MICHELIN NORTH AMERICA,MICHELIN,980427186,215/60R16 95H DEF2,2,MICHELIN,4,644.2,79034,790346487,,
28,4789,"SHARPSBURG, GA",MICHELIN NORTH AMERICA,MICHELIN,980436884,235/60R18X 107H DEF2,2,MICHELIN,2,410.4,87332,873324789,A,984223122
15,6867,HOUSTON CINCO TX,MICHELIN NORTH AMERICA,MICHELIN,980315342,235/65R18 106V CC2,2,MICHELIN,4,861.12,47167,471676867,A,980336985
39,6693,"LANGHORNE, PA",MICHELIN NORTH AMERICA,MICHELIN,980283191,235/50R19X 103VCC2,2,MICHELIN,1,229.08,44993,449936693,,
14,4783,"GARLAND, TX",MICHELIN NORTH AMERICA,MICHELIN,980285273,245/40ZR18X 97Y PSA4,2,MICHELIN,1,202.56,13787,137874783,,
10,6350,"SHERMAN, TX",MICHELIN NORTH AMERICA,MICHELIN,980205520,275/55R20 113H XMS2,2,MICHELIN,2,517.26,29059,290596350,,
5,6630,"ARVADA, CO",MICHELIN NORTH AMERICA,MICHELIN,980315365,205/60R16 92V CC2,2,MICHELIN,4,647.68,61910,619106630,,
35,6203,"COLUMBIA, SC",MICHELIN NORTH AMERICA,MICHELIN,980326863,265/60R18 110H PLTX,2,MICHELIN,2,443.1,8915,89156203,,
32,6217,"MIAMI, FL",MICHELIN NORTH AMERICA,MICHELIN,980285270,225/40ZR18X 92Y PSA4,2,MICHELIN,1,171.82,34320,343206217,A,980288764
31,8201,"BRADENTON, FL",MICHELIN NORTH AMERICA,MICHELIN,980100350,255/40ZR19X 100YPS4S,2,MICHELIN,1,295.71,78074,780748201,,
18,4738,"EAGAN, MN",MICHELIN NORTH AMERICA,MICHELIN,984200850,245/50R20X 105V CC2,2,MICHELIN,4,991.76,91052,910524738,A,984200851
24,8213,"COLUMBUS, GA",MICHELIN NORTH AMERICA,MICHELIN,984200864,255/65R17X 114TDLTX2,2,MICHELIN,4,900.68,11623,116238213,,
17,8271,"JACKSON, MS",MICHELIN NORTH AMERICA,MICHELIN,980141579,215/55R17 94V PRTRAS,2,MICHELIN,4,824.32,26370,263708271,,
23,4776,"HUNTSVILLE, AL",MICHELIN NORTH AMERICA,MICHELIN,980412550,235/50R17 96H DEF2,2,MICHELIN,1,174.71,11994,119944776,,
13,8259,"AUSTIN, TX",MICHELIN NORTH AMERICA,MICHELIN,980315334,225/65R17 102H CC2,2,MICHELIN,2,369.84,13153,131538259,,
31,4861,"ST PETERSBURG, FL",MICHELIN NORTH AMERICA,MICHELIN,980348642,245/45ZR20X 103YPSA4,2,MICHELIN,2,500.98,17478,174784861,,
34,4711,"VIRGINIA BEACH, VA",MICHELIN NORTH AMERICA,MICHELIN,980285276,215/55ZR17X 98Y PSA4,2,MICHELIN,4,687.28,68640,686404711,,
23,4740,"SOUTHAVEN, MS",MICHELIN NORTH AMERICA,MICHELIN,980285273,245/40ZR18X 97Y PSA4,2,MICHELIN,1,202.56,13787,137874740,,
27,6572,"KNOXVILLE, TN",MICHELIN NORTH AMERICA,MICHELIN,980412549,205/65R16 95H DEF2,2,MICHELIN,4,664.8,69099,690996572,A,984223516
23,4740,"SOUTHAVEN, MS",MICHELIN NORTH AMERICA,MICHELIN,984183879,LT275/65R20E DLTXP,2,MICHELIN,4,1438.24,22455,224554740,,
29,8116,"JACKSONVILLE,FL",MICHELIN NORTH AMERICA,MICHELIN,980427207,225/65R17 102H DEF2,2,MICHELIN,1,176.4,8218,82188116,A,984223123
22,4876,"BOWLING GREEN, KY",MICHELIN NORTH AMERICA,MICHELIN,980283189,205/55R16 91H CC2,2,MICHELIN,2,330.02,35861,358614876,,
4,4915,BULLHEAD CITY AZ,MICHELIN NORTH AMERICA,MICHELIN,980285271,225/45ZR17X 94Y PSA4,2,MICHELIN,4,672.8,19262,192624915,,
31,6448,"NEW PORT RICHEY, FL",MICHELIN NORTH AMERICA,MICHELIN,980285281,235/45ZR18X 98Y PSA4,2,MICHELIN,4,846.44,55731,557316448,,
29,6204,"VALDOSTA, GA",MICHELIN NORTH AMERICA,MICHELIN,980283168,235/55R19X 105VCC2,2,MICHELIN,1,238.28,8499,84996204,,
38,6653,"GAITHERSBURG, MD",MICHELIN NORTH AMERICA,MICHELIN,984150900,205/60R16 92H DEF2,2,MICHELIN,8,1321.12,37594,375946653,,
23,8112,"CHATTANOOGA, TN",MICHELIN NORTH AMERICA,MICHELIN,980171607,245/40ZR19X 98Y PS4S,2,MICHELIN,4,1052.6,25373,253738112,,
38,6371,"WOODBRIDGE, VA",MICHELIN NORTH AMERICA,MICHELIN,980285277,225/50ZR17X 98Y PSA4,2,MICHELIN,4,719.84,19719,197196371,,
38,6653,"GAITHERSBURG, MD",MICHELIN NORTH AMERICA,MICHELIN,980285276,215/55ZR17X 98Y PSA4,2,MICHELIN,2,343.64,68640,686406653,,
28,4739,"SNELLVILLE, GA",MICHELIN NORTH AMERICA,MICHELIN,980283185,235/50R18 97V CC2,2,MICHELIN,4,866.64,28997,289974739,,
17,8221,"HARVEY, LA",MICHELIN NORTH AMERICA,MICHELIN,984189164,275/60R20X 116HDLTX2,2,MICHELIN,1,255.09,13647,136478221,A,984223130
14,8242,"DALLAS (E), TX",MICHELIN NORTH AMERICA,MICHELIN,980360383,245/40R18X 97V CC2,2,MICHELIN,4,1004.64,34063,340638242,,
23,4740,"SOUTHAVEN, MS",MICHELIN NORTH AMERICA,MICHELIN,980418851,275/40R20X106VPRTRAS,2,MICHELIN,4,1056.16,810,8104740,,
17,4790,"PEARL, MS",MICHELIN NORTH AMERICA,MICHELIN,980205520,275/55R20 113H XMS2,2,MICHELIN,4,1005.6,29059,290594790,,
26,6667,"YPSILANTI, MI",MICHELIN NORTH AMERICA,MICHELIN,980431179,235/55R20 102H DEF2,2,MICHELIN,4,902.04,50833,508336667,,
26,6667,"YPSILANTI, MI",MICHELIN NORTH AMERICA,MICHELIN,984182906,255/65R18 111H DEF2,2,MICHELIN,5,1133.05,3893,38936667,,
35,6570,"RALEIGH, NC",MICHELIN NORTH AMERICA,MICHELIN,995413,235/55R20 102V PRLTX,2,MICHELIN,3,704.46,13732,137326570,,
8,6181,PAPILLION NE,MICHELIN NORTH AMERICA,MICHELIN,980100324,235/50ZR18X 101YPS4S,2,MICHELIN,4,969.4,39562,395626181,,
14,6381,"LEWISVILLE, TX",MICHELIN NORTH AMERICA,MICHELIN,980283191,235/50R19X 103VCC2,2,MICHELIN,1,233.68,44993,449936381,,
24,4817,"SAM&#39;S TRUSSVILLE , AL",MICHELIN NORTH AMERICA,MICHELIN,984182900,285/45R22X 114HDLTX2,2,MICHELIN,4,1177.6,44941,449414817,,
22,8136,"DAYTON, OH",MICHELIN NORTH AMERICA,MICHELIN,984200894,235/40R19X 96V DEF2,2,MICHELIN,1,210.7,48884,488848136,,
9,8207,"KANSAS CITY, MO",MICHELIN NORTH AMERICA,MICHELIN,984217206,255/55R18X 109V TRHP,2,MICHELIN,2,542.58,62246,622468207,,
8,8146,"OMAHA, NE",MICHELIN NORTH AMERICA,MICHELIN,984189164,275/60R20X 116HDLTX2,2,MICHELIN,4,1053.28,13647,136478146,,
32,4972,"PORT ST LUCIE (W), FL",MICHELIN NORTH AMERICA,MICHELIN,980171558,245/60R18 105V TRHP,2,MICHELIN,4,947.72,43880,438804972,,
5,6631,"AURORA, CO",MICHELIN NORTH AMERICA,MICHELIN,980354617,215/65R17 99H CC2,2,MICHELIN,4,728.88,21093,210936631,,
9,6505,JEFFERSON CITY MO,MICHELIN NORTH AMERICA,MICHELIN,972818,LT265/75R16E D LTX,2,MICHELIN,2,549.68,56522,565226505,,
34,6351,"NEWPORT NEWS, VA",MICHELIN NORTH AMERICA,MICHELIN,984200912,255/50R20X 109H DEF2,2,MICHELIN,1,234.21,73724,737246351,,
12,4914,San Antonio N TX,MICHELIN NORTH AMERICA,MICHELIN,980412555,255/40R21X 102V CC2,2,MICHELIN,2,599.84,3271,32714914,,
27,6242,"DUBLIN, OH",MICHELIN NORTH AMERICA,MICHELIN,131628,LT245/75R16/E A/T2,2,MICHELIN,5,1401.65,52691,526916242,,
33,6314,"ELYRIA, OH",MICHELIN NORTH AMERICA,MICHELIN,980171634,225/65R17 102HPRIMAS,2,MICHELIN,1,193.52,52670,526706314,,
3,6382,"LAS VEGAS(W),NV",MICHELIN NORTH AMERICA,MICHELIN,972853,245/65R17 107T D LTX,2,MICHELIN,1,229.49,20563,205636382,A,980152455
29,8116,"JACKSONVILLE,FL",MICHELIN NORTH AMERICA,MICHELIN,984182903,275/55R20X 117TDLTX2,2,MICHELIN,1,228.57,4085,40858116,A,984223129
23,8292,"MEMPHIS (E), TN",MICHELIN NORTH AMERICA,MICHELIN,984200879,265/70R17X 116TDLTX2,2,MICHELIN,4,939.92,21308,213088292,A,984223126
37,6675,"ERIE, PA",MICHELIN NORTH AMERICA,MICHELIN,980307080,235/55R19X105WPRTRAS,2,MICHELIN,4,916.32,37369,373696675,,
18,4738,"EAGAN, MN",MICHELIN NORTH AMERICA,MICHELIN,984189163,265/60R18X 114HDLTX2,2,MICHELIN,4,987.44,1121,11214738,A,984223132
15,4763,"SUGAR LAND, TX",MICHELIN NORTH AMERICA,MICHELIN,995413,235/55R20 102V PRLTX,2,MICHELIN,1,239.64,13732,137324763,,
1,4768,"RENO, NV",MICHELIN NORTH AMERICA,MICHELIN,984200873,245/55R19X 107V CC2,2,MICHELIN,1,251.16,18167,181674768,,
28,4802,"HIRAM, GA",MICHELIN NORTH AMERICA,MICHELIN,980100319,235/40ZR18X 95Y PS4S,2,MICHELIN,1,212.51,43847,438474802,,
13,6336,"TEMPLE, TX",MICHELIN NORTH AMERICA,MICHELIN,984175145,LT275/65R18E  DLTX2,2,MICHELIN,4,1132.2,39974,399746336,,
19,8251,"SAINT CHARLES, MO",MICHELIN NORTH AMERICA,MICHELIN,980414843,255/65R18 111H CC2,2,MICHELIN,1,234.6,90299,902998251,,
35,8283,"COLUMBIA, SC",MICHELIN NORTH AMERICA,MICHELIN,980171643,245/50R20 102VPRTRAS,2,MICHELIN,4,989.92,59787,597878283,,
28,6643,CLAIRMONT GA,MICHELIN NORTH AMERICA,MICHELIN,980431236,235/65R17 104H DEF2,2,MICHELIN,4,796.56,8758,87586643,,
23,4740,"SOUTHAVEN, MS",MICHELIN NORTH AMERICA,MICHELIN,980151447,255/55R18X 109H DLTX,2,MICHELIN,4,991.12,98045,980454740,,
17,8221,"HARVEY, LA",MICHELIN NORTH AMERICA,MICHELIN,980414844,235/60R17 102H DEF2,2,MICHELIN,3,589.77,21087,210878221,,
33,4750,"CUYAHOGA FALLS, OH",MICHELIN NORTH AMERICA,MICHELIN,980171634,225/65R17 102HPRIMAS,2,MICHELIN,1,193.52,52670,526704750,,
28,8166,"DULUTH, GA",MICHELIN NORTH AMERICA,MICHELIN,984200921,305/40R22X 114HDLTX2,2,MICHELIN,4,1225.16,85293,852938166,,
29,4820,"POOLER, GA",MICHELIN NORTH AMERICA,MICHELIN,980202789,255/60R18X 112W 4SUV,2,MICHELIN,2,450.34,68420,684204820,,
24,8236,"GULFPORT, MS",MICHELIN NORTH AMERICA,MICHELIN,980171594,215/40R18 85Y PS4,2,MICHELIN,1,239.64,56011,560118236,,
1,6622,"SACRAMENTO, CA",MICHELIN NORTH AMERICA,MICHELIN,995413,235/55R20 102V PRLTX,2,MICHELIN,1,239.64,13732,137326622,,
2,4822,"MURRIETA, CA",MICHELIN NORTH AMERICA,MICHELIN,980285303,245/35ZR21X 96Y PSA4,2,MICHELIN,4,1479.44,2700,27004822,,
38,6434,"LAUREL, MD",MICHELIN NORTH AMERICA,MICHELIN,980348624,245/35ZR19 89YPSA4ZP,2,MICHELIN,1,303.84,46522,465226434,,
31,6403,"BRANDON, FL",MICHELIN NORTH AMERICA,MICHELIN,980315346,235/45R18X 98V CC2,2,MICHELIN,4,857.44,16172,161726403,,
30,6348,"PINEVILLE, NC",MICHELIN NORTH AMERICA,MICHELIN,984150900,205/60R16 92H DEF2,2,MICHELIN,1,162.38,37594,375946348,,
15,8190,"LA MARQUE, TX",MICHELIN NORTH AMERICA,MICHELIN,980100307,225/40ZR18X 92Y PS4S,2,MICHELIN,2,419.6,2717,27178190,,
4,6205,"YUMA, AZ",MICHELIN NORTH AMERICA,MICHELIN,984182898,LT265/70R17E DLTX2,2,MICHELIN,1,285.26,45468,454686205,,
29,6204,"VALDOSTA, GA",MICHELIN NORTH AMERICA,MICHELIN,980412571,285/40R20X 108V CC2,2,MICHELIN,1,339.48,17745,177456204,,
24,8236,"GULFPORT, MS",MICHELIN NORTH AMERICA,MICHELIN,984189162,245/70R17X 114TDLTX2,2,MICHELIN,1,230.6,546,5468236,,
24,4817,"SAM&#39;S TRUSSVILLE , AL",MICHELIN NORTH AMERICA,MICHELIN,980283184,225/55R17X 101VCC2,2,MICHELIN,1,205.16,25472,254724817,,
1,4755,"HONOLULU, HI",MICHELIN NORTH AMERICA,MICHELIN,980285315,275/35ZR21X 103YPSA4,2,MICHELIN,2,801.2,43385,433854755,,
27,6307,"COLUMBUS(N),OH",MICHELIN NORTH AMERICA,MICHELIN,980100328,245/35ZR18X 92Y PS4S,2,MICHELIN,1,221.55,76950,769506307,,
2,6628,"TORRANCE, CA",MICHELIN NORTH AMERICA,MICHELIN,984200910,265/70R18X 116TDLTX2,2,MICHELIN,2,515.66,69047,690476628,,
35,8283,"COLUMBIA, SC",MICHELIN NORTH AMERICA,MICHELIN,980431179,235/55R20 102H DEF2,2,MICHELIN,4,927.52,50833,508338283,,
32,6217,"MIAMI, FL",MICHELIN NORTH AMERICA,MICHELIN,984150902,215/55R16X 97H DEF2,2,MICHELIN,1,156.75,12060,120606217,,
13,6367,"HUMBLE, TX",MICHELIN NORTH AMERICA,MICHELIN,980292012,245/40R20X 99V PTRAS,2,MICHELIN,2,583.28,49140,491406367,,
17,8181,"ALEXANDRIA, LA",MICHELIN NORTH AMERICA,MICHELIN,980412557,255/50R20X 109V CC2,2,MICHELIN,4,1085.6,92056,920568181,,
27,6242,"DUBLIN, OH",MICHELIN NORTH AMERICA,MICHELIN,995413,235/55R20 102V PRLTX,2,MICHELIN,4,958.56,13732,137326242,,
28,4802,"HIRAM, GA",MICHELIN NORTH AMERICA,MICHELIN,980436885,225/55R17X 101H DEF2,2,MICHELIN,5,936.95,822,8224802,,
2,6624,"SAN BERNARDINO, CA",MICHELIN NORTH AMERICA,MICHELIN,980412569,275/45R20X 110V CC2,2,MICHELIN,2,583.28,18856,188566624,,
24,8236,"GULFPORT, MS",MICHELIN NORTH AMERICA,MICHELIN,995413,235/55R20 102V PRLTX,2,MICHELIN,1,232.41,13732,137328236,,
27,6242,"DUBLIN, OH",MICHELIN NORTH AMERICA,MICHELIN,980436883,215/60R17 96H DEF2,2,MICHELIN,4,651.08,54251,542516242,,
35,8223,"RALEIGH, NC",MICHELIN NORTH AMERICA,MICHELIN,980104524,225/50R17 94V SAVAS,2,MICHELIN,4,956.8,18116,181168223,,
2,6613,"LONG BEACH, CA",MICHELIN NORTH AMERICA,MICHELIN,980285269,235/50ZR18X 101YPSA4,2,MICHELIN,3,604.98,20421,204216613,,
12,4939,"SAN ANTONIO (BROOKS), TX",MICHELIN NORTH AMERICA,MICHELIN,980348614,245/45ZR17X 99Y PSA4,2,MICHELIN,4,842.8,81624,816244939,,
1,6455,"OXNARD, CA",MICHELIN NORTH AMERICA,MICHELIN,980283184,225/55R17X 101VCC2,2,MICHELIN,4,805.92,25472,254726455,,
14,4783,"GARLAND, TX",MICHELIN NORTH AMERICA,MICHELIN,980307080,235/55R19X105WPRTRAS,2,MICHELIN,1,235.52,37369,373694783,,
32,6341,"SUNRISE, FL",MICHELIN NORTH AMERICA,MICHELIN,980100338,245/45ZR17X 99Y PS4S,2,MICHELIN,2,490.14,8090,80906341,,
31,6387,PINELLAS PARK FL,MICHELIN NORTH AMERICA,MICHELIN,980348650,285/35ZR19X 103YPSA4,2,MICHELIN,2,602.26,17656,176566387,,
3,6382,"LAS VEGAS(W),NV",MICHELIN NORTH AMERICA,MICHELIN,980285273,245/40ZR18X 97Y PSA4,2,MICHELIN,2,405.12,13787,137876382,,
29,6506,"ALBANY, GA",MICHELIN NORTH AMERICA,MICHELIN,980344122,245/40ZR19X 98Y PSA4,2,MICHELIN,1,245.07,36966,369666506,,
21,8197,"CHAMPAIGN, IL",MICHELIN NORTH AMERICA,MICHELIN,980134159,235/45R18X 98VPRTRAS,2,MICHELIN,4,912.64,31130,311308197,,
20,6349,"EVERGREEN PARK, IL",MICHELIN NORTH AMERICA,MICHELIN,980285294,255/45ZR18X 103YPSA4,2,MICHELIN,4,875.36,9799,97996349,,
1,6405,"YUBA CITY, CA",MICHELIN NORTH AMERICA,MICHELIN,980348642,245/45ZR20X 103YPSA4,2,MICHELIN,1,250.49,17478,174786405,,
29,8116,"JACKSONVILLE,FL",MICHELIN NORTH AMERICA,MICHELIN,980427222,235/50R19X 103H DEF2,2,MICHELIN,4,922.4,69845,698458116,,
28,4780,"BUFORD, GA",MICHELIN NORTH AMERICA,MICHELIN,980427207,225/65R17 102H DEF2,2,MICHELIN,1,176.25,8218,82184780,A,984223123
1,4799,"CITRUS HEIGHTS, CA",MICHELIN NORTH AMERICA,MICHELIN,980048314,195/65R15 91H D T+H,2,MICHELIN,1,142.98,8771,87714799,A,980152467
33,6314,"ELYRIA, OH",MICHELIN NORTH AMERICA,MICHELIN,980283186,235/60R18X 107VCC2,2,MICHELIN,4,908.96,29611,296116314,,
20,6444,"EVANSTON, IL",MICHELIN NORTH AMERICA,MICHELIN,980348667,185/55R16X 87H XICES,2,MICHELIN,1,154.56,47795,477956444,,
36,8290,"ORLANDO (S), FL",MICHELIN NORTH AMERICA,MICHELIN,980283165,225/55R18 98H CC2,2,MICHELIN,5,1025.8,4749,47498290,,
14,6482,"DALLAS (E), TX",MICHELIN NORTH AMERICA,MICHELIN,980427186,215/60R16 95H DEF2,2,MICHELIN,3,469.02,79034,790346482,A,984223511
8,8146,"OMAHA, NE",MICHELIN NORTH AMERICA,MICHELIN,980171634,225/65R17 102HPRIMAS,2,MICHELIN,1,202.56,52670,526708146,,
2,6610,"CHINO, CA",MICHELIN NORTH AMERICA,MICHELIN,984200887,305/45R22X 118HDLTX2,2,MICHELIN,4,1247.92,34799,347996610,,
27,6326,"REYNOLDSBURG, OH",MICHELIN NORTH AMERICA,MICHELIN,995413,235/55R20 102V PRLTX,2,MICHELIN,4,958.56,13732,137326326,,
13,6245,Harker Heights TX,MICHELIN NORTH AMERICA,MICHELIN,980431236,235/65R17 104H DEF2,2,MICHELIN,1,199.14,8758,87586245,,
30,6348,"PINEVILLE, NC",MICHELIN NORTH AMERICA,MICHELIN,984183861,245/60R20X 111HDLTX2,2,MICHELIN,4,994.72,25904,259046348,,
39,4994,MECHANICSBURG PA,MICHELIN NORTH AMERICA,MICHELIN,984200910,265/70R18X 116TDLTX2,2,MICHELIN,2,497.38,69047,690474994,,
19,8125,"SAINT LOUIS, MO",MICHELIN NORTH AMERICA,MICHELIN,980412573,285/45R22X 114H CC2,2,MICHELIN,4,1218.08,5254,52548125,,
38,8193,"HAGERSTOWN, MD",MICHELIN NORTH AMERICA,MICHELIN,980427207,225/65R17 102H DEF2,2,MICHELIN,4,705.6,8218,82188193,A,984223123
27,6308,"COLUMBUS(W),OH",MICHELIN NORTH AMERICA,MICHELIN,329684,P215/65R1798TENSAVAS,2,MICHELIN,1,188.8,11387,113876308,,
35,4831,"DURHAM (S), NC",MICHELIN NORTH AMERICA,MICHELIN,984200926,265/70R16X 116TDLTX2,2,MICHELIN,2,484.7,93928,939284831,,
17,4837,"DENHAM SPRINGS, LA",MICHELIN NORTH AMERICA,MICHELIN,984182901,LT245/75R17E DLTX2,2,MICHELIN,1,304.09,38846,388464837,,
5,6634,"LONE TREE, CO",MICHELIN NORTH AMERICA,MICHELIN,980412565,265/50R19X 110V CC2,2,MICHELIN,4,1192.32,70977,709776634,,
4,4829,GILBERT (E) AZ,MICHELIN NORTH AMERICA,MICHELIN,980283185,235/50R18 97V CC2,2,MICHELIN,4,883.2,28997,289974829,,
15,8275,"BEAUMONT, TX",MICHELIN NORTH AMERICA,MICHELIN,995413,235/55R20 102V PRLTX,2,MICHELIN,4,958.56,13732,137328275,,
34,8220,"ROANOKE, VA",MICHELIN NORTH AMERICA,MICHELIN,984182905,235/55R19X 105H DEF2,2,MICHELIN,4,878.96,29595,295958220,A,984223522
7,8165,"SIOUX FALLS, SD",MICHELIN NORTH AMERICA,MICHELIN,980315347,225/50R18 95H CC2,2,MICHELIN,4,830.36,29568,295688165,,
27,6242,"DUBLIN, OH",MICHELIN NORTH AMERICA,MICHELIN,980427207,225/65R17 102H DEF2,2,MICHELIN,10,1757.5,8218,82186242,A,984223123
2,4822,"MURRIETA, CA",MICHELIN NORTH AMERICA,MICHELIN,980285272,225/45ZR18X 95Y PSA4,2,MICHELIN,1,203.47,11214,112144822,,
26,6667,"YPSILANTI, MI",MICHELIN NORTH AMERICA,MICHELIN,980283199,205/65R16 95H CC2,2,MICHELIN,4,687.56,76709,767096667,,
28,4739,"SNELLVILLE, GA",MICHELIN NORTH AMERICA,MICHELIN,980171643,245/50R20 102VPRTRAS,2,MICHELIN,1,247.48,59787,597874739,,
31,6441,"LAKELAND (N),FL",MICHELIN NORTH AMERICA,MICHELIN,984175148,LT285/70R17E  DLTX2,2,MICHELIN,2,608.16,44327,443276441,,
34,6402,"GREENSBORO, NC",MICHELIN NORTH AMERICA,MICHELIN,984182900,285/45R22X 114HDLTX2,2,MICHELIN,4,1183.2,44941,449416402,,
27,6242,"DUBLIN, OH",MICHELIN NORTH AMERICA,MICHELIN,980283186,235/60R18X 107VCC2,2,MICHELIN,4,908.96,29611,296116242,,
26,6659,"MADISON HEIGHTS, MI",MICHELIN NORTH AMERICA,MICHELIN,980283195,225/50R17X 98V CC2,2,MICHELIN,4,761.76,69757,697576659,,
25,4781,"LANSING (E),MI",MICHELIN NORTH AMERICA,MICHELIN,980344122,245/40ZR19X 98Y PSA4,2,MICHELIN,8,1960.56,36966,369664781,,
6,8270,"LUBBOCK, TX",MICHELIN NORTH AMERICA,MICHELIN,984200923,245/75R17X 116TDLTX2,2,MICHELIN,2,583.32,91777,917778270,,
1,4768,"RENO, NV",MICHELIN NORTH AMERICA,MICHELIN,980354623,245/65R17 107H CC2,2,MICHELIN,1,233.68,8401,84014768,,
7,8172,"FARGO, ND",MICHELIN NORTH AMERICA,MICHELIN,972853,245/65R17 107T D LTX,2,MICHELIN,4,916.12,20563,205638172,,
34,8220,"ROANOKE, VA",MICHELIN NORTH AMERICA,MICHELIN,984214848,235/45R18X 98V DEF2,2,MICHELIN,4,774.08,58723,587238220,,
21,8168,"INDIANAPOLIS,IN",MICHELIN NORTH AMERICA,MICHELIN,984216723,275/50R22X 115HDLTX2,2,MICHELIN,2,559.56,38984,389848168,,
15,4769,"HOUSTON(WESTPARK), TX",MICHELIN NORTH AMERICA,MICHELIN,984183867,275/65R18X 116TDLTX2,2,MICHELIN,1,251.43,9590,95904769,,
19,6479,"CAPE GIRARDEAU, MO",MICHELIN NORTH AMERICA,MICHELIN,984189164,275/60R20X 116HDLTX2,2,MICHELIN,4,1053.28,13647,136476479,A,984223130
9,6505,JEFFERSON CITY MO,MICHELIN NORTH AMERICA,MICHELIN,984200850,245/50R20X 105V CC2,2,MICHELIN,4,993.6,91052,910526505,,
15,6867,HOUSTON CINCO TX,MICHELIN NORTH AMERICA,MICHELIN,980163733,245/50R20 102VPRTRAS,2,MICHELIN,2,509.68,41639,416396867,,
17,6503,"HATTIESBURG, MS",MICHELIN NORTH AMERICA,MICHELIN,984200887,305/45R22X 118HDLTX2,2,MICHELIN,1,311.98,34799,347996503,,
27,6326,"REYNOLDSBURG, OH",MICHELIN NORTH AMERICA,MICHELIN,980427207,225/65R17 102H DEF2,2,MICHELIN,1,176.4,8218,82186326,A,984223123
37,6460,"ALTOONA, PA",MICHELIN NORTH AMERICA,MICHELIN,984182903,275/55R20X 117TDLTX2,2,MICHELIN,1,236.8,4085,40856460,A,984223129
1,4799,"CITRUS HEIGHTS, CA",MICHELIN NORTH AMERICA,MICHELIN,980245262,235/65R18 106HPRTRAS,2,MICHELIN,1,230,24419,244194799,,
23,8112,"CHATTANOOGA, TN",MICHELIN NORTH AMERICA,MICHELIN,980315378,215/45R17X 91V CC2,2,MICHELIN,4,802.24,17814,178148112,,
14,6422,"LONGVIEW, TX",MICHELIN NORTH AMERICA,MICHELIN,980283186,235/60R18X 107VCC2,2,MICHELIN,1,227.24,29611,296116422,,
35,8218,"FAYETTEVILLE,NC",MICHELIN NORTH AMERICA,MICHELIN,984200879,265/70R17X 116TDLTX2,2,MICHELIN,8,1887.12,21308,213088218,A,984223126
37,6406,"NIAGARA FALLS, NY",MICHELIN NORTH AMERICA,MICHELIN,980315348,225/45R18X 95V CC2,2,MICHELIN,1,200.56,49702,497026406,,
17,8221,"HARVEY, LA",MICHELIN NORTH AMERICA,MICHELIN,980348630,275/35ZR19X 100YPSA4,2,MICHELIN,1,259.53,44488,444888221,,
31,6401,"TAMPA, FL",MICHELIN NORTH AMERICA,MICHELIN,980431236,235/65R17 104H DEF2,2,MICHELIN,4,796.56,8758,87586401,A,984223519
33,4847,GREENSBURG PA,MICHELIN NORTH AMERICA,MICHELIN,984200850,245/50R20X 105V CC2,2,MICHELIN,4,989.92,91052,910524847,,
1,6405,"YUBA CITY, CA",MICHELIN NORTH AMERICA,MICHELIN,984200918,255/50R19X 107H DEF2,2,MICHELIN,1,242.35,80655,806556405,,
7,8172,"FARGO, ND",MICHELIN NORTH AMERICA,MICHELIN,984200865,255/70R18X 116TDLTX2,2,MICHELIN,4,947.72,3101,31018172,,
38,6653,"GAITHERSBURG, MD",MICHELIN NORTH AMERICA,MICHELIN,980348614,245/45ZR17X 99Y PSA4,2,MICHELIN,4,842.8,81624,816246653,,
28,8166,"DULUTH, GA",MICHELIN NORTH AMERICA,MICHELIN,980348618,225/50ZR18X 99Y PSA4,2,MICHELIN,1,181.76,22058,220588166,,
34,6354,"MIDLOTHIAN, VA",MICHELIN NORTH AMERICA,MICHELIN,980171558,245/60R18 105V TRHP,2,MICHELIN,2,468.52,43880,438806354,,
5,6634,"LONE TREE, CO",MICHELIN NORTH AMERICA,MICHELIN,984200850,245/50R20X 105V CC2,2,MICHELIN,4,993.6,91052,910526634,A,984200851
9,6418,"WICHITA, KS",MICHELIN NORTH AMERICA,MICHELIN,984182903,275/55R20X 117TDLTX2,2,MICHELIN,1,228.57,4085,40856418,A,984223129
14,4783,"GARLAND, TX",MICHELIN NORTH AMERICA,MICHELIN,980412566,265/50R20X 111V CC2,2,MICHELIN,4,1081.92,74642,746424783,,
1,4755,"HONOLULU, HI",MICHELIN NORTH AMERICA,MICHELIN,980414844,235/60R17 102H DEF2,2,MICHELIN,2,385.54,21087,210874755,A,980421061
6,4938,"ALBUQUERQUE (CENTRAL), NM",MICHELIN NORTH AMERICA,MICHELIN,980285270,225/40ZR18X 92Y PSA4,2,MICHELIN,2,343.64,34320,343204938,,
22,8111,"JEFFERSONTOWN, KY",MICHELIN NORTH AMERICA,MICHELIN,972818,LT265/75R16E D LTX,2,MICHELIN,4,1099.36,56522,565228111,,
11,6439,"ODESSA,TX",MICHELIN NORTH AMERICA,MICHELIN,980163733,245/50R20 102VPRTRAS,2,MICHELIN,1,264.04,41639,416396439,,
30,4917,Mooresville NC,MICHELIN NORTH AMERICA,MICHELIN,980412559,255/55R20X 110V CC2,2,MICHELIN,4,1037.76,57244,572444917,,
11,8269,"GRAND PRAIRIE, TX",MICHELIN NORTH AMERICA,MICHELIN,980285274,245/45ZR18X 100YPSA4,2,MICHELIN,2,388.84,7799,77998269,,
27,4963,"CHILLICOTHE, OH",MICHELIN NORTH AMERICA,MICHELIN,984189164,275/60R20X 116HDLTX2,2,MICHELIN,4,1020.36,13647,136474963,A,984223130
11,6244,"FORT WORTH, TX",MICHELIN NORTH AMERICA,MICHELIN,980285292,265/35ZR18X 97Y PSA4,2,MICHELIN,4,960.04,17169,171696244,,
31,8155,"GAINESVILLE, FL",MICHELIN NORTH AMERICA,MICHELIN,980100345,255/35ZR18X 94Y PS4S,2,MICHELIN,1,254.11,27579,275798155,,
2,6624,"SAN BERNARDINO, CA",MICHELIN NORTH AMERICA,MICHELIN,995434,235/65R18 106V PRLTX,2,MICHELIN,2,421.4,8008,80086624,,
28,4802,"HIRAM, GA",MICHELIN NORTH AMERICA,MICHELIN,984189165,235/65R18 106H DEF2,2,MICHELIN,4,766.84,9818,98184802,,
38,4729,"STERLING, VA",MICHELIN NORTH AMERICA,MICHELIN,980348618,225/50ZR18X 99Y PSA4,2,MICHELIN,4,739.72,22058,220584729,,
17,6527,"BATON ROUGE, LA",MICHELIN NORTH AMERICA,MICHELIN,984200926,265/70R16X 116TDLTX2,2,MICHELIN,2,468.42,93928,939286527,,
39,8160,"TEMPLE, PA",MICHELIN NORTH AMERICA,MICHELIN,984200856,255/55R20X 110H DEF2,2,MICHELIN,1,244.16,37788,377888160,,
31,4998,"THE VILLAGES, FL",MICHELIN NORTH AMERICA,MICHELIN,980138932,315/40R21 111HPRTRAS,2,MICHELIN,2,712.08,57260,572604998,,
7,8172,"FARGO, ND",MICHELIN NORTH AMERICA,MICHELIN,984182904,255/60R19 109H DEF2,2,MICHELIN,4,882.6,52913,529138172,,
5,6631,"AURORA, CO",MICHELIN NORTH AMERICA,MICHELIN,980171642,225/55R18 98V PRTRAS,2,MICHELIN,1,216.2,38158,381586631,,
32,6341,"SUNRISE, FL",MICHELIN NORTH AMERICA,MICHELIN,980182838,255/35R19X 96Y PS4S,2,MICHELIN,2,533.54,94916,949166341,,
31,6401,"TAMPA, FL",MICHELIN NORTH AMERICA,MICHELIN,980315376,215/60R16 95V CC2,2,MICHELIN,1,166.52,31690,316906401,,
32,6364,"NAPLES, FL",MICHELIN NORTH AMERICA,MICHELIN,984200888,255/75R17X 116TDLTX2,2,MICHELIN,5,1134.9,36845,368456364,,
16,4808,SPRINGDALE AR,MICHELIN NORTH AMERICA,MICHELIN,984200865,255/70R18X 116TDLTX2,2,MICHELIN,1,237.83,3101,31014808,,
1,4799,"CITRUS HEIGHTS, CA",MICHELIN NORTH AMERICA,MICHELIN,972797,245/70R16 107T D LTX,2,MICHELIN,4,918.76,10031,100314799,,
28,4789,"SHARPSBURG, GA",MICHELIN NORTH AMERICA,MICHELIN,972874,265/75R16 116T D LTX,2,MICHELIN,1,242.35,99123,991234789,,
3,6382,"LAS VEGAS(W),NV",MICHELIN NORTH AMERICA,MICHELIN,980391471,255/45R20X 105W CC2,2,MICHELIN,1,281.52,65444,654446382,,
6,4938,"ALBUQUERQUE (CENTRAL), NM",MICHELIN NORTH AMERICA,MICHELIN,980285273,245/40ZR18X 97Y PSA4,2,MICHELIN,2,405.12,13787,137874938,,
31,6420,"CLEARWATER, FL",MICHELIN NORTH AMERICA,MICHELIN,313655,245/40ZR18X 97Y PSS,2,MICHELIN,8,1852,8385,83856420,,
8,6413,"LINCOLN (N), NE",MICHELIN NORTH AMERICA,MICHELIN,980048314,195/65R15 91H D T+H,2,MICHELIN,3,428.94,8771,87716413,,
40,4774,"SECAUCUS, NJ",MICHELIN NORTH AMERICA,MICHELIN,980100319,235/40ZR18X 95Y PS4S,2,MICHELIN,1,218.84,43847,438474774,,
27,6242,"DUBLIN, OH",MICHELIN NORTH AMERICA,MICHELIN,980163733,245/50R20 102VPRTRAS,2,MICHELIN,4,1019.36,41639,416396242,,
8,6181,PAPILLION NE,MICHELIN NORTH AMERICA,MICHELIN,980283199,205/65R16 95H CC2,2,MICHELIN,5,859.45,76709,767096181,,
24,4871,"MERIDIAN, MS",MICHELIN NORTH AMERICA,MICHELIN,980285286,245/40ZR17X 95Y PSA4,2,MICHELIN,2,412.36,25995,259954871,,
24,8213,"COLUMBUS, GA",MICHELIN NORTH AMERICA,MICHELIN,980348630,275/35ZR19X 100YPSA4,2,MICHELIN,2,519.06,44488,444888213,,
27,6242,"DUBLIN, OH",MICHELIN NORTH AMERICA,MICHELIN,980412563,265/45R20X 108V CC2,2,MICHELIN,4,1122.4,8932,89326242,,
33,4847,GREENSBURG PA,MICHELIN NORTH AMERICA,MICHELIN,984182898,LT265/70R17E DLTX2,2,MICHELIN,4,1141.04,45468,454684847,A,984223526
31,4861,"ST PETERSBURG, FL",MICHELIN NORTH AMERICA,MICHELIN,980373792,215/65R17 99H PRIMAS,2,MICHELIN,4,750.72,40709,407094861,,
28,4739,"SNELLVILLE, GA",MICHELIN NORTH AMERICA,MICHELIN,980134159,235/45R18X 98VPRTRAS,2,MICHELIN,4,912.64,31130,311304739,,
18,6312,"WOODBURY, MN",MICHELIN NORTH AMERICA,MICHELIN,984183867,275/65R18X 116TDLTX2,2,MICHELIN,4,1005.72,9590,95906312,A,984183866
2,6628,"TORRANCE, CA",MICHELIN NORTH AMERICA,MICHELIN,980104524,225/50R17 94V SAVAS,2,MICHELIN,4,956.8,18116,181166628,,
24,6435,"TUSCALOOSA, AL",MICHELIN NORTH AMERICA,MICHELIN,980412546,285/40ZR22X 110YPSA4,2,MICHELIN,2,927.82,22551,225516435,,
39,6693,"LANGHORNE, PA",MICHELIN NORTH AMERICA,MICHELIN,980315335,235/40R19X 96V CC2,2,MICHELIN,2,460,60820,608206693,,
33,4847,GREENSBURG PA,MICHELIN NORTH AMERICA,MICHELIN,980134156,275/45R20X 110VPSAS3,2,MICHELIN,4,1299.04,79683,796834847,,
6,7676,AMARILLO TX,MICHELIN NORTH AMERICA,MICHELIN,984182900,285/45R22X 114HDLTX2,2,MICHELIN,4,1177.6,44941,449417676,A,984223513
38,6239,"TIMONIOUM, MD",MICHELIN NORTH AMERICA,MICHELIN,980344121,215/45ZR17X 91Y PSA4,2,MICHELIN,4,669.2,21677,216776239,,
35,6976,WAKE FOREST NC,MICHELIN NORTH AMERICA,MICHELIN,980427207,225/65R17 102H DEF2,2,MICHELIN,1,176.4,8218,82186976,A,984223123
8,8162,"CEDAR RAPIDS,IA",MICHELIN NORTH AMERICA,MICHELIN,980412558,255/55R19X 111V CC2,2,MICHELIN,4,982.56,67231,672318162,,
30,6236,Rock Hill SC,MICHELIN NORTH AMERICA,MICHELIN,980250378,235/55R20 102HPRTRAS,2,MICHELIN,4,923.68,6125,61256236,,
30,6452,"ASHEVILLE, NC",MICHELIN NORTH AMERICA,MICHELIN,980414845,225/60R16 98H DEF2,2,MICHELIN,2,309.74,6384,63846452,,
38,6371,"WOODBRIDGE, VA",MICHELIN NORTH AMERICA,MICHELIN,980171633,235/55R19 101VPRIMAS,2,MICHELIN,4,956.8,29730,297306371,,
18,6312,"WOODBURY, MN",MICHELIN NORTH AMERICA,MICHELIN,980315348,225/45R18X 95V CC2,2,MICHELIN,4,811.44,49702,497026312,,
25,4781,"LANSING (E),MI",MICHELIN NORTH AMERICA,MICHELIN,984189165,235/65R18 106H DEF2,2,MICHELIN,1,191.71,9818,98184781,A,984223125
34,6524,"COLONIAL HEIGHTS, VA",MICHELIN NORTH AMERICA,MICHELIN,980104547,235/40R19X 96V PMXM4,2,MICHELIN,1,243.8,53283,532836524,,
7,4933,"BISMARCK, ND",MICHELIN NORTH AMERICA,MICHELIN,984200925,265/65R18X 116TDLTX2,2,MICHELIN,4,963.24,92862,928624933,,
31,6441,"LAKELAND (N),FL",MICHELIN NORTH AMERICA,MICHELIN,980285270,225/40ZR18X 92Y PSA4,2,MICHELIN,4,687.28,34320,343206441,,
5,8272,"COLORADO SPRINGS, CO",MICHELIN NORTH AMERICA,MICHELIN,984189160,225/55R19X 103V CC2,2,MICHELIN,1,225.4,19326,193268272,,
39,6693,"LANGHORNE, PA",MICHELIN NORTH AMERICA,MICHELIN,980315378,215/45R17X 91V CC2,2,MICHELIN,4,747.04,17814,178146693,,
40,6423,"MIDDLETOWN, NY",MICHELIN NORTH AMERICA,MICHELIN,980100342,255/30ZR20X 92Y PS4S,2,MICHELIN,4,1294.96,29965,299656423,,
26,6659,"MADISON HEIGHTS, MI",MICHELIN NORTH AMERICA,MICHELIN,980104559,235/40R19 92V PMXM4,2,MICHELIN,2,493.12,13134,131346659,,
4,4915,BULLHEAD CITY AZ,MICHELIN NORTH AMERICA,MICHELIN,980315334,225/65R17 102H CC2,2,MICHELIN,14,2576,13153,131534915,,
24,8213,"COLUMBUS, GA",MICHELIN NORTH AMERICA,MICHELIN,980412563,265/45R20X 108V CC2,2,MICHELIN,4,1148.16,8932,89328213,,
11,8269,"GRAND PRAIRIE, TX",MICHELIN NORTH AMERICA,MICHELIN,980285288,255/40ZR18X 99Y PSA4,2,MICHELIN,2,428.64,31394,313948269,,
24,6435,"TUSCALOOSA, AL",MICHELIN NORTH AMERICA,MICHELIN,972596,31X10.50R15C D LTX,2,MICHELIN,4,886.2,70511,705116435,,
32,6341,"SUNRISE, FL",MICHELIN NORTH AMERICA,MICHELIN,980171603,235/35ZR19X 91Y PS4S,2,MICHELIN,4,969.4,10221,102216341,,
34,6351,"NEWPORT NEWS, VA",MICHELIN NORTH AMERICA,MICHELIN,980431179,235/55R20 102H DEF2,2,MICHELIN,4,927.52,50833,508336351,,
1,4768,"RENO, NV",MICHELIN NORTH AMERICA,MICHELIN,980338398,235/65R18X 110TXICES,2,MICHELIN,2,377.58,23770,237704768,,
14,6482,"DALLAS (E), TX",MICHELIN NORTH AMERICA,MICHELIN,984200910,265/70R18X 116TDLTX2,2,MICHELIN,8,1989.52,69047,690476482,,
39,4722,"WILLIAMSTOWN, NJ",MICHELIN NORTH AMERICA,MICHELIN,980348618,225/50ZR18X 99Y PSA4,2,MICHELIN,4,748.76,22058,220584722,,
4,4915,BULLHEAD CITY AZ,MICHELIN NORTH AMERICA,MICHELIN,972818,LT265/75R16E D LTX,2,MICHELIN,4,1099.36,56522,565224915,,
11,8269,"GRAND PRAIRIE, TX",MICHELIN NORTH AMERICA,MICHELIN,984189162,245/70R17X 114TDLTX2,2,MICHELIN,1,230.6,546,5468269,,
27,6518,"BRISTOL,VA",MICHELIN NORTH AMERICA,MICHELIN,980408280,205/55R16 91H DEF2,2,MICHELIN,1,160.11,7259,72596518,,
39,6693,"LANGHORNE, PA",MICHELIN NORTH AMERICA,MICHELIN,980285276,215/55ZR17X 98Y PSA4,2,MICHELIN,4,687.28,68640,686406693,,
7,8172,"FARGO, ND",MICHELIN NORTH AMERICA,MICHELIN,980344122,245/40ZR19X 98Y PSA4,2,MICHELIN,1,245.07,36966,369668172,,
29,8202,"SAVANNAH, GA",MICHELIN NORTH AMERICA,MICHELIN,980307080,235/55R19X105WPRTRAS,2,MICHELIN,6,1468.32,37369,373698202,,
31,6403,"BRANDON, FL",MICHELIN NORTH AMERICA,MICHELIN,980408280,205/55R16 91H DEF2,2,MICHELIN,1,160.11,7259,72596403,A,984223517
33,4936,"GRANVILLE, WV",MICHELIN NORTH AMERICA,MICHELIN,984189160,225/55R19X 103V CC2,2,MICHELIN,4,901.6,19326,193264936,A,984233232
10,8263,"TULSA, OK",MICHELIN NORTH AMERICA,MICHELIN,984182900,285/45R22X 114HDLTX2,2,MICHELIN,2,588.8,44941,449418263,,
31,6387,PINELLAS PARK FL,MICHELIN NORTH AMERICA,MICHELIN,980414844,235/60R17 102H DEF2,2,MICHELIN,2,385.54,21087,210876387,,
28,4789,"SHARPSBURG, GA",MICHELIN NORTH AMERICA,MICHELIN,984217206,255/55R18X 109V TRHP,2,MICHELIN,1,271.29,62246,622464789,,
35,8129,"WILMINGTON, NC",MICHELIN NORTH AMERICA,MICHELIN,980315348,225/45R18X 95V CC2,2,MICHELIN,4,802.24,49702,497028129,,
27,6242,"DUBLIN, OH",MICHELIN NORTH AMERICA,MICHELIN,980431236,235/65R17 104H DEF2,2,MICHELIN,4,796.56,8758,87586242,A,984223519
37,6406,"NIAGARA FALLS, NY",MICHELIN NORTH AMERICA,MICHELIN,984200926,265/70R16X 116TDLTX2,2,MICHELIN,4,969.4,93928,939286406,,
12,4914,San Antonio N TX,MICHELIN NORTH AMERICA,MICHELIN,984200910,265/70R18X 116TDLTX2,2,MICHELIN,3,746.07,69047,690474914,,
31,6448,"NEW PORT RICHEY, FL",MICHELIN NORTH AMERICA,MICHELIN,980285276,215/55ZR17X 98Y PSA4,2,MICHELIN,4,708.96,68640,686406448,,
34,8228,"WINSTON-SALEM, NC",MICHELIN NORTH AMERICA,MICHELIN,984200926,265/70R16X 116TDLTX2,2,MICHELIN,4,969.4,93928,939288228,,
31,6420,"CLEARWATER, FL",MICHELIN NORTH AMERICA,MICHELIN,980170170,LT265/70R18E A/T2,2,MICHELIN,2,647.86,9068,90686420,,
30,6348,"PINEVILLE, NC",MICHELIN NORTH AMERICA,MICHELIN,980285321,265/40ZR20X 104YPSA4,2,MICHELIN,4,1436.04,17530,175306348,,
26,8139,"TOLEDO, OH",MICHELIN NORTH AMERICA,MICHELIN,329684,P215/65R1798TENSAVAS,2,MICHELIN,1,199.13,11387,113878139,,
32,6341,"SUNRISE, FL",MICHELIN NORTH AMERICA,MICHELIN,980315376,215/60R16 95V CC2,2,MICHELIN,4,669.76,31690,316906341,,
37,6675,"ERIE, PA",MICHELIN NORTH AMERICA,MICHELIN,980285247,205/55R16X 94H XICES,2,MICHELIN,3,430.65,52991,529916675,,
17,6527,"BATON ROUGE, LA",MICHELIN NORTH AMERICA,MICHELIN,330089,235/55R18 100V PMXM4,2,MICHELIN,2,471.04,71547,715476527,,
23,8196,"FLORENCE, AL",MICHELIN NORTH AMERICA,MICHELIN,984183870,255/70R16X 115TDLTX2,2,MICHELIN,1,218.52,10581,105818196,,
31,4772,"SARASOTA, FL",MICHELIN NORTH AMERICA,MICHELIN,984200926,265/70R16X 116TDLTX2,2,MICHELIN,2,468.42,93928,939284772,A,984223128
11,4795,"GRAPEVINE, TX",MICHELIN NORTH AMERICA,MICHELIN,980171643,245/50R20 102VPRTRAS,2,MICHELIN,1,247.48,59787,597874795,,
38,6371,"WOODBRIDGE, VA",MICHELIN NORTH AMERICA,MICHELIN,980250377,225/60R18 100HPRTRAS,2,MICHELIN,4,787.52,37916,379166371,,
26,6667,"YPSILANTI, MI",MICHELIN NORTH AMERICA,MICHELIN,984200926,265/70R16X 116TDLTX2,2,MICHELIN,1,233.31,93928,939286667,,
26,6659,"MADISON HEIGHTS, MI",MICHELIN NORTH AMERICA,MICHELIN,980292029,195/60R16 89H XICES,2,MICHELIN,4,553.32,77307,773076659,,
7,8165,"SIOUX FALLS, SD",MICHELIN NORTH AMERICA,MICHELIN,972818,LT265/75R16E D LTX,2,MICHELIN,2,566.86,56522,565228165,,
38,6371,"WOODBRIDGE, VA",MICHELIN NORTH AMERICA,MICHELIN,980344122,245/40ZR19X 98Y PSA4,2,MICHELIN,2,490.14,36966,369666371,,
28,8287,"MORROW, GA",MICHELIN NORTH AMERICA,MICHELIN,980431234,215/65R17X 103H DEF2,2,MICHELIN,4,713.88,44198,441988287,,
29,8202,"SAVANNAH, GA",MICHELIN NORTH AMERICA,MICHELIN,980315365,205/60R16 92V CC2,2,MICHELIN,4,647.68,61910,619108202,,
40,6333,"BANGOR, ME",MICHELIN NORTH AMERICA,MICHELIN,980427207,225/65R17 102H DEF2,2,MICHELIN,4,705.6,8218,82186333,A,984223123
12,4958,"SAN MARCOS, TX",MICHELIN NORTH AMERICA,MICHELIN,980348627,275/40ZR19X 105YPSA4,2,MICHELIN,2,582.36,78364,783644958,,
20,6464,"DES PLAINES, IL",MICHELIN NORTH AMERICA,MICHELIN,980412554,245/50R19X 105V CC2,2,MICHELIN,4,1012,36113,361136464,,
1,4768,"RENO, NV",MICHELIN NORTH AMERICA,MICHELIN,980285239,245/55R19 103H XICES,2,MICHELIN,3,665.55,64235,642354768,,
38,6383,"SALISBURY, MD",MICHELIN NORTH AMERICA,MICHELIN,984182900,285/45R22X 114HDLTX2,2,MICHELIN,1,295.32,44941,449416383,,
29,6204,"VALDOSTA, GA",MICHELIN NORTH AMERICA,MICHELIN,984200896,265/65R17X 116TDLTX2,2,MICHELIN,2,508.22,51486,514866204,,
23,8294,"NASHVILLE(S),TN",MICHELIN NORTH AMERICA,MICHELIN,984182900,285/45R22X 114HDLTX2,2,MICHELIN,4,1177.6,44941,449418294,A,984223513
32,8130,"FORT MYERS, FL",MICHELIN NORTH AMERICA,MICHELIN,980195589,LT265/75R16E AGLISCC,2,MICHELIN,2,434.06,10257,102578130,,
4,4829,GILBERT (E) AZ,MICHELIN NORTH AMERICA,MICHELIN,980285274,245/45ZR18X 100YPSA4,2,MICHELIN,4,777.68,7799,77994829,,
31,4998,"THE VILLAGES, FL",MICHELIN NORTH AMERICA,MICHELIN,980408276,225/60R17 99H DEF2,2,MICHELIN,1,183.68,78472,784724998,A,984223509
35,8283,"COLUMBIA, SC",MICHELIN NORTH AMERICA,MICHELIN,980348610,245/50ZR18X 104YPSA4,2,MICHELIN,1,223.36,27469,274698283,,
15,4764,"KATY (FRY), TX",MICHELIN NORTH AMERICA,MICHELIN,984182903,275/55R20X 117TDLTX2,2,MICHELIN,4,914.28,4085,40854764,A,984223129
11,8269,"GRAND PRAIRIE, TX",MICHELIN NORTH AMERICA,MICHELIN,980427186,215/60R16 95H DEF2,2,MICHELIN,2,317.4,79034,790348269,A,984223511
29,8192,"DOTHAN, AL",MICHELIN NORTH AMERICA,MICHELIN,984189163,265/60R18X 114HDLTX2,2,MICHELIN,2,488.24,1121,11218192,A,984223132
24,4817,"SAM&#39;S TRUSSVILLE , AL",MICHELIN NORTH AMERICA,MICHELIN,401995,245/75R16 111T D LTX,2,MICHELIN,4,889.84,94262,942624817,,
33,4847,GREENSBURG PA,MICHELIN NORTH AMERICA,MICHELIN,980285254,235/60R18X 107TXICES,2,MICHELIN,6,1148.4,88875,888754847,,
6,7676,AMARILLO TX,MICHELIN NORTH AMERICA,MICHELIN,984200877,265/60R20X 115HDLTX2,2,MICHELIN,4,1099.64,20062,200627676,,
39,6567,"EASTON, PA",MICHELIN NORTH AMERICA,MICHELIN,984182903,275/55R20X 117TDLTX2,2,MICHELIN,4,914.28,4085,40856567,A,984223129
23,8292,"MEMPHIS (E), TN",MICHELIN NORTH AMERICA,MICHELIN,980285269,235/50ZR18X 101YPSA4,2,MICHELIN,4,806.64,20421,204218292,,
27,6242,"DUBLIN, OH",MICHELIN NORTH AMERICA,MICHELIN,980414844,235/60R17 102H DEF2,2,MICHELIN,4,749.28,21087,210876242,,
31,8201,"BRADENTON, FL",MICHELIN NORTH AMERICA,MICHELIN,984189164,275/60R20X 116HDLTX2,2,MICHELIN,4,1053.28,13647,136478201,,
39,6676,"WILLOW GROVE(HATBORO), PA",MICHELIN NORTH AMERICA,MICHELIN,980436884,235/60R18X 107H DEF2,2,MICHELIN,4,819.28,87332,873326676,A,984223122
29,8115,"AUGUSTA, GA",MICHELIN NORTH AMERICA,MICHELIN,984189162,245/70R17X 114TDLTX2,2,MICHELIN,1,228.79,546,5468115,,
35,8218,"FAYETTEVILLE,NC",MICHELIN NORTH AMERICA,MICHELIN,984182903,275/55R20X 117TDLTX2,2,MICHELIN,2,473.6,4085,40858218,A,984223129
18,4787,"MINNEAPOLIS, MN",MICHELIN NORTH AMERICA,MICHELIN,980412571,285/40R20X 108V CC2,2,MICHELIN,2,678.96,17745,177454787,,
39,4994,MECHANICSBURG PA,MICHELIN NORTH AMERICA,MICHELIN,980412573,285/45R22X 114H CC2,2,MICHELIN,4,1240.16,5254,52544994,,
13,4713,"SHENANDOAH, TX",MICHELIN NORTH AMERICA,MICHELIN,980285281,235/45ZR18X 98Y PSA4,2,MICHELIN,4,853.64,55731,557314713,,
37,6675,"ERIE, PA",MICHELIN NORTH AMERICA,MICHELIN,980412573,285/45R22X 114H CC2,2,MICHELIN,4,1218.08,5254,52546675,,
39,4722,"WILLIAMSTOWN, NJ",MICHELIN NORTH AMERICA,MICHELIN,980315346,235/45R18X 98V CC2,2,MICHELIN,4,857.44,16172,161724722,,
9,6418,"WICHITA, KS",MICHELIN NORTH AMERICA,MICHELIN,980348649,275/35ZR18 95YPSA4ZP,2,MICHELIN,2,558.86,40767,407676418,,
7,4770,"EVANS, CO",MICHELIN NORTH AMERICA,MICHELIN,980100345,255/35ZR18X 94Y PS4S,2,MICHELIN,2,508.22,27579,275794770,,
29,8116,"JACKSONVILLE,FL",MICHELIN NORTH AMERICA,MICHELIN,980285315,275/35ZR21X 103YPSA4,2,MICHELIN,2,801.2,43385,433858116,,
30,4950,"HENDERSONVILLE, NC",MICHELIN NORTH AMERICA,MICHELIN,984200912,255/50R20X 109H DEF2,2,MICHELIN,4,954.96,73724,737244950,,
34,4996,"DANVILLE (C), VA",MICHELIN NORTH AMERICA,MICHELIN,984200912,255/50R20X 109H DEF2,2,MICHELIN,4,954.96,73724,737244996,,
24,6435,"TUSCALOOSA, AL",MICHELIN NORTH AMERICA,MICHELIN,532987,235/75R17 109T D LTX,2,MICHELIN,1,243.26,51139,511396435,,
9,6505,JEFFERSON CITY MO,MICHELIN NORTH AMERICA,MICHELIN,980285293,315/35ZR20X 110YPSA4,2,MICHELIN,2,636.62,36397,363976505,,
2,4735,"LA HABRA, CA",MICHELIN NORTH AMERICA,MICHELIN,984200858,255/70R17X 116TDLTX2,2,MICHELIN,4,1005.72,59350,593504735,,
38,6371,"WOODBRIDGE, VA",MICHELIN NORTH AMERICA,MICHELIN,980285278,245/45ZR19X 102YPSA4,2,MICHELIN,1,232.41,30742,307426371,,
30,6236,Rock Hill SC,MICHELIN NORTH AMERICA,MICHELIN,980283195,225/50R17X 98V CC2,2,MICHELIN,4,765.44,69757,697576236,,
33,6314,"ELYRIA, OH",MICHELIN NORTH AMERICA,MICHELIN,980431236,235/65R17 104H DEF2,2,MICHELIN,4,796.56,8758,87586314,A,984223519
39,4722,"WILLIAMSTOWN, NJ",MICHELIN NORTH AMERICA,MICHELIN,980412573,285/45R22X 114H CC2,2,MICHELIN,2,620.08,5254,52544722,,
27,6326,"REYNOLDSBURG, OH",MICHELIN NORTH AMERICA,MICHELIN,980151447,255/55R18X 109H DLTX,2,MICHELIN,2,495.56,98045,980456326,,
11,8282,"DALLAS (S), TX",MICHELIN NORTH AMERICA,MICHELIN,980315342,235/65R18 106V CC2,2,MICHELIN,4,861.12,47167,471678282,,
10,6267,EDMOND OK,MICHELIN NORTH AMERICA,MICHELIN,984189165,235/65R18 106H DEF2,2,MICHELIN,1,194.42,9818,98186267,,
5,6634,"LONE TREE, CO",MICHELIN NORTH AMERICA,MICHELIN,980436883,215/60R17 96H DEF2,2,MICHELIN,4,687.28,54251,542516634,,
27,6307,"COLUMBUS(N),OH",MICHELIN NORTH AMERICA,MICHELIN,980431236,235/65R17 104H DEF2,2,MICHELIN,2,398.28,8758,87586307,A,984223519
39,8160,"TEMPLE, PA",MICHELIN NORTH AMERICA,MICHELIN,984183486,265/50R20X 111HDLTX2,2,MICHELIN,4,1049.6,55522,555228160,,
22,8111,"JEFFERSONTOWN, KY",MICHELIN NORTH AMERICA,MICHELIN,980436884,235/60R18X 107H DEF2,2,MICHELIN,4,832.92,87332,873328111,A,984223122
2,6628,"TORRANCE, CA",MICHELIN NORTH AMERICA,MICHELIN,980285296,275/40ZR17 98Y PSA4,2,MICHELIN,2,466.62,8647,86476628,,
15,8244,"HOUSTON (S), TX",MICHELIN NORTH AMERICA,MICHELIN,984200912,255/50R20X 109H DEF2,2,MICHELIN,1,245.97,73724,737248244,,
24,8236,"GULFPORT, MS",MICHELIN NORTH AMERICA,MICHELIN,984189163,265/60R18X 114HDLTX2,2,MICHELIN,2,493.72,1121,11218236,A,984223132
15,4843,PEARLAND TX,MICHELIN NORTH AMERICA,MICHELIN,980283193,215/55R17 94V CC2,2,MICHELIN,3,560.28,46271,462714843,,
39,4722,"WILLIAMSTOWN, NJ",MICHELIN NORTH AMERICA,MICHELIN,984214848,235/45R18X 98V DEF2,2,MICHELIN,1,193.52,58723,587234722,,
31,6441,"LAKELAND (N),FL",MICHELIN NORTH AMERICA,MICHELIN,980285287,215/50ZR17X 95Y PSA4,2,MICHELIN,4,669.2,45978,459786441,,
23,8112,"CHATTANOOGA, TN",MICHELIN NORTH AMERICA,MICHELIN,980139805,LT235/80R17E A/T2,2,MICHELIN,2,645.68,35847,358478112,,
10,6779,MOORE OK,MICHELIN NORTH AMERICA,MICHELIN,980412557,255/50R20X 109V CC2,2,MICHELIN,1,265.88,92056,920566779,,
2,6616,"FULLERTON, CA",MICHELIN NORTH AMERICA,MICHELIN,980285272,225/45ZR18X 95Y PSA4,2,MICHELIN,1,186.29,11214,112146616,,
35,6573,Jacksonville NC,MICHELIN NORTH AMERICA,MICHELIN,980315340,235/60R17 102H CC2,2,MICHELIN,2,400.14,21800,218006573,,
2,6614,"EL MONTE, CA",MICHELIN NORTH AMERICA,MICHELIN,980412554,245/50R19X 105V CC2,2,MICHELIN,4,1026.72,36113,361136614,,
6,7676,AMARILLO TX,MICHELIN NORTH AMERICA,MICHELIN,980315334,225/65R17 102H CC2,2,MICHELIN,1,184.92,13153,131537676,,
31,6401,"TAMPA, FL",MICHELIN NORTH AMERICA,MICHELIN,980412573,285/45R22X 114H CC2,2,MICHELIN,4,1218.08,5254,52546401,,
11,4795,"GRAPEVINE, TX",MICHELIN NORTH AMERICA,MICHELIN,980414845,225/60R16 98H DEF2,2,MICHELIN,2,319.18,6384,63844795,,
23,4776,"HUNTSVILLE, AL",MICHELIN NORTH AMERICA,MICHELIN,980431236,235/65R17 104H DEF2,2,MICHELIN,1,199.14,8758,87584776,,
37,6675,"ERIE, PA",MICHELIN NORTH AMERICA,MICHELIN,980412567,265/60R18 110V CC2,2,MICHELIN,4,912.64,46728,467286675,,
39,6693,"LANGHORNE, PA",MICHELIN NORTH AMERICA,MICHELIN,980285258,235/60R17X 106TXICES,2,MICHELIN,4,664.68,6156,61566693,,
21,6489,"CALUMET CITY, IL",MICHELIN NORTH AMERICA,MICHELIN,980138933,245/45R19 98WPRMTRAS,2,MICHELIN,4,1012,86487,864876489,,
39,6330,"DOVER, DE",MICHELIN NORTH AMERICA,MICHELIN,980134156,275/45R20X 110VPSAS3,2,MICHELIN,4,1299.04,79683,796836330,,
33,4847,GREENSBURG PA,MICHELIN NORTH AMERICA,MICHELIN,980412559,255/55R20X 110V CC2,2,MICHELIN,2,521.94,57244,572444847,,
35,6443,"GOLDSBORO, NC",MICHELIN NORTH AMERICA,MICHELIN,984200894,235/40R19X 96V DEF2,2,MICHELIN,4,842.8,48884,488846443,,
30,6348,"PINEVILLE, NC",MICHELIN NORTH AMERICA,MICHELIN,980285274,245/45ZR18X 100YPSA4,2,MICHELIN,4,777.68,7799,77996348,,
27,6242,"DUBLIN, OH",MICHELIN NORTH AMERICA,MICHELIN,980283193,215/55R17 94V CC2,2,MICHELIN,4,739.68,46271,462716242,,
31,4998,"THE VILLAGES, FL",MICHELIN NORTH AMERICA,MICHELIN,980100324,235/50ZR18X 101YPS4S,2,MICHELIN,1,242.35,39562,395624998,,
31,8201,"BRADENTON, FL",MICHELIN NORTH AMERICA,MICHELIN,980212312,225/60R18 100HPRIMAS,2,MICHELIN,2,415.98,72282,722828201,,
34,6458,"LYNCHBURG, VA",MICHELIN NORTH AMERICA,MICHELIN,980348642,245/45ZR20X 103YPSA4,2,MICHELIN,4,1001.96,17478,174786458,,
31,4772,"SARASOTA, FL",MICHELIN NORTH AMERICA,MICHELIN,980171604,305/30ZR19X 102YPS4S,2,MICHELIN,1,359.91,10365,103654772,,
13,4713,"SHENANDOAH, TX",MICHELIN NORTH AMERICA,MICHELIN,980268415,235/40ZR19X 96Y PS4S,2,MICHELIN,1,292.99,37675,376754713,,
7,8172,"FARGO, ND",MICHELIN NORTH AMERICA,MICHELIN,980285269,235/50ZR18X 101YPSA4,2,MICHELIN,1,201.61,20421,204218172,,
8,6472,"COUNCIL BLUFFS, IA",MICHELIN NORTH AMERICA,MICHELIN,984182903,275/55R20X 117TDLTX2,2,MICHELIN,2,457.14,4085,40856472,A,984223129
35,4872,COLUMBIA NE SC,MICHELIN NORTH AMERICA,MICHELIN,984200925,265/65R18X 116TDLTX2,2,MICHELIN,1,236.28,92862,928624872,A,984223515
27,6572,"KNOXVILLE, TN",MICHELIN NORTH AMERICA,MICHELIN,972797,245/70R16 107T D LTX,2,MICHELIN,4,918.76,10031,100316572,,
34,6458,"LYNCHBURG, VA",MICHELIN NORTH AMERICA,MICHELIN,980285305,245/35ZR18X 92Y PSA4,2,MICHELIN,4,813.88,19871,198716458,,
31,4801,"RIVERVIEW, FL",MICHELIN NORTH AMERICA,MICHELIN,980283189,205/55R16 91H CC2,2,MICHELIN,2,330.64,35861,358614801,,
8,6181,PAPILLION NE,MICHELIN NORTH AMERICA,MICHELIN,980048314,195/65R15 91H D T+H,2,MICHELIN,1,142.98,8771,87716181,,
24,8119,"PENSACOLA, FL",MICHELIN NORTH AMERICA,MICHELIN,980348618,225/50ZR18X 99Y PSA4,2,MICHELIN,4,727.04,22058,220588119,,
14,6376,"ADDISON, TX",MICHELIN NORTH AMERICA,MICHELIN,984200873,245/55R19X 107V CC2,2,MICHELIN,1,246.56,18167,181676376,,
14,6265,"IRVING (N), TX",MICHELIN NORTH AMERICA,MICHELIN,980348618,225/50ZR18X 99Y PSA4,2,MICHELIN,1,181.76,22058,220586265,,
25,6663,"SAGINAW, MI",MICHELIN NORTH AMERICA,MICHELIN,980283184,225/55R17X 101VCC2,2,MICHELIN,4,805.92,25472,254726663,,
34,8228,"WINSTON-SALEM, NC",MICHELIN NORTH AMERICA,MICHELIN,980285288,255/40ZR18X 99Y PSA4,2,MICHELIN,2,459.38,31394,313948228,,
27,6242,"DUBLIN, OH",MICHELIN NORTH AMERICA,MICHELIN,980348620,255/40ZR20X 101YPSA4,2,MICHELIN,3,935.94,45451,454516242,,
35,4872,COLUMBIA NE SC,MICHELIN NORTH AMERICA,MICHELIN,980285281,235/45ZR18X 98Y PSA4,2,MICHELIN,8,1707.28,55731,557314872,,
31,6420,"CLEARWATER, FL",MICHELIN NORTH AMERICA,MICHELIN,980285271,225/45ZR17X 94Y PSA4,2,MICHELIN,4,694.52,19262,192626420,A,980288765
39,6536,"WHITEHALL, PA",MICHELIN NORTH AMERICA,MICHELIN,984230367,275/45R21X 110V CC2,2,MICHELIN,4,1394.72,59733,597336536,,
32,6341,"SUNRISE, FL",MICHELIN NORTH AMERICA,MICHELIN,980348627,275/40ZR19X 105YPSA4,2,MICHELIN,1,271.29,78364,783646341,,
31,6387,PINELLAS PARK FL,MICHELIN NORTH AMERICA,MICHELIN,984200925,265/65R18X 116TDLTX2,2,MICHELIN,4,977.72,92862,928626387,,
39,6567,"EASTON, PA",MICHELIN NORTH AMERICA,MICHELIN,980436884,235/60R18X 107H DEF2,2,MICHELIN,4,814.72,87332,873326567,A,984223122
34,8220,"ROANOKE, VA",MICHELIN NORTH AMERICA,MICHELIN,984200858,255/70R17X 116TDLTX2,2,MICHELIN,4,1005.72,59350,593508220,,
22,8136,"DAYTON, OH",MICHELIN NORTH AMERICA,MICHELIN,980354625,255/35R18X 94V CC2,2,MICHELIN,2,539.12,4559,45598136,,
13,6259,"ROUND ROCK, TX",MICHELIN NORTH AMERICA,MICHELIN,980171642,225/55R18 98V PRTRAS,2,MICHELIN,4,864.8,38158,381586259,,
15,6202,"LUFKIN, TX",MICHELIN NORTH AMERICA,MICHELIN,980208400,LT275/70R18E A/T2,2,MICHELIN,1,311.49,32157,321576202,,
13,6336,"TEMPLE, TX",MICHELIN NORTH AMERICA,MICHELIN,980348646,325/30ZR19101YPSA4ZP,2,MICHELIN,2,855.46,14474,144746336,,
19,8125,"SAINT LOUIS, MO",MICHELIN NORTH AMERICA,MICHELIN,980348620,255/40ZR20X 101YPSA4,2,MICHELIN,4,1273.24,45451,454518125,,
23,6329,"TUPELO, MS",MICHELIN NORTH AMERICA,MICHELIN,980303691,235/45R18X 98W PMXM4,2,MICHELIN,4,983.88,7563,75636329,,
8,6979,DES MOINES ANKENY IA,PIRELLI TIRE LLC,PIRELLI,980346606,275/50R22 111H SAS+3,3,PIRELLI,2,498.78,3920800,39208006979,A,984238164
17,8273,"SHREVEPORT, LA",PIRELLI TIRE LLC,PIRELLI,984152378,245/40R19X 98YPZAS+3,3,PIRELLI,4,871.16,4085400,40854008273,,
40,8186,"SCARBOROUGH, ME",PIRELLI TIRE LLC,PIRELLI,980346578,235/60R18 103H SAS+3,3,PIRELLI,2,364.74,3918000,39180008186,,
28,4789,"SHARPSBURG, GA",PIRELLI TIRE LLC,PIRELLI,984152373,245/45R19X102YPZAS+3,3,PIRELLI,2,428.2,4085500,40855004789,,
31,6335,"OCALA, FL",PIRELLI TIRE LLC,PIRELLI,980346603,275/45R20X110V SAS+3,3,PIRELLI,1,243.86,3920500,39205006335,,
16,4985,"SPRINGFIELD (S), MO",PIRELLI TIRE LLC,PIRELLI,980400520,225/45R17X 94HP7AS+3,3,PIRELLI,4,582.24,4226600,42266004985,,
29,4879,AIKEN SC,PIRELLI TIRE LLC,PIRELLI,980378995,225/50R17 94V P4PER+,3,PIRELLI,1,142.06,4077600,40776004879,,
29,8115,"AUGUSTA, GA",PIRELLI TIRE LLC,PIRELLI,980079280,275/60R20 115T AT+,3,PIRELLI,1,224.23,2722800,27228008115,,
17,4790,"PEARL, MS",PIRELLI TIRE LLC,PIRELLI,980375367,215/50R17X 95VP4PER+,3,PIRELLI,2,287.46,4077100,40771004790,,
24,6435,"TUSCALOOSA, AL",PIRELLI TIRE LLC,PIRELLI,980346572,225/65R17 102H SAS+3,3,PIRELLI,4,601.8,3917400,39174006435,A,980362316
3,4974,"NORTH LAS VEGAS (NE), NV",PIRELLI TIRE LLC,PIRELLI,980346579,235/60R18X 107VSAS+3,3,PIRELLI,1,193.57,3918100,39181004974,A,980360990
12,8227,"SAN ANTONIO (NW), TX",PIRELLI TIRE LLC,PIRELLI,980379037,215/55R16X 97HP4PER+,3,PIRELLI,2,274.36,4077200,40772008227,,
18,6324,"MILWAUKEE(N),WI",PIRELLI TIRE LLC,PIRELLI,980090865,LT265/75R16E AT+,3,PIRELLI,3,635.34,2726000,27260006324,,
27,6326,"REYNOLDSBURG, OH",PIRELLI TIRE LLC,PIRELLI,980173168,275/45R21 107H SZAS,3,PIRELLI,4,1321.96,2711400,27114006326,,
13,6453,"AUSTIN (NW), TX",PIRELLI TIRE LLC,PIRELLI,980389900,265/70R17 115T ATR,3,PIRELLI,1,184.35,4128600,41286006453,,
18,6312,"WOODBURY, MN",PIRELLI TIRE LLC,PIRELLI,980379030,205/65R15 94H P4PER+,3,PIRELLI,1,121.19,4078600,40786006312,,
38,8193,"HAGERSTOWN, MD",PIRELLI TIRE LLC,PIRELLI,980424734,235/65R18 106V SCWX,3,PIRELLI,4,816.64,4163100,41631008193,,
1,4768,"RENO, NV",PIRELLI TIRE LLC,PIRELLI,984204122,265/45R20X108YSZS+3E,3,PIRELLI,2,619.82,4392800,43928004768,,
21,8174,"MERRILLVILLE,IN",PIRELLI TIRE LLC,PIRELLI,980410728,245/45R19 98V P7AS+3,3,PIRELLI,2,389.68,4228800,42288008174,,
20,6487,"ADDISON, IL",PIRELLI TIRE LLC,PIRELLI,980346572,225/65R17 102H SAS+3,3,PIRELLI,4,601.8,3917400,39174006487,A,980362316
27,6326,"REYNOLDSBURG, OH",PIRELLI TIRE LLC,PIRELLI,980378995,225/50R17 94V P4PER+,3,PIRELLI,4,568.24,4077600,40776006326,A,980390885
33,6314,"ELYRIA, OH",PIRELLI TIRE LLC,PIRELLI,980424758,255/50R20X 109H SCWX,3,PIRELLI,4,938.2,4165600,41656006314,,
24,6361,"FT. WALTON BEACH, FL",PIRELLI TIRE LLC,PIRELLI,980424757,275/55R20 113H SCWX,3,PIRELLI,1,258.86,4165500,41655006361,,
6,6347,"FARMINGTON, NM",PIRELLI TIRE LLC,PIRELLI,980090855,265/70R16 112T AT+,3,PIRELLI,4,744.68,2721700,27217006347,,
28,8158,WOODSTOCK GA,PIRELLI TIRE LLC,PIRELLI,980377204,215/55R17 94V P4PER+,3,PIRELLI,2,271.68,4077300,40773008158,A,980386004
33,6677,"MONROEVILLE, PA",PIRELLI TIRE LLC,PIRELLI,980403872,225/60R17 99V P7AS+3,3,PIRELLI,1,150.82,4223100,42231006677,,
7,4770,"EVANS, CO",PIRELLI TIRE LLC,PIRELLI,984212391,205/55R16 91V CWACT,3,PIRELLI,4,593.84,4516100,45161004770,,
8,6181,PAPILLION NE,PIRELLI TIRE LLC,PIRELLI,980346590,235/55R19X 105VSAS+3,3,PIRELLI,4,846.08,3919200,39192006181,,
39,6671,"FREEHOLD, NJ",PIRELLI TIRE LLC,PIRELLI,980346579,235/60R18X 107VSAS+3,3,PIRELLI,8,1548.56,3918100,39181006671,A,980360990
27,6556,"ST CLAIRSVILLE, OH",PIRELLI TIRE LLC,PIRELLI,777116,255/60R19X 113V VEAS,3,PIRELLI,2,543.76,2685600,26856006556,,
35,6570,"RALEIGH, NC",PIRELLI TIRE LLC,PIRELLI,980400733,275/55R20 113H ATR,3,PIRELLI,1,228.57,4214400,42144006570,,
30,4917,Mooresville NC,PIRELLI TIRE LLC,PIRELLI,491612,255/40ZR19 96W NAS,3,PIRELLI,1,237.76,2295200,22952004917,,
13,4721,"HOUSTON (W&#39;BROOK), TX",PIRELLI TIRE LLC,PIRELLI,980378597,235/40R19X 96VP7AS+3,3,PIRELLI,1,196.44,3916700,39167004721,,
4,6608,"PHOENIX, AZ",PIRELLI TIRE LLC,PIRELLI,980378980,195/65R15 91H P4PER+,3,PIRELLI,4,445.28,4076800,40768006608,A,980385998
33,4936,"GRANVILLE, WV",PIRELLI TIRE LLC,PIRELLI,376446,255/60R18X 112H VEAS,3,PIRELLI,4,814,1862400,18624004936,,
14,6255,"PLANO(N),TX",PIRELLI TIRE LLC,PIRELLI,984152385,245/40R20X 99YPZAS+3,3,PIRELLI,2,456.12,4086000,40860006255,,
23,4740,"SOUTHAVEN, MS",PIRELLI TIRE LLC,PIRELLI,980346585,265/60R18 110V SAS+3,3,PIRELLI,1,206.02,3918700,39187004740,,
1,6620,"FOLSOM, CA",PIRELLI TIRE LLC,PIRELLI,980377204,215/55R17 94V P4PER+,3,PIRELLI,8,1107.04,4077300,40773006620,A,980386004
38,4729,"STERLING, VA",PIRELLI TIRE LLC,PIRELLI,980306476,275/45R21X 110W SZAS,3,PIRELLI,4,1283.92,3976200,39762004729,,
35,8218,"FAYETTEVILLE,NC",PIRELLI TIRE LLC,PIRELLI,980346607,285/45R22X 114HSAS+3,3,PIRELLI,9,2210.31,3920900,39209008218,,
16,4808,SPRINGDALE AR,PIRELLI TIRE LLC,PIRELLI,980346596,235/55R20 102H SAS+3,3,PIRELLI,1,199.79,3919800,39198004808,,
32,4857,CAPE CORAL (PINE) FL,PIRELLI TIRE LLC,PIRELLI,980387927,255/40R20X 101H SZAS,3,PIRELLI,2,603.76,3789800,37898004857,,
20,6487,"ADDISON, IL",PIRELLI TIRE LLC,PIRELLI,902899,P245/50R20 102H STR,3,PIRELLI,2,327.98,1993600,19936006487,A,237681
27,4947,"ZANESVILLE, OH",PIRELLI TIRE LLC,PIRELLI,980400522,245/50R18100V P7AS+3,3,PIRELLI,4,789.44,4222800,42228004947,,
1,4755,"HONOLULU, HI",PIRELLI TIRE LLC,PIRELLI,980378590,225/55R18 98H P7AS+3,3,PIRELLI,4,601.28,3916200,39162004755,,
12,4939,"SAN ANTONIO (BROOKS), TX",PIRELLI TIRE LLC,PIRELLI,980379035,205/65R16 95T P4PER+,3,PIRELLI,2,249.92,4078700,40787004939,,
9,4870,KANSAS CITY KS,PIRELLI TIRE LLC,PIRELLI,980403873,235/45R18 94V P7AS+3,3,PIRELLI,4,653.96,4228700,42287004870,,
3,6382,"LAS VEGAS(W),NV",PIRELLI TIRE LLC,PIRELLI,980346580,235/65R18 106H SAS+3,3,PIRELLI,4,712.48,3918200,39182006382,,
31,4772,"SARASOTA, FL",PIRELLI TIRE LLC,PIRELLI,980379001,225/65R16 100TP4PER+,3,PIRELLI,1,127.96,4077900,40779004772,,
31,4861,"ST PETERSBURG, FL",PIRELLI TIRE LLC,PIRELLI,980424761,265/45R20X 108V SCWX,3,PIRELLI,1,264.86,4165900,41659004861,,
34,6368,"CHESAPEAKE, VA",PIRELLI TIRE LLC,PIRELLI,980346576,225/60R18 100H SAS+3,3,PIRELLI,1,158.25,3917800,39178006368,,
15,8246,"STAFFORD, TX",PIRELLI TIRE LLC,PIRELLI,669795,265/35ZR20X 99Y PZ,3,PIRELLI,1,349.89,2404400,24044008246,,
34,6402,"GREENSBORO, NC",PIRELLI TIRE LLC,PIRELLI,980346592,255/50R19X107V SAS+3,3,PIRELLI,4,827.24,3919400,39194006402,,
24,8236,"GULFPORT, MS",PIRELLI TIRE LLC,PIRELLI,678634,225/40R18X 92Y P7 RF,3,PIRELLI,4,772.92,2462500,24625008236,,
20,6487,"ADDISON, IL",PIRELLI TIRE LLC,PIRELLI,980055549,215/65R17 99H VEAS,3,PIRELLI,4,653.56,2744200,27442006487,,
27,6407,"MANSFIELD, OH",PIRELLI TIRE LLC,PIRELLI,980346588,235/45R19 95H SAS+3,3,PIRELLI,1,182.65,3919000,39190006407,,
35,8218,"FAYETTEVILLE,NC",PIRELLI TIRE LLC,PIRELLI,980346572,225/65R17 102H SAS+3,3,PIRELLI,2,300.9,3917400,39174008218,A,980362316
21,8128,"PEORIA, IL",PIRELLI TIRE LLC,PIRELLI,980424734,235/65R18 106V SCWX,3,PIRELLI,1,204.16,4163100,41631008128,,
12,8267,"CORPUS CHRISTI, TX",PIRELLI TIRE LLC,PIRELLI,980424766,275/45R20X 110V SCWX,3,PIRELLI,2,548.08,4166400,41664008267,,
25,6429,"BATTLE CREEK, MI",PIRELLI TIRE LLC,PIRELLI,980378590,225/55R18 98H P7AS+3,3,PIRELLI,4,601.28,3916200,39162006429,A,980430991
38,8193,"HAGERSTOWN, MD",PIRELLI TIRE LLC,PIRELLI,376305,255/55R19X 111H VEAS,3,PIRELLI,2,441.14,1862500,18625008193,,
23,4740,"SOUTHAVEN, MS",PIRELLI TIRE LLC,PIRELLI,984204126,285/35R22X106YSZS+3E,3,PIRELLI,1,306.62,4393200,43932004740,,
22,4851,"CLARKSVILLE, IN",PIRELLI TIRE LLC,PIRELLI,980424755,245/50R20X 105V SCWX,3,PIRELLI,1,226.93,4165300,41653004851,,
34,6368,"CHESAPEAKE, VA",PIRELLI TIRE LLC,PIRELLI,984152384,235/45R18X 98YPZAS+3,3,PIRELLI,4,746.8,4084200,40842006368,,
14,4783,"GARLAND, TX",PIRELLI TIRE LLC,PIRELLI,980346596,235/55R20 102H SAS+3,3,PIRELLI,4,791,3919800,39198004783,A,980395035
8,4873,LINCOLN NE,PIRELLI TIRE LLC,PIRELLI,980378995,225/50R17 94V P4PER+,3,PIRELLI,4,568.24,4077600,40776004873,A,980390885
23,8196,"FLORENCE, AL",PIRELLI TIRE LLC,PIRELLI,980378999,225/55R17 97T P4PER+,3,PIRELLI,4,631.32,4077800,40778008196,,
22,4851,"CLARKSVILLE, IN",PIRELLI TIRE LLC,PIRELLI,980346572,225/65R17 102H SAS+3,3,PIRELLI,4,601.8,3917400,39174004851,A,980362316
9,8208,"LENEXA, KS",PIRELLI TIRE LLC,PIRELLI,980378992,215/60R17 96T P4PER+,3,PIRELLI,4,533.4,4077500,40775008208,,
9,6418,"WICHITA, KS",PIRELLI TIRE LLC,PIRELLI,980377207,215/65R16 98T P4PER+,3,PIRELLI,4,478.76,4079000,40790006418,A,980379714
27,6307,"COLUMBUS(N),OH",PIRELLI TIRE LLC,PIRELLI,980346603,275/45R20X110V SAS+3,3,PIRELLI,4,975.44,3920500,39205006307,,
28,8158,WOODSTOCK GA,PIRELLI TIRE LLC,PIRELLI,980378599,245/40R19X 98VP7AS+3,3,PIRELLI,1,188.82,3916800,39168008158,,
5,6634,"LONE TREE, CO",PIRELLI TIRE LLC,PIRELLI,980379036,225/60R16 98T P4PER+,3,PIRELLI,2,260.4,4079100,40791006634,,
15,4769,"HOUSTON(WESTPARK), TX",PIRELLI TIRE LLC,PIRELLI,980015437,225/40R19X 93VP7ASRF,3,PIRELLI,1,298.27,2859600,28596004769,,
31,6387,PINELLAS PARK FL,PIRELLI TIRE LLC,PIRELLI,132083,235/45R18X 98V P7 AS,3,PIRELLI,1,197.73,2324500,23245006387,,
24,4817,"SAM&#39;S TRUSSVILLE , AL",PIRELLI TIRE LLC,PIRELLI,980173165,285/40R22X 110Y SZAS,3,PIRELLI,2,901.22,3432100,34321004817,,
8,6514,"WATERLOO, IA",PIRELLI TIRE LLC,PIRELLI,980346604,275/55R20X117H SAS+3,3,PIRELLI,4,880.96,3920600,39206006514,,
23,4776,"HUNTSVILLE, AL",PIRELLI TIRE LLC,PIRELLI,980379037,215/55R16X 97HP4PER+,3,PIRELLI,5,685.9,4077200,40772004776,,
14,6255,"PLANO(N),TX",PIRELLI TIRE LLC,PIRELLI,984204119,295/40R20X110YSZAS+3,3,PIRELLI,4,1280.56,4296100,42961006255,,
27,6242,"DUBLIN, OH",PIRELLI TIRE LLC,PIRELLI,371861,255/40R19X 100H P7AS,3,PIRELLI,3,847.23,2141400,21414006242,,
24,8213,"COLUMBUS, GA",PIRELLI TIRE LLC,PIRELLI,980413869,215/55R17 94V P7AS+3,3,PIRELLI,2,298.62,4223500,42235008213,,
28,4789,"SHARPSBURG, GA",PIRELLI TIRE LLC,PIRELLI,132083,235/45R18X 98V P7 AS,3,PIRELLI,1,191.22,2324500,23245004789,,
11,8282,"DALLAS (S), TX",PIRELLI TIRE LLC,PIRELLI,980378997,225/50R18 95H P4PER+,3,PIRELLI,3,454.56,4077700,40777008282,,
31,6387,PINELLAS PARK FL,PIRELLI TIRE LLC,PIRELLI,980004039,225/45R18X 95Y P7 RF,3,PIRELLI,1,258.62,2732900,27329006387,,
26,6657,"NOVI, MI",PIRELLI TIRE LLC,PIRELLI,980262059,265/45R21 104T SZ AS,3,PIRELLI,1,325.25,3635300,36353006657,,
12,4914,San Antonio N TX,PIRELLI TIRE LLC,PIRELLI,678859,245/45R19X102VP7ASRF,3,PIRELLI,4,1302.04,2467400,24674004914,,
38,6383,"SALISBURY, MD",PIRELLI TIRE LLC,PIRELLI,666204,205/45R17X 88VP7ASRF,3,PIRELLI,4,892.32,2246100,22461006383,,
30,6452,"ASHEVILLE, NC",PIRELLI TIRE LLC,PIRELLI,980424733,235/55R18 100H SCWX,3,PIRELLI,4,856.6,4163000,41630006452,,
17,4790,"PEARL, MS",PIRELLI TIRE LLC,PIRELLI,980379004,235/65R16 103TP4PER+,3,PIRELLI,5,748.25,4078100,40781004790,,
2,6616,"FULLERTON, CA",PIRELLI TIRE LLC,PIRELLI,980403869,225/50R17 94V P7AS+3,3,PIRELLI,1,149.12,4222600,42226006616,,
30,6452,"ASHEVILLE, NC",PIRELLI TIRE LLC,PIRELLI,980375367,215/50R17X 95VP4PER+,3,PIRELLI,4,574.92,4077100,40771006452,,
27,6326,"REYNOLDSBURG, OH",PIRELLI TIRE LLC,PIRELLI,980379001,225/65R16 100TP4PER+,3,PIRELLI,2,255.92,4077900,40779006326,,
19,4999,"QUINCY, IL",PIRELLI TIRE LLC,PIRELLI,980424730,235/60R18X 107V SCWX,3,PIRELLI,2,416.86,4082700,40827004999,,
16,8296,"SPRINGFIELD, MO",PIRELLI TIRE LLC,PIRELLI,980424767,275/45R21X 110W SCWX,3,PIRELLI,4,1289.2,4166500,41665008296,,
22,6380,"DAYTON, OH",PIRELLI TIRE LLC,PIRELLI,980403873,235/45R18 94V P7AS+3,3,PIRELLI,4,657.96,4228700,42287006380,,
27,6326,"REYNOLDSBURG, OH",PIRELLI TIRE LLC,PIRELLI,980192580,245/50R20 102V SZAS,3,PIRELLI,1,238.09,2884900,28849006326,,
27,6242,"DUBLIN, OH",PIRELLI TIRE LLC,PIRELLI,360004,255/40R19X 100Y PZ,3,PIRELLI,1,270.78,1996400,19964006242,,
27,6572,"KNOXVILLE, TN",PIRELLI TIRE LLC,PIRELLI,370972,P275/55R20 111H STR,3,PIRELLI,4,729.64,1555300,15553006572,A,31131
39,4994,MECHANICSBURG PA,PIRELLI TIRE LLC,PIRELLI,377388,255/60R18X 112V SZ,3,PIRELLI,4,784.36,1780300,17803004994,,
35,6976,WAKE FOREST NC,PIRELLI TIRE LLC,PIRELLI,902899,P245/50R20 102H STR,3,PIRELLI,4,647.56,1993600,19936006976,A,237681
18,8185,"EAU CLAIRE, WI",PIRELLI TIRE LLC,PIRELLI,984152368,245/45R20X103YPZAS+3,3,PIRELLI,4,910.72,4086100,40861008185,,
26,6412,"SOUTHGATE, MI",PIRELLI TIRE LLC,PIRELLI,980410728,245/45R19 98V P7AS+3,3,PIRELLI,4,761.68,4228800,42288006412,,
19,6479,"CAPE GIRARDEAU, MO",PIRELLI TIRE LLC,PIRELLI,980213229,275/45R21X 110Y SZAS,3,PIRELLI,1,332.78,3432500,34325006479,,
18,6324,"MILWAUKEE(N),WI",PIRELLI TIRE LLC,PIRELLI,980015468,255/55R19X 111V VERD,3,PIRELLI,2,479.58,2560600,25606006324,,
24,8236,"GULFPORT, MS",PIRELLI TIRE LLC,PIRELLI,980346606,275/50R22 111H SAS+3,3,PIRELLI,1,248.89,3920800,39208008236,A,984238164
28,8158,WOODSTOCK GA,PIRELLI TIRE LLC,PIRELLI,980100923,245/50R19X 105W P7RF,3,PIRELLI,2,603.66,2671600,26716008158,,
39,8160,"TEMPLE, PA",PIRELLI TIRE LLC,PIRELLI,980346579,235/60R18X 107VSAS+3,3,PIRELLI,2,387.14,3918100,39181008160,,
23,8112,"CHATTANOOGA, TN",PIRELLI TIRE LLC,PIRELLI,980346592,255/50R19X107V SAS+3,3,PIRELLI,4,827.24,3919400,39194008112,,
13,8259,"AUSTIN, TX",PIRELLI TIRE LLC,PIRELLI,980346576,225/60R18 100H SAS+3,3,PIRELLI,4,601.36,3917800,39178008259,,
38,8193,"HAGERSTOWN, MD",PIRELLI TIRE LLC,PIRELLI,980378590,225/55R18 98H P7AS+3,3,PIRELLI,4,601.28,3916200,39162008193,,
9,8207,"KANSAS CITY, MO",PIRELLI TIRE LLC,PIRELLI,984204119,295/40R20X110YSZAS+3,3,PIRELLI,1,320.14,4296100,42961008207,,
37,6440,"LATHAM, NY",PIRELLI TIRE LLC,PIRELLI,980378990,215/60R16 95V P4PER+,3,PIRELLI,4,504.92,4077400,40774006440,,
9,8176,"TOPEKA, KS",PIRELLI TIRE LLC,PIRELLI,980079280,275/60R20 115T AT+,3,PIRELLI,4,896.92,2722800,27228008176,,
27,6518,"BRISTOL,VA",PIRELLI TIRE LLC,PIRELLI,980346591,245/55R19X 107HSAS+3,3,PIRELLI,4,776.96,3919300,39193006518,,
34,8228,"WINSTON-SALEM, NC",PIRELLI TIRE LLC,PIRELLI,980346592,255/50R19X107V SAS+3,3,PIRELLI,1,206.81,3919400,39194008228,,
7,8172,"FARGO, ND",PIRELLI TIRE LLC,PIRELLI,980346578,235/60R18 103H SAS+3,3,PIRELLI,1,182.37,3918000,39180008172,,
16,4749,CONWAY AR,PIRELLI TIRE LLC,PIRELLI,980346590,235/55R19X 105VSAS+3,3,PIRELLI,4,846.08,3919200,39192004749,A,980378906
24,8236,"GULFPORT, MS",PIRELLI TIRE LLC,PIRELLI,984152380,255/40R19X100YPZAS+3,3,PIRELLI,4,924.72,4085700,40857008236,,
34,6524,"COLONIAL HEIGHTS, VA",PIRELLI TIRE LLC,PIRELLI,980379036,225/60R16 98T P4PER+,3,PIRELLI,1,129.94,4079100,40791006524,,
38,6434,"LAUREL, MD",PIRELLI TIRE LLC,PIRELLI,980346583,255/55R18X109V SAS+3,3,PIRELLI,1,204.13,3918500,39185006434,,
22,4728,NICHOLASVILLE KY,PIRELLI TIRE LLC,PIRELLI,678634,225/40R18X 92Y P7 RF,3,PIRELLI,4,772.92,2462500,24625004728,,
34,6351,"NEWPORT NEWS, VA",PIRELLI TIRE LLC,PIRELLI,980346590,235/55R19X 105VSAS+3,3,PIRELLI,1,211.52,3919200,39192006351,A,980378906
36,8138,"DAYTONA BEACH, FL",PIRELLI TIRE LLC,PIRELLI,980377204,215/55R17 94V P4PER+,3,PIRELLI,4,543.36,4077300,40773008138,A,980386004
31,6401,"TAMPA, FL",PIRELLI TIRE LLC,PIRELLI,980079280,275/60R20 115T AT+,3,PIRELLI,4,896.92,2722800,27228006401,,
33,8189,"CLARKSBURG, WV",PIRELLI TIRE LLC,PIRELLI,678634,225/40R18X 92Y P7 RF,3,PIRELLI,1,193.23,2462500,24625008189,,
31,6335,"OCALA, FL",PIRELLI TIRE LLC,PIRELLI,980378591,225/45R18X 95VP7AS+3,3,PIRELLI,1,147.38,3916100,39161006335,,
1,4768,"RENO, NV",PIRELLI TIRE LLC,PIRELLI,980424756,265/50R20 107V SCWX,3,PIRELLI,4,994.04,4165400,41654004768,,
38,8193,"HAGERSTOWN, MD",PIRELLI TIRE LLC,PIRELLI,980346598,245/50R20 102V SAS+3,3,PIRELLI,1,205.62,3920000,39200008193,,
31,4861,"ST PETERSBURG, FL",PIRELLI TIRE LLC,PIRELLI,984152385,245/40R20X 99YPZAS+3,3,PIRELLI,2,456.12,4086000,40860004861,,
29,8116,"JACKSONVILLE,FL",PIRELLI TIRE LLC,PIRELLI,980378599,245/40R19X 98VP7AS+3,3,PIRELLI,4,746.32,3916800,39168008116,,
6,8153,"EL PASO, TX",PIRELLI TIRE LLC,PIRELLI,980079280,275/60R20 115T AT+,3,PIRELLI,1,224.23,2722800,27228008153,A,980079674
5,4745,"THORNTON, CO",PIRELLI TIRE LLC,PIRELLI,980424743,225/50R18 95V CWACT,3,PIRELLI,4,799.56,4164100,41641004745,,
37,6431,"SAM&#39;S ELMIRA, NY",PIRELLI TIRE LLC,PIRELLI,980346604,275/55R20X117H SAS+3,3,PIRELLI,2,408.04,3920600,39206006431,,
30,6452,"ASHEVILLE, NC",PIRELLI TIRE LLC,PIRELLI,980079283,275/65R18 116T AT+,3,PIRELLI,1,227.52,2722700,27227006452,,
34,6351,"NEWPORT NEWS, VA",PIRELLI TIRE LLC,PIRELLI,980378590,225/55R18 98H P7AS+3,3,PIRELLI,1,150.32,3916200,39162006351,,
38,6653,"GAITHERSBURG, MD",PIRELLI TIRE LLC,PIRELLI,980378978,195/60R15 88H P4PER+,3,PIRELLI,2,232.36,4076700,40767006653,,
4,6692,"TUCSON, AZ",PIRELLI TIRE LLC,PIRELLI,980378982,205/55R16 91H P4PER+,3,PIRELLI,1,109.82,4076900,40769006692,A,980398761
33,6314,"ELYRIA, OH",PIRELLI TIRE LLC,PIRELLI,980377207,215/65R16 98T P4PER+,3,PIRELLI,1,118.5,4079000,40790006314,,
38,8193,"HAGERSTOWN, MD",PIRELLI TIRE LLC,PIRELLI,980424748,245/55R19 103V SCWX,3,PIRELLI,1,241.61,4164600,41646008193,,
31,6335,"OCALA, FL",PIRELLI TIRE LLC,PIRELLI,666183,235/40R19X 96V P7 AS,3,PIRELLI,1,232.44,2324400,23244006335,,
31,4772,"SARASOTA, FL",PIRELLI TIRE LLC,PIRELLI,980424768,285/45R22X 114H SCWX,3,PIRELLI,2,561.32,4166600,41666004772,,
23,8112,"CHATTANOOGA, TN",PIRELLI TIRE LLC,PIRELLI,980403872,225/60R17 99V P7AS+3,3,PIRELLI,3,452.46,4223100,42231008112,,
31,6448,"NEW PORT RICHEY, FL",PIRELLI TIRE LLC,PIRELLI,980346605,275/60R20 115H SAS+3,3,PIRELLI,1,220.82,3920700,39207006448,A,984238165
21,6489,"CALUMET CITY, IL",PIRELLI TIRE LLC,PIRELLI,980387893,245/60R18 105H PZ AS,3,PIRELLI,2,409.74,3781500,37815006489,,
28,8287,"MORROW, GA",PIRELLI TIRE LLC,PIRELLI,678641,245/40R18X 97Y P7,3,PIRELLI,1,208.54,2445900,24459008287,,
15,4712,"HOUSTON(MEM), TX",PIRELLI TIRE LLC,PIRELLI,980379030,205/65R15 94H P4PER+,3,PIRELLI,1,121.19,4078600,40786004712,,
14,8299,PLANO TX,PIRELLI TIRE LLC,PIRELLI,980173170,315/40R21 111H SZAS,3,PIRELLI,1,365.32,2711200,27112008299,,
24,8236,"GULFPORT, MS",PIRELLI TIRE LLC,PIRELLI,980346578,235/60R18 103H SAS+3,3,PIRELLI,4,729.48,3918000,39180008236,,
35,6570,"RALEIGH, NC",PIRELLI TIRE LLC,PIRELLI,980387916,285/30R20X 99Y PZ4SP,3,PIRELLI,4,1575.2,3993700,39937006570,,
31,6387,PINELLAS PARK FL,PIRELLI TIRE LLC,PIRELLI,980378982,205/55R16 91H P4PER+,3,PIRELLI,2,219.64,4076900,40769006387,A,980398761
6,8280,EL PASO TX,PIRELLI TIRE LLC,PIRELLI,980346575,265/70R17 115H SAS+3,3,PIRELLI,1,200.44,3917700,39177008280,,
35,6976,WAKE FOREST NC,PIRELLI TIRE LLC,PIRELLI,980379035,205/65R16 95T P4PER+,3,PIRELLI,4,499.84,4078700,40787006976,,
3,6683,"MURRAY, UT",PIRELLI TIRE LLC,PIRELLI,980377204,215/55R17 94V P4PER+,3,PIRELLI,4,543.36,4077300,40773006683,A,980386004
38,8193,"HAGERSTOWN, MD",PIRELLI TIRE LLC,PIRELLI,980378591,225/45R18X 95VP7AS+3,3,PIRELLI,4,589.52,3916100,39161008193,,
14,4783,"GARLAND, TX",PIRELLI TIRE LLC,PIRELLI,980413869,215/55R17 94V P7AS+3,3,PIRELLI,10,1493.1,4223500,42235004783,,
14,6422,"LONGVIEW, TX",PIRELLI TIRE LLC,PIRELLI,980346607,285/45R22X 114HSAS+3,3,PIRELLI,4,961.88,3920900,39209006422,A,980367893
24,4817,"SAM&#39;S TRUSSVILLE , AL",PIRELLI TIRE LLC,PIRELLI,384517,225/45R18 91V P7ASRF,3,PIRELLI,4,926.96,2048900,20489004817,,
17,6503,"HATTIESBURG, MS",PIRELLI TIRE LLC,PIRELLI,980387905,275/35R22X 104Y PZ4L,3,PIRELLI,2,751.78,4106300,41063006503,,
7,6633,"FT COLLINS, CO",PIRELLI TIRE LLC,PIRELLI,984212396,225/65R17 102H SCWX,3,PIRELLI,3,517.44,4515600,45156006633,,
2,4735,"LA HABRA, CA",PIRELLI TIRE LLC,PIRELLI,980079280,275/60R20 115T AT+,3,PIRELLI,1,224.23,2722800,27228004735,,
27,6308,"COLUMBUS(W),OH",PIRELLI TIRE LLC,PIRELLI,980346582,245/60R18 105H SAS+3,3,PIRELLI,4,762.68,3918400,39184006308,,
16,4808,SPRINGDALE AR,PIRELLI TIRE LLC,PIRELLI,980090861,LT275/65R20E AT+,3,PIRELLI,4,1147.52,2723900,27239004808,,
21,6489,"CALUMET CITY, IL",PIRELLI TIRE LLC,PIRELLI,984152368,245/45R20X103YPZAS+3,3,PIRELLI,2,455.36,4086100,40861006489,,
37,6440,"LATHAM, NY",PIRELLI TIRE LLC,PIRELLI,980346582,245/60R18 105H SAS+3,3,PIRELLI,4,762.68,3918400,39184006440,,
35,6570,"RALEIGH, NC",PIRELLI TIRE LLC,PIRELLI,984152395,275/35R19X100YPZAS+3,3,PIRELLI,4,975.56,4085800,40858006570,,
2,6616,"FULLERTON, CA",PIRELLI TIRE LLC,PIRELLI,980306475,245/45R20X 103WPZ4SP,3,PIRELLI,1,329.2,3257300,32573006616,,
38,6371,"WOODBRIDGE, VA",PIRELLI TIRE LLC,PIRELLI,980346607,285/45R22X 114HSAS+3,3,PIRELLI,2,491.18,3920900,39209006371,A,980367893
12,4914,San Antonio N TX,PIRELLI TIRE LLC,PIRELLI,980424748,245/55R19 103V SCWX,3,PIRELLI,4,966.44,4164600,41646004914,,
38,6653,"GAITHERSBURG, MD",PIRELLI TIRE LLC,PIRELLI,980346607,285/45R22X 114HSAS+3,3,PIRELLI,1,245.59,3920900,39209006653,,
14,8248,"DALLAS (W), TX",PIRELLI TIRE LLC,PIRELLI,980387905,275/35R22X 104Y PZ4L,3,PIRELLI,1,375.89,4106300,41063008248,,
20,6487,"ADDISON, IL",PIRELLI TIRE LLC,PIRELLI,980378591,225/45R18X 95VP7AS+3,3,PIRELLI,4,598.64,3916100,39161006487,,
31,6401,"TAMPA, FL",PIRELLI TIRE LLC,PIRELLI,984204126,285/35R22X106YSZS+3E,3,PIRELLI,2,613.24,4393200,43932006401,,
10,6779,MOORE OK,PIRELLI TIRE LLC,PIRELLI,468693,225/40R18X 92W PZ RF,3,PIRELLI,1,194.17,2337000,23370006779,,
40,6423,"MIDDLETOWN, NY",PIRELLI TIRE LLC,PIRELLI,980378581,215/45R17X 91VP7AS+3,3,PIRELLI,4,555.72,3914600,39146006423,,
27,6556,"ST CLAIRSVILLE, OH",PIRELLI TIRE LLC,PIRELLI,980378599,245/40R19X 98VP7AS+3,3,PIRELLI,4,794.44,3916800,39168006556,,
21,6334,"DECATUR, IL",PIRELLI TIRE LLC,PIRELLI,370868,P255/70R18 112H STR,3,PIRELLI,1,204.51,1625500,16255006334,,
32,6520,"VERO BEACH, FL",PIRELLI TIRE LLC,PIRELLI,980389901,275/60R20 115T ATR,3,PIRELLI,1,243.87,4128500,41285006520,,
39,6536,"WHITEHALL, PA",PIRELLI TIRE LLC,PIRELLI,980378590,225/55R18 98H P7AS+3,3,PIRELLI,4,601.28,3916200,39162006536,A,980430991
33,4847,GREENSBURG PA,PIRELLI TIRE LLC,PIRELLI,980346587,225/55R19 99V SAS+3,3,PIRELLI,6,1105.44,3918900,39189004847,A,984223134
18,8164,"WAUKESHA, WI",PIRELLI TIRE LLC,PIRELLI,980424745,235/55R19X 105V SCWX,3,PIRELLI,4,883.44,4164300,41643008164,,
26,6660,"PORT HURON, MI",PIRELLI TIRE LLC,PIRELLI,980346588,235/45R19 95H SAS+3,3,PIRELLI,1,183.51,3919000,39190006660,,
9,8208,"LENEXA, KS",PIRELLI TIRE LLC,PIRELLI,980346586,265/65R18 114H SAS+3,3,PIRELLI,4,793.72,3918800,39188008208,,
21,6489,"CALUMET CITY, IL",PIRELLI TIRE LLC,PIRELLI,980400733,275/55R20 113H ATR,3,PIRELLI,4,914.28,4214400,42144006489,,
38,6653,"GAITHERSBURG, MD",PIRELLI TIRE LLC,PIRELLI,980374632,275/65R20 116H AT+,3,PIRELLI,2,723.66,4125700,41257006653,,
35,4946,"ROCKY MOUNT, NC",PIRELLI TIRE LLC,PIRELLI,980346599,255/50R20X109V SAS+3,3,PIRELLI,4,846.88,3920100,39201004946,,
5,6634,"LONE TREE, CO",PIRELLI TIRE LLC,PIRELLI,980346573,235/65R17 104H SAS+3,3,PIRELLI,4,697.8,3917500,39175006634,A,980360989
23,4740,"SOUTHAVEN, MS",PIRELLI TIRE LLC,PIRELLI,980379030,205/65R15 94H P4PER+,3,PIRELLI,2,242.38,4078600,40786004740,,
9,6505,JEFFERSON CITY MO,PIRELLI TIRE LLC,PIRELLI,980346600,255/55R20X110H SAS+3,3,PIRELLI,2,394.56,3920200,39202006505,,
34,6365,"CHARLOTTESVILLE, VA",PIRELLI TIRE LLC,PIRELLI,980378978,195/60R15 88H P4PER+,3,PIRELLI,1,116.18,4076700,40767006365,,
23,4740,"SOUTHAVEN, MS",PIRELLI TIRE LLC,PIRELLI,132090,245/50R18 100VP7ASRF,3,PIRELLI,8,2415.12,2137100,21371004740,,
2,6616,"FULLERTON, CA",PIRELLI TIRE LLC,PIRELLI,980424731,265/60R18 110V SCWX,3,PIRELLI,4,933.96,4162800,41628006616,,
31,6403,"BRANDON, FL",PIRELLI TIRE LLC,PIRELLI,207483,285/50R20X 116V VEAS,3,PIRELLI,1,245.9,2354500,23545006403,,
16,4825,"HOT SPRINGS, AR",PIRELLI TIRE LLC,PIRELLI,980379016,185/65R15 88T P4PER+,3,PIRELLI,1,116.92,4078300,40783004825,,
24,8236,"GULFPORT, MS",PIRELLI TIRE LLC,PIRELLI,980346590,235/55R19X 105VSAS+3,3,PIRELLI,4,846.08,3919200,39192008236,A,980378906
10,4761,"NORMAN, OK",PIRELLI TIRE LLC,PIRELLI,980378591,225/45R18X 95VP7AS+3,3,PIRELLI,1,147.38,3916100,39161004761,,
32,4857,CAPE CORAL (PINE) FL,PIRELLI TIRE LLC,PIRELLI,980346580,235/65R18 106H SAS+3,3,PIRELLI,4,712.48,3918200,39182004857,,
25,6658,"JACKSON, MI",PIRELLI TIRE LLC,PIRELLI,902899,P245/50R20 102H STR,3,PIRELLI,4,647.56,1993600,19936006658,,
31,6448,"NEW PORT RICHEY, FL",PIRELLI TIRE LLC,PIRELLI,980378603,245/40R20X 99VP7AS+3,3,PIRELLI,1,216.74,3917200,39172006448,,
13,4713,"SHENANDOAH, TX",PIRELLI TIRE LLC,PIRELLI,984152378,245/40R19X 98YPZAS+3,3,PIRELLI,2,435.58,4085400,40854004713,,
2,6628,"TORRANCE, CA",PIRELLI TIRE LLC,PIRELLI,659737,255/50R19X107HVEASRF,3,PIRELLI,1,290.19,2297800,22978006628,,
37,6322,"BOARDMAN, OH",PIRELLI TIRE LLC,PIRELLI,980424759,255/45R20X 105V SCWX,3,PIRELLI,1,252.24,4165700,41657006322,,
2,6613,"LONG BEACH, CA",PIRELLI TIRE LLC,PIRELLI,980379030,205/65R15 94H P4PER+,3,PIRELLI,2,242.38,4078600,40786006613,,
15,8190,"LA MARQUE, TX",PIRELLI TIRE LLC,PIRELLI,980378982,205/55R16 91H P4PER+,3,PIRELLI,4,439.28,4076900,40769008190,A,980398761
32,8173,"MIRAMAR, FL",PIRELLI TIRE LLC,PIRELLI,384395,225/45R17 91W P7 RF,3,PIRELLI,4,688,2005800,20058008173,,
33,4952,"TARENTUM, PA",PIRELLI TIRE LLC,PIRELLI,468793,245/40R18 93Y PZ RF,3,PIRELLI,2,473.96,2146600,21466004952,,
27,6242,"DUBLIN, OH",PIRELLI TIRE LLC,PIRELLI,980379037,215/55R16X 97HP4PER+,3,PIRELLI,4,548.72,4077200,40772006242,,
37,6440,"LATHAM, NY",PIRELLI TIRE LLC,PIRELLI,666238,225/40R18X 92VP7ASRF,3,PIRELLI,1,211.1,2325300,23253006440,,
32,4991,"COCOA, FL",PIRELLI TIRE LLC,PIRELLI,980378982,205/55R16 91H P4PER+,3,PIRELLI,5,549.1,4076900,40769004991,A,980398761
33,6404,"FAIRLAWN, OH",PIRELLI TIRE LLC,PIRELLI,980346588,235/45R19 95H SAS+3,3,PIRELLI,4,730.6,3919000,39190006404,,
22,4851,"CLARKSVILLE, IN",PIRELLI TIRE LLC,PIRELLI,984152387,215/45R18X 93WPZAS+3,3,PIRELLI,4,676.72,4083600,40836004851,,
25,6319,"KENTWOOD, MI",PIRELLI TIRE LLC,PIRELLI,980079280,275/60R20 115T AT+,3,PIRELLI,4,896.92,2722800,27228006319,,
23,4740,"SOUTHAVEN, MS",PIRELLI TIRE LLC,PIRELLI,980410728,245/45R19 98V P7AS+3,3,PIRELLI,2,389.68,4228800,42288004740,,
4,4829,GILBERT (E) AZ,PIRELLI TIRE LLC,PIRELLI,980379030,205/65R15 94H P4PER+,3,PIRELLI,2,242.38,4078600,40786004829,,
5,4745,"THORNTON, CO",PIRELLI TIRE LLC,PIRELLI,376293,255/50R19X 107H VEAS,3,PIRELLI,2,527.16,1953900,19539004745,,
14,4783,"GARLAND, TX",PIRELLI TIRE LLC,PIRELLI,980346607,285/45R22X 114HSAS+3,3,PIRELLI,2,491.18,3920900,39209004783,A,980367893
38,6653,"GAITHERSBURG, MD",PIRELLI TIRE LLC,PIRELLI,980346572,225/65R17 102H SAS+3,3,PIRELLI,8,1203.6,3917400,39174006653,A,980362316
15,4702,"FRIENDSWOOD, TX",PIRELLI TIRE LLC,PIRELLI,980346581,235/65R18 106V SAS+3,3,PIRELLI,1,197.65,3918300,39183004702,,
35,6976,WAKE FOREST NC,PIRELLI TIRE LLC,PIRELLI,980400521,235/50R18 97V P7AS+3,3,PIRELLI,4,617.28,4223000,42230006976,,
27,6326,"REYNOLDSBURG, OH",PIRELLI TIRE LLC,PIRELLI,869096,295/40ZR21X 111Y PZ,3,PIRELLI,4,1284.76,2667900,26679006326,,
32,6341,"SUNRISE, FL",PIRELLI TIRE LLC,PIRELLI,980346607,285/45R22X 114HSAS+3,3,PIRELLI,3,736.77,3920900,39209006341,,
29,6204,"VALDOSTA, GA",PIRELLI TIRE LLC,PIRELLI,980403873,235/45R18 94V P7AS+3,3,PIRELLI,2,330.96,4228700,42287006204,A,984238160
11,4905,"DENTON, TX",PIRELLI TIRE LLC,PIRELLI,980377204,215/55R17 94V P4PER+,3,PIRELLI,1,135.84,4077300,40773004905,A,980386004
22,8136,"DAYTON, OH",PIRELLI TIRE LLC,PIRELLI,980346573,235/65R17 104H SAS+3,3,PIRELLI,1,174.45,3917500,39175008136,,
2,6619,"ONTARIO, CA",PIRELLI TIRE LLC,PIRELLI,984152376,245/45R18X100YPZAS+3,3,PIRELLI,2,372.14,4084500,40845006619,,
11,4905,"DENTON, TX",PIRELLI TIRE LLC,PIRELLI,980346590,235/55R19X 105VSAS+3,3,PIRELLI,1,211.52,3919200,39192004905,A,980378906
14,6255,"PLANO(N),TX",PIRELLI TIRE LLC,PIRELLI,980346577,235/55R18X 104VSAS+3,3,PIRELLI,2,381.96,3917900,39179006255,,
6,4703,"ALBUQUERQUE, NM",PIRELLI TIRE LLC,PIRELLI,980346572,225/65R17 102H SAS+3,3,PIRELLI,1,150.45,3917400,39174004703,A,980362316
31,6448,"NEW PORT RICHEY, FL",PIRELLI TIRE LLC,PIRELLI,980410728,245/45R19 98V P7AS+3,3,PIRELLI,2,389.68,4228800,42288006448,,
28,8211,"DOUGLASVILLE,GA",PIRELLI TIRE LLC,PIRELLI,980375367,215/50R17X 95VP4PER+,3,PIRELLI,4,574.92,4077100,40771008211,,
12,4914,San Antonio N TX,PIRELLI TIRE LLC,PIRELLI,980346600,255/55R20X110H SAS+3,3,PIRELLI,4,789.12,3920200,39202004914,,
20,6328,"CICERO, IL",PIRELLI TIRE LLC,PIRELLI,491257,265/40R21X 105V VEAS,3,PIRELLI,1,271.62,2390800,23908006328,,
25,6319,"KENTWOOD, MI",PIRELLI TIRE LLC,PIRELLI,980378581,215/45R17X 91VP7AS+3,3,PIRELLI,4,555.72,3914600,39146006319,,
24,8213,"COLUMBUS, GA",PIRELLI TIRE LLC,PIRELLI,984212395,225/60R17 99H SCWX,3,PIRELLI,8,1418.64,4515500,45155008213,,
40,6352,"HUDSON, NH",PIRELLI TIRE LLC,PIRELLI,984212396,225/65R17 102H SCWX,3,PIRELLI,2,344.96,4515600,45156006352,,
25,6319,"KENTWOOD, MI",PIRELLI TIRE LLC,PIRELLI,984152392,235/35R19X 91YPZAS+3,3,PIRELLI,1,221.01,4085200,40852006319,,
12,8156,"LAREDO, TX",PIRELLI TIRE LLC,PIRELLI,207490,275/50R20 109H VEAS,3,PIRELLI,1,296.34,2154200,21542008156,,
9,4707,"OVERLAND PARK, KS",PIRELLI TIRE LLC,PIRELLI,980400522,245/50R18100V P7AS+3,3,PIRELLI,1,192.54,4222800,42228004707,,
20,6228,"VERNON HILLS, IL",PIRELLI TIRE LLC,PIRELLI,980378581,215/45R17X 91VP7AS+3,3,PIRELLI,1,138.93,3914600,39146006228,,
35,8218,"FAYETTEVILLE,NC",PIRELLI TIRE LLC,PIRELLI,36778,255/35ZR19X 96Y PZ,3,PIRELLI,2,502.36,2390100,23901008218,,
17,6527,"BATON ROUGE, LA",PIRELLI TIRE LLC,PIRELLI,980346591,245/55R19X 107HSAS+3,3,PIRELLI,1,194.24,3919300,39193006527,,
18,8164,"WAUKESHA, WI",PIRELLI TIRE LLC,PIRELLI,384162,225/50R17 94V P7ASRF,3,PIRELLI,5,1091.35,2041100,20411008164,,
33,6314,"ELYRIA, OH",PIRELLI TIRE LLC,PIRELLI,980400521,235/50R18 97V P7AS+3,3,PIRELLI,4,641.96,4223000,42230006314,A,984238161
32,6341,"SUNRISE, FL",PIRELLI TIRE LLC,PIRELLI,980424745,235/55R19X 105V SCWX,3,PIRELLI,4,883.44,4164300,41643006341,,
7,6425,"CASPER, WY",PIRELLI TIRE LLC,PIRELLI,980346590,235/55R19X 105VSAS+3,3,PIRELLI,4,846.08,3919200,39192006425,,
25,6319,"KENTWOOD, MI",PIRELLI TIRE LLC,PIRELLI,980346575,265/70R17 115H SAS+3,3,PIRELLI,8,1603.52,3917700,39177006319,,
40,6352,"HUDSON, NH",PIRELLI TIRE LLC,PIRELLI,984152383,225/45R18X 95YPZAS+3,3,PIRELLI,2,355.12,4083800,40838006352,,
31,4861,"ST PETERSBURG, FL",PIRELLI TIRE LLC,PIRELLI,954135,245/50R20 102V VEAS,3,PIRELLI,2,478.98,2372900,23729004861,,
15,4769,"HOUSTON(WESTPARK), TX",PIRELLI TIRE LLC,PIRELLI,980378982,205/55R16 91H P4PER+,3,PIRELLI,2,219.64,4076900,40769004769,A,980398761
12,4914,San Antonio N TX,PIRELLI TIRE LLC,PIRELLI,980346591,245/55R19X 107HSAS+3,3,PIRELLI,4,776.96,3919300,39193004914,A,980360991
17,8271,"JACKSON, MS",PIRELLI TIRE LLC,PIRELLI,980379001,225/65R16 100TP4PER+,3,PIRELLI,4,511.84,4077900,40779008271,,
13,6336,"TEMPLE, TX",PIRELLI TIRE LLC,PIRELLI,980377208,225/60R17 99T P4PER+,3,PIRELLI,1,151.6,4079200,40792006336,A,980386005
17,4837,"DENHAM SPRINGS, LA",PIRELLI TIRE LLC,PIRELLI,601727,255/55R19X111HVEASRF,3,PIRELLI,2,566.48,2422800,24228004837,,
31,6335,"OCALA, FL",PIRELLI TIRE LLC,PIRELLI,984152374,255/35R19X 96YPZAS+3,3,PIRELLI,2,421.68,4085600,40856006335,,
28,6409,"TUCKER, GA",PIRELLI TIRE LLC,PIRELLI,980100923,245/50R19X 105W P7RF,3,PIRELLI,2,603.66,2671600,26716006409,,
35,6443,"GOLDSBORO, NC",PIRELLI TIRE LLC,PIRELLI,131936,225/45R17 91Y P7,3,PIRELLI,8,1198.4,2288900,22889006443,,
27,6326,"REYNOLDSBURG, OH",PIRELLI TIRE LLC,PIRELLI,980378982,205/55R16 91H P4PER+,3,PIRELLI,3,329.46,4076900,40769006326,A,980398761
29,8202,"SAVANNAH, GA",PIRELLI TIRE LLC,PIRELLI,383764,225/45R17 91H P7 AS,3,PIRELLI,4,628.04,2419600,24196008202,,
23,4740,"SOUTHAVEN, MS",PIRELLI TIRE LLC,PIRELLI,666133,245/40R17 91W P7,3,PIRELLI,1,184.14,2153700,21537004740,,
27,6556,"ST CLAIRSVILLE, OH",PIRELLI TIRE LLC,PIRELLI,980346578,235/60R18 103H SAS+3,3,PIRELLI,1,189.26,3918000,39180006556,,
20,6464,"DES PLAINES, IL",PIRELLI TIRE LLC,PIRELLI,971294,235/35R20X 92Y PZ,3,PIRELLI,3,843.96,2494400,24944006464,,
31,8155,"GAINESVILLE, FL",PIRELLI TIRE LLC,PIRELLI,980346590,235/55R19X 105VSAS+3,3,PIRELLI,4,846.08,3919200,39192008155,A,980378906
34,8228,"WINSTON-SALEM, NC",PIRELLI TIRE LLC,PIRELLI,980346605,275/60R20 115H SAS+3,3,PIRELLI,4,895.64,3920700,39207008228,A,984238165
27,6308,"COLUMBUS(W),OH",PIRELLI TIRE LLC,PIRELLI,971974,235/60R18 103HVEASRF,3,PIRELLI,4,943.92,2489900,24899006308,,
20,8297,"ROCKFORD, IL",PIRELLI TIRE LLC,PIRELLI,980424742,225/60R18 100W SCWX,3,PIRELLI,1,201.77,4164000,41640008297,,
33,6314,"ELYRIA, OH",PIRELLI TIRE LLC,PIRELLI,980377204,215/55R17 94V P4PER+,3,PIRELLI,4,553.36,4077300,40773006314,A,980386004
24,6361,"FT. WALTON BEACH, FL",PIRELLI TIRE LLC,PIRELLI,980403873,235/45R18 94V P7AS+3,3,PIRELLI,4,653.96,4228700,42287006361,,
31,6441,"LAKELAND (N),FL",PIRELLI TIRE LLC,PIRELLI,980346598,245/50R20 102V SAS+3,3,PIRELLI,4,822.48,3920000,39200006441,,
33,6314,"ELYRIA, OH",PIRELLI TIRE LLC,PIRELLI,984152373,245/45R19X102YPZAS+3,3,PIRELLI,1,213.64,4085500,40855006314,,
38,4729,"STERLING, VA",PIRELLI TIRE LLC,PIRELLI,984152377,235/40R18X 95YPZAS+3,3,PIRELLI,4,706.84,4084100,40841004729,,
31,6387,PINELLAS PARK FL,PIRELLI TIRE LLC,PIRELLI,980346589,235/50R19X103V SAS+3,3,PIRELLI,8,1571.44,3919100,39191006387,,
31,4998,"THE VILLAGES, FL",PIRELLI TIRE LLC,PIRELLI,980424762,245/40R20 X99Y CWACT,3,PIRELLI,2,517.98,4166000,41660004998,,
15,4843,PEARLAND TX,PIRELLI TIRE LLC,PIRELLI,980378590,225/55R18 98H P7AS+3,3,PIRELLI,2,300.64,3916200,39162004843,A,980430991
12,4914,San Antonio N TX,PIRELLI TIRE LLC,PIRELLI,207394,285/45R22X 114H VEAS,3,PIRELLI,1,269.12,2347700,23477004914,,
35,6976,WAKE FOREST NC,PIRELLI TIRE LLC,PIRELLI,980140032,275/55R19 111V SZAS,3,PIRELLI,2,544.04,2858100,28581006976,,
10,8224,"WICHITA FALLS, TX",PIRELLI TIRE LLC,PIRELLI,980306447,245/40R18X 97Y P7,3,PIRELLI,4,838.32,3559700,35597008224,,
15,4763,"SUGAR LAND, TX",PIRELLI TIRE LLC,PIRELLI,980346603,275/45R20X110V SAS+3,3,PIRELLI,1,243.86,3920500,39205004763,,
33,6314,"ELYRIA, OH",PIRELLI TIRE LLC,PIRELLI,980377208,225/60R17 99T P4PER+,3,PIRELLI,1,147.77,4079200,40792006314,,
36,8138,"DAYTONA BEACH, FL",PIRELLI TIRE LLC,PIRELLI,775716,255/55R18X109VVERDRF,3,PIRELLI,4,971.96,2298200,22982008138,,
14,6255,"PLANO(N),TX",PIRELLI TIRE LLC,PIRELLI,984152380,255/40R19X100YPZAS+3,3,PIRELLI,4,924.72,4085700,40857006255,,
36,4828,ORLANDO LAKE NONA FL,PIRELLI TIRE LLC,PIRELLI,980004042,245/40R19X 98Y P7 RF,3,PIRELLI,1,318.04,2478700,24787004828,,
27,6326,"REYNOLDSBURG, OH",PIRELLI TIRE LLC,PIRELLI,980377204,215/55R17 94V P4PER+,3,PIRELLI,8,1086.72,4077300,40773006326,A,980386004
24,8236,"GULFPORT, MS",PIRELLI TIRE LLC,PIRELLI,980379035,205/65R16 95T P4PER+,3,PIRELLI,4,499.84,4078700,40787008236,,
12,8227,"SAN ANTONIO (NW), TX",PIRELLI TIRE LLC,PIRELLI,984212394,225/55R18 98H SCWX,3,PIRELLI,4,720.4,4516400,45164008227,,
13,4721,"HOUSTON (W&#39;BROOK), TX",PIRELLI TIRE LLC,PIRELLI,980379037,215/55R16X 97HP4PER+,3,PIRELLI,4,548.72,4077200,40772004721,,
28,8211,"DOUGLASVILLE,GA",PIRELLI TIRE LLC,PIRELLI,980159323,275/40R21X107YPZ4LRF,3,PIRELLI,2,832.1,2751400,27514008211,,
10,6779,MOORE OK,PIRELLI TIRE LLC,PIRELLI,980403873,235/45R18 94V P7AS+3,3,PIRELLI,4,653.96,4228700,42287006779,A,984238160
2,6628,"TORRANCE, CA",PIRELLI TIRE LLC,PIRELLI,980346607,285/45R22X 114HSAS+3,3,PIRELLI,16,3929.44,3920900,39209006628,,
34,4996,"DANVILLE (C), VA",PIRELLI TIRE LLC,PIRELLI,980378602,245/45R20 99V P7AS+3,3,PIRELLI,4,800.92,3917300,39173004996,,
28,8211,"DOUGLASVILLE,GA",PIRELLI TIRE LLC,PIRELLI,980403873,235/45R18 94V P7AS+3,3,PIRELLI,1,163.49,4228700,42287008211,A,984238160
14,4783,"GARLAND, TX",PIRELLI TIRE LLC,PIRELLI,984212394,225/55R18 98H SCWX,3,PIRELLI,4,720.4,4516400,45164004783,,
33,6314,"ELYRIA, OH",PIRELLI TIRE LLC,PIRELLI,980378591,225/45R18X 95VP7AS+3,3,PIRELLI,1,151.94,3916100,39161006314,,
31,6387,PINELLAS PARK FL,PIRELLI TIRE LLC,PIRELLI,980378980,195/65R15 91H P4PER+,3,PIRELLI,4,445.28,4076800,40768006387,A,980385998
31,6403,"BRANDON, FL",PIRELLI TIRE LLC,PIRELLI,980139980,225/45R19X 96HP7ASRF,3,PIRELLI,1,250.96,2745300,27453006403,,
8,6181,PAPILLION NE,PIRELLI TIRE LLC,PIRELLI,980378602,245/45R20 99V P7AS+3,3,PIRELLI,2,396.5,3917300,39173006181,,
23,4740,"SOUTHAVEN, MS",PIRELLI TIRE LLC,PIRELLI,601734,295/45ZR20101YVEASRF,3,PIRELLI,1,485.65,2748000,27480004740,,
38,6371,"WOODBRIDGE, VA",PIRELLI TIRE LLC,PIRELLI,980400517,225/55R17 97V P7AS+3,3,PIRELLI,1,159.26,4222900,42229006371,,
14,8248,"DALLAS (W), TX",PIRELLI TIRE LLC,PIRELLI,980004038,245/40R18X 97Y P7 RF,3,PIRELLI,1,193.35,2714100,27141008248,,
2,6628,"TORRANCE, CA",PIRELLI TIRE LLC,PIRELLI,902899,P245/50R20 102H STR,3,PIRELLI,2,323.78,1993600,19936006628,A,237681
31,6403,"BRANDON, FL",PIRELLI TIRE LLC,PIRELLI,984152389,235/50R18X101WPZAS+3,3,PIRELLI,1,192.24,4084300,40843006403,,
33,6678,"PITTSBURGH, PA",PIRELLI TIRE LLC,PIRELLI,980346598,245/50R20 102V SAS+3,3,PIRELLI,4,822.48,3920000,39200006678,,
9,6505,JEFFERSON CITY MO,PIRELLI TIRE LLC,PIRELLI,980424742,225/60R18 100W SCWX,3,PIRELLI,1,201.77,4164000,41640006505,,
31,4998,"THE VILLAGES, FL",PIRELLI TIRE LLC,PIRELLI,980346579,235/60R18X 107VSAS+3,3,PIRELLI,4,765,3918100,39181004998,A,980360990
38,6653,"GAITHERSBURG, MD",PIRELLI TIRE LLC,PIRELLI,207580,255/40R20X 101Y PZ,3,PIRELLI,4,1176.32,2128900,21289006653,,
15,4843,PEARLAND TX,PIRELLI TIRE LLC,PIRELLI,984152370,225/40R18X 92YPZAS+3,3,PIRELLI,2,319.34,4083700,40837004843,,
9,4870,KANSAS CITY KS,PIRELLI TIRE LLC,PIRELLI,984152372,235/40R19X 96YPZAS+3,3,PIRELLI,4,848.76,4085300,40853004870,,
22,6528,"CINCINNATI, OH",PIRELLI TIRE LLC,PIRELLI,980346573,235/65R17 104H SAS+3,3,PIRELLI,4,697.8,3917500,39175006528,A,980360989
14,6255,"PLANO(N),TX",PIRELLI TIRE LLC,PIRELLI,980015479,265/45R20X 108YSZAS+,3,PIRELLI,2,528.1,2567000,25670006255,,
6,8153,"EL PASO, TX",PIRELLI TIRE LLC,PIRELLI,980400517,225/55R17 97V P7AS+3,3,PIRELLI,2,318.52,4222900,42229008153,,
36,4782,"KISSIMMEE, FL",PIRELLI TIRE LLC,PIRELLI,980346580,235/65R18 106H SAS+3,3,PIRELLI,1,178.12,3918200,39182004782,,
17,4837,"DENHAM SPRINGS, LA",PIRELLI TIRE LLC,PIRELLI,902899,P245/50R20 102H STR,3,PIRELLI,2,323.78,1993600,19936004837,A,237681
35,8218,"FAYETTEVILLE,NC",PIRELLI TIRE LLC,PIRELLI,980173163,255/55R20X 110Y SZAS,3,PIRELLI,1,297.91,3432600,34326008218,,
38,6371,"WOODBRIDGE, VA",PIRELLI TIRE LLC,PIRELLI,971953,235/55R19 101HVEASRF,3,PIRELLI,1,273.54,2489500,24895006371,,
36,8138,"DAYTONA BEACH, FL",PIRELLI TIRE LLC,PIRELLI,980346598,245/50R20 102V SAS+3,3,PIRELLI,5,1007.35,3920000,39200008138,,
1,4768,"RENO, NV",PIRELLI TIRE LLC,PIRELLI,666211,195/55R16 87V P7ASRF,3,PIRELLI,2,357.5,2217200,22172004768,,
26,6666,"CANTON, MI",PIRELLI TIRE LLC,PIRELLI,980058371,275/40R20X106WPZ4LRF,3,PIRELLI,2,609.72,2707200,27072006666,,
35,8218,"FAYETTEVILLE,NC",PIRELLI TIRE LLC,PIRELLI,984204121,255/45R19X104YSZS+3E,3,PIRELLI,7,1871.87,4392700,43927008218,,
40,4774,"SECAUCUS, NJ",PIRELLI TIRE LLC,PIRELLI,980378978,195/60R15 88H P4PER+,3,PIRELLI,8,895.2,4076700,40767004774,,
24,4724,"HOOVER, AL",PIRELLI TIRE LLC,PIRELLI,980346573,235/65R17 104H SAS+3,3,PIRELLI,4,697.8,3917500,39175004724,,
23,4776,"HUNTSVILLE, AL",PIRELLI TIRE LLC,PIRELLI,131873,245/45R18 96Y P7 RF,3,PIRELLI,7,1848.07,2074800,20748004776,,
21,8128,"PEORIA, IL",PIRELLI TIRE LLC,PIRELLI,980346586,265/65R18 114H SAS+3,3,PIRELLI,4,793.72,3918800,39188008128,,
40,6352,"HUDSON, NH",PIRELLI TIRE LLC,PIRELLI,984212391,205/55R16 91V CWACT,3,PIRELLI,1,148.46,4516100,45161006352,,
38,6371,"WOODBRIDGE, VA",PIRELLI TIRE LLC,PIRELLI,980346587,225/55R19 99V SAS+3,3,PIRELLI,1,183.26,3918900,39189006371,A,984223134
9,6418,"WICHITA, KS",PIRELLI TIRE LLC,PIRELLI,984152387,215/45R18X 93WPZAS+3,3,PIRELLI,4,676.72,4083600,40836006418,,
26,6666,"CANTON, MI",PIRELLI TIRE LLC,PIRELLI,980346584,255/65R18 111T SAS+3,3,PIRELLI,4,833.8,3918600,39186006666,,
14,6255,"PLANO(N),TX",PIRELLI TIRE LLC,PIRELLI,980346606,275/50R22 111H SAS+3,3,PIRELLI,4,997.56,3920800,39208006255,A,984238164
34,8228,"WINSTON-SALEM, NC",PIRELLI TIRE LLC,PIRELLI,980346579,235/60R18X 107VSAS+3,3,PIRELLI,2,387.14,3918100,39181008228,,
38,6653,"GAITHERSBURG, MD",PIRELLI TIRE LLC,PIRELLI,984152363,245/40R18X 97YPZAS+3,3,PIRELLI,2,368.8,4084400,40844006653,,
2,6628,"TORRANCE, CA",PIRELLI TIRE LLC,PIRELLI,980159313,245/40R19X 98Y P7 RF,3,PIRELLI,1,338.2,3580000,35800006628,,
26,6454,"SOUTHFIELD, MI",PIRELLI TIRE LLC,PIRELLI,659684,285/45R19X111WVERDRF,3,PIRELLI,2,645.04,2298000,22980006454,,
38,6651,"CATONSVILLE, MD",PIRELLI TIRE LLC,PIRELLI,980378590,225/55R18 98H P7AS+3,3,PIRELLI,4,601.28,3916200,39162006651,,
3,6382,"LAS VEGAS(W),NV",PIRELLI TIRE LLC,PIRELLI,980378581,215/45R17X 91VP7AS+3,3,PIRELLI,1,138.93,3914600,39146006382,,
24,8236,"GULFPORT, MS",PIRELLI TIRE LLC,PIRELLI,980346598,245/50R20 102V SAS+3,3,PIRELLI,1,205.62,3920000,39200008236,,
20,6328,"CICERO, IL",PIRELLI TIRE LLC,PIRELLI,980346576,225/60R18 100H SAS+3,3,PIRELLI,1,158.25,3917800,39178006328,,
39,4722,"WILLIAMSTOWN, NJ",PIRELLI TIRE LLC,PIRELLI,980100923,245/50R19X 105W P7RF,3,PIRELLI,2,603.66,2671600,26716004722,,
33,6314,"ELYRIA, OH",PIRELLI TIRE LLC,PIRELLI,980346590,235/55R19X 105VSAS+3,3,PIRELLI,3,634.56,3919200,39192006314,A,980378906
9,6418,"WICHITA, KS",PIRELLI TIRE LLC,PIRELLI,980346606,275/50R22 111H SAS+3,3,PIRELLI,1,248.89,3920800,39208006418,A,984238164
19,8125,"SAINT LOUIS, MO",PIRELLI TIRE LLC,PIRELLI,980400521,235/50R18 97V P7AS+3,3,PIRELLI,2,320.98,4223000,42230008125,A,984238161
2,6628,"TORRANCE, CA",PIRELLI TIRE LLC,PIRELLI,980424734,235/65R18 106V SCWX,3,PIRELLI,4,816.64,4163100,41631006628,,
20,6331,"KENOSHA, WI",PIRELLI TIRE LLC,PIRELLI,984152363,245/40R18X 97YPZAS+3,3,PIRELLI,2,368.8,4084400,40844006331,,
21,6424,"KOKOMO, IN",PIRELLI TIRE LLC,PIRELLI,980378982,205/55R16 91H P4PER+,3,PIRELLI,1,109.82,4076900,40769006424,A,980398761
39,4722,"WILLIAMSTOWN, NJ",PIRELLI TIRE LLC,PIRELLI,980424741,225/45R18 95Y CWACT,3,PIRELLI,4,770.12,4163900,41639004722,,
31,4772,"SARASOTA, FL",PIRELLI TIRE LLC,PIRELLI,600104,245/50R19X105HP7ASRF,3,PIRELLI,2,700.32,2617700,26177004772,,
38,6653,"GAITHERSBURG, MD",PIRELLI TIRE LLC,PIRELLI,984152372,235/40R19X 96YPZAS+3,3,PIRELLI,4,848.76,4085300,40853006653,,
34,6524,"COLONIAL HEIGHTS, VA",PIRELLI TIRE LLC,PIRELLI,902899,P245/50R20 102H STR,3,PIRELLI,6,971.34,1993600,19936006524,A,237681
28,8158,WOODSTOCK GA,PIRELLI TIRE LLC,PIRELLI,984204121,255/45R19X104YSZS+3E,3,PIRELLI,1,274.9,4392700,43927008158,,
8,4873,LINCOLN NE,PIRELLI TIRE LLC,PIRELLI,984212396,225/65R17 102H SCWX,3,PIRELLI,4,689.92,4515600,45156004873,,
1,6405,"YUBA CITY, CA",PIRELLI TIRE LLC,PIRELLI,980377208,225/60R17 99T P4PER+,3,PIRELLI,2,303.46,4079200,40792006405,,
19,8125,"SAINT LOUIS, MO",PIRELLI TIRE LLC,PIRELLI,980346577,235/55R18X 104VSAS+3,3,PIRELLI,4,763.92,3917900,39179008125,A,980366684
2,6616,"FULLERTON, CA",PIRELLI TIRE LLC,PIRELLI,980346595,275/55R19 111V SAS+3,3,PIRELLI,4,1061.72,3919700,39197006616,,
3,6261,"LAS VEGAS(S),NV",PIRELLI TIRE LLC,PIRELLI,980378599,245/40R19X 98VP7AS+3,3,PIRELLI,1,186.58,3916800,39168006261,,
38,8193,"HAGERSTOWN, MD",PIRELLI TIRE LLC,PIRELLI,980424738,245/40R18X 97Y CWACT,3,PIRELLI,2,475.16,4163600,41636008193,,
31,6387,PINELLAS PARK FL,PIRELLI TIRE LLC,PIRELLI,980379030,205/65R15 94H P4PER+,3,PIRELLI,8,969.52,4078600,40786006387,,
31,6448,"NEW PORT RICHEY, FL",PIRELLI TIRE LLC,PIRELLI,980079280,275/60R20 115T AT+,3,PIRELLI,1,224.23,2722800,27228006448,,
29,6363,"JACKSONVILLE (W), FL",PIRELLI TIRE LLC,PIRELLI,980379035,205/65R16 95T P4PER+,3,PIRELLI,3,374.88,4078700,40787006363,,
15,8190,"LA MARQUE, TX",PIRELLI TIRE LLC,PIRELLI,980387905,275/35R22X 104Y PZ4L,3,PIRELLI,2,751.78,4106300,41063008190,,
22,8136,"DAYTON, OH",PIRELLI TIRE LLC,PIRELLI,980424764,275/40R20X 106YCWACT,3,PIRELLI,4,1019.2,4166200,41662008136,,
35,8283,"COLUMBIA, SC",PIRELLI TIRE LLC,PIRELLI,980346577,235/55R18X 104VSAS+3,3,PIRELLI,4,763.92,3917900,39179008283,,
5,6634,"LONE TREE, CO",PIRELLI TIRE LLC,PIRELLI,980346582,245/60R18 105H SAS+3,3,PIRELLI,4,762.68,3918400,39184006634,,
40,6352,"HUDSON, NH",PIRELLI TIRE LLC,PIRELLI,980346573,235/65R17 104H SAS+3,3,PIRELLI,1,174.45,3917500,39175006352,,
9,8176,"TOPEKA, KS",PIRELLI TIRE LLC,PIRELLI,980346602,265/50R20X111V SAS+3,3,PIRELLI,4,849.64,3920400,39204008176,,
40,6386,"CONCORD, NH",PIRELLI TIRE LLC,PIRELLI,980378591,225/45R18X 95VP7AS+3,3,PIRELLI,4,607.76,3916100,39161006386,,
17,8271,"JACKSON, MS",PIRELLI TIRE LLC,PIRELLI,980346578,235/60R18 103H SAS+3,3,PIRELLI,3,551.67,3918000,39180008271,,
30,6452,"ASHEVILLE, NC",PIRELLI TIRE LLC,PIRELLI,980424751,225/40R19X 93Y CWACT,3,PIRELLI,2,464.64,4164900,41649006452,,
39,6676,"WILLOW GROVE(HATBORO), PA",PIRELLI TIRE LLC,PIRELLI,980346587,225/55R19 99V SAS+3,3,PIRELLI,4,736.96,3918900,39189006676,A,984223134
26,6454,"SOUTHFIELD, MI",PIRELLI TIRE LLC,PIRELLI,980346582,245/60R18 105H SAS+3,3,PIRELLI,1,190.1,3918400,39184006454,,
13,6421,"CONROE, TX",PIRELLI TIRE LLC,PIRELLI,984204117,255/50R20X109YSZAS+3,3,PIRELLI,4,1080.12,4295900,42959006421,,
25,6417,"HOLLAND, MI",PIRELLI TIRE LLC,PIRELLI,980400515,235/55R17 99H P7AS+3,3,PIRELLI,4,642.8,4230100,42301006417,,
20,6228,"VERNON HILLS, IL",PIRELLI TIRE LLC,PIRELLI,980346605,275/60R20 115H SAS+3,3,PIRELLI,4,908,3920700,39207006228,,
19,4999,"QUINCY, IL",PIRELLI TIRE LLC,PIRELLI,980346587,225/55R19 99V SAS+3,3,PIRELLI,4,750.84,3918900,39189004999,,
39,6670,"DEPTFORD, NJ",PIRELLI TIRE LLC,PIRELLI,980100923,245/50R19X 105W P7RF,3,PIRELLI,2,603.66,2671600,26716006670,,
30,6540,"CHARLOTTE, NC",PIRELLI TIRE LLC,PIRELLI,980378593,225/50R18 95V P7AS+3,3,PIRELLI,4,676.76,3952300,39523006540,,
23,4740,"SOUTHAVEN, MS",PIRELLI TIRE LLC,PIRELLI,980346604,275/55R20X117H SAS+3,3,PIRELLI,4,880.96,3920600,39206004740,,
17,4837,"DENHAM SPRINGS, LA",PIRELLI TIRE LLC,PIRELLI,984212391,205/55R16 91V CWACT,3,PIRELLI,1,148.46,4516100,45161004837,,
5,6634,"LONE TREE, CO",PIRELLI TIRE LLC,PIRELLI,980400515,235/55R17 99H P7AS+3,3,PIRELLI,2,314.32,4230100,42301006634,,
38,8193,"HAGERSTOWN, MD",PIRELLI TIRE LLC,PIRELLI,980346582,245/60R18 105H SAS+3,3,PIRELLI,5,953.35,3918400,39184008193,A,980367194
9,6247,KANSAS CITY LIBERTY MO,PIRELLI TIRE LLC,PIRELLI,980424768,285/45R22X 114H SCWX,3,PIRELLI,8,2194.8,4166600,41666006247,,
24,8213,"COLUMBUS, GA",PIRELLI TIRE LLC,PIRELLI,980346582,245/60R18 105H SAS+3,3,PIRELLI,4,762.68,3918400,39184008213,A,980367194
7,6430,"CHEYENNE, WY",PIRELLI TIRE LLC,PIRELLI,869096,295/40ZR21X 111Y PZ,3,PIRELLI,4,1284.76,2667900,26679006430,,
28,6643,CLAIRMONT GA,PIRELLI TIRE LLC,PIRELLI,980122069,225/40R20X 94YPZ4LRF,3,PIRELLI,2,692.16,2750500,27505006643,,
23,8292,"MEMPHIS (E), TN",PIRELLI TIRE LLC,PIRELLI,980379027,205/55R16 91T P4PER+,3,PIRELLI,1,113.43,4078500,40785008292,,
2,6616,"FULLERTON, CA",PIRELLI TIRE LLC,PIRELLI,980197616,215/45R17X 91W P7,3,PIRELLI,1,155.98,2761300,27613006616,,
39,4994,MECHANICSBURG PA,PIRELLI TIRE LLC,PIRELLI,980400521,235/50R18 97V P7AS+3,3,PIRELLI,4,635.56,4223000,42230004994,,
34,6524,"COLONIAL HEIGHTS, VA",PIRELLI TIRE LLC,PIRELLI,984212389,235/45R18X 98W CWACT,3,PIRELLI,4,790.64,4515800,45158006524,,
8,6514,"WATERLOO, IA",PIRELLI TIRE LLC,PIRELLI,980100923,245/50R19X 105W P7RF,3,PIRELLI,2,603.66,2671600,26716006514,,
15,8281,"HOUSTON (E), TX",PIRELLI TIRE LLC,PIRELLI,370972,P275/55R20 111H STR,3,PIRELLI,4,740.6,1555300,15553008281,A,31131
28,4802,"HIRAM, GA",PIRELLI TIRE LLC,PIRELLI,384162,225/50R17 94V P7ASRF,3,PIRELLI,3,661.29,2041100,20411004802,,
5,4745,"THORNTON, CO",PIRELLI TIRE LLC,PIRELLI,980378999,225/55R17 97T P4PER+,3,PIRELLI,1,157.83,4077800,40778004745,,
13,6259,"ROUND ROCK, TX",PIRELLI TIRE LLC,PIRELLI,980375367,215/50R17X 95VP4PER+,3,PIRELLI,1,143.73,4077100,40771006259,,
23,4776,"HUNTSVILLE, AL",PIRELLI TIRE LLC,PIRELLI,657521,255/50R19X107WVERDRF,3,PIRELLI,2,607.72,2298100,22981004776,,
29,6506,"ALBANY, GA",PIRELLI TIRE LLC,PIRELLI,980346607,285/45R22X 114HSAS+3,3,PIRELLI,4,920.88,3920900,39209006506,A,980367893
40,4774,"SECAUCUS, NJ",PIRELLI TIRE LLC,PIRELLI,980079281,275/55R20 113T AT+,3,PIRELLI,1,214.43,2722900,27229004774,,
28,4780,"BUFORD, GA",PIRELLI TIRE LLC,PIRELLI,385275,225/55R17 97Y P7 RF,3,PIRELLI,2,465.42,1951500,19515004780,,
33,4952,"TARENTUM, PA",PIRELLI TIRE LLC,PIRELLI,980003999,205/60R16 92V P7,3,PIRELLI,1,158.57,2706800,27068004952,,
24,4817,"SAM&#39;S TRUSSVILLE , AL",PIRELLI TIRE LLC,PIRELLI,980378982,205/55R16 91H P4PER+,3,PIRELLI,4,439.28,4076900,40769004817,A,980398761
35,6976,WAKE FOREST NC,PIRELLI TIRE LLC,PIRELLI,980346577,235/55R18X 104VSAS+3,3,PIRELLI,3,572.94,3917900,39179006976,,
3,6382,"LAS VEGAS(W),NV",PIRELLI TIRE LLC,PIRELLI,980090863,225/65R17 102H AT+,3,PIRELLI,1,165.82,2724900,27249006382,,
37,6322,"BOARDMAN, OH",PIRELLI TIRE LLC,PIRELLI,980378593,225/50R18 95V P7AS+3,3,PIRELLI,1,156.47,3952300,39523006322,,
24,6435,"TUSCALOOSA, AL",PIRELLI TIRE LLC,PIRELLI,980378995,225/50R17 94V P4PER+,3,PIRELLI,4,568.24,4077600,40776006435,,
14,8248,"DALLAS (W), TX",PIRELLI TIRE LLC,PIRELLI,980079281,275/55R20 113T AT+,3,PIRELLI,4,857.72,2722900,27229008248,A,980079675
27,8256,"KNOXVILLE, TN",PIRELLI TIRE LLC,PIRELLI,980403872,225/60R17 99V P7AS+3,3,PIRELLI,4,603.28,4223100,42231008256,,
23,4776,"HUNTSVILLE, AL",PIRELLI TIRE LLC,PIRELLI,980378995,225/50R17 94V P4PER+,3,PIRELLI,1,142.06,4077600,40776004776,A,980390885
6,8270,"LUBBOCK, TX",PIRELLI TIRE LLC,PIRELLI,980079282,265/70R17 115T AT+,3,PIRELLI,4,753,2722000,27220008270,,
31,6403,"BRANDON, FL",PIRELLI TIRE LLC,PIRELLI,980346607,285/45R22X 114HSAS+3,3,PIRELLI,5,1227.95,3920900,39209006403,A,980367893
6,4938,"ALBUQUERQUE (CENTRAL), NM",PIRELLI TIRE LLC,PIRELLI,980389900,265/70R17 115T ATR,3,PIRELLI,4,737.4,4128600,41286004938,,
2,6626,"SOUTHGATE, CA",PIRELLI TIRE LLC,PIRELLI,984152373,245/45R19X102YPZAS+3,3,PIRELLI,4,866.8,4085500,40855006626,,
1,4819,"BAKERSFIELD (SW), CA",PIRELLI TIRE LLC,PIRELLI,980079283,275/65R18 116T AT+,3,PIRELLI,4,910.08,2722700,27227004819,,
28,8158,WOODSTOCK GA,PIRELLI TIRE LLC,PIRELLI,980377208,225/60R17 99T P4PER+,3,PIRELLI,1,151.6,4079200,40792008158,,
27,6407,"MANSFIELD, OH",PIRELLI TIRE LLC,PIRELLI,980400521,235/50R18 97V P7AS+3,3,PIRELLI,8,1259.28,4223000,42230006407,A,984238161
19,6449,"PADUCAH, KY",PIRELLI TIRE LLC,PIRELLI,980346598,245/50R20 102V SAS+3,3,PIRELLI,5,1028.1,3920000,39200006449,,
9,8176,"TOPEKA, KS",PIRELLI TIRE LLC,PIRELLI,980346576,225/60R18 100H SAS+3,3,PIRELLI,4,633,3917800,39178008176,,
29,8116,"JACKSONVILLE,FL",PIRELLI TIRE LLC,PIRELLI,980424752,255/55R19X 111W SCWX,3,PIRELLI,1,211.41,4165000,41650008116,,
24,6361,"FT. WALTON BEACH, FL",PIRELLI TIRE LLC,PIRELLI,980400520,225/45R17X 94HP7AS+3,3,PIRELLI,1,145.56,4226600,42266006361,A,980400559
8,6181,PAPILLION NE,PIRELLI TIRE LLC,PIRELLI,980378591,225/45R18X 95VP7AS+3,3,PIRELLI,4,589.52,3916100,39161006181,A,984238159
38,6371,"WOODBRIDGE, VA",PIRELLI TIRE LLC,PIRELLI,980377204,215/55R17 94V P4PER+,3,PIRELLI,8,1086.72,4077300,40773006371,A,980386004
24,8236,"GULFPORT, MS",PIRELLI TIRE LLC,PIRELLI,370972,P275/55R20 111H STR,3,PIRELLI,3,555.45,1555300,15553008236,A,31131
29,4879,AIKEN SC,PIRELLI TIRE LLC,PIRELLI,971148,275/40ZR19 101Y PZ,3,PIRELLI,1,315.33,2648100,26481004879,,
20,6464,"DES PLAINES, IL",PIRELLI TIRE LLC,PIRELLI,980089165,225/60R18X104HP7ASRF,3,PIRELLI,4,959.84,2617600,26176006464,,
39,6330,"DOVER, DE",PIRELLI TIRE LLC,PIRELLI,980346598,245/50R20 102V SAS+3,3,PIRELLI,4,822.48,3920000,39200006330,,
10,8224,"WICHITA FALLS, TX",PIRELLI TIRE LLC,PIRELLI,980173170,315/40R21 111H SZAS,3,PIRELLI,1,365.32,2711200,27112008224,,
38,6653,"GAITHERSBURG, MD",PIRELLI TIRE LLC,PIRELLI,980378990,215/60R16 95V P4PER+,3,PIRELLI,2,249.04,4077400,40774006653,A,980395025
11,4905,"DENTON, TX",PIRELLI TIRE LLC,PIRELLI,360211,245/45ZR20X 103Y PZ,3,PIRELLI,2,493.14,1791700,17917004905,,
31,8155,"GAINESVILLE, FL",PIRELLI TIRE LLC,PIRELLI,980346605,275/60R20 115H SAS+3,3,PIRELLI,1,225.76,3920700,39207008155,A,984238165
34,8228,"WINSTON-SALEM, NC",PIRELLI TIRE LLC,PIRELLI,980403873,235/45R18 94V P7AS+3,3,PIRELLI,4,653.96,4228700,42287008228,A,984238160
31,6441,"LAKELAND (N),FL",PIRELLI TIRE LLC,PIRELLI,377388,255/60R18X 112V SZ,3,PIRELLI,1,196.09,1780300,17803006441,,
32,6341,"SUNRISE, FL",PIRELLI TIRE LLC,PIRELLI,980346602,265/50R20X111V SAS+3,3,PIRELLI,4,851.36,3920400,39204006341,,
16,4808,SPRINGDALE AR,PIRELLI TIRE LLC,PIRELLI,980346572,225/65R17 102H SAS+3,3,PIRELLI,4,601.8,3917400,39174004808,A,980362316
40,6581,"SCRANTON, PA",PIRELLI TIRE LLC,PIRELLI,980090864,265/60R18 110H AT+,3,PIRELLI,7,1472.24,2725300,27253006581,,
29,6363,"JACKSONVILLE (W), FL",PIRELLI TIRE LLC,PIRELLI,980378982,205/55R16 91H P4PER+,3,PIRELLI,2,219.64,4076900,40769006363,A,980398761
15,4712,"HOUSTON(MEM), TX",PIRELLI TIRE LLC,PIRELLI,980079280,275/60R20 115T AT+,3,PIRELLI,4,896.92,2722800,27228004712,,
24,8236,"GULFPORT, MS",PIRELLI TIRE LLC,PIRELLI,984204107,295/40R21X111YSZAS+3,3,PIRELLI,4,1344.68,4086800,40868008236,,
38,6653,"GAITHERSBURG, MD",PIRELLI TIRE LLC,PIRELLI,207490,275/50R20 109H VEAS,3,PIRELLI,1,296.34,2154200,21542006653,,
3,6382,"LAS VEGAS(W),NV",PIRELLI TIRE LLC,PIRELLI,980378582,215/50R17X 95VP7AS+3,3,PIRELLI,1,147.27,3914700,39147006382,,
38,8161,"YORK, PA",PIRELLI TIRE LLC,PIRELLI,980346587,225/55R19 99V SAS+3,3,PIRELLI,4,736.96,3918900,39189008161,A,984223134
39,6670,"DEPTFORD, NJ",PIRELLI TIRE LLC,PIRELLI,980090853,245/70R16X 111T AT+,3,PIRELLI,4,719.12,2721400,27214006670,,
21,6489,"CALUMET CITY, IL",PIRELLI TIRE LLC,PIRELLI,984152367,275/40R20X106YPZAS+3,3,PIRELLI,2,482.26,4086300,40863006489,,
9,4920,"SAINT JOSEPH, MO",PIRELLI TIRE LLC,PIRELLI,980090867,LT275/70R18E AT+,3,PIRELLI,4,963.12,2726400,27264004920,,
11,8210,"FORT WORTH, TX",PIRELLI TIRE LLC,PIRELLI,980346588,235/45R19 95H SAS+3,3,PIRELLI,1,182.65,3919000,39190008210,,
35,6976,WAKE FOREST NC,PIRELLI TIRE LLC,PIRELLI,980400520,225/45R17X 94HP7AS+3,3,PIRELLI,2,291.12,4226600,42266006976,,
32,6341,"SUNRISE, FL",PIRELLI TIRE LLC,PIRELLI,828362,285/45R20X 112Y VERD,3,PIRELLI,1,339.75,2323200,23232006341,,
8,6472,"COUNCIL BLUFFS, IA",PIRELLI TIRE LLC,PIRELLI,980346587,225/55R19 99V SAS+3,3,PIRELLI,4,736.96,3918900,39189006472,,
36,4828,ORLANDO LAKE NONA FL,PIRELLI TIRE LLC,PIRELLI,980079282,265/70R17 115T AT+,3,PIRELLI,4,753,2722000,27220004828,,
35,6570,"RALEIGH, NC",PIRELLI TIRE LLC,PIRELLI,980379036,225/60R16 98T P4PER+,3,PIRELLI,1,129.94,4079100,40791006570,,
13,6245,Harker Heights TX,PIRELLI TIRE LLC,PIRELLI,980079280,275/60R20 115T AT+,3,PIRELLI,8,1793.84,2722800,27228006245,A,980079674
34,6458,"LYNCHBURG, VA",PIRELLI TIRE LLC,PIRELLI,980079280,275/60R20 115T AT+,3,PIRELLI,1,224.23,2722800,27228006458,,
2,6616,"FULLERTON, CA",PIRELLI TIRE LLC,PIRELLI,980346583,255/55R18X109V SAS+3,3,PIRELLI,2,408.26,3918500,39185006616,,
9,8176,"TOPEKA, KS",PIRELLI TIRE LLC,PIRELLI,980378579,205/50R17X 93HP7AS+3,3,PIRELLI,6,927.78,3914400,39144008176,,
38,6371,"WOODBRIDGE, VA",PIRELLI TIRE LLC,PIRELLI,980346572,225/65R17 102H SAS+3,3,PIRELLI,1,150.45,3917400,39174006371,A,980362316
2,4709,"CORONA, CA",PIRELLI TIRE LLC,PIRELLI,980378995,225/50R17 94V P4PER+,3,PIRELLI,4,568.24,4077600,40776004709,A,980390885
34,6524,"COLONIAL HEIGHTS, VA",PIRELLI TIRE LLC,PIRELLI,980403873,235/45R18 94V P7AS+3,3,PIRELLI,8,1323.84,4228700,42287006524,A,984238160
30,6452,"ASHEVILLE, NC",PIRELLI TIRE LLC,PIRELLI,980424750,255/35R19X 96Y CWACT,3,PIRELLI,2,485.8,4164800,41648006452,,
11,6244,"FORT WORTH, TX",PIRELLI TIRE LLC,PIRELLI,980378982,205/55R16 91H P4PER+,3,PIRELLI,8,878.56,4076900,40769006244,A,980398761
6,8280,EL PASO TX,PIRELLI TIRE LLC,PIRELLI,370868,P255/70R18 112H STR,3,PIRELLI,4,818.04,1625500,16255008280,,
38,6357,"ANNAPOLIS, MD",PIRELLI TIRE LLC,PIRELLI,980378602,245/45R20 99V P7AS+3,3,PIRELLI,2,396.5,3917300,39173006357,,
13,6421,"CONROE, TX",PIRELLI TIRE LLC,PIRELLI,980346607,285/45R22X 114HSAS+3,3,PIRELLI,1,245.59,3920900,39209006421,,
11,6244,"FORT WORTH, TX",PIRELLI TIRE LLC,PIRELLI,980089165,225/60R18X104HP7ASRF,3,PIRELLI,4,995.88,2617600,26176006244,,
19,8125,"SAINT LOUIS, MO",PIRELLI TIRE LLC,PIRELLI,980079280,275/60R20 115T AT+,3,PIRELLI,5,1121.15,2722800,27228008125,,
26,6659,"MADISON HEIGHTS, MI",PIRELLI TIRE LLC,PIRELLI,980346596,235/55R20 102H SAS+3,3,PIRELLI,4,791,3919800,39198006659,,
5,6634,"LONE TREE, CO",PIRELLI TIRE LLC,PIRELLI,902899,P245/50R20 102H STR,3,PIRELLI,4,647.56,1993600,19936006634,A,237681
30,6463,"ANDERSON, SC",PIRELLI TIRE LLC,PIRELLI,980346590,235/55R19X 105VSAS+3,3,PIRELLI,4,850.32,3919200,39192006463,A,980378906
2,4735,"LA HABRA, CA",PIRELLI TIRE LLC,PIRELLI,980378982,205/55R16 91H P4PER+,3,PIRELLI,4,439.84,4076900,40769004735,A,980398761
13,6245,Harker Heights TX,PIRELLI TIRE LLC,PIRELLI,980379035,205/65R16 95T P4PER+,3,PIRELLI,4,499.84,4078700,40787006245,,
8,6514,"WATERLOO, IA",PIRELLI TIRE LLC,PIRELLI,980346573,235/65R17 104H SAS+3,3,PIRELLI,4,697.8,3917500,39175006514,,
5,6634,"LONE TREE, CO",PIRELLI TIRE LLC,PIRELLI,980403872,225/60R17 99V P7AS+3,3,PIRELLI,4,559.16,4223100,42231006634,,
21,6489,"CALUMET CITY, IL",PIRELLI TIRE LLC,PIRELLI,980378599,245/40R19X 98VP7AS+3,3,PIRELLI,1,186.58,3916800,39168006489,,
38,8193,"HAGERSTOWN, MD",PIRELLI TIRE LLC,PIRELLI,980424741,225/45R18 95Y CWACT,3,PIRELLI,2,385.06,4163900,41639008193,,
33,6679,"WEST MIFFLIN,PA",PIRELLI TIRE LLC,PIRELLI,980378599,245/40R19X 98VP7AS+3,3,PIRELLI,4,746.32,3916800,39168006679,,
6,8280,EL PASO TX,PIRELLI TIRE LLC,PIRELLI,902899,P245/50R20 102H STR,3,PIRELLI,4,647.56,1993600,19936008280,A,237681
2,6626,"SOUTHGATE, CA",PIRELLI TIRE LLC,PIRELLI,980378591,225/45R18X 95VP7AS+3,3,PIRELLI,4,607.76,3916100,39161006626,,
35,6570,"RALEIGH, NC",PIRELLI TIRE LLC,PIRELLI,980346603,275/45R20X110V SAS+3,3,PIRELLI,2,487.72,3920500,39205006570,,
25,6313,"FT. WAYNE, IN",PIRELLI TIRE LLC,PIRELLI,980424757,275/55R20 113H SCWX,3,PIRELLI,8,2070.88,4165500,41655006313,,
14,6255,"PLANO(N),TX",PIRELLI TIRE LLC,PIRELLI,984204104,265/45R20X108YSZAS+3,3,PIRELLI,2,583.14,4086500,40865006255,,
31,6441,"LAKELAND (N),FL",PIRELLI TIRE LLC,PIRELLI,131901,225/50R18 95W P7 RF,3,PIRELLI,4,1051.72,2245600,22456006441,,
24,4989,"AUBURN, AL",PIRELLI TIRE LLC,PIRELLI,980346578,235/60R18 103H SAS+3,3,PIRELLI,1,182.37,3918000,39180004989,,
14,4783,"GARLAND, TX",PIRELLI TIRE LLC,PIRELLI,980346600,255/55R20X110H SAS+3,3,PIRELLI,4,789.12,3920200,39202004783,,
28,4789,"SHARPSBURG, GA",PIRELLI TIRE LLC,PIRELLI,902943,P245/45ZR19 98W NAS,3,PIRELLI,2,443.46,1712400,17124004789,,
39,6670,"DEPTFORD, NJ",PIRELLI TIRE LLC,PIRELLI,984152381,225/45R19X 96YPZAS+3,3,PIRELLI,4,805,4085100,40851006670,,
24,8213,"COLUMBUS, GA",PIRELLI TIRE LLC,PIRELLI,980378980,195/65R15 91H P4PER+,3,PIRELLI,2,222.64,4076800,40768008213,A,980385998
35,6976,WAKE FOREST NC,PIRELLI TIRE LLC,PIRELLI,384482,225/50R17 94W P7 RF,3,PIRELLI,4,847.72,2028000,20280006976,,
27,6326,"REYNOLDSBURG, OH",PIRELLI TIRE LLC,PIRELLI,980090859,LT285/70R17D AT+,3,PIRELLI,6,1647.72,2723600,27236006326,,
40,8186,"SCARBOROUGH, ME",PIRELLI TIRE LLC,PIRELLI,984152384,235/45R18X 98YPZAS+3,3,PIRELLI,8,1484.64,4084200,40842008186,,
38,6653,"GAITHERSBURG, MD",PIRELLI TIRE LLC,PIRELLI,980346588,235/45R19 95H SAS+3,3,PIRELLI,4,769.04,3919000,39190006653,,
18,4787,"MINNEAPOLIS, MN",PIRELLI TIRE LLC,PIRELLI,980079281,275/55R20 113T AT+,3,PIRELLI,4,857.72,2722900,27229004787,,
14,8248,"DALLAS (W), TX",PIRELLI TIRE LLC,PIRELLI,980379030,205/65R15 94H P4PER+,3,PIRELLI,4,484.76,4078600,40786008248,,
33,8189,"CLARKSBURG, WV",PIRELLI TIRE LLC,PIRELLI,984152368,245/45R20X103YPZAS+3,3,PIRELLI,4,910.72,4086100,40861008189,,
31,4998,"THE VILLAGES, FL",PIRELLI TIRE LLC,PIRELLI,980377207,215/65R16 98T P4PER+,3,PIRELLI,4,478.76,4079000,40790004998,,
35,6443,"GOLDSBORO, NC",PIRELLI TIRE LLC,PIRELLI,980424763,255/55R20X 110V SCWX,3,PIRELLI,3,704.52,4166100,41661006443,,
2,6628,"TORRANCE, CA",PIRELLI TIRE LLC,PIRELLI,980400517,225/55R17 97V P7AS+3,3,PIRELLI,1,159.26,4222900,42229006628,,
38,8193,"HAGERSTOWN, MD",PIRELLI TIRE LLC,PIRELLI,980100741,275/50R19X 112V VEAS,3,PIRELLI,2,665.8,2604000,26040008193,,
38,6653,"GAITHERSBURG, MD",PIRELLI TIRE LLC,PIRELLI,980346590,235/55R19X 105VSAS+3,3,PIRELLI,4,846.08,3919200,39192006653,A,980378906
33,4952,"TARENTUM, PA",PIRELLI TIRE LLC,PIRELLI,980192580,245/50R20 102V SZAS,3,PIRELLI,3,714.27,2884900,28849004952,,
5,6634,"LONE TREE, CO",PIRELLI TIRE LLC,PIRELLI,601720,275/35R21X 103V SZ3,3,PIRELLI,1,434.78,2522700,25227006634,,
32,4991,"COCOA, FL",PIRELLI TIRE LLC,PIRELLI,980346607,285/45R22X 114HSAS+3,3,PIRELLI,4,982.36,3920900,39209004991,A,980367893
33,4936,"GRANVILLE, WV",PIRELLI TIRE LLC,PIRELLI,980378590,225/55R18 98H P7AS+3,3,PIRELLI,12,1803.84,3916200,39162004936,A,980430991
35,6216,"WINTERVILLE, NC",PIRELLI TIRE LLC,PIRELLI,980346582,245/60R18 105H SAS+3,3,PIRELLI,4,762.68,3918400,39184006216,,
8,4873,LINCOLN NE,PIRELLI TIRE LLC,PIRELLI,984204116,315/35R20X110YSZAS+3,3,PIRELLI,1,298.56,4295800,42958004873,,
1,6621,"ROSEVILLE, CA",PIRELLI TIRE LLC,PIRELLI,980378582,215/50R17X 95VP7AS+3,3,PIRELLI,1,147.27,3914700,39147006621,,
2,6626,"SOUTHGATE, CA",PIRELLI TIRE LLC,PIRELLI,980378597,235/40R19X 96VP7AS+3,3,PIRELLI,4,785.76,3916700,39167006626,A,980380223
15,8274,"HOUSTON (NW),TX",PIRELLI TIRE LLC,PIRELLI,980346589,235/50R19X103V SAS+3,3,PIRELLI,4,785.72,3919100,39191008274,,
38,6653,"GAITHERSBURG, MD",PIRELLI TIRE LLC,PIRELLI,902899,P245/50R20 102H STR,3,PIRELLI,2,323.78,1993600,19936006653,A,237681
32,8130,"FORT MYERS, FL",PIRELLI TIRE LLC,PIRELLI,980346602,265/50R20X111V SAS+3,3,PIRELLI,4,849.64,3920400,39204008130,,
29,8253,"JACKSONVILLE(N), FL",PIRELLI TIRE LLC,PIRELLI,980346591,245/55R19X 107HSAS+3,3,PIRELLI,4,790.96,3919300,39193008253,,
4,4829,GILBERT (E) AZ,PIRELLI TIRE LLC,PIRELLI,980346573,235/65R17 104H SAS+3,3,PIRELLI,2,348.9,3917500,39175004829,A,980360989
1,4768,"RENO, NV",PIRELLI TIRE LLC,PIRELLI,984204123,275/45R20X110YSZS+3E,3,PIRELLI,2,604.08,4392900,43929004768,,
2,6616,"FULLERTON, CA",PIRELLI TIRE LLC,PIRELLI,980015442,225/50R17X 98Y P7,3,PIRELLI,4,673.48,2417900,24179006616,,
21,6424,"KOKOMO, IN",PIRELLI TIRE LLC,PIRELLI,980378999,225/55R17 97T P4PER+,3,PIRELLI,4,631.32,4077800,40778006424,,
25,6661,"PORTAGE, MI",PIRELLI TIRE LLC,PIRELLI,980079283,275/65R18 116T AT+,3,PIRELLI,1,219.38,2722700,27227006661,,
6,8153,"EL PASO, TX",PIRELLI TIRE LLC,PIRELLI,980375367,215/50R17X 95VP4PER+,3,PIRELLI,1,143.73,4077100,40771008153,A,980375475
35,6443,"GOLDSBORO, NC",PIRELLI TIRE LLC,PIRELLI,980378581,215/45R17X 91VP7AS+3,3,PIRELLI,8,1110.32,3914600,39146006443,,
33,4847,GREENSBURG PA,PIRELLI TIRE LLC,PIRELLI,984212388,235/40R19X 96W CWACT,3,PIRELLI,1,220.77,4515700,45157004847,,
16,8104,"LITTLE ROCK, AR",PIRELLI TIRE LLC,PIRELLI,984152363,245/40R18X 97YPZAS+3,3,PIRELLI,1,184.4,4084400,40844008104,,
28,6643,CLAIRMONT GA,PIRELLI TIRE LLC,PIRELLI,980378597,235/40R19X 96VP7AS+3,3,PIRELLI,4,785.76,3916700,39167006643,,
15,4843,PEARLAND TX,PIRELLI TIRE LLC,PIRELLI,980346590,235/55R19X 105VSAS+3,3,PIRELLI,1,211.52,3919200,39192004843,A,980378906
26,6657,"NOVI, MI",PIRELLI TIRE LLC,PIRELLI,971953,235/55R19 101HVEASRF,3,PIRELLI,4,1064.36,2489500,24895006657,,
16,4985,"SPRINGFIELD (S), MO",PIRELLI TIRE LLC,PIRELLI,368822,275/45R21X 110Y VEAS,3,PIRELLI,1,342.14,2166800,21668004985,,
38,6653,"GAITHERSBURG, MD",PIRELLI TIRE LLC,PIRELLI,984152379,255/35R18X 94YPZAS+3,3,PIRELLI,2,430,4084700,40847006653,,
31,4801,"RIVERVIEW, FL",PIRELLI TIRE LLC,PIRELLI,980004020,255/45R20 101WVERDRF,3,PIRELLI,1,377.36,2789300,27893004801,,
28,8158,WOODSTOCK GA,PIRELLI TIRE LLC,PIRELLI,360176,255/40R20X 101W PZ,3,PIRELLI,4,1172.2,1767400,17674008158,,
32,6217,"MIAMI, FL",PIRELLI TIRE LLC,PIRELLI,954135,245/50R20 102V VEAS,3,PIRELLI,4,957.96,2372900,23729006217,,
31,6387,PINELLAS PARK FL,PIRELLI TIRE LLC,PIRELLI,980090854,255/70R16 111T AT+,3,PIRELLI,2,396.44,2721600,27216006387,,
8,6181,PAPILLION NE,PIRELLI TIRE LLC,PIRELLI,984152368,245/45R20X103YPZAS+3,3,PIRELLI,4,910.72,4086100,40861006181,,
32,6341,"SUNRISE, FL",PIRELLI TIRE LLC,PIRELLI,980379030,205/65R15 94H P4PER+,3,PIRELLI,4,484.76,4078600,40786006341,,
9,6418,"WICHITA, KS",PIRELLI TIRE LLC,PIRELLI,984152384,235/45R18X 98YPZAS+3,3,PIRELLI,2,373.4,4084200,40842006418,,
2,6628,"TORRANCE, CA",PIRELLI TIRE LLC,PIRELLI,132023,245/40R18 93H P7 AS,3,PIRELLI,2,432.9,2220400,22204006628,,
5,4816,"AURORA (SE), CO",PIRELLI TIRE LLC,PIRELLI,980346582,245/60R18 105H SAS+3,3,PIRELLI,4,762.68,3918400,39184004816,,
14,4783,"GARLAND, TX",PIRELLI TIRE LLC,PIRELLI,971974,235/60R18 103HVEASRF,3,PIRELLI,2,471.96,2489900,24899004783,,
23,8112,"CHATTANOOGA, TN",PIRELLI TIRE LLC,PIRELLI,980346605,275/60R20 115H SAS+3,3,PIRELLI,2,441.64,3920700,39207008112,,
31,4861,"ST PETERSBURG, FL",PIRELLI TIRE LLC,PIRELLI,980378591,225/45R18X 95VP7AS+3,3,PIRELLI,4,589.52,3916100,39161004861,,
2,6628,"TORRANCE, CA",PIRELLI TIRE LLC,PIRELLI,980379011,185/60R15 84T P4PER+,3,PIRELLI,3,338.07,4078200,40782006628,,
6,6246,EL PASO TX,PIRELLI TIRE LLC,PIRELLI,980379011,185/60R15 84T P4PER+,3,PIRELLI,2,225.38,4078200,40782006246,,
31,4998,"THE VILLAGES, FL",PIRELLI TIRE LLC,PIRELLI,384162,225/50R17 94V P7ASRF,3,PIRELLI,2,440.86,2041100,20411004998,,
13,8245,"HOUSTON (N), TX",PIRELLI TIRE LLC,PIRELLI,980346588,235/45R19 95H SAS+3,3,PIRELLI,1,192.26,3919000,39190008245,,
28,8158,WOODSTOCK GA,PIRELLI TIRE LLC,PIRELLI,980346578,235/60R18 103H SAS+3,3,PIRELLI,4,754.28,3918000,39180008158,,
21,4926,COLUMBUS IN,PIRELLI TIRE LLC,PIRELLI,491257,265/40R21X 105V VEAS,3,PIRELLI,1,271.62,2390800,23908004926,,
29,8202,"SAVANNAH, GA",PIRELLI TIRE LLC,PIRELLI,980346599,255/50R20X109V SAS+3,3,PIRELLI,1,211.72,3920100,39201008202,,
26,6666,"CANTON, MI",PIRELLI TIRE LLC,PIRELLI,980346578,235/60R18 103H SAS+3,3,PIRELLI,4,748.88,3918000,39180006666,,
38,6371,"WOODBRIDGE, VA",PIRELLI TIRE LLC,PIRELLI,980346579,235/60R18X 107VSAS+3,3,PIRELLI,4,774.28,3918100,39181006371,A,980360990
21,8215,"SPRINGFIELD, IL",PIRELLI TIRE LLC,PIRELLI,980346608,245/60R20 107H SAS+3,3,PIRELLI,4,834.12,3952200,39522008215,,
24,4817,"SAM&#39;S TRUSSVILLE , AL",PIRELLI TIRE LLC,PIRELLI,980346590,235/55R19X 105VSAS+3,3,PIRELLI,4,846.08,3919200,39192004817,A,980378906
40,6423,"MIDDLETOWN, NY",PIRELLI TIRE LLC,PIRELLI,980378582,215/50R17X 95VP7AS+3,3,PIRELLI,4,589.08,3914700,39147006423,,
6,8153,"EL PASO, TX",PIRELLI TIRE LLC,PIRELLI,980346577,235/55R18X 104VSAS+3,3,PIRELLI,1,190.98,3917900,39179008153,A,980366684
14,6422,"LONGVIEW, TX",PIRELLI TIRE LLC,PIRELLI,980079281,275/55R20 113T AT+,3,PIRELLI,4,857.72,2722900,27229006422,A,980079675
5,6379,"GREAT FALLS, MT",PIRELLI TIRE LLC,PIRELLI,984212389,235/45R18X 98W CWACT,3,PIRELLI,4,790.64,4515800,45158006379,,
34,8228,"WINSTON-SALEM, NC",PIRELLI TIRE LLC,PIRELLI,980424742,225/60R18 100W SCWX,3,PIRELLI,4,807.08,4164000,41640008228,,
33,6404,"FAIRLAWN, OH",PIRELLI TIRE LLC,PIRELLI,980378582,215/50R17X 95VP7AS+3,3,PIRELLI,4,589.08,3914700,39147006404,,
38,8193,"HAGERSTOWN, MD",PIRELLI TIRE LLC,PIRELLI,980378597,235/40R19X 96VP7AS+3,3,PIRELLI,4,785.76,3916700,39167008193,A,980380223
21,8128,"PEORIA, IL",PIRELLI TIRE LLC,PIRELLI,678840,225/50R18 95V P7ASRF,3,PIRELLI,4,1099.52,2461000,24610008128,,
15,8190,"LA MARQUE, TX",PIRELLI TIRE LLC,PIRELLI,980378591,225/45R18X 95VP7AS+3,3,PIRELLI,4,568.88,3916100,39161008190,,
35,4831,"DURHAM (S), NC",PIRELLI TIRE LLC,PIRELLI,980346597,235/55R20 102V SAS+3,3,PIRELLI,4,819.64,3919900,39199004831,,
34,6524,"COLONIAL HEIGHTS, VA",PIRELLI TIRE LLC,PIRELLI,980378590,225/55R18 98H P7AS+3,3,PIRELLI,4,601.28,3916200,39162006524,A,980430991
30,6452,"ASHEVILLE, NC",PIRELLI TIRE LLC,PIRELLI,980400515,235/55R17 99H P7AS+3,3,PIRELLI,4,642.8,4230100,42301006452,,
34,6365,"CHARLOTTESVILLE, VA",PIRELLI TIRE LLC,PIRELLI,980346572,225/65R17 102H SAS+3,3,PIRELLI,4,601.8,3917400,39174006365,A,980362316
30,8278,"GREENVILLE, SC",PIRELLI TIRE LLC,PIRELLI,980379004,235/65R16 103TP4PER+,3,PIRELLI,4,598.6,4078100,40781008278,,
37,6406,"NIAGARA FALLS, NY",PIRELLI TIRE LLC,PIRELLI,980346587,225/55R19 99V SAS+3,3,PIRELLI,4,736.96,3918900,39189006406,,
35,6443,"GOLDSBORO, NC",PIRELLI TIRE LLC,PIRELLI,980379030,205/65R15 94H P4PER+,3,PIRELLI,1,121.19,4078600,40786006443,,
35,8218,"FAYETTEVILLE,NC",PIRELLI TIRE LLC,PIRELLI,980375367,215/50R17X 95VP4PER+,3,PIRELLI,4,574.92,4077100,40771008218,,
12,4958,"SAN MARCOS, TX",PIRELLI TIRE LLC,PIRELLI,980346572,225/65R17 102H SAS+3,3,PIRELLI,4,601.8,3917400,39174004958,A,980362316
12,8262,"SAN ANTONIO (N), TX",PIRELLI TIRE LLC,PIRELLI,980378992,215/60R17 96T P4PER+,3,PIRELLI,4,533.4,4077500,40775008262,,
31,6441,"LAKELAND (N),FL",PIRELLI TIRE LLC,PIRELLI,971294,235/35R20X 92Y PZ,3,PIRELLI,2,562.64,2494400,24944006441,,
2,4822,"MURRIETA, CA",PIRELLI TIRE LLC,PIRELLI,980100704,275/45R21X 110W VEAS,3,PIRELLI,3,1024.17,3257700,32577004822,,
27,8152,"SOUTH POINT, OH",PIRELLI TIRE LLC,PIRELLI,980377208,225/60R17 99T P4PER+,3,PIRELLI,1,151.6,4079200,40792008152,A,980386005
6,8270,"LUBBOCK, TX",PIRELLI TIRE LLC,PIRELLI,980346598,245/50R20 102V SAS+3,3,PIRELLI,1,205.62,3920000,39200008270,,
13,8259,"AUSTIN, TX",PIRELLI TIRE LLC,PIRELLI,984152381,225/45R19X 96YPZAS+3,3,PIRELLI,1,201.25,4085100,40851008259,,
17,8221,"HARVEY, LA",PIRELLI TIRE LLC,PIRELLI,984212387,215/55R17 94V CWACT,3,PIRELLI,3,516.15,4515400,45154008221,,
6,6246,EL PASO TX,PIRELLI TIRE LLC,PIRELLI,980346605,275/60R20 115H SAS+3,3,PIRELLI,4,908,3920700,39207006246,,
23,4740,"SOUTHAVEN, MS",PIRELLI TIRE LLC,PIRELLI,980378995,225/50R17 94V P4PER+,3,PIRELLI,1,142.06,4077600,40776004740,A,980390885
2,4822,"MURRIETA, CA",PIRELLI TIRE LLC,PIRELLI,980346591,245/55R19X 107HSAS+3,3,PIRELLI,4,776.96,3919300,39193004822,,
29,6363,"JACKSONVILLE (W), FL",PIRELLI TIRE LLC,PIRELLI,980090855,265/70R16 112T AT+,3,PIRELLI,4,751.44,2721700,27217006363,,
17,4775,"METAIRIE, LA",PIRELLI TIRE LLC,PIRELLI,980378982,205/55R16 91H P4PER+,3,PIRELLI,4,439.28,4076900,40769004775,A,980398761
39,8144,"PLEASANTVILLE, NJ",PIRELLI TIRE LLC,PIRELLI,980346607,285/45R22X 114HSAS+3,3,PIRELLI,4,920.88,3920900,39209008144,,
27,8152,"SOUTH POINT, OH",PIRELLI TIRE LLC,PIRELLI,980090855,265/70R16 112T AT+,3,PIRELLI,1,191.99,2721700,27217008152,,
31,4801,"RIVERVIEW, FL",PIRELLI TIRE LLC,PIRELLI,980374632,275/65R20 116H AT+,3,PIRELLI,4,1516.8,4125700,41257004801,,
29,6363,"JACKSONVILLE (W), FL",PIRELLI TIRE LLC,PIRELLI,980079280,275/60R20 115T AT+,3,PIRELLI,4,882.48,2722800,27228006363,,
7,8172,"FARGO, ND",PIRELLI TIRE LLC,PIRELLI,984212389,235/45R18X 98W CWACT,3,PIRELLI,8,1581.28,4515800,45158008172,,
38,6239,"TIMONIOUM, MD",PIRELLI TIRE LLC,PIRELLI,984152370,225/40R18X 92YPZAS+3,3,PIRELLI,4,638.68,4083700,40837006239,,
25,6319,"KENTWOOD, MI",PIRELLI TIRE LLC,PIRELLI,980379036,225/60R16 98T P4PER+,3,PIRELLI,1,130.15,4079100,40791006319,,
17,4837,"DENHAM SPRINGS, LA",PIRELLI TIRE LLC,PIRELLI,871653,265/50R20 107V VEAS,3,PIRELLI,5,1357,2354200,23542004837,,
2,6616,"FULLERTON, CA",PIRELLI TIRE LLC,PIRELLI,359593,245/40R18X 97Y PZ,3,PIRELLI,2,423.04,1949400,19494006616,,
27,6572,"KNOXVILLE, TN",PIRELLI TIRE LLC,PIRELLI,980346575,265/70R17 115H SAS+3,3,PIRELLI,4,801.76,3917700,39177006572,,
18,6309,"WHITE BEAR LAKE, MN",PIRELLI TIRE LLC,PIRELLI,902899,P245/50R20 102H STR,3,PIRELLI,2,323.78,1993600,19936006309,,
5,6634,"LONE TREE, CO",PIRELLI TIRE LLC,PIRELLI,980015479,265/45R20X 108YSZAS+,3,PIRELLI,2,528.1,2567000,25670006634,,
23,8257,"SAM&#39;S HENDERSONVILLE, TN",PIRELLI TIRE LLC,PIRELLI,980173107,225/45R18X 95HP7ASRF,3,PIRELLI,1,217.67,2745400,27454008257,,
11,4742,"FORT WORTH, TX",PIRELLI TIRE LLC,PIRELLI,980403869,225/50R17 94V P7AS+3,3,PIRELLI,1,149.12,4222600,42226004742,,
2,6613,"LONG BEACH, CA",PIRELLI TIRE LLC,PIRELLI,980346590,235/55R19X 105VSAS+3,3,PIRELLI,2,423.04,3919200,39192006613,A,980378906
34,8220,"ROANOKE, VA",PIRELLI TIRE LLC,PIRELLI,980346582,245/60R18 105H SAS+3,3,PIRELLI,4,762.68,3918400,39184008220,A,980367194
19,8125,"SAINT LOUIS, MO",PIRELLI TIRE LLC,PIRELLI,980079281,275/55R20 113T AT+,3,PIRELLI,1,214.43,2722900,27229008125,,
38,6653,"GAITHERSBURG, MD",PIRELLI TIRE LLC,PIRELLI,984152383,225/45R18X 95YPZAS+3,3,PIRELLI,2,355.12,4083800,40838006653,,
34,6524,"COLONIAL HEIGHTS, VA",PIRELLI TIRE LLC,PIRELLI,984212395,225/60R17 99H SCWX,3,PIRELLI,4,709.32,4515500,45155006524,,
24,8236,"GULFPORT, MS",PIRELLI TIRE LLC,PIRELLI,980346607,285/45R22X 114HSAS+3,3,PIRELLI,1,245.59,3920900,39209008236,A,980367893
32,4857,CAPE CORAL (PINE) FL,PIRELLI TIRE LLC,PIRELLI,368822,275/45R21X 110Y VEAS,3,PIRELLI,2,684.28,2166800,21668004857,,
1,4799,"CITRUS HEIGHTS, CA",PIRELLI TIRE LLC,PIRELLI,980346579,235/60R18X 107VSAS+3,3,PIRELLI,4,755.68,3918100,39181004799,A,980360990
19,4999,"QUINCY, IL",PIRELLI TIRE LLC,PIRELLI,980400515,235/55R17 99H P7AS+3,3,PIRELLI,1,160.7,4230100,42301004999,,
27,6572,"KNOXVILLE, TN",PIRELLI TIRE LLC,PIRELLI,980379004,235/65R16 103TP4PER+,3,PIRELLI,1,149.65,4078100,40781006572,,
32,4991,"COCOA, FL",PIRELLI TIRE LLC,PIRELLI,980346575,265/70R17 115H SAS+3,3,PIRELLI,2,400.88,3917700,39177004991,,
6,8280,EL PASO TX,PIRELLI TIRE LLC,PIRELLI,984204107,295/40R21X111YSZAS+3,3,PIRELLI,4,1308.04,4086800,40868008280,,
30,6452,"ASHEVILLE, NC",PIRELLI TIRE LLC,PIRELLI,980346576,225/60R18 100H SAS+3,3,PIRELLI,4,633,3917800,39178006452,,
31,6420,"CLEARWATER, FL",PIRELLI TIRE LLC,PIRELLI,980378602,245/45R20 99V P7AS+3,3,PIRELLI,4,793,3917300,39173006420,,
31,6387,PINELLAS PARK FL,MICHELIN NORTH AMERICA,BFGOODRICH,980326866,205/60R16 92H ADVCON,4,BFGOODRICH,2,240.78,7227,72276387,,
28,4802,"HIRAM, GA",MICHELIN NORTH AMERICA,BFGOODRICH,980338377,245/45R20 99V ADVCON,4,BFGOODRICH,1,200.99,2390,23904802,,
7,6385,"GRAND FORKS, ND",MICHELIN NORTH AMERICA,BFGOODRICH,131642,P205/70R14  93S RAD,4,BFGOODRICH,3,434.91,23353,233536385,,
16,4985,"SPRINGFIELD (S), MO",MICHELIN NORTH AMERICA,BFGOODRICH,980326882,195/60R15 88H ADVCON,4,BFGOODRICH,4,425.84,11824,118244985,,
22,4876,"BOWLING GREEN, KY",MICHELIN NORTH AMERICA,BFGOODRICH,980299186,225/50ZR16 92WCM2AS+,4,BFGOODRICH,1,142.18,21425,214254876,,
26,6657,"NOVI, MI",MICHELIN NORTH AMERICA,BFGOODRICH,815828,P255/60R15 102S RAD,4,BFGOODRICH,2,353.02,29893,298936657,,
27,6242,"DUBLIN, OH",MICHELIN NORTH AMERICA,BFGOODRICH,980338381,185/60R15 84H ADVCON,4,BFGOODRICH,4,433.8,61141,611416242,,
38,6239,"TIMONIOUM, MD",MICHELIN NORTH AMERICA,BFGOODRICH,980338384,225/65R16 100HADVCON,4,BFGOODRICH,4,497.48,9518,95186239,,
13,8259,"AUSTIN, TX",MICHELIN NORTH AMERICA,BFGOODRICH,980338370,215/60R16 95H ADVCON,4,BFGOODRICH,1,120.39,17593,175938259,,
24,8236,"GULFPORT, MS",MICHELIN NORTH AMERICA,BFGOODRICH,980338366,225/55R18 98V ADVCON,4,BFGOODRICH,4,644.76,60675,606758236,,
2,6628,"TORRANCE, CA",MICHELIN NORTH AMERICA,BFGOODRICH,980348593,175/65R15 84H ADVCON,4,BFGOODRICH,10,1074.6,62286,622866628,,
3,4974,"NORTH LAS VEGAS (NE), NV",MICHELIN NORTH AMERICA,BFGOODRICH,980271490,235/45ZR18X98WCM2AS+,4,BFGOODRICH,3,521.34,48272,482724974,,
14,4783,"GARLAND, TX",MICHELIN NORTH AMERICA,BFGOODRICH,102304,LT265/70R17C TA KO2,4,BFGOODRICH,8,2036.8,66255,662554783,,
24,8236,"GULFPORT, MS",MICHELIN NORTH AMERICA,BFGOODRICH,980331441,225/45R18X 95VADVCON,4,BFGOODRICH,2,302.48,50840,508408236,,
33,6575,"PITTSBURGH, PA",MICHELIN NORTH AMERICA,BFGOODRICH,980271490,235/45ZR18X98WCM2AS+,4,BFGOODRICH,4,702.56,48272,482726575,,
13,6453,"AUSTIN (NW), TX",MICHELIN NORTH AMERICA,BFGOODRICH,980360327,265/75R16 116T TRTTA,4,BFGOODRICH,4,783.24,42263,422636453,,
25,6313,"FT. WAYNE, IN",MICHELIN NORTH AMERICA,BFGOODRICH,980338384,225/65R16 100HADVCON,4,BFGOODRICH,2,262.68,9518,95186313,,
31,6448,"NEW PORT RICHEY, FL",MICHELIN NORTH AMERICA,BFGOODRICH,980338402,225/60R18 100HADVCON,4,BFGOODRICH,4,620.88,47859,478596448,,
19,8125,"SAINT LOUIS, MO",MICHELIN NORTH AMERICA,BFGOODRICH,980338365,215/60R16 95V ADVCON,4,BFGOODRICH,4,513.4,53186,531868125,,
17,4837,"DENHAM SPRINGS, LA",MICHELIN NORTH AMERICA,BFGOODRICH,980431187,265/50R20 107TADVCON,4,BFGOODRICH,2,358.72,3629,36294837,,
31,6387,PINELLAS PARK FL,MICHELIN NORTH AMERICA,BFGOODRICH,980338390,205/60R15 91H ADVCON,4,BFGOODRICH,1,110.44,97977,979776387,,
23,8257,"SAM&#39;S HENDERSONVILLE, TN",MICHELIN NORTH AMERICA,BFGOODRICH,980326876,235/55R20 102HADVCON,4,BFGOODRICH,2,388.04,35657,356578257,,
17,6527,"BATON ROUGE, LA",MICHELIN NORTH AMERICA,BFGOODRICH,980431201,235/60R18X107VADVCON,4,BFGOODRICH,1,187.06,60593,605936527,,
37,6675,"ERIE, PA",MICHELIN NORTH AMERICA,BFGOODRICH,980431200,235/60R18X107HADVCON,4,BFGOODRICH,4,740.28,58194,581946675,,
15,4843,PEARLAND TX,MICHELIN NORTH AMERICA,BFGOODRICH,980299189,225/55ZR16 95WCM2AS+,4,BFGOODRICH,4,579.88,560,5604843,,
3,6382,"LAS VEGAS(W),NV",MICHELIN NORTH AMERICA,BFGOODRICH,980271495,245/40ZR19X98YCM2AS+,4,BFGOODRICH,2,394.02,18288,182886382,,
17,4790,"PEARL, MS",MICHELIN NORTH AMERICA,BFGOODRICH,980431189,235/65R18 106HADVCON,4,BFGOODRICH,1,178.36,6377,63774790,,
34,8228,"WINSTON-SALEM, NC",MICHELIN NORTH AMERICA,BFGOODRICH,980431188,245/60R18 105HADVCON,4,BFGOODRICH,1,193.03,5048,50488228,,
8,6181,PAPILLION NE,MICHELIN NORTH AMERICA,BFGOODRICH,980338368,205/55R16 91H ADVCON,4,BFGOODRICH,6,711.24,90759,907596181,,
20,6444,"EVANSTON, IL",MICHELIN NORTH AMERICA,BFGOODRICH,980299188,245/50ZR19X105WC2AS+,4,BFGOODRICH,4,791.76,3637,36376444,,
21,8128,"PEORIA, IL",MICHELIN NORTH AMERICA,BFGOODRICH,980271487,225/45ZR18X95YCM2AS+,4,BFGOODRICH,2,321.54,60923,609238128,,
35,6976,WAKE FOREST NC,MICHELIN NORTH AMERICA,BFGOODRICH,40759,33X10.50R15C TA KO2,4,BFGOODRICH,1,276.43,11548,115486976,,
29,8202,"SAVANNAH, GA",MICHELIN NORTH AMERICA,BFGOODRICH,980360315,LT315/70R17C TA KO2,4,BFGOODRICH,4,1331.2,8884,88848202,,
29,8151,PANAMA CITY FL,MICHELIN NORTH AMERICA,BFGOODRICH,980360341,265/65R17 112T TRTTA,4,BFGOODRICH,4,805.32,1542,15428151,,
30,6463,"ANDERSON, SC",MICHELIN NORTH AMERICA,BFGOODRICH,984211919,LT265/70R17E TA KO3,4,BFGOODRICH,4,1066.4,9100,91006463,,
28,6409,"TUCKER, GA",MICHELIN NORTH AMERICA,BFGOODRICH,980348602,235/40R19X 96VADVCON,4,BFGOODRICH,3,552.21,41581,415816409,,
33,4847,GREENSBURG PA,MICHELIN NORTH AMERICA,BFGOODRICH,980326872,225/60R17 99H ADVCON,4,BFGOODRICH,4,586.64,31398,313984847,,
17,8271,"JACKSON, MS",MICHELIN NORTH AMERICA,BFGOODRICH,980338362,225/50R17 94V ADVCON,4,BFGOODRICH,2,316.4,13341,133418271,,
2,6628,"TORRANCE, CA",MICHELIN NORTH AMERICA,BFGOODRICH,980299189,225/55ZR16 95WCM2AS+,4,BFGOODRICH,4,579.88,560,5606628,,
1,4799,"CITRUS HEIGHTS, CA",MICHELIN NORTH AMERICA,BFGOODRICH,980338366,225/55R18 98V ADVCON,4,BFGOODRICH,1,161.19,60675,606754799,,
27,6518,"BRISTOL,VA",MICHELIN NORTH AMERICA,BFGOODRICH,102304,LT265/70R17C TA KO2,4,BFGOODRICH,3,763.8,66255,662556518,,
20,6331,"KENOSHA, WI",MICHELIN NORTH AMERICA,BFGOODRICH,980431198,255/55R18X109VADVCON,4,BFGOODRICH,4,756.2,38080,380806331,,
29,6363,"JACKSONVILLE (W), FL",MICHELIN NORTH AMERICA,BFGOODRICH,980360365,P285/70R17 117TTRTTA,4,BFGOODRICH,2,446.78,8164,81646363,,
31,8155,"GAINESVILLE, FL",MICHELIN NORTH AMERICA,BFGOODRICH,980338377,245/45R20 99V ADVCON,4,BFGOODRICH,2,401.98,2390,23908155,,
35,8218,"FAYETTEVILLE,NC",MICHELIN NORTH AMERICA,BFGOODRICH,980331434,235/55R17 99H ADVCON,4,BFGOODRICH,2,306.46,7652,76528218,,
7,6633,"FT COLLINS, CO",MICHELIN NORTH AMERICA,BFGOODRICH,980427252,255/50R19X107VADVCON,4,BFGOODRICH,4,827.84,67453,674536633,,
31,6420,"CLEARWATER, FL",MICHELIN NORTH AMERICA,BFGOODRICH,980271485,225/40ZR18X92WCM2AS+,4,BFGOODRICH,1,149.62,2037,20376420,,
7,6633,"FT COLLINS, CO",MICHELIN NORTH AMERICA,BFGOODRICH,984216703,LT285/75R16E TA KO3,4,BFGOODRICH,4,1112.6,15138,151386633,,
29,8116,"JACKSONVILLE,FL",MICHELIN NORTH AMERICA,BFGOODRICH,980431190,245/55R19 103HADVCON,4,BFGOODRICH,4,796,17779,177798116,,
38,6655,"WALDORF, MD",MICHELIN NORTH AMERICA,BFGOODRICH,980431198,255/55R18X109VADVCON,4,BFGOODRICH,2,386.06,38080,380806655,,
21,8197,"CHAMPAIGN, IL",MICHELIN NORTH AMERICA,BFGOODRICH,980360346,255/65R17 110T TRTTA,4,BFGOODRICH,4,783.24,78163,781638197,,
34,6368,"CHESAPEAKE, VA",MICHELIN NORTH AMERICA,BFGOODRICH,980331441,225/45R18X 95VADVCON,4,BFGOODRICH,1,149.25,50840,508406368,,
35,8129,"WILMINGTON, NC",MICHELIN NORTH AMERICA,BFGOODRICH,980299189,225/55ZR16 95WCM2AS+,4,BFGOODRICH,4,579.88,560,5608129,,
12,8264,"SAN ANTONIO (S), TX",MICHELIN NORTH AMERICA,BFGOODRICH,980326866,205/60R16 92H ADVCON,4,BFGOODRICH,4,485.56,7227,72278264,,
28,6643,CLAIRMONT GA,MICHELIN NORTH AMERICA,BFGOODRICH,980348600,245/40R18X 97VADVCON,4,BFGOODRICH,1,168.15,2922,29226643,,
34,6351,"NEWPORT NEWS, VA",MICHELIN NORTH AMERICA,BFGOODRICH,980348600,245/40R18X 97VADVCON,4,BFGOODRICH,1,166.16,2922,29226351,,
16,8296,"SPRINGFIELD, MO",MICHELIN NORTH AMERICA,BFGOODRICH,980360371,275/60R20 115T TRTTA,4,BFGOODRICH,4,945.04,40750,407508296,,
24,6435,"TUSCALOOSA, AL",MICHELIN NORTH AMERICA,BFGOODRICH,980427197,225/55R18 98H ADVCON,4,BFGOODRICH,4,640.76,17818,178186435,,
25,6313,"FT. WAYNE, IN",MICHELIN NORTH AMERICA,BFGOODRICH,984236767,LT245/75R17E TAKO3,4,BFGOODRICH,4,985.48,25935,259356313,,
2,6628,"TORRANCE, CA",MICHELIN NORTH AMERICA,BFGOODRICH,980431194,245/65R17 107TADVCON,4,BFGOODRICH,4,612.12,29387,293876628,,
34,6402,"GREENSBORO, NC",MICHELIN NORTH AMERICA,BFGOODRICH,980348603,225/65R17 102HADVCON,4,BFGOODRICH,2,298.5,68173,681736402,,
13,6421,"CONROE, TX",MICHELIN NORTH AMERICA,BFGOODRICH,980271496,245/45ZR17X99WCM2AS+,4,BFGOODRICH,4,643.08,11005,110056421,,
31,6401,"TAMPA, FL",MICHELIN NORTH AMERICA,BFGOODRICH,131635,P215/60R15 93S RAD,4,BFGOODRICH,2,330.84,35841,358416401,,
1,4768,"RENO, NV",MICHELIN NORTH AMERICA,BFGOODRICH,980299189,225/55ZR16 95WCM2AS+,4,BFGOODRICH,4,579.88,560,5604768,,
1,4768,"RENO, NV",MICHELIN NORTH AMERICA,BFGOODRICH,952634,LT265/65R17E TA KO2,4,BFGOODRICH,4,934.76,16681,166814768,,
19,8251,"SAINT CHARLES, MO",MICHELIN NORTH AMERICA,BFGOODRICH,980271492,235/50ZR18X101WCM2A+,4,BFGOODRICH,1,164.49,86885,868858251,,
24,6435,"TUSCALOOSA, AL",MICHELIN NORTH AMERICA,BFGOODRICH,980360321,245/75R16 111T TRTTA,4,BFGOODRICH,4,713.4,65907,659076435,,
31,4818,"BROOKSVILLE, FL",MICHELIN NORTH AMERICA,BFGOODRICH,980271489,235/45ZR17X97WCM2AS+,4,BFGOODRICH,4,594.76,21745,217454818,,
20,6388,MONTGOMERY IL,MICHELIN NORTH AMERICA,BFGOODRICH,980326868,235/60R16 100HADVCON,4,BFGOODRICH,1,135.32,15025,150256388,,
6,8280,EL PASO TX,MICHELIN NORTH AMERICA,BFGOODRICH,980338363,215/55R17 94V ADVCON,4,BFGOODRICH,3,462.66,21590,215908280,,
39,6670,"DEPTFORD, NJ",MICHELIN NORTH AMERICA,BFGOODRICH,980299189,225/55ZR16 95WCM2AS+,4,BFGOODRICH,2,289.94,560,5606670,,
38,6434,"LAUREL, MD",MICHELIN NORTH AMERICA,BFGOODRICH,980326872,225/60R17 99H ADVCON,4,BFGOODRICH,2,292.52,31398,313986434,,
20,6444,"EVANSTON, IL",MICHELIN NORTH AMERICA,BFGOODRICH,980338366,225/55R18 98V ADVCON,4,BFGOODRICH,2,322.38,60675,606756444,,
15,8190,"LA MARQUE, TX",MICHELIN NORTH AMERICA,BFGOODRICH,776311,35X12.50R20E TA KO2,4,BFGOODRICH,4,1756.76,23413,234138190,,
19,8251,"SAINT CHARLES, MO",MICHELIN NORTH AMERICA,BFGOODRICH,980348602,235/40R19X 96VADVCON,4,BFGOODRICH,4,736.28,41581,415818251,,
15,4712,"HOUSTON(MEM), TX",MICHELIN NORTH AMERICA,BFGOODRICH,980360346,255/65R17 110T TRTTA,4,BFGOODRICH,4,805.32,78163,781634712,,
26,6666,"CANTON, MI",MICHELIN NORTH AMERICA,BFGOODRICH,980360357,255/65R18 111T TRTTA,4,BFGOODRICH,1,216.04,78303,783036666,,
17,6527,"BATON ROUGE, LA",MICHELIN NORTH AMERICA,BFGOODRICH,980326872,225/60R17 99H ADVCON,4,BFGOODRICH,4,587.04,31398,313986527,,
1,6612,"CONCORD, CA",MICHELIN NORTH AMERICA,BFGOODRICH,984211787,LT275/65R20E TA KO3,4,BFGOODRICH,4,1517.08,17400,174006612,,
26,6667,"YPSILANTI, MI",MICHELIN NORTH AMERICA,BFGOODRICH,980360365,P285/70R17 117TTRTTA,4,BFGOODRICH,4,893.56,8164,81646667,,
7,8172,"FARGO, ND",MICHELIN NORTH AMERICA,BFGOODRICH,980271492,235/50ZR18X101WCM2A+,4,BFGOODRICH,4,672.8,86885,868858172,,
26,6667,"YPSILANTI, MI",MICHELIN NORTH AMERICA,BFGOODRICH,980326864,235/50R17 96W ADVCON,4,BFGOODRICH,4,597,2994,29946667,,
13,6421,"CONROE, TX",MICHELIN NORTH AMERICA,BFGOODRICH,980171530,LT285/70R17C TA KO2,4,BFGOODRICH,2,551.04,31812,318126421,,
31,6420,"CLEARWATER, FL",MICHELIN NORTH AMERICA,BFGOODRICH,980271490,235/45ZR18X98WCM2AS+,4,BFGOODRICH,8,1390.24,48272,482726420,,
12,8227,"SAN ANTONIO (NW), TX",MICHELIN NORTH AMERICA,BFGOODRICH,980360378,285/45R22X 114HTRTTA,4,BFGOODRICH,4,1029.6,56955,569558227,,
28,4780,"BUFORD, GA",MICHELIN NORTH AMERICA,BFGOODRICH,980360330,235/65R17X 108TTRTTA,4,BFGOODRICH,4,702.36,56199,561994780,,
6,8280,EL PASO TX,MICHELIN NORTH AMERICA,BFGOODRICH,980289352,225/50ZR18X99WCM2AS+,4,BFGOODRICH,4,635.64,25864,258648280,,
31,6387,PINELLAS PARK FL,MICHELIN NORTH AMERICA,BFGOODRICH,980338366,225/55R18 98V ADVCON,4,BFGOODRICH,4,652.24,60675,606756387,,
33,8189,"CLARKSBURG, WV",MICHELIN NORTH AMERICA,BFGOODRICH,980431184,215/70R16 100HADVCON,4,BFGOODRICH,4,549.24,1041,10418189,,
5,6630,"ARVADA, CO",MICHELIN NORTH AMERICA,BFGOODRICH,980326865,225/55R19 99V ADVCON,4,BFGOODRICH,4,773.44,5785,57856630,,
11,4905,"DENTON, TX",MICHELIN NORTH AMERICA,BFGOODRICH,980271496,245/45ZR17X99WCM2AS+,4,BFGOODRICH,4,643.08,11005,110054905,,
1,4768,"RENO, NV",MICHELIN NORTH AMERICA,BFGOODRICH,980104502,LT285/70R17C TA KO2,4,BFGOODRICH,2,547.4,81501,815014768,,
14,6376,"ADDISON, TX",MICHELIN NORTH AMERICA,BFGOODRICH,980299176,205/45ZR17X88WCM2AS+,4,BFGOODRICH,1,138.47,49718,497186376,,
31,6420,"CLEARWATER, FL",MICHELIN NORTH AMERICA,BFGOODRICH,980427270,275/45R20X110VADVCON,4,BFGOODRICH,4,927.32,4744,47446420,,
34,6368,"CHESAPEAKE, VA",MICHELIN NORTH AMERICA,BFGOODRICH,980338373,205/55R17X 95HADVCON,4,BFGOODRICH,1,142.08,49186,491866368,,
2,6628,"TORRANCE, CA",MICHELIN NORTH AMERICA,BFGOODRICH,980299162,235/40ZR18X95WCM2AS+,4,BFGOODRICH,3,490.68,11407,114076628,,
24,8236,"GULFPORT, MS",MICHELIN NORTH AMERICA,BFGOODRICH,980360337,265/70R17 115T TRTTA,4,BFGOODRICH,4,753.84,71447,714478236,,
8,6472,"COUNCIL BLUFFS, IA",MICHELIN NORTH AMERICA,BFGOODRICH,980338390,205/60R15 91H ADVCON,4,BFGOODRICH,4,441.76,97977,979776472,,
22,4876,"BOWLING GREEN, KY",MICHELIN NORTH AMERICA,BFGOODRICH,980431195,265/50R20 107VADVCON,4,BFGOODRICH,4,807.92,30990,309904876,,
27,6326,"REYNOLDSBURG, OH",MICHELIN NORTH AMERICA,BFGOODRICH,980195580,33X12.50R20E TA KO2,4,BFGOODRICH,2,838.38,4929,49296326,,
7,4933,"BISMARCK, ND",MICHELIN NORTH AMERICA,BFGOODRICH,980360332,245/70R17X 114TTRTTA,4,BFGOODRICH,4,742.8,67462,674624933,,
11,6244,"FORT WORTH, TX",MICHELIN NORTH AMERICA,BFGOODRICH,980338374,185/65R14 86H ADVCON,4,BFGOODRICH,4,374.12,6015,60156244,,
15,4712,"HOUSTON(MEM), TX",MICHELIN NORTH AMERICA,BFGOODRICH,980360315,LT315/70R17C TA KO2,4,BFGOODRICH,1,332.8,8884,88844712,,
7,8172,"FARGO, ND",MICHELIN NORTH AMERICA,BFGOODRICH,980338366,225/55R18 98V ADVCON,4,BFGOODRICH,4,644.76,60675,606758172,,
31,8155,"GAINESVILLE, FL",MICHELIN NORTH AMERICA,BFGOODRICH,980326868,235/60R16 100HADVCON,4,BFGOODRICH,2,272.62,15025,150258155,,
8,8162,"CEDAR RAPIDS,IA",MICHELIN NORTH AMERICA,BFGOODRICH,102304,LT265/70R17C TA KO2,4,BFGOODRICH,4,1018.4,66255,662558162,,
27,6326,"REYNOLDSBURG, OH",MICHELIN NORTH AMERICA,BFGOODRICH,980431194,245/65R17 107TADVCON,4,BFGOODRICH,1,154.26,29387,293876326,,
1,4768,"RENO, NV",MICHELIN NORTH AMERICA,BFGOODRICH,984211793,LT265/70R18E TA KO3,4,BFGOODRICH,1,269.54,64364,643644768,,
34,6354,"MIDLOTHIAN, VA",MICHELIN NORTH AMERICA,BFGOODRICH,980431201,235/60R18X107VADVCON,4,BFGOODRICH,4,748.24,60593,605936354,,
32,6217,"MIAMI, FL",MICHELIN NORTH AMERICA,BFGOODRICH,980360370,275/55R20 113T TRTTA,4,BFGOODRICH,4,915.64,9185,91856217,,
31,6387,PINELLAS PARK FL,MICHELIN NORTH AMERICA,BFGOODRICH,980360378,285/45R22X 114HTRTTA,4,BFGOODRICH,4,1095.8,56955,569556387,,
14,4783,"GARLAND, TX",MICHELIN NORTH AMERICA,BFGOODRICH,980360315,LT315/70R17C TA KO2,4,BFGOODRICH,1,332.8,8884,88844783,,
1,6410,"PEARL CITY, HI",MICHELIN NORTH AMERICA,BFGOODRICH,980360335,245/65R17X 111TTRTTA,4,BFGOODRICH,1,188.46,1614,16146410,,
31,6387,PINELLAS PARK FL,MICHELIN NORTH AMERICA,BFGOODRICH,980315391,235/55ZR17X103WC2AS+,4,BFGOODRICH,1,153.33,17488,174886387,,
21,6424,"KOKOMO, IN",MICHELIN NORTH AMERICA,BFGOODRICH,980331432,235/55R19 101VADVCON,4,BFGOODRICH,4,827.84,1410,14106424,,
13,6336,"TEMPLE, TX",MICHELIN NORTH AMERICA,BFGOODRICH,980326880,215/65R17 99H ADVCON,4,BFGOODRICH,1,137.31,73126,731266336,,
30,8142,"SPARTANBURG, SC",MICHELIN NORTH AMERICA,BFGOODRICH,980338370,215/60R16 95H ADVCON,4,BFGOODRICH,4,481.56,17593,175938142,,
35,8218,"FAYETTEVILLE,NC",MICHELIN NORTH AMERICA,BFGOODRICH,980427195,225/55R17X101HADVCON,4,BFGOODRICH,1,156.21,98162,981628218,,
1,4768,"RENO, NV",MICHELIN NORTH AMERICA,BFGOODRICH,980338402,225/60R18 100HADVCON,4,BFGOODRICH,2,310.44,47859,478594768,,
37,6675,"ERIE, PA",MICHELIN NORTH AMERICA,BFGOODRICH,980331434,235/55R17 99H ADVCON,4,BFGOODRICH,4,612.92,7652,76526675,,
32,6341,"SUNRISE, FL",MICHELIN NORTH AMERICA,BFGOODRICH,980348593,175/65R15 84H ADVCON,4,BFGOODRICH,1,106.46,62286,622866341,,
24,4871,"MERIDIAN, MS",MICHELIN NORTH AMERICA,BFGOODRICH,980360365,P285/70R17 117TTRTTA,4,BFGOODRICH,4,893.56,8164,81644871,,
1,6612,"CONCORD, CA",MICHELIN NORTH AMERICA,BFGOODRICH,980338360,235/60R17 102HADVCON,4,BFGOODRICH,2,310.44,2478,24786612,,
24,6435,"TUSCALOOSA, AL",MICHELIN NORTH AMERICA,BFGOODRICH,980338378,225/45R17 91H ADVCON,4,BFGOODRICH,4,573.12,40475,404756435,,
39,8160,"TEMPLE, PA",MICHELIN NORTH AMERICA,BFGOODRICH,102330,LT265/65R18E TA KO2,4,BFGOODRICH,4,1127.52,5260,52608160,,
8,6432,"SIOUX CITY,IA",MICHELIN NORTH AMERICA,BFGOODRICH,980431194,245/65R17 107TADVCON,4,BFGOODRICH,2,308.52,29387,293876432,,
12,8262,"SAN ANTONIO (N), TX",MICHELIN NORTH AMERICA,BFGOODRICH,980431195,265/50R20 107VADVCON,4,BFGOODRICH,4,815.88,30990,309908262,,
27,6308,"COLUMBUS(W),OH",MICHELIN NORTH AMERICA,BFGOODRICH,980331438,195/55R16 87V ADVCON,4,BFGOODRICH,1,128.35,27963,279636308,,
7,8172,"FARGO, ND",MICHELIN NORTH AMERICA,BFGOODRICH,980326876,235/55R20 102HADVCON,4,BFGOODRICH,1,192.03,35657,356578172,,
20,6487,"ADDISON, IL",MICHELIN NORTH AMERICA,BFGOODRICH,980348602,235/40R19X 96VADVCON,4,BFGOODRICH,4,736.28,41581,415816487,,
39,6671,"FREEHOLD, NJ",MICHELIN NORTH AMERICA,BFGOODRICH,980331431,205/60R16 92V ADVCON,4,BFGOODRICH,4,509.44,555,5556671,,
38,6655,"WALDORF, MD",MICHELIN NORTH AMERICA,BFGOODRICH,980331441,225/45R18X 95VADVCON,4,BFGOODRICH,1,154.22,50840,508406655,,
24,4724,"HOOVER, AL",MICHELIN NORTH AMERICA,BFGOODRICH,980338373,205/55R17X 95HADVCON,4,BFGOODRICH,1,142.28,49186,491864724,,
38,6653,"GAITHERSBURG, MD",MICHELIN NORTH AMERICA,BFGOODRICH,980338381,185/60R15 84H ADVCON,4,BFGOODRICH,4,433.8,61141,611416653,,
38,6653,"GAITHERSBURG, MD",MICHELIN NORTH AMERICA,BFGOODRICH,980271482,215/45ZR17X91WCM2AS+,4,BFGOODRICH,4,539,25463,254636653,,
35,8218,"FAYETTEVILLE,NC",MICHELIN NORTH AMERICA,BFGOODRICH,980431186,235/70R16 106TADVCON,4,BFGOODRICH,1,133.82,2584,25848218,,
34,8228,"WINSTON-SALEM, NC",MICHELIN NORTH AMERICA,BFGOODRICH,980338380,205/50R17X 93VADVCON,4,BFGOODRICH,4,577.08,64709,647098228,,
39,8160,"TEMPLE, PA",MICHELIN NORTH AMERICA,BFGOODRICH,980299167,255/40ZR19X100YC2AS+,4,BFGOODRICH,4,836.36,544,5448160,,
11,6244,"FORT WORTH, TX",MICHELIN NORTH AMERICA,BFGOODRICH,980338368,205/55R16 91H ADVCON,4,BFGOODRICH,2,240.78,90759,907596244,,
31,6387,PINELLAS PARK FL,MICHELIN NORTH AMERICA,BFGOODRICH,980271486,225/45ZR17X94WCM2AS+,4,BFGOODRICH,2,273.22,68663,686636387,,
23,4776,"HUNTSVILLE, AL",MICHELIN NORTH AMERICA,BFGOODRICH,980299161,245/45ZR19X102WC2AS+,4,BFGOODRICH,4,762.04,30693,306934776,,
30,8142,"SPARTANBURG, SC",MICHELIN NORTH AMERICA,BFGOODRICH,980338366,225/55R18 98V ADVCON,4,BFGOODRICH,2,322.38,60675,606758142,,
38,6371,"WOODBRIDGE, VA",MICHELIN NORTH AMERICA,BFGOODRICH,980360334,265/70R16 112T TRTTA,4,BFGOODRICH,4,731.76,10385,103856371,,
14,6265,"IRVING (N), TX",MICHELIN NORTH AMERICA,BFGOODRICH,980348603,225/65R17 102HADVCON,4,BFGOODRICH,2,302.48,68173,681736265,,
24,6435,"TUSCALOOSA, AL",MICHELIN NORTH AMERICA,BFGOODRICH,984211920,LT285/70R17E TA KO3,4,BFGOODRICH,4,1131,19795,197956435,,
5,4745,"THORNTON, CO",MICHELIN NORTH AMERICA,BFGOODRICH,980326874,215/55R16X 97HADVCON,4,BFGOODRICH,4,521.36,34873,348734745,,
9,8207,"KANSAS CITY, MO",MICHELIN NORTH AMERICA,BFGOODRICH,980326874,215/55R16X 97HADVCON,4,BFGOODRICH,1,131.34,34873,348738207,,
24,4817,"SAM&#39;S TRUSSVILLE , AL",MICHELIN NORTH AMERICA,BFGOODRICH,980431201,235/60R18X107VADVCON,4,BFGOODRICH,4,748.24,60593,605934817,,
16,6377,"JONESBORO, AR",MICHELIN NORTH AMERICA,BFGOODRICH,980338402,225/60R18 100HADVCON,4,BFGOODRICH,4,620.88,47859,478596377,,
39,6693,"LANGHORNE, PA",MICHELIN NORTH AMERICA,BFGOODRICH,980431186,235/70R16 106TADVCON,4,BFGOODRICH,4,535.28,2584,25846693,,
30,6348,"PINEVILLE, NC",MICHELIN NORTH AMERICA,BFGOODRICH,980195582,33X12.50R17E TA KO2,4,BFGOODRICH,1,328.26,36394,363946348,,
9,6505,JEFFERSON CITY MO,MICHELIN NORTH AMERICA,BFGOODRICH,980326880,215/65R17 99H ADVCON,4,BFGOODRICH,4,549.24,73126,731266505,,
25,4781,"LANSING (E),MI",MICHELIN NORTH AMERICA,BFGOODRICH,980338378,225/45R17 91H ADVCON,4,BFGOODRICH,8,1178.08,40475,404754781,,
31,6387,PINELLAS PARK FL,MICHELIN NORTH AMERICA,BFGOODRICH,980427257,255/60R18X112VADVCON,4,BFGOODRICH,4,871.6,6701,67016387,,
34,6402,"GREENSBORO, NC",MICHELIN NORTH AMERICA,BFGOODRICH,980271498,245/45ZR20X103YCM2A+,4,BFGOODRICH,4,817.8,24329,243296402,,
33,4936,"GRANVILLE, WV",MICHELIN NORTH AMERICA,BFGOODRICH,980271486,225/45ZR17X94WCM2AS+,4,BFGOODRICH,1,137.54,68663,686634936,,
32,6341,"SUNRISE, FL",MICHELIN NORTH AMERICA,BFGOODRICH,980289352,225/50ZR18X99WCM2AS+,4,BFGOODRICH,2,314.1,25864,258646341,,
14,6376,"ADDISON, TX",MICHELIN NORTH AMERICA,BFGOODRICH,980299164,225/55ZR17 97WCM2AS+,4,BFGOODRICH,2,286.22,5801,58016376,,
39,6693,"LANGHORNE, PA",MICHELIN NORTH AMERICA,BFGOODRICH,980338380,205/50R17X 93VADVCON,4,BFGOODRICH,4,585.04,64709,647096693,,
23,8112,"CHATTANOOGA, TN",MICHELIN NORTH AMERICA,BFGOODRICH,980326880,215/65R17 99H ADVCON,4,BFGOODRICH,4,549.24,73126,731268112,,
38,6653,"GAITHERSBURG, MD",MICHELIN NORTH AMERICA,BFGOODRICH,980326872,225/60R17 99H ADVCON,4,BFGOODRICH,4,589.04,31398,313986653,,
28,4802,"HIRAM, GA",MICHELIN NORTH AMERICA,BFGOODRICH,980338368,205/55R16 91H ADVCON,4,BFGOODRICH,1,120.39,90759,907594802,,
28,4739,"SNELLVILLE, GA",MICHELIN NORTH AMERICA,BFGOODRICH,980360365,P285/70R17 117TTRTTA,4,BFGOODRICH,4,893.56,8164,81644739,,
31,4998,"THE VILLAGES, FL",MICHELIN NORTH AMERICA,BFGOODRICH,980427194,225/50R18X 99WADVCON,4,BFGOODRICH,1,166.66,71758,717584998,,
17,6527,"BATON ROUGE, LA",MICHELIN NORTH AMERICA,BFGOODRICH,980299169,255/45ZR20101YCM2AS+,4,BFGOODRICH,2,390.3,87039,870396527,,
20,6487,"ADDISON, IL",MICHELIN NORTH AMERICA,BFGOODRICH,980338369,195/65R15 91H ADVCON,4,BFGOODRICH,4,439.8,91365,913656487,,
37,6406,"NIAGARA FALLS, NY",MICHELIN NORTH AMERICA,BFGOODRICH,980326872,225/60R17 99H ADVCON,4,BFGOODRICH,4,589.04,31398,313986406,,
11,8288,"MIDLAND, TX",MICHELIN NORTH AMERICA,BFGOODRICH,980360371,275/60R20 115T TRTTA,4,BFGOODRICH,4,922.96,40750,407508288,,
35,6976,WAKE FOREST NC,MICHELIN NORTH AMERICA,BFGOODRICH,980326876,235/55R20 102HADVCON,4,BFGOODRICH,1,194.02,35657,356576976,,
12,4850,EDINBURG TX,MICHELIN NORTH AMERICA,BFGOODRICH,980431199,245/60R20 107HADVCON,4,BFGOODRICH,1,197.01,51386,513864850,,
29,6506,"ALBANY, GA",MICHELIN NORTH AMERICA,BFGOODRICH,980338363,215/55R17 94V ADVCON,4,BFGOODRICH,8,1233.76,21590,215906506,,
7,4987,LONGMONT ALT CO,MICHELIN NORTH AMERICA,BFGOODRICH,980427213,235/45R17X 97WADVCON,4,BFGOODRICH,4,648.72,9236,92364987,,
23,8112,"CHATTANOOGA, TN",MICHELIN NORTH AMERICA,BFGOODRICH,980271498,245/45ZR20X103YCM2A+,4,BFGOODRICH,4,836.36,24329,243298112,,
17,6527,"BATON ROUGE, LA",MICHELIN NORTH AMERICA,BFGOODRICH,980003868,P235/70R15 102S RAD,4,BFGOODRICH,1,154.44,58935,589356527,,
7,4933,"BISMARCK, ND",MICHELIN NORTH AMERICA,BFGOODRICH,980360330,235/65R17X 108TTRTTA,4,BFGOODRICH,4,680.28,56199,561994933,,
31,6420,"CLEARWATER, FL",MICHELIN NORTH AMERICA,BFGOODRICH,980271491,235/50ZR17 96WCM2AS+,4,BFGOODRICH,1,156.12,69343,693436420,,
7,4933,"BISMARCK, ND",MICHELIN NORTH AMERICA,BFGOODRICH,980431194,245/65R17 107TADVCON,4,BFGOODRICH,1,156.12,29387,293874933,,
7,8172,"FARGO, ND",MICHELIN NORTH AMERICA,BFGOODRICH,980338359,215/70R15 98H ADVCON,4,BFGOODRICH,2,232.82,939,9398172,,
9,8208,"LENEXA, KS",MICHELIN NORTH AMERICA,BFGOODRICH,980331431,205/60R16 92V ADVCON,4,BFGOODRICH,1,127.36,555,5558208,,
23,8112,"CHATTANOOGA, TN",MICHELIN NORTH AMERICA,BFGOODRICH,980360327,265/75R16 116T TRTTA,4,BFGOODRICH,4,783.24,42263,422638112,,
11,8269,"GRAND PRAIRIE, TX",MICHELIN NORTH AMERICA,BFGOODRICH,980338369,195/65R15 91H ADVCON,4,BFGOODRICH,1,109.45,91365,913658269,,
7,8172,"FARGO, ND",MICHELIN NORTH AMERICA,BFGOODRICH,980326872,225/60R17 99H ADVCON,4,BFGOODRICH,4,585.04,31398,313988172,,
30,6463,"ANDERSON, SC",MICHELIN NORTH AMERICA,BFGOODRICH,102304,LT265/70R17C TA KO2,4,BFGOODRICH,2,523.76,66255,662556463,,
33,4750,"CUYAHOGA FALLS, OH",MICHELIN NORTH AMERICA,BFGOODRICH,980338368,205/55R16 91H ADVCON,4,BFGOODRICH,1,120.39,90759,907594750,,
10,8241,"MIDWEST CITY, OK",MICHELIN NORTH AMERICA,BFGOODRICH,980338360,235/60R17 102HADVCON,4,BFGOODRICH,4,610.92,2478,24788241,,
13,4713,"SHENANDOAH, TX",MICHELIN NORTH AMERICA,BFGOODRICH,952634,LT265/65R17E TA KO2,4,BFGOODRICH,4,934.76,16681,166814713,,
2,6628,"TORRANCE, CA",MICHELIN NORTH AMERICA,BFGOODRICH,980326874,215/55R16X 97HADVCON,4,BFGOODRICH,1,130.84,34873,348736628,,
34,6351,"NEWPORT NEWS, VA",MICHELIN NORTH AMERICA,BFGOODRICH,980360334,265/70R16 112T TRTTA,4,BFGOODRICH,1,182.02,10385,103856351,,
14,6255,"PLANO(N),TX",MICHELIN NORTH AMERICA,BFGOODRICH,980271485,225/40ZR18X92WCM2AS+,4,BFGOODRICH,2,295.52,2037,20376255,,
13,6245,Harker Heights TX,MICHELIN NORTH AMERICA,BFGOODRICH,980360371,275/60R20 115T TRTTA,4,BFGOODRICH,4,860.48,40750,407506245,,
13,4713,"SHENANDOAH, TX",MICHELIN NORTH AMERICA,BFGOODRICH,984216696,LT285/70R17C TA KO3,4,BFGOODRICH,4,1125.24,62187,621874713,,
26,6667,"YPSILANTI, MI",MICHELIN NORTH AMERICA,BFGOODRICH,980338386,225/60R16 98H ADVCON,4,BFGOODRICH,1,121.39,25822,258226667,,
17,6527,"BATON ROUGE, LA",MICHELIN NORTH AMERICA,BFGOODRICH,980360371,275/60R20 115T TRTTA,4,BFGOODRICH,4,926.64,40750,407506527,,
20,6328,"CICERO, IL",MICHELIN NORTH AMERICA,BFGOODRICH,980331438,195/55R16 87V ADVCON,4,BFGOODRICH,4,501.48,27963,279636328,,
9,8176,"TOPEKA, KS",MICHELIN NORTH AMERICA,BFGOODRICH,980348594,215/45R17 87W ADVCON,4,BFGOODRICH,4,593,91302,913028176,,
9,8176,"TOPEKA, KS",MICHELIN NORTH AMERICA,BFGOODRICH,984211920,LT285/70R17E TA KO3,4,BFGOODRICH,2,571.02,19795,197958176,,
31,4998,"THE VILLAGES, FL",MICHELIN NORTH AMERICA,BFGOODRICH,980338402,225/60R18 100HADVCON,4,BFGOODRICH,4,620.88,47859,478594998,,
24,4817,"SAM&#39;S TRUSSVILLE , AL",MICHELIN NORTH AMERICA,BFGOODRICH,980360321,245/75R16 111T TRTTA,4,BFGOODRICH,2,362.2,65907,659074817,,
31,4998,"THE VILLAGES, FL",MICHELIN NORTH AMERICA,BFGOODRICH,980338384,225/65R16 100HADVCON,4,BFGOODRICH,4,525.36,9518,95184998,,
28,4780,"BUFORD, GA",MICHELIN NORTH AMERICA,BFGOODRICH,980431194,245/65R17 107TADVCON,4,BFGOODRICH,1,156.12,29387,293874780,,
21,6304,"INDIANAPOLIS, IN",MICHELIN NORTH AMERICA,BFGOODRICH,980331434,235/55R17 99H ADVCON,4,BFGOODRICH,1,147.26,7652,76526304,,
37,6547,"MUNCY, PA",MICHELIN NORTH AMERICA,BFGOODRICH,980331438,195/55R16 87V ADVCON,4,BFGOODRICH,4,501.48,27963,279636547,,
3,6682,"LAYTON, UT",MICHELIN NORTH AMERICA,BFGOODRICH,980360337,265/70R17 115T TRTTA,4,BFGOODRICH,4,709.68,71447,714476682,,
12,8262,"SAN ANTONIO (N), TX",MICHELIN NORTH AMERICA,BFGOODRICH,980431194,245/65R17 107TADVCON,4,BFGOODRICH,1,154.26,29387,293878262,,
18,4738,"EAGAN, MN",MICHELIN NORTH AMERICA,BFGOODRICH,980431186,235/70R16 106TADVCON,4,BFGOODRICH,4,520.4,2584,25844738,,
29,8116,"JACKSONVILLE,FL",MICHELIN NORTH AMERICA,BFGOODRICH,980348593,175/65R15 84H ADVCON,4,BFGOODRICH,4,425.84,62286,622868116,,
15,8190,"LA MARQUE, TX",MICHELIN NORTH AMERICA,BFGOODRICH,980271496,245/45ZR17X99WCM2AS+,4,BFGOODRICH,1,160.77,11005,110058190,,
8,6432,"SIOUX CITY,IA",MICHELIN NORTH AMERICA,BFGOODRICH,980431185,255/45R20 101WADVCON,4,BFGOODRICH,4,831.8,1805,18056432,,
35,6573,Jacksonville NC,MICHELIN NORTH AMERICA,BFGOODRICH,984216703,LT285/75R16E TA KO3,4,BFGOODRICH,2,556.3,15138,151386573,,
39,4994,MECHANICSBURG PA,MICHELIN NORTH AMERICA,BFGOODRICH,980338373,205/55R17X 95HADVCON,4,BFGOODRICH,2,290.54,49186,491864994,,
6,4703,"ALBUQUERQUE, NM",MICHELIN NORTH AMERICA,BFGOODRICH,980331431,205/60R16 92V ADVCON,4,BFGOODRICH,4,517.4,555,5554703,,
14,6255,"PLANO(N),TX",MICHELIN NORTH AMERICA,BFGOODRICH,980431198,255/55R18X109VADVCON,4,BFGOODRICH,1,183.08,38080,380806255,,
9,6418,"WICHITA, KS",MICHELIN NORTH AMERICA,BFGOODRICH,980338368,205/55R16 91H ADVCON,4,BFGOODRICH,2,240.78,90759,907596418,,
12,8227,"SAN ANTONIO (NW), TX",MICHELIN NORTH AMERICA,BFGOODRICH,980338370,215/60R16 95H ADVCON,4,BFGOODRICH,1,121.39,17593,175938227,,
6,8280,EL PASO TX,MICHELIN NORTH AMERICA,BFGOODRICH,980338368,205/55R16 91H ADVCON,4,BFGOODRICH,4,477.6,90759,907598280,,
29,8202,"SAVANNAH, GA",MICHELIN NORTH AMERICA,BFGOODRICH,980326875,215/60R17 96H ADVCON,4,BFGOODRICH,4,569.12,35649,356498202,,
9,8163,"COLUMBIA, MO",MICHELIN NORTH AMERICA,BFGOODRICH,980354612,LT315/70R17C TA KO2,4,BFGOODRICH,4,1331.2,7361,73618163,,
31,6387,PINELLAS PARK FL,MICHELIN NORTH AMERICA,BFGOODRICH,980271497,245/45ZR18X100YCM2A+,4,BFGOODRICH,1,170.06,50280,502806387,,
38,6653,"GAITHERSBURG, MD",MICHELIN NORTH AMERICA,BFGOODRICH,980271489,235/45ZR17X97WCM2AS+,4,BFGOODRICH,4,587.32,21745,217456653,,
11,8282,"DALLAS (S), TX",MICHELIN NORTH AMERICA,BFGOODRICH,980338377,245/45R20 99V ADVCON,4,BFGOODRICH,3,602.97,2390,23908282,,
12,8156,"LAREDO, TX",MICHELIN NORTH AMERICA,BFGOODRICH,980348594,215/45R17 87W ADVCON,4,BFGOODRICH,1,148.25,91302,913028156,,
22,8111,"JEFFERSONTOWN, KY",MICHELIN NORTH AMERICA,BFGOODRICH,980348601,225/40R18X 92WADVCON,4,BFGOODRICH,3,516.39,13945,139458111,,
33,4936,"GRANVILLE, WV",MICHELIN NORTH AMERICA,BFGOODRICH,980338402,225/60R18 100HADVCON,4,BFGOODRICH,1,155.22,47859,478594936,,
36,4828,ORLANDO LAKE NONA FL,MICHELIN NORTH AMERICA,BFGOODRICH,980348600,245/40R18X 97VADVCON,4,BFGOODRICH,4,672.6,2922,29224828,,
31,6420,"CLEARWATER, FL",MICHELIN NORTH AMERICA,BFGOODRICH,980338381,185/60R15 84H ADVCON,4,BFGOODRICH,2,216.9,61141,611416420,,
19,8205,"SAINT LOUIS, MO",MICHELIN NORTH AMERICA,BFGOODRICH,980431198,255/55R18X109VADVCON,4,BFGOODRICH,2,366.16,38080,380808205,,
9,4870,KANSAS CITY KS,MICHELIN NORTH AMERICA,BFGOODRICH,980431197,255/60R19 109HADVCON,4,BFGOODRICH,1,204.97,33985,339854870,,
14,6255,"PLANO(N),TX",MICHELIN NORTH AMERICA,BFGOODRICH,980315391,235/55ZR17X103WC2AS+,4,BFGOODRICH,1,149.62,17488,174886255,,
24,6435,"TUSCALOOSA, AL",MICHELIN NORTH AMERICA,BFGOODRICH,980338380,205/50R17X 93VADVCON,4,BFGOODRICH,3,447.75,64709,647096435,,
37,6675,"ERIE, PA",MICHELIN NORTH AMERICA,BFGOODRICH,980360376,265/50R20 107H TRTTA,4,BFGOODRICH,3,703.26,4147,41476675,,
22,8136,"DAYTON, OH",MICHELIN NORTH AMERICA,BFGOODRICH,980338369,195/65R15 91H ADVCON,4,BFGOODRICH,2,222.88,91365,913658136,,
14,8299,PLANO TX,MICHELIN NORTH AMERICA,BFGOODRICH,980326872,225/60R17 99H ADVCON,4,BFGOODRICH,4,585.04,31398,313988299,,
11,6244,"FORT WORTH, TX",MICHELIN NORTH AMERICA,BFGOODRICH,980338373,205/55R17X 95HADVCON,4,BFGOODRICH,4,569.12,49186,491866244,,
25,6661,"PORTAGE, MI",MICHELIN NORTH AMERICA,BFGOODRICH,980348603,225/65R17 102HADVCON,4,BFGOODRICH,4,612.92,68173,681736661,,
39,8160,"TEMPLE, PA",MICHELIN NORTH AMERICA,BFGOODRICH,980326867,185/65R15 88H ADVCON,4,BFGOODRICH,1,103.48,12354,123548160,,
16,8296,"SPRINGFIELD, MO",MICHELIN NORTH AMERICA,BFGOODRICH,980427232,235/65R17 104VADVCON,4,BFGOODRICH,4,652.72,3632,36328296,,
28,4802,"HIRAM, GA",MICHELIN NORTH AMERICA,BFGOODRICH,815231,P225/70R14 98S RAD 3,4,BFGOODRICH,4,606.72,78138,781384802,,
7,6385,"GRAND FORKS, ND",MICHELIN NORTH AMERICA,BFGOODRICH,980431201,235/60R18X107VADVCON,4,BFGOODRICH,2,374.12,60593,605936385,,
37,6675,"ERIE, PA",MICHELIN NORTH AMERICA,BFGOODRICH,980326882,195/60R15 88H ADVCON,4,BFGOODRICH,4,425.84,11824,118246675,,
20,8297,"ROCKFORD, IL",MICHELIN NORTH AMERICA,BFGOODRICH,980360370,275/55R20 113T TRTTA,4,BFGOODRICH,4,915.64,9185,91858297,,
3,6682,"LAYTON, UT",MICHELIN NORTH AMERICA,BFGOODRICH,980338363,215/55R17 94V ADVCON,4,BFGOODRICH,2,288.54,21590,215906682,,
29,6204,"VALDOSTA, GA",MICHELIN NORTH AMERICA,BFGOODRICH,980360370,275/55R20 113T TRTTA,4,BFGOODRICH,1,235.34,9185,91856204,,
31,6401,"TAMPA, FL",MICHELIN NORTH AMERICA,BFGOODRICH,952748,35X12.50R15C TA KO2,4,BFGOODRICH,4,1193,33572,335726401,,
1,6612,"CONCORD, CA",MICHELIN NORTH AMERICA,BFGOODRICH,980331441,225/45R18X 95VADVCON,4,BFGOODRICH,4,604.96,50840,508406612,,
7,8172,"FARGO, ND",MICHELIN NORTH AMERICA,BFGOODRICH,980338386,225/60R16 98H ADVCON,4,BFGOODRICH,4,481.56,25822,258228172,,
6,8153,"EL PASO, TX",MICHELIN NORTH AMERICA,BFGOODRICH,980360315,LT315/70R17C TA KO2,4,BFGOODRICH,4,1331.2,8884,88848153,,
3,6682,"LAYTON, UT",MICHELIN NORTH AMERICA,BFGOODRICH,980326882,195/60R15 88H ADVCON,4,BFGOODRICH,1,103.48,11824,118246682,,
4,6606,"PHOENIX, AZ",MICHELIN NORTH AMERICA,BFGOODRICH,980271498,245/45ZR20X103YCM2A+,4,BFGOODRICH,2,408.9,24329,243296606,,
20,4840,"JANESVILLE, WI",MICHELIN NORTH AMERICA,BFGOODRICH,980326880,215/65R17 99H ADVCON,4,BFGOODRICH,2,274.62,73126,731264840,,
5,6631,"AURORA, CO",MICHELIN NORTH AMERICA,BFGOODRICH,980360335,245/65R17X 111TTRTTA,4,BFGOODRICH,1,182.94,1614,16146631,,
8,6432,"SIOUX CITY,IA",MICHELIN NORTH AMERICA,BFGOODRICH,980326873,205/65R16 95H ADVCON,4,BFGOODRICH,4,509.44,34591,345916432,,
27,6373,"VIENNA, WV",MICHELIN NORTH AMERICA,BFGOODRICH,980338366,225/55R18 98V ADVCON,4,BFGOODRICH,4,644.76,60675,606756373,,
23,4740,"SOUTHAVEN, MS",MICHELIN NORTH AMERICA,BFGOODRICH,980271497,245/45ZR18X100YCM2A+,4,BFGOODRICH,1,170.06,50280,502804740,,
7,4933,"BISMARCK, ND",MICHELIN NORTH AMERICA,BFGOODRICH,980326880,215/65R17 99H ADVCON,4,BFGOODRICH,4,545.24,73126,731264933,,
1,4768,"RENO, NV",MICHELIN NORTH AMERICA,BFGOODRICH,980360330,235/65R17X 108TTRTTA,4,BFGOODRICH,4,680.28,56199,561994768,,
11,6781,KELLER TX,MICHELIN NORTH AMERICA,BFGOODRICH,980271498,245/45ZR20X103YCM2A+,4,BFGOODRICH,4,836.36,24329,243296781,,
26,8139,"TOLEDO, OH",MICHELIN NORTH AMERICA,BFGOODRICH,980431187,265/50R20 107TADVCON,4,BFGOODRICH,4,754.6,3629,36298139,,
39,8160,"TEMPLE, PA",MICHELIN NORTH AMERICA,BFGOODRICH,980338369,195/65R15 91H ADVCON,4,BFGOODRICH,9,986.85,91365,913658160,,
2,6626,"SOUTHGATE, CA",MICHELIN NORTH AMERICA,BFGOODRICH,980271485,225/40ZR18X92WCM2AS+,4,BFGOODRICH,2,295.52,2037,20376626,,
32,6341,"SUNRISE, FL",MICHELIN NORTH AMERICA,BFGOODRICH,980271496,245/45ZR17X99WCM2AS+,4,BFGOODRICH,1,160.77,11005,110056341,,
24,8119,"PENSACOLA, FL",MICHELIN NORTH AMERICA,BFGOODRICH,980360363,255/70R18X 116HTRTTA,4,BFGOODRICH,1,216.04,68498,684988119,,
15,4712,"HOUSTON(MEM), TX",MICHELIN NORTH AMERICA,BFGOODRICH,980431188,245/60R18 105HADVCON,4,BFGOODRICH,4,744.24,5048,50484712,,
12,8262,"SAN ANTONIO (N), TX",MICHELIN NORTH AMERICA,BFGOODRICH,980299175,215/45ZR18X93WCM2AS+,4,BFGOODRICH,4,592.52,29567,295678262,,
22,4992,"ELIZABETHTOWN, KY",MICHELIN NORTH AMERICA,BFGOODRICH,984211919,LT265/70R17E TA KO3,4,BFGOODRICH,4,1066.4,9100,91004992,,
16,4808,SPRINGDALE AR,MICHELIN NORTH AMERICA,BFGOODRICH,980360374,275/65R18 116T TRTTA,4,BFGOODRICH,1,232.58,95912,959124808,,
11,8288,"MIDLAND, TX",MICHELIN NORTH AMERICA,BFGOODRICH,980271501,275/40ZR20X106YCM2A+,4,BFGOODRICH,2,464.64,93883,938838288,,
4,6205,"YUMA, AZ",MICHELIN NORTH AMERICA,BFGOODRICH,980338384,225/65R16 100HADVCON,4,BFGOODRICH,2,264.66,9518,95186205,,
31,8201,"BRADENTON, FL",MICHELIN NORTH AMERICA,BFGOODRICH,980338363,215/55R17 94V ADVCON,4,BFGOODRICH,1,154.22,21590,215908201,,
28,4802,"HIRAM, GA",MICHELIN NORTH AMERICA,BFGOODRICH,980348600,245/40R18X 97VADVCON,4,BFGOODRICH,4,672.6,2922,29224802,,
33,4847,GREENSBURG PA,MICHELIN NORTH AMERICA,BFGOODRICH,980299164,225/55ZR17 97WCM2AS+,4,BFGOODRICH,2,286.22,5801,58014847,,
9,6418,"WICHITA, KS",MICHELIN NORTH AMERICA,BFGOODRICH,980360321,245/75R16 111T TRTTA,4,BFGOODRICH,10,1755.9,65907,659076418,,
28,4739,"SNELLVILLE, GA",MICHELIN NORTH AMERICA,BFGOODRICH,980326869,215/65R16 98H ADVCON,4,BFGOODRICH,4,489.52,18477,184774739,,
29,6204,"VALDOSTA, GA",MICHELIN NORTH AMERICA,BFGOODRICH,980348593,175/65R15 84H ADVCON,4,BFGOODRICH,2,212.92,62286,622866204,,
17,4837,"DENHAM SPRINGS, LA",MICHELIN NORTH AMERICA,BFGOODRICH,980331438,195/55R16 87V ADVCON,4,BFGOODRICH,4,517.4,27963,279634837,,
33,6314,"ELYRIA, OH",MICHELIN NORTH AMERICA,BFGOODRICH,980338359,215/70R15 98H ADVCON,4,BFGOODRICH,4,417.88,939,9396314,,
31,6441,"LAKELAND (N),FL",MICHELIN NORTH AMERICA,BFGOODRICH,980431192,235/65R17 104HADVCON,4,BFGOODRICH,4,628.84,28399,283996441,,
33,4847,GREENSBURG PA,MICHELIN NORTH AMERICA,BFGOODRICH,980299186,225/50ZR16 92WCM2AS+,4,BFGOODRICH,2,284.36,21425,214254847,,
8,6181,PAPILLION NE,MICHELIN NORTH AMERICA,BFGOODRICH,980271495,245/40ZR19X98YCM2AS+,4,BFGOODRICH,4,797.36,18288,182886181,,
4,6205,"YUMA, AZ",MICHELIN NORTH AMERICA,BFGOODRICH,980348594,215/45R17 87W ADVCON,4,BFGOODRICH,3,443.76,91302,913026205,,
31,6387,PINELLAS PARK FL,MICHELIN NORTH AMERICA,BFGOODRICH,980271487,225/45ZR18X95YCM2AS+,4,BFGOODRICH,4,650.52,60923,609236387,,
9,6505,JEFFERSON CITY MO,MICHELIN NORTH AMERICA,BFGOODRICH,952733,31X10.50R15C TA KO2,4,BFGOODRICH,4,847.48,69948,699486505,,
14,4783,"GARLAND, TX",MICHELIN NORTH AMERICA,BFGOODRICH,980299176,205/45ZR17X88WCM2AS+,4,BFGOODRICH,1,137.54,49718,497184783,,
33,4847,GREENSBURG PA,MICHELIN NORTH AMERICA,BFGOODRICH,980427270,275/45R20X110VADVCON,4,BFGOODRICH,4,935.28,4744,47444847,,
31,4861,"ST PETERSBURG, FL",MICHELIN NORTH AMERICA,BFGOODRICH,980331441,225/45R18X 95VADVCON,4,BFGOODRICH,2,308.44,50840,508404861,,
17,4837,"DENHAM SPRINGS, LA",MICHELIN NORTH AMERICA,BFGOODRICH,980431184,215/70R16 100HADVCON,4,BFGOODRICH,4,545.24,1041,10414837,,
19,8251,"SAINT CHARLES, MO",MICHELIN NORTH AMERICA,BFGOODRICH,980338369,195/65R15 91H ADVCON,4,BFGOODRICH,1,111.44,91365,913658251,,
9,4870,KANSAS CITY KS,MICHELIN NORTH AMERICA,BFGOODRICH,980431192,235/65R17 104HADVCON,4,BFGOODRICH,4,624.84,28399,283994870,,
31,6401,"TAMPA, FL",MICHELIN NORTH AMERICA,BFGOODRICH,980338359,215/70R15 98H ADVCON,4,BFGOODRICH,4,453.72,939,9396401,,
21,8197,"CHAMPAIGN, IL",MICHELIN NORTH AMERICA,BFGOODRICH,980271482,215/45ZR17X91WCM2AS+,4,BFGOODRICH,2,258.34,25463,254638197,,
23,8112,"CHATTANOOGA, TN",MICHELIN NORTH AMERICA,BFGOODRICH,980271503,305/35ZR20104YCM2AS+,4,BFGOODRICH,2,486.96,76991,769918112,,
34,8228,"WINSTON-SALEM, NC",MICHELIN NORTH AMERICA,BFGOODRICH,980331441,225/45R18X 95VADVCON,4,BFGOODRICH,4,585.04,50840,508408228,,
26,6660,"PORT HURON, MI",MICHELIN NORTH AMERICA,BFGOODRICH,980348595,235/50R18 97V ADVCON,4,BFGOODRICH,4,680.56,91494,914946660,,
1,4799,"CITRUS HEIGHTS, CA",MICHELIN NORTH AMERICA,BFGOODRICH,980360378,285/45R22X 114HTRTTA,4,BFGOODRICH,4,1051.68,56955,569554799,,
20,6444,"EVANSTON, IL",MICHELIN NORTH AMERICA,BFGOODRICH,980427184,205/65R15X 99HADVCON,4,BFGOODRICH,3,349.23,71973,719736444,,
20,6328,"CICERO, IL",MICHELIN NORTH AMERICA,BFGOODRICH,980326870,235/65R16 103HADVCON,4,BFGOODRICH,2,278.6,28566,285666328,,
33,4936,"GRANVILLE, WV",MICHELIN NORTH AMERICA,BFGOODRICH,984211922,LT275/70R18E TA KO3,4,BFGOODRICH,4,1218.76,78075,780754936,,
8,6432,"SIOUX CITY,IA",MICHELIN NORTH AMERICA,BFGOODRICH,980326868,235/60R16 100HADVCON,4,BFGOODRICH,4,541.28,15025,150256432,,
32,6341,"SUNRISE, FL",MICHELIN NORTH AMERICA,BFGOODRICH,980326872,225/60R17 99H ADVCON,4,BFGOODRICH,4,585.04,31398,313986341,,
35,6976,WAKE FOREST NC,MICHELIN NORTH AMERICA,BFGOODRICH,980271498,245/45ZR20X103YCM2A+,4,BFGOODRICH,2,418.18,24329,243296976,,
32,6341,"SUNRISE, FL",MICHELIN NORTH AMERICA,BFGOODRICH,980338360,235/60R17 102HADVCON,4,BFGOODRICH,1,155.22,2478,24786341,,
27,6326,"REYNOLDSBURG, OH",MICHELIN NORTH AMERICA,BFGOODRICH,980338369,195/65R15 91H ADVCON,4,BFGOODRICH,1,110.44,91365,913656326,,
37,6327,"WARREN,OH",MICHELIN NORTH AMERICA,BFGOODRICH,980348595,235/50R18 97V ADVCON,4,BFGOODRICH,3,507.45,91494,914946327,,
15,4843,PEARLAND TX,MICHELIN NORTH AMERICA,BFGOODRICH,980299166,205/55ZR16 91WCM2AS+,4,BFGOODRICH,1,124.53,91132,911324843,,
5,6630,"ARVADA, CO",MICHELIN NORTH AMERICA,BFGOODRICH,980338370,215/60R16 95H ADVCON,4,BFGOODRICH,1,121.39,17593,175936630,,
5,6634,"LONE TREE, CO",MICHELIN NORTH AMERICA,BFGOODRICH,980271490,235/45ZR18X98WCM2AS+,4,BFGOODRICH,1,173.78,48272,482726634,,
33,4936,"GRANVILLE, WV",MICHELIN NORTH AMERICA,BFGOODRICH,980326867,185/65R15 88H ADVCON,4,BFGOODRICH,1,103.48,12354,123544936,,
9,4870,KANSAS CITY KS,MICHELIN NORTH AMERICA,BFGOODRICH,984211919,LT265/70R17E TA KO3,4,BFGOODRICH,1,250.05,9100,91004870,,
37,6675,"ERIE, PA",MICHELIN NORTH AMERICA,BFGOODRICH,980431195,265/50R20 107VADVCON,4,BFGOODRICH,4,815.88,30990,309906675,,
17,6527,"BATON ROUGE, LA",MICHELIN NORTH AMERICA,BFGOODRICH,131579,P215/70R14 96S RAD,4,BFGOODRICH,4,605.92,13823,138236527,,
36,4828,ORLANDO LAKE NONA FL,MICHELIN NORTH AMERICA,BFGOODRICH,980326880,215/65R17 99H ADVCON,4,BFGOODRICH,4,549.24,73126,731264828,,
4,4829,GILBERT (E) AZ,MICHELIN NORTH AMERICA,BFGOODRICH,980271483,215/50ZR17X95WCM2AS+,4,BFGOODRICH,4,565,30364,303644829,,
24,4871,"MERIDIAN, MS",MICHELIN NORTH AMERICA,BFGOODRICH,980338378,225/45R17 91H ADVCON,4,BFGOODRICH,4,573.12,40475,404754871,,
34,8220,"ROANOKE, VA",MICHELIN NORTH AMERICA,BFGOODRICH,980338368,205/55R16 91H ADVCON,4,BFGOODRICH,1,119.4,90759,907598220,,
29,8116,"JACKSONVILLE,FL",MICHELIN NORTH AMERICA,BFGOODRICH,980348596,245/50R20 102VADVCON,4,BFGOODRICH,1,185.07,2465,24658116,,
24,8236,"GULFPORT, MS",MICHELIN NORTH AMERICA,BFGOODRICH,980338369,195/65R15 91H ADVCON,4,BFGOODRICH,4,441.76,91365,913658236,,
6,6246,EL PASO TX,MICHELIN NORTH AMERICA,BFGOODRICH,980326874,215/55R16X 97HADVCON,4,BFGOODRICH,4,525.36,34873,348736246,,
26,6667,"YPSILANTI, MI",MICHELIN NORTH AMERICA,BFGOODRICH,980326869,215/65R16 98H ADVCON,4,BFGOODRICH,4,489.52,18477,184776667,,
22,4992,"ELIZABETHTOWN, KY",MICHELIN NORTH AMERICA,BFGOODRICH,980338367,235/45R18X 98VADVCON,4,BFGOODRICH,1,182.08,67114,671144992,,
27,6326,"REYNOLDSBURG, OH",MICHELIN NORTH AMERICA,BFGOODRICH,980326872,225/60R17 99H ADVCON,4,BFGOODRICH,1,146.26,31398,313986326,,
15,6867,HOUSTON CINCO TX,MICHELIN NORTH AMERICA,BFGOODRICH,980338388,215/55R18 95H ADVCON,4,BFGOODRICH,4,652.72,37910,379106867,,
27,8152,"SOUTH POINT, OH",MICHELIN NORTH AMERICA,BFGOODRICH,980338359,215/70R15 98H ADVCON,4,BFGOODRICH,4,449.72,939,9398152,,
31,6387,PINELLAS PARK FL,MICHELIN NORTH AMERICA,BFGOODRICH,980360321,245/75R16 111T TRTTA,4,BFGOODRICH,4,698.68,65907,659076387,,
33,4952,"TARENTUM, PA",MICHELIN NORTH AMERICA,BFGOODRICH,980271494,245/40ZR18X97YCM2AS+,4,BFGOODRICH,3,521.34,62014,620144952,,
38,6357,"ANNAPOLIS, MD",MICHELIN NORTH AMERICA,BFGOODRICH,980431188,245/60R18 105HADVCON,4,BFGOODRICH,1,193.03,5048,50486357,,
10,6267,EDMOND OK,MICHELIN NORTH AMERICA,BFGOODRICH,980326868,235/60R16 100HADVCON,4,BFGOODRICH,4,541.28,15025,150256267,,
31,6448,"NEW PORT RICHEY, FL",MICHELIN NORTH AMERICA,BFGOODRICH,815828,P255/60R15 102S RAD,4,BFGOODRICH,2,353.02,29893,298936448,,
39,6330,"DOVER, DE",MICHELIN NORTH AMERICA,BFGOODRICH,980271490,235/45ZR18X98WCM2AS+,4,BFGOODRICH,4,687.68,48272,482726330,,
33,6314,"ELYRIA, OH",MICHELIN NORTH AMERICA,BFGOODRICH,980326874,215/55R16X 97HADVCON,4,BFGOODRICH,1,130.34,34873,348736314,,
15,8190,"LA MARQUE, TX",MICHELIN NORTH AMERICA,BFGOODRICH,980326880,215/65R17 99H ADVCON,4,BFGOODRICH,2,274.62,73126,731268190,,
9,6505,JEFFERSON CITY MO,MICHELIN NORTH AMERICA,BFGOODRICH,980431200,235/60R18X107HADVCON,4,BFGOODRICH,4,728.32,58194,581946505,,
38,6653,"GAITHERSBURG, MD",MICHELIN NORTH AMERICA,BFGOODRICH,980338360,235/60R17 102HADVCON,4,BFGOODRICH,1,155.22,2478,24786653,,
28,4789,"SHARPSBURG, GA",MICHELIN NORTH AMERICA,BFGOODRICH,980431190,245/55R19 103HADVCON,4,BFGOODRICH,1,201.98,17779,177794789,,
39,6693,"LANGHORNE, PA",MICHELIN NORTH AMERICA,BFGOODRICH,980299167,255/40ZR19X100YC2AS+,4,BFGOODRICH,4,843.8,544,5446693,,
29,8202,"SAVANNAH, GA",MICHELIN NORTH AMERICA,BFGOODRICH,980271492,235/50ZR18X101WCM2A+,4,BFGOODRICH,1,168.2,86885,868858202,,
7,8172,"FARGO, ND",MICHELIN NORTH AMERICA,BFGOODRICH,980338382,235/45R17X 97HADVCON,4,BFGOODRICH,4,648.72,3789,37898172,,
37,6675,"ERIE, PA",MICHELIN NORTH AMERICA,BFGOODRICH,980427197,225/55R18 98H ADVCON,4,BFGOODRICH,2,330.34,17818,178186675,,
12,8264,"SAN ANTONIO (S), TX",MICHELIN NORTH AMERICA,BFGOODRICH,980338369,195/65R15 91H ADVCON,4,BFGOODRICH,3,334.32,91365,913658264,,
18,8167,"FRANKLIN, WI",MICHELIN NORTH AMERICA,BFGOODRICH,980338402,225/60R18 100HADVCON,4,BFGOODRICH,2,310.44,47859,478598167,,
3,4730,"WEST JORDAN, UT",MICHELIN NORTH AMERICA,BFGOODRICH,980431187,265/50R20 107TADVCON,4,BFGOODRICH,1,186.79,3629,36294730,,
34,6351,"NEWPORT NEWS, VA",MICHELIN NORTH AMERICA,BFGOODRICH,980331441,225/45R18X 95VADVCON,4,BFGOODRICH,4,604.96,50840,508406351,,
2,4822,"MURRIETA, CA",MICHELIN NORTH AMERICA,BFGOODRICH,980348603,225/65R17 102HADVCON,4,BFGOODRICH,1,153.23,68173,681734822,,
14,4783,"GARLAND, TX",MICHELIN NORTH AMERICA,BFGOODRICH,980348600,245/40R18X 97VADVCON,4,BFGOODRICH,2,336.3,2922,29224783,,
9,4870,KANSAS CITY KS,MICHELIN NORTH AMERICA,BFGOODRICH,984211920,LT285/70R17E TA KO3,4,BFGOODRICH,1,282.75,19795,197954870,,
33,6314,"ELYRIA, OH",MICHELIN NORTH AMERICA,BFGOODRICH,980299176,205/45ZR17X88WCM2AS+,4,BFGOODRICH,4,550.16,49718,497186314,,
31,6420,"CLEARWATER, FL",MICHELIN NORTH AMERICA,BFGOODRICH,980326865,225/55R19 99V ADVCON,4,BFGOODRICH,8,1544.24,5785,57856420,,
4,4915,BULLHEAD CITY AZ,MICHELIN NORTH AMERICA,BFGOODRICH,984216707,LT285/75R17E TA KO3,4,BFGOODRICH,1,333.55,30398,303984915,,
17,8273,"SHREVEPORT, LA",MICHELIN NORTH AMERICA,BFGOODRICH,980299189,225/55ZR16 95WCM2AS+,4,BFGOODRICH,1,144.97,560,5608273,,
17,4837,"DENHAM SPRINGS, LA",MICHELIN NORTH AMERICA,BFGOODRICH,980299171,225/45ZR19X96WCM2AS+,4,BFGOODRICH,4,710,905,9054837,,
5,6634,"LONE TREE, CO",MICHELIN NORTH AMERICA,BFGOODRICH,980271498,245/45ZR20X103YCM2A+,4,BFGOODRICH,3,613.35,24329,243296634,,
33,4847,GREENSBURG PA,MICHELIN NORTH AMERICA,BFGOODRICH,980360358,265/65R18 114T TRTTA,4,BFGOODRICH,1,210.52,57310,573104847,,
32,6217,"MIAMI, FL",MICHELIN NORTH AMERICA,BFGOODRICH,980360321,245/75R16 111T TRTTA,4,BFGOODRICH,1,175.59,65907,659076217,,
31,6448,"NEW PORT RICHEY, FL",MICHELIN NORTH AMERICA,BFGOODRICH,980338389,245/55R18 103VADVCON,4,BFGOODRICH,4,740.28,38227,382276448,,
34,6351,"NEWPORT NEWS, VA",MICHELIN NORTH AMERICA,BFGOODRICH,980338373,205/55R17X 95HADVCON,4,BFGOODRICH,1,142.28,49186,491866351,,
5,6631,"AURORA, CO",MICHELIN NORTH AMERICA,BFGOODRICH,980326866,205/60R16 92H ADVCON,4,BFGOODRICH,2,238.8,7227,72276631,,
14,6255,"PLANO(N),TX",MICHELIN NORTH AMERICA,BFGOODRICH,980326872,225/60R17 99H ADVCON,4,BFGOODRICH,1,141.29,31398,313986255,,
30,6348,"PINEVILLE, NC",MICHELIN NORTH AMERICA,BFGOODRICH,980338368,205/55R16 91H ADVCON,4,BFGOODRICH,4,481.56,90759,907596348,,
15,4769,"HOUSTON(WESTPARK), TX",MICHELIN NORTH AMERICA,BFGOODRICH,980299186,225/50ZR16 92WCM2AS+,4,BFGOODRICH,4,568.72,21425,214254769,,
26,6659,"MADISON HEIGHTS, MI",MICHELIN NORTH AMERICA,BFGOODRICH,980427252,255/50R19X107VADVCON,4,BFGOODRICH,1,208.95,67453,674536659,,
14,6422,"LONGVIEW, TX",MICHELIN NORTH AMERICA,BFGOODRICH,980299188,245/50ZR19X105WC2AS+,4,BFGOODRICH,4,791.76,3637,36376422,,
6,8280,EL PASO TX,MICHELIN NORTH AMERICA,BFGOODRICH,980360363,255/70R18X 116HTRTTA,4,BFGOODRICH,4,838.4,68498,684988280,,
17,6527,"BATON ROUGE, LA",MICHELIN NORTH AMERICA,BFGOODRICH,553243,P295/50R15 105S RAD,4,BFGOODRICH,2,459.64,12707,127076527,,
37,6431,"SAM&#39;S ELMIRA, NY",MICHELIN NORTH AMERICA,BFGOODRICH,980338388,215/55R18 95H ADVCON,4,BFGOODRICH,4,652.72,37910,379106431,,
11,4905,"DENTON, TX",MICHELIN NORTH AMERICA,BFGOODRICH,980360378,285/45R22X 114HTRTTA,4,BFGOODRICH,4,1062.72,56955,569554905,,
34,6351,"NEWPORT NEWS, VA",MICHELIN NORTH AMERICA,BFGOODRICH,980338371,235/55R18 100HADVCON,4,BFGOODRICH,4,688.56,54029,540296351,,
38,6653,"GAITHERSBURG, MD",MICHELIN NORTH AMERICA,BFGOODRICH,980338365,215/60R16 95V ADVCON,4,BFGOODRICH,1,128.35,53186,531866653,,
17,8221,"HARVEY, LA",MICHELIN NORTH AMERICA,BFGOODRICH,980271487,225/45ZR18X95YCM2AS+,4,BFGOODRICH,4,650.52,60923,609238221,,
12,4914,San Antonio N TX,MICHELIN NORTH AMERICA,BFGOODRICH,980431198,255/55R18X109VADVCON,4,BFGOODRICH,1,189.05,38080,380804914,,
34,8228,"WINSTON-SALEM, NC",MICHELIN NORTH AMERICA,BFGOODRICH,980427232,235/65R17 104VADVCON,4,BFGOODRICH,4,640.76,3632,36328228,,
34,6368,"CHESAPEAKE, VA",MICHELIN NORTH AMERICA,BFGOODRICH,980360358,265/65R18 114T TRTTA,4,BFGOODRICH,4,838.4,57310,573106368,,
31,8201,"BRADENTON, FL",MICHELIN NORTH AMERICA,BFGOODRICH,980431201,235/60R18X107VADVCON,4,BFGOODRICH,4,748.24,60593,605938201,,
34,6402,"GREENSBORO, NC",MICHELIN NORTH AMERICA,BFGOODRICH,952634,LT265/65R17E TA KO2,4,BFGOODRICH,4,934.76,16681,166816402,,
35,6570,"RALEIGH, NC",MICHELIN NORTH AMERICA,BFGOODRICH,980427257,255/60R18X112VADVCON,4,BFGOODRICH,4,863.64,6701,67016570,,
27,6242,"DUBLIN, OH",MICHELIN NORTH AMERICA,BFGOODRICH,980348595,235/50R18 97V ADVCON,4,BFGOODRICH,4,668.64,91494,914946242,,
28,6643,CLAIRMONT GA,MICHELIN NORTH AMERICA,BFGOODRICH,980331441,225/45R18X 95VADVCON,4,BFGOODRICH,2,308.44,50840,508406643,,
17,4837,"DENHAM SPRINGS, LA",MICHELIN NORTH AMERICA,BFGOODRICH,980271482,215/45ZR17X91WCM2AS+,4,BFGOODRICH,1,133.82,25463,254634837,,
18,8183,"SAINT CLOUD, MN",MICHELIN NORTH AMERICA,BFGOODRICH,980326867,185/65R15 88H ADVCON,4,BFGOODRICH,2,206.96,12354,123548183,,
1,6410,"PEARL CITY, HI",MICHELIN NORTH AMERICA,BFGOODRICH,980271495,245/40ZR19X98YCM2AS+,4,BFGOODRICH,1,201.66,18288,182886410,,
34,8228,"WINSTON-SALEM, NC",MICHELIN NORTH AMERICA,BFGOODRICH,980338371,235/55R18 100HADVCON,4,BFGOODRICH,4,692.52,54029,540298228,,
8,6181,PAPILLION NE,MICHELIN NORTH AMERICA,BFGOODRICH,980360337,265/70R17 115T TRTTA,4,BFGOODRICH,4,775.88,71447,714476181,,
24,8213,"COLUMBUS, GA",MICHELIN NORTH AMERICA,BFGOODRICH,980299162,235/40ZR18X95WCM2AS+,4,BFGOODRICH,8,1293.6,11407,114078213,,
23,4740,"SOUTHAVEN, MS",MICHELIN NORTH AMERICA,BFGOODRICH,980338367,235/45R18X 98VADVCON,4,BFGOODRICH,1,179.1,67114,671144740,,
7,4987,LONGMONT ALT CO,MICHELIN NORTH AMERICA,BFGOODRICH,980338402,225/60R18 100HADVCON,4,BFGOODRICH,1,155.22,47859,478594987,,
17,6527,"BATON ROUGE, LA",MICHELIN NORTH AMERICA,BFGOODRICH,553209,P245/60R15 100S RAD,4,BFGOODRICH,4,706.04,99620,996206527,,
21,8128,"PEORIA, IL",MICHELIN NORTH AMERICA,BFGOODRICH,980271494,245/40ZR18X97YCM2AS+,4,BFGOODRICH,2,347.56,62014,620148128,,
25,6417,"HOLLAND, MI",MICHELIN NORTH AMERICA,BFGOODRICH,980289352,225/50ZR18X99WCM2AS+,4,BFGOODRICH,4,620.76,25864,258646417,,
31,6387,PINELLAS PARK FL,MICHELIN NORTH AMERICA,BFGOODRICH,980326867,185/65R15 88H ADVCON,4,BFGOODRICH,3,310.44,12354,123546387,,
14,6255,"PLANO(N),TX",MICHELIN NORTH AMERICA,BFGOODRICH,980299189,225/55ZR16 95WCM2AS+,4,BFGOODRICH,4,579.88,560,5606255,,
33,4936,"GRANVILLE, WV",MICHELIN NORTH AMERICA,BFGOODRICH,980360334,265/70R16 112T TRTTA,4,BFGOODRICH,3,548.82,10385,103854936,,
3,6685,"PROVO, UT",MICHELIN NORTH AMERICA,BFGOODRICH,980326880,215/65R17 99H ADVCON,4,BFGOODRICH,1,137.31,73126,731266685,,
34,8220,"ROANOKE, VA",MICHELIN NORTH AMERICA,BFGOODRICH,980348593,175/65R15 84H ADVCON,4,BFGOODRICH,2,212.92,62286,622868220,,
12,8264,"SAN ANTONIO (S), TX",MICHELIN NORTH AMERICA,BFGOODRICH,980338385,205/50R16 87V ADVCON,4,BFGOODRICH,4,485.56,24682,246828264,,
32,4972,"PORT ST LUCIE (W), FL",MICHELIN NORTH AMERICA,BFGOODRICH,980338370,215/60R16 95H ADVCON,4,BFGOODRICH,1,121.39,17593,175934972,,
31,6403,"BRANDON, FL",MICHELIN NORTH AMERICA,BFGOODRICH,980338368,205/55R16 91H ADVCON,4,BFGOODRICH,1,119.4,90759,907596403,,
32,4857,CAPE CORAL (PINE) FL,MICHELIN NORTH AMERICA,BFGOODRICH,984150899,275/45R21X110WADVCON,4,BFGOODRICH,4,975.08,3475,34754857,,
14,6376,"ADDISON, TX",MICHELIN NORTH AMERICA,BFGOODRICH,952662,LT275/65R17E TA KO2,4,BFGOODRICH,1,242.78,42347,423476376,,
6,7676,AMARILLO TX,MICHELIN NORTH AMERICA,BFGOODRICH,980331434,235/55R17 99H ADVCON,4,BFGOODRICH,2,306.46,7652,76527676,,
20,6331,"KENOSHA, WI",MICHELIN NORTH AMERICA,BFGOODRICH,980338366,225/55R18 98V ADVCON,4,BFGOODRICH,4,644.76,60675,606756331,,
10,8224,"WICHITA FALLS, TX",MICHELIN NORTH AMERICA,BFGOODRICH,984216702,LT265/75R16E TA KO3,4,BFGOODRICH,4,948.72,14355,143558224,,
16,4985,"SPRINGFIELD (S), MO",MICHELIN NORTH AMERICA,BFGOODRICH,980431187,265/50R20 107TADVCON,4,BFGOODRICH,4,754.6,3629,36294985,,
22,8111,"JEFFERSONTOWN, KY",MICHELIN NORTH AMERICA,BFGOODRICH,980360374,275/65R18 116T TRTTA,4,BFGOODRICH,1,232.58,95912,959128111,,
38,6653,"GAITHERSBURG, MD",MICHELIN NORTH AMERICA,BFGOODRICH,980338369,195/65R15 91H ADVCON,4,BFGOODRICH,4,445.76,91365,913656653,,
1,6612,"CONCORD, CA",MICHELIN NORTH AMERICA,BFGOODRICH,980431194,245/65R17 107TADVCON,4,BFGOODRICH,4,624.48,29387,293876612,,
2,6628,"TORRANCE, CA",MICHELIN NORTH AMERICA,BFGOODRICH,980338384,225/65R16 100HADVCON,4,BFGOODRICH,4,529.32,9518,95186628,,
32,6341,"SUNRISE, FL",MICHELIN NORTH AMERICA,BFGOODRICH,980299165,245/40ZR20X99WCM2AS+,4,BFGOODRICH,2,421.9,50355,503556341,,
35,6573,Jacksonville NC,MICHELIN NORTH AMERICA,BFGOODRICH,984216695,LT275/65R20E TA KO3,4,BFGOODRICH,4,1561.2,26116,261166573,,
28,4780,"BUFORD, GA",MICHELIN NORTH AMERICA,BFGOODRICH,980360360,285/60R18 116H TRTTA,4,BFGOODRICH,2,415.52,50153,501534780,,
17,8181,"ALEXANDRIA, LA",MICHELIN NORTH AMERICA,BFGOODRICH,980431199,245/60R20 107HADVCON,4,BFGOODRICH,2,401.98,51386,513868181,,
32,4972,"PORT ST LUCIE (W), FL",MICHELIN NORTH AMERICA,BFGOODRICH,984216698,LT275/65R18E TA KO3,4,BFGOODRICH,1,282.23,3069,30694972,,
1,6622,"SACRAMENTO, CA",MICHELIN NORTH AMERICA,BFGOODRICH,980299167,255/40ZR19X100YC2AS+,4,BFGOODRICH,2,431.2,544,5446622,,
4,4829,GILBERT (E) AZ,MICHELIN NORTH AMERICA,BFGOODRICH,980431187,265/50R20 107TADVCON,4,BFGOODRICH,4,747.16,3629,36294829,,
14,4783,"GARLAND, TX",MICHELIN NORTH AMERICA,BFGOODRICH,980331446,225/55R17 97V ADVCON,4,BFGOODRICH,3,480.57,94580,945804783,,
17,4790,"PEARL, MS",MICHELIN NORTH AMERICA,BFGOODRICH,980331438,195/55R16 87V ADVCON,4,BFGOODRICH,4,517.4,27963,279634790,,
23,4930,COOKEVILLE TN,MICHELIN NORTH AMERICA,BFGOODRICH,980338402,225/60R18 100HADVCON,4,BFGOODRICH,4,620.88,47859,478594930,,
1,4768,"RENO, NV",MICHELIN NORTH AMERICA,BFGOODRICH,980431189,235/65R18 106HADVCON,4,BFGOODRICH,4,728.32,6377,63774768,,
38,6383,"SALISBURY, MD",MICHELIN NORTH AMERICA,BFGOODRICH,980338378,225/45R17 91H ADVCON,4,BFGOODRICH,4,589.04,40475,404756383,,
27,6307,"COLUMBUS(N),OH",MICHELIN NORTH AMERICA,BFGOODRICH,980331441,225/45R18X 95VADVCON,4,BFGOODRICH,1,151.24,50840,508406307,,
39,8160,"TEMPLE, PA",MICHELIN NORTH AMERICA,BFGOODRICH,980338360,235/60R17 102HADVCON,4,BFGOODRICH,1,153.23,2478,24788160,,
34,6458,"LYNCHBURG, VA",MICHELIN NORTH AMERICA,BFGOODRICH,980348603,225/65R17 102HADVCON,4,BFGOODRICH,6,909.96,68173,681736458,,
7,8172,"FARGO, ND",MICHELIN NORTH AMERICA,BFGOODRICH,980338376,235/50R17 96H ADVCON,4,BFGOODRICH,1,152.23,2006,20068172,,
31,6401,"TAMPA, FL",MICHELIN NORTH AMERICA,BFGOODRICH,815828,P255/60R15 102S RAD,4,BFGOODRICH,2,353.02,29893,298936401,,
25,6359,"COMSTOCK PARK, MI",MICHELIN NORTH AMERICA,BFGOODRICH,980427197,225/55R18 98H ADVCON,4,BFGOODRICH,1,160.19,17818,178186359,,
35,8218,"FAYETTEVILLE,NC",MICHELIN NORTH AMERICA,BFGOODRICH,980427270,275/45R20X110VADVCON,4,BFGOODRICH,2,463.66,4744,47448218,,
37,6431,"SAM&#39;S ELMIRA, NY",MICHELIN NORTH AMERICA,BFGOODRICH,980431185,255/45R20 101WADVCON,4,BFGOODRICH,4,835.8,1805,18056431,,
5,6634,"LONE TREE, CO",MICHELIN NORTH AMERICA,BFGOODRICH,980360374,275/65R18 116T TRTTA,4,BFGOODRICH,4,930.32,95912,959126634,,
20,6464,"DES PLAINES, IL",MICHELIN NORTH AMERICA,BFGOODRICH,980348593,175/65R15 84H ADVCON,4,BFGOODRICH,8,875.6,62286,622866464,,
24,4871,"MERIDIAN, MS",MICHELIN NORTH AMERICA,BFGOODRICH,984211922,LT275/70R18E TA KO3,4,BFGOODRICH,4,1178.32,78075,780754871,,
20,6487,"ADDISON, IL",MICHELIN NORTH AMERICA,BFGOODRICH,980299169,255/45ZR20101YCM2AS+,4,BFGOODRICH,4,773.16,87039,870396487,,
26,6657,"NOVI, MI",MICHELIN NORTH AMERICA,BFGOODRICH,815224,P225/60R15 95S RAD 3,4,BFGOODRICH,2,332.68,10971,109716657,,
1,4768,"RENO, NV",MICHELIN NORTH AMERICA,BFGOODRICH,980338360,235/60R17 102HADVCON,4,BFGOODRICH,4,616.92,2478,24784768,,
24,8236,"GULFPORT, MS",MICHELIN NORTH AMERICA,BFGOODRICH,980360316,235/75R15X 109TTRTTA,4,BFGOODRICH,4,636.16,12184,121848236,,
23,8112,"CHATTANOOGA, TN",MICHELIN NORTH AMERICA,BFGOODRICH,980299186,225/50ZR16 92WCM2AS+,4,BFGOODRICH,4,568.72,21425,214258112,,
23,4740,"SOUTHAVEN, MS",MICHELIN NORTH AMERICA,BFGOODRICH,980338390,205/60R15 91H ADVCON,4,BFGOODRICH,2,220.88,97977,979774740,,
7,8172,"FARGO, ND",MICHELIN NORTH AMERICA,BFGOODRICH,980360357,255/65R18 111T TRTTA,4,BFGOODRICH,4,871.48,78303,783038172,,
17,6527,"BATON ROUGE, LA",MICHELIN NORTH AMERICA,BFGOODRICH,980326876,235/55R20 102HADVCON,4,BFGOODRICH,4,776.08,35657,356576527,,
31,6420,"CLEARWATER, FL",MICHELIN NORTH AMERICA,BFGOODRICH,980331441,225/45R18X 95VADVCON,4,BFGOODRICH,4,612.92,50840,508406420,,
35,8218,"FAYETTEVILLE,NC",MICHELIN NORTH AMERICA,BFGOODRICH,980299182,255/45ZR18 99WCM2AS+,4,BFGOODRICH,4,736,18395,183958218,,
6,8280,EL PASO TX,MICHELIN NORTH AMERICA,BFGOODRICH,980271490,235/45ZR18X98WCM2AS+,4,BFGOODRICH,4,702.56,48272,482728280,,
39,6567,"EASTON, PA",MICHELIN NORTH AMERICA,BFGOODRICH,980360358,265/65R18 114T TRTTA,4,BFGOODRICH,1,215.12,57310,573106567,,
30,6452,"ASHEVILLE, NC",MICHELIN NORTH AMERICA,BFGOODRICH,980271496,245/45ZR17X99WCM2AS+,4,BFGOODRICH,2,321.54,11005,110056452,,
37,6675,"ERIE, PA",MICHELIN NORTH AMERICA,BFGOODRICH,980331431,205/60R16 92V ADVCON,4,BFGOODRICH,6,782.04,555,5556675,,
14,6265,"IRVING (N), TX",MICHELIN NORTH AMERICA,BFGOODRICH,980431185,255/45R20 101WADVCON,4,BFGOODRICH,3,623.85,1805,18056265,,
37,6675,"ERIE, PA",MICHELIN NORTH AMERICA,BFGOODRICH,980348594,215/45R17 87W ADVCON,4,BFGOODRICH,4,589.04,91302,913026675,,
37,6675,"ERIE, PA",MICHELIN NORTH AMERICA,BFGOODRICH,980338369,195/65R15 91H ADVCON,4,BFGOODRICH,2,220.88,91365,913656675,,
14,6265,"IRVING (N), TX",MICHELIN NORTH AMERICA,BFGOODRICH,980360355,245/60R18 105H TRTTA,4,BFGOODRICH,4,805.32,89637,896376265,,
1,4799,"CITRUS HEIGHTS, CA",MICHELIN NORTH AMERICA,BFGOODRICH,980427221,235/50R19 99V ADVCON,4,BFGOODRICH,4,788.04,6442,64424799,,
31,6335,"OCALA, FL",MICHELIN NORTH AMERICA,BFGOODRICH,980331432,235/55R19 101VADVCON,4,BFGOODRICH,2,413.92,1410,14106335,,
35,6573,Jacksonville NC,MICHELIN NORTH AMERICA,BFGOODRICH,984211787,LT275/65R20E TA KO3,4,BFGOODRICH,4,1517.08,17400,174006573,,
7,4933,"BISMARCK, ND",MICHELIN NORTH AMERICA,BFGOODRICH,980326870,235/65R16 103HADVCON,4,BFGOODRICH,2,276.6,28566,285664933,,
38,6434,"LAUREL, MD",MICHELIN NORTH AMERICA,BFGOODRICH,980289352,225/50ZR18X99WCM2AS+,4,BFGOODRICH,2,317.82,25864,258646434,,
31,4818,"BROOKSVILLE, FL",MICHELIN NORTH AMERICA,BFGOODRICH,984211788,LT275/70R17E TA KO3,4,BFGOODRICH,2,566.66,18380,183804818,,
31,6420,"CLEARWATER, FL",MICHELIN NORTH AMERICA,BFGOODRICH,980326882,195/60R15 88H ADVCON,4,BFGOODRICH,3,319.38,11824,118246420,,
23,8292,"MEMPHIS (E), TN",MICHELIN NORTH AMERICA,BFGOODRICH,980338390,205/60R15 91H ADVCON,4,BFGOODRICH,1,110.44,97977,979778292,,
34,6351,"NEWPORT NEWS, VA",MICHELIN NORTH AMERICA,BFGOODRICH,980049029,35X12.50R17E TA KO2,4,BFGOODRICH,4,1374.88,66539,665396351,,
26,6657,"NOVI, MI",MICHELIN NORTH AMERICA,BFGOODRICH,980326872,225/60R17 99H ADVCON,4,BFGOODRICH,4,585.04,31398,313986657,,
31,6420,"CLEARWATER, FL",MICHELIN NORTH AMERICA,BFGOODRICH,980326869,215/65R16 98H ADVCON,4,BFGOODRICH,7,856.66,18477,184776420,,
23,8112,"CHATTANOOGA, TN",MICHELIN NORTH AMERICA,BFGOODRICH,980271501,275/40ZR20X106YCM2A+,4,BFGOODRICH,5,1189.5,93883,938838112,,
31,6387,PINELLAS PARK FL,MICHELIN NORTH AMERICA,BFGOODRICH,980338363,215/55R17 94V ADVCON,4,BFGOODRICH,4,616.88,21590,215906387,,
29,6204,"VALDOSTA, GA",MICHELIN NORTH AMERICA,BFGOODRICH,980338374,185/65R14 86H ADVCON,4,BFGOODRICH,1,93.53,6015,60156204,,
1,6621,"ROSEVILLE, CA",MICHELIN NORTH AMERICA,BFGOODRICH,980360351,225/60R18 100H TRTTA,4,BFGOODRICH,1,197.65,70164,701646621,,
20,6331,"KENOSHA, WI",MICHELIN NORTH AMERICA,BFGOODRICH,980331434,235/55R17 99H ADVCON,4,BFGOODRICH,4,612.92,7652,76526331,,
38,6357,"ANNAPOLIS, MD",MICHELIN NORTH AMERICA,BFGOODRICH,980331432,235/55R19 101VADVCON,4,BFGOODRICH,1,206.96,1410,14106357,,
16,4985,"SPRINGFIELD (S), MO",MICHELIN NORTH AMERICA,BFGOODRICH,980338359,215/70R15 98H ADVCON,4,BFGOODRICH,4,459.68,939,9394985,,
34,8228,"WINSTON-SALEM, NC",MICHELIN NORTH AMERICA,BFGOODRICH,980338360,235/60R17 102HADVCON,4,BFGOODRICH,1,150.24,2478,24788228,,
3,4974,"NORTH LAS VEGAS (NE), NV",MICHELIN NORTH AMERICA,BFGOODRICH,980360341,265/65R17 112T TRTTA,4,BFGOODRICH,1,201.33,1542,15424974,,
14,4783,"GARLAND, TX",MICHELIN NORTH AMERICA,BFGOODRICH,980338360,235/60R17 102HADVCON,4,BFGOODRICH,2,310.44,2478,24784783,,
7,8172,"FARGO, ND",MICHELIN NORTH AMERICA,BFGOODRICH,980360378,285/45R22X 114HTRTTA,4,BFGOODRICH,1,269.35,56955,569558172,,
20,6464,"DES PLAINES, IL",MICHELIN NORTH AMERICA,BFGOODRICH,980271483,215/50ZR17X95WCM2AS+,4,BFGOODRICH,4,557.56,30364,303646464,,
2,6628,"TORRANCE, CA",MICHELIN NORTH AMERICA,BFGOODRICH,980338371,235/55R18 100HADVCON,4,BFGOODRICH,4,692.52,54029,540296628,,
19,6449,"PADUCAH, KY",MICHELIN NORTH AMERICA,BFGOODRICH,980326866,205/60R16 92H ADVCON,4,BFGOODRICH,4,485.56,7227,72276449,,
22,4851,"CLARKSVILLE, IN",MICHELIN NORTH AMERICA,BFGOODRICH,980271497,245/45ZR18X100YCM2A+,4,BFGOODRICH,4,691.4,50280,502804851,,
14,6255,"PLANO(N),TX",BRIDGESTONE AMERICAS TIRE OPER,BRIDGESTONE,984183971,265/50R22X112HDHT685,5,BRIDGESTONE,1,331.3,3217,32176255,,
14,4906,"MCKINNEY, TX",BRIDGESTONE AMERICAS TIRE OPER,BRIDGESTONE,984184252,225/50R17 94V WP,5,BRIDGESTONE,4,741.56,6020,60204906,,
7,4987,LONGMONT ALT CO,BRIDGESTONE AMERICAS TIRE OPER,BRIDGESTONE,984183655,235/65R18 106V AZUL,5,BRIDGESTONE,4,842.36,8343,83434987,,
14,6265,"IRVING (N), TX",BRIDGESTONE AMERICAS TIRE OPER,BRIDGESTONE,984241995,215/55R17 94V TPRE,5,BRIDGESTONE,4,792.72,12516,125166265,,
37,6366,"VESTAL, NY",BRIDGESTONE AMERICAS TIRE OPER,BRIDGESTONE,984187815,205/55R16 91H WS90,5,BRIDGESTONE,4,547.56,1131,11316366,,
17,4837,"DENHAM SPRINGS, LA",BRIDGESTONE AMERICAS TIRE OPER,BRIDGESTONE,984183673,245/70R17 110T AZUL,5,BRIDGESTONE,4,885.56,12468,124684837,,
40,6581,"SCRANTON, PA",BRIDGESTONE AMERICAS TIRE OPER,BRIDGESTONE,984187750,265/60R18 110R DMV2,5,BRIDGESTONE,4,843.56,16049,160496581,,
23,8112,"CHATTANOOGA, TN",BRIDGESTONE AMERICAS TIRE OPER,BRIDGESTONE,984184191,235/40R19X 96V TAQT,5,BRIDGESTONE,1,251.99,4325,43258112,,
27,6242,"DUBLIN, OH",BRIDGESTONE AMERICAS TIRE OPER,BRIDGESTONE,984219444,LT295/70R18E  ASC,5,BRIDGESTONE,4,1202.36,9692,96926242,,
38,6371,"WOODBRIDGE, VA",BRIDGESTONE AMERICAS TIRE OPER,BRIDGESTONE,984183883,225/65R17 102H DG+RF,5,BRIDGESTONE,1,209.69,6449,64496371,,
29,8202,"SAVANNAH, GA",BRIDGESTONE AMERICAS TIRE OPER,BRIDGESTONE,984184290,225/55R19 99V WP,5,BRIDGESTONE,2,458.98,9642,96428202,,
37,6675,"ERIE, PA",BRIDGESTONE AMERICAS TIRE OPER,BRIDGESTONE,984187763,P285/45R22 110T DMV2,5,BRIDGESTONE,1,318.19,16321,163216675,,
38,6653,"GAITHERSBURG, MD",BRIDGESTONE AMERICAS TIRE OPER,BRIDGESTONE,984172203,235/55R18 100V DG RF,5,BRIDGESTONE,1,236.69,6450,64506653,,
30,6236,Rock Hill SC,BRIDGESTONE AMERICAS TIRE OPER,BRIDGESTONE,984219436,LT275/70R18E  ASC,5,BRIDGESTONE,4,1148.36,9683,96836236,,
2,6610,"CHINO, CA",BRIDGESTONE AMERICAS TIRE OPER,BRIDGESTONE,984183656,225/65R17 102H AZUL,5,BRIDGESTONE,1,172.79,8344,83446610,,
26,8139,"TOLEDO, OH",BRIDGESTONE AMERICAS TIRE OPER,BRIDGESTONE,984183682,245/55R19 103V AZUL,5,BRIDGESTONE,1,231.29,13281,132818139,,
1,4768,"RENO, NV",BRIDGESTONE AMERICAS TIRE OPER,BRIDGESTONE,984187849,235/60R17 102T WS90,5,BRIDGESTONE,2,320.04,1172,11724768,,
31,6403,"BRANDON, FL",BRIDGESTONE AMERICAS TIRE OPER,BRIDGESTONE,984183651,235/45R20X 100W AZUL,5,BRIDGESTONE,4,968.36,4899,48996403,,
26,8139,"TOLEDO, OH",BRIDGESTONE AMERICAS TIRE OPER,BRIDGESTONE,984184144,255/45R20X 105YPSPAS,5,BRIDGESTONE,2,493.18,11943,119438139,,
18,6310,"FRIDLEY, MN",BRIDGESTONE AMERICAS TIRE OPER,BRIDGESTONE,984183672,265/70R16 112T AZUL,5,BRIDGESTONE,4,881.96,12467,124676310,,
28,4789,"SHARPSBURG, GA",BRIDGESTONE AMERICAS TIRE OPER,BRIDGESTONE,984183669,255/60R19 109H AZUL,5,BRIDGESTONE,1,223.19,12464,124644789,,
33,4936,"GRANVILLE, WV",BRIDGESTONE AMERICAS TIRE OPER,BRIDGESTONE,984184164,225/45R17 91V TAQT,5,BRIDGESTONE,2,386.98,69,694936,,
5,4745,"THORNTON, CO",BRIDGESTONE AMERICAS TIRE OPER,BRIDGESTONE,984187789,LT225/75R16E  BKLT,5,BRIDGESTONE,1,191.47,647,6474745,,
37,6675,"ERIE, PA",BRIDGESTONE AMERICAS TIRE OPER,BRIDGESTONE,984183649,265/50R20 107V AZUL,5,BRIDGESTONE,1,251.09,4892,48926675,,
28,4780,"BUFORD, GA",BRIDGESTONE AMERICAS TIRE OPER,BRIDGESTONE,984184066,255/40R20X 101(Y)PSP,5,BRIDGESTONE,4,1108.76,8154,81544780,,
12,8262,"SAN ANTONIO (N), TX",BRIDGESTONE AMERICAS TIRE OPER,BRIDGESTONE,984221119,275/65R18X 116H WP,5,BRIDGESTONE,1,243.89,14255,142558262,,
17,6527,"BATON ROUGE, LA",BRIDGESTONE AMERICAS TIRE OPER,BRIDGESTONE,984219445,265/70R17 115T ASC,5,BRIDGESTONE,4,914.36,9694,96946527,,
9,4920,"SAINT JOSEPH, MO",BRIDGESTONE AMERICAS TIRE OPER,BRIDGESTONE,984184293,225/60R18 100H WP,5,BRIDGESTONE,4,788.36,9647,96474920,,
38,6371,"WOODBRIDGE, VA",BRIDGESTONE AMERICAS TIRE OPER,BRIDGESTONE,984183901,225/50R18 95V DG+RF,5,BRIDGESTONE,1,241.19,6482,64826371,,
38,6653,"GAITHERSBURG, MD",BRIDGESTONE AMERICAS TIRE OPER,BRIDGESTONE,984242010,255/45R19X 104V TPRE,5,BRIDGESTONE,4,995.8,12577,125776653,,
38,8193,"HAGERSTOWN, MD",BRIDGESTONE AMERICAS TIRE OPER,BRIDGESTONE,984187815,205/55R16 91H WS90,5,BRIDGESTONE,4,547.56,1131,11318193,,
26,6666,"CANTON, MI",BRIDGESTONE AMERICAS TIRE OPER,BRIDGESTONE,984183891,205/55R16 91V DG+RF,5,BRIDGESTONE,1,194.39,6467,64676666,,
25,4781,"LANSING (E),MI",BRIDGESTONE AMERICAS TIRE OPER,BRIDGESTONE,984187850,225/50R18 95T WS90,5,BRIDGESTONE,4,791.76,1173,11734781,,
28,8166,"DULUTH, GA",BRIDGESTONE AMERICAS TIRE OPER,BRIDGESTONE,984183651,235/45R20X 100W AZUL,5,BRIDGESTONE,1,237.59,4899,48998166,,
38,8161,"YORK, PA",BRIDGESTONE AMERICAS TIRE OPER,BRIDGESTONE,984184124,215/55R17 94W PSPAS,5,BRIDGESTONE,1,173.69,11920,119208161,,
28,8166,"DULUTH, GA",BRIDGESTONE AMERICAS TIRE OPER,BRIDGESTONE,984183646,255/50R20X 109V AZUL,5,BRIDGESTONE,1,240.29,4498,44988166,,
12,4914,San Antonio N TX,BRIDGESTONE AMERICAS TIRE OPER,BRIDGESTONE,984237795,255/45R19X 104W TAEV,5,BRIDGESTONE,4,1166.36,19923,199234914,,
25,4781,"LANSING (E),MI",BRIDGESTONE AMERICAS TIRE OPER,BRIDGESTONE,984184160,195/65R15 91H TAQT,5,BRIDGESTONE,4,684.28,64,644781,,
26,6666,"CANTON, MI",BRIDGESTONE AMERICAS TIRE OPER,BRIDGESTONE,984183655,235/65R18 106V AZUL,5,BRIDGESTONE,4,833.36,8343,83436666,,
27,6407,"MANSFIELD, OH",BRIDGESTONE AMERICAS TIRE OPER,BRIDGESTONE,984184292,235/55R17 99V WP,5,BRIDGESTONE,1,199.79,9646,96466407,,
32,6217,"MIAMI, FL",BRIDGESTONE AMERICAS TIRE OPER,BRIDGESTONE,984219436,LT275/70R18E  ASC,5,BRIDGESTONE,4,1148.36,9683,96836217,,
20,6487,"ADDISON, IL",BRIDGESTONE AMERICAS TIRE OPER,BRIDGESTONE,984184264,245/45R18 96V WP,5,BRIDGESTONE,4,1047.56,6033,60336487,,
24,4871,"MERIDIAN, MS",BRIDGESTONE AMERICAS TIRE OPER,BRIDGESTONE,984183655,235/65R18 106V AZUL,5,BRIDGESTONE,4,842.36,8343,83434871,,
31,4998,"THE VILLAGES, FL",BRIDGESTONE AMERICAS TIRE OPER,BRIDGESTONE,984184165,205/60R16 92V TAQT,5,BRIDGESTONE,1,164.7,71,714998,,
38,8193,"HAGERSTOWN, MD",BRIDGESTONE AMERICAS TIRE OPER,BRIDGESTONE,984183674,275/60R20 115H AZUL,5,BRIDGESTONE,2,529.18,12473,124738193,,
37,6675,"ERIE, PA",BRIDGESTONE AMERICAS TIRE OPER,BRIDGESTONE,984187783,255/35R19X 96V LM5,5,BRIDGESTONE,2,571.64,7914,79146675,,
39,8145,"CINNAMINSON, NJ",BRIDGESTONE AMERICAS TIRE OPER,BRIDGESTONE,984184186,235/45R18 94V TAQT,5,BRIDGESTONE,2,412.78,3238,32388145,,
11,8288,"MIDLAND, TX",BRIDGESTONE AMERICAS TIRE OPER,BRIDGESTONE,984183674,275/60R20 115H AZUL,5,BRIDGESTONE,2,521.98,12473,124738288,,
3,6382,"LAS VEGAS(W),NV",BRIDGESTONE AMERICAS TIRE OPER,BRIDGESTONE,984184066,255/40R20X 101(Y)PSP,5,BRIDGESTONE,4,1108.76,8154,81546382,,
14,4906,"MCKINNEY, TX",BRIDGESTONE AMERICAS TIRE OPER,BRIDGESTONE,984183674,275/60R20 115H AZUL,5,BRIDGESTONE,4,1043.96,12473,124734906,,
12,4914,San Antonio N TX,BRIDGESTONE AMERICAS TIRE OPER,BRIDGESTONE,984219436,LT275/70R18E  ASC,5,BRIDGESTONE,4,1148.36,9683,96834914,,
35,6573,Jacksonville NC,BRIDGESTONE AMERICAS TIRE OPER,BRIDGESTONE,984183676,275/55R20 113H AZUL,5,BRIDGESTONE,4,921.56,12475,124756573,,
24,4724,"HOOVER, AL",BRIDGESTONE AMERICAS TIRE OPER,BRIDGESTONE,984184111,245/40R18X 97Y PSPAS,5,BRIDGESTONE,4,885.56,11902,119024724,,
6,8153,"EL PASO, TX",BRIDGESTONE AMERICAS TIRE OPER,BRIDGESTONE,984219448,275/65R18 116T ASC,5,BRIDGESTONE,1,260.09,9702,97028153,,
39,4722,"WILLIAMSTOWN, NJ",BRIDGESTONE AMERICAS TIRE OPER,BRIDGESTONE,984183666,245/60R20 107H AZUL,5,BRIDGESTONE,2,466.18,8731,87314722,,
14,6255,"PLANO(N),TX",BRIDGESTONE AMERICAS TIRE OPER,BRIDGESTONE,984237795,255/45R19X 104W TAEV,5,BRIDGESTONE,4,1166.36,19923,199236255,,
35,4872,COLUMBIA NE SC,BRIDGESTONE AMERICAS TIRE OPER,BRIDGESTONE,984183666,245/60R20 107H AZUL,5,BRIDGESTONE,2,466.18,8731,87314872,,
31,6387,PINELLAS PARK FL,BRIDGESTONE AMERICAS TIRE OPER,BRIDGESTONE,984183675,285/50R20 112V AZUL,5,BRIDGESTONE,2,509.38,12474,124746387,,
40,6423,"MIDDLETOWN, NY",BRIDGESTONE AMERICAS TIRE OPER,BRIDGESTONE,984183676,275/55R20 113H AZUL,5,BRIDGESTONE,1,233.09,12475,124756423,,
31,6387,PINELLAS PARK FL,BRIDGESTONE AMERICAS TIRE OPER,BRIDGESTONE,984184141,245/45R20X 103YPSPAS,5,BRIDGESTONE,3,782.97,11940,119406387,,
25,6319,"KENTWOOD, MI",BRIDGESTONE AMERICAS TIRE OPER,BRIDGESTONE,984184142,245/40R20X 99Y PSPAS,5,BRIDGESTONE,2,538.18,11941,119416319,,
31,6387,PINELLAS PARK FL,BRIDGESTONE AMERICAS TIRE OPER,BRIDGESTONE,984184248,215/55R17 94V WP,5,BRIDGESTONE,4,737.96,6015,60156387,,
13,6245,Harker Heights TX,BRIDGESTONE AMERICAS TIRE OPER,BRIDGESTONE,984184165,205/60R16 92V TAQT,5,BRIDGESTONE,1,164.7,71,716245,,
39,6536,"WHITEHALL, PA",BRIDGESTONE AMERICAS TIRE OPER,BRIDGESTONE,984187741,275/55R20X 117T DMV2,5,BRIDGESTONE,1,247.89,15845,158456536,,
22,4728,NICHOLASVILLE KY,BRIDGESTONE AMERICAS TIRE OPER,BRIDGESTONE,984184126,215/45R17X 91W PSPAS,5,BRIDGESTONE,4,666.08,11922,119224728,,
38,6653,"GAITHERSBURG, MD",BRIDGESTONE AMERICAS TIRE OPER,BRIDGESTONE,984184129,225/45R17X 94W PSPAS,5,BRIDGESTONE,4,691.56,11925,119256653,,
1,6612,"CONCORD, CA",BRIDGESTONE AMERICAS TIRE OPER,BRIDGESTONE,984183892,205/45R17X 88W DG+RF,5,BRIDGESTONE,1,212.39,6471,64716612,,
36,8138,"DAYTONA BEACH, FL",BRIDGESTONE AMERICAS TIRE OPER,BRIDGESTONE,984184113,255/35R18X 94Y PSPAS,5,BRIDGESTONE,2,458.98,11905,119058138,,
12,8156,"LAREDO, TX",BRIDGESTONE AMERICAS TIRE OPER,BRIDGESTONE,984219450,255/70R18 113T ASC,5,BRIDGESTONE,4,939.56,9704,97048156,,
31,6441,"LAKELAND (N),FL",BRIDGESTONE AMERICAS TIRE OPER,BRIDGESTONE,984184291,225/60R17 99H WP,5,BRIDGESTONE,4,748.76,9645,96456441,,
24,4817,"SAM&#39;S TRUSSVILLE , AL",BRIDGESTONE AMERICAS TIRE OPER,BRIDGESTONE,984205281,265/45R20X 108Y TAEV,5,BRIDGESTONE,4,1306.76,14277,142774817,,
32,6341,"SUNRISE, FL",BRIDGESTONE AMERICAS TIRE OPER,BRIDGESTONE,984183643,235/55R18 100V AZUL,5,BRIDGESTONE,4,860.36,4494,44946341,,
35,8283,"COLUMBIA, SC",BRIDGESTONE AMERICAS TIRE OPER,BRIDGESTONE,984183674,275/60R20 115H AZUL,5,BRIDGESTONE,4,1029.56,12473,124738283,,
36,4828,ORLANDO LAKE NONA FL,BRIDGESTONE AMERICAS TIRE OPER,BRIDGESTONE,984183900,225/45R18X 95W DG+RF,5,BRIDGESTONE,1,217.79,6481,64814828,,
14,6482,"DALLAS (E), TX",BRIDGESTONE AMERICAS TIRE OPER,BRIDGESTONE,984184066,255/40R20X 101(Y)PSP,5,BRIDGESTONE,1,277.19,8154,81546482,,
39,6330,"DOVER, DE",BRIDGESTONE AMERICAS TIRE OPER,BRIDGESTONE,984184300,245/60R18 105H WP,5,BRIDGESTONE,4,896.36,9659,96596330,,
14,6482,"DALLAS (E), TX",BRIDGESTONE AMERICAS TIRE OPER,BRIDGESTONE,984183643,235/55R18 100V AZUL,5,BRIDGESTONE,4,867.56,4494,44946482,,
7,8172,"FARGO, ND",BRIDGESTONE AMERICAS TIRE OPER,BRIDGESTONE,984184108,235/40R18X 95Y PSPAS,5,BRIDGESTONE,4,762.84,11898,118988172,,
27,6242,"DUBLIN, OH",BRIDGESTONE AMERICAS TIRE OPER,BRIDGESTONE,984184124,215/55R17 94W PSPAS,5,BRIDGESTONE,1,173.69,11920,119206242,,
14,6376,"ADDISON, TX",BRIDGESTONE AMERICAS TIRE OPER,BRIDGESTONE,984183646,255/50R20X 109V AZUL,5,BRIDGESTONE,1,251.09,4498,44986376,,
2,6628,"TORRANCE, CA",BRIDGESTONE AMERICAS TIRE OPER,BRIDGESTONE,984183883,225/65R17 102H DG+RF,5,BRIDGESTONE,2,419.38,6449,64496628,,
33,4847,GREENSBURG PA,BRIDGESTONE AMERICAS TIRE OPER,BRIDGESTONE,984184118,245/40R19X 98Y PSPAS,5,BRIDGESTONE,4,1004.36,11913,119134847,,
39,6567,"EASTON, PA",BRIDGESTONE AMERICAS TIRE OPER,BRIDGESTONE,984183901,225/50R18 95V DG+RF,5,BRIDGESTONE,4,982.76,6482,64826567,,
18,6309,"WHITE BEAR LAKE, MN",BRIDGESTONE AMERICAS TIRE OPER,BRIDGESTONE,984183655,235/65R18 106V AZUL,5,BRIDGESTONE,1,218.69,8343,83436309,,
9,8207,"KANSAS CITY, MO",BRIDGESTONE AMERICAS TIRE OPER,BRIDGESTONE,984184291,225/60R17 99H WP,5,BRIDGESTONE,4,763.16,9645,96458207,,
14,6255,"PLANO(N),TX",BRIDGESTONE AMERICAS TIRE OPER,BRIDGESTONE,984183644,235/65R17 104H AZUL,5,BRIDGESTONE,4,773.96,4495,44956255,,
31,6387,PINELLAS PARK FL,BRIDGESTONE AMERICAS TIRE OPER,BRIDGESTONE,984184107,235/45R18X 98W PSPAS,5,BRIDGESTONE,4,845.96,11897,118976387,,
14,6255,"PLANO(N),TX",BRIDGESTONE AMERICAS TIRE OPER,BRIDGESTONE,984183646,255/50R20X 109V AZUL,5,BRIDGESTONE,4,1004.36,4498,44986255,,
7,8172,"FARGO, ND",BRIDGESTONE AMERICAS TIRE OPER,BRIDGESTONE,984183677,285/45R22 110H AZUL,5,BRIDGESTONE,3,866.67,12476,124768172,,
31,6387,PINELLAS PARK FL,BRIDGESTONE AMERICAS TIRE OPER,BRIDGESTONE,984184191,235/40R19X 96V TAQT,5,BRIDGESTONE,4,1007.96,4325,43256387,,
11,6244,"FORT WORTH, TX",BRIDGESTONE AMERICAS TIRE OPER,BRIDGESTONE,984184302,215/65R16 98H WP,5,BRIDGESTONE,4,611.48,9661,96616244,,
40,6674,"ELMSFORD, NY",BRIDGESTONE AMERICAS TIRE OPER,BRIDGESTONE,984183646,255/50R20X 109V AZUL,5,BRIDGESTONE,1,251.09,4498,44986674,,
39,6693,"LANGHORNE, PA",BRIDGESTONE AMERICAS TIRE OPER,BRIDGESTONE,984241999,225/55R18 98V TPRE,5,BRIDGESTONE,4,825.2,12563,125636693,,
29,8116,"JACKSONVILLE,FL",BRIDGESTONE AMERICAS TIRE OPER,BRIDGESTONE,984183641,255/50R19X 107W AZUL,5,BRIDGESTONE,4,1069.16,1205,12058116,,
33,4936,"GRANVILLE, WV",BRIDGESTONE AMERICAS TIRE OPER,BRIDGESTONE,984187815,205/55R16 91H WS90,5,BRIDGESTONE,11,1505.79,1131,11314936,,
5,4853,CASTLE ROCK CO,BRIDGESTONE AMERICAS TIRE OPER,BRIDGESTONE,984183676,275/55R20 113H AZUL,5,BRIDGESTONE,1,230.39,12475,124754853,,
35,8218,"FAYETTEVILLE,NC",BRIDGESTONE AMERICAS TIRE OPER,BRIDGESTONE,984183667,255/65R18 111T AZUL,5,BRIDGESTONE,1,233.99,12463,124638218,,
34,6368,"CHESAPEAKE, VA",BRIDGESTONE AMERICAS TIRE OPER,BRIDGESTONE,984183687,275/65R18 116H AZUL,5,BRIDGESTONE,4,1000.76,13526,135266368,,
2,4735,"LA HABRA, CA",BRIDGESTONE AMERICAS TIRE OPER,BRIDGESTONE,984237795,255/45R19X 104W TAEV,5,BRIDGESTONE,4,1166.36,19923,199234735,,
7,6385,"GRAND FORKS, ND",BRIDGESTONE AMERICAS TIRE OPER,BRIDGESTONE,984187812,225/65R17 102H WS90,5,BRIDGESTONE,4,603.08,1127,11276385,,
27,4947,"ZANESVILLE, OH",BRIDGESTONE AMERICAS TIRE OPER,BRIDGESTONE,984183680,255/70R17 112S AZUL,5,BRIDGESTONE,2,489.58,12480,124804947,,
35,4831,"DURHAM (S), NC",GOODYEAR TIRE & RUBBER CO,COOPER,984136564,215/65R16 98H ENVR+,6,COOPER,2,166.32,166-242-009,166-242-0094831,,
11,8226,"ABILENE, TX",GOODYEAR TIRE & RUBBER CO,COOPER,984136561,275/60R20 115H ENVR+,6,COOPER,1,174.27,166-239-009,166-239-0098226,,
31,4861,"ST PETERSBURG, FL",GOODYEAR TIRE & RUBBER CO,COOPER,980133705,P235/70R15 102T CBGT,6,COOPER,4,394.8,160-012-024,160-012-0244861,,
31,6441,"LAKELAND (N),FL",GOODYEAR TIRE & RUBBER CO,COOPER,984136573,215/55R18 95H ENVR+,6,COOPER,4,451.04,166-253-009,166-253-0096441,,
28,8225,"MACON, GA",GOODYEAR TIRE & RUBBER CO,COOPER,980133688,P255/70R15 108T CBGT,6,COOPER,4,456.4,160-013-024,160-013-0248225,,
8,6181,PAPILLION NE,GOODYEAR TIRE & RUBBER CO,COOPER,984214716,245/60R18 105H DRT,6,COOPER,4,674.52,171-273-049,171-273-0496181,,
33,4936,"GRANVILLE, WV",GOODYEAR TIRE & RUBBER CO,COOPER,984136585,235/70R16 106T ENVR+,6,COOPER,4,456.48,166-264-009,166-264-0094936,,
7,4933,"BISMARCK, ND",GOODYEAR TIRE & RUBBER CO,COOPER,984214774,LT235/80R17E DSAT,6,COOPER,2,388.94,170-287-048,170-287-0484933,,
26,6659,"MADISON HEIGHTS, MI",GOODYEAR TIRE & RUBBER CO,COOPER,984136568,225/60R18 100H ENVR+,6,COOPER,4,465.28,166-246-009,166-246-0096659,,
25,6319,"KENTWOOD, MI",GOODYEAR TIRE & RUBBER CO,COOPER,984136552,225/45R17 91V ENVR,6,COOPER,2,202.86,166-291-008,166-291-0086319,,
21,6485,"TINLEY PARK, IL",GOODYEAR TIRE & RUBBER CO,COOPER,984136577,215/70R16 100H ENVR+,6,COOPER,4,372.68,166-256-009,166-256-0096485,,
12,8264,"SAN ANTONIO (S), TX",GOODYEAR TIRE & RUBBER CO,COOPER,984175420,235/50R18 97W PRCN,6,COOPER,3,421.77,166-427-021,166-427-0218264,,
34,6524,"COLONIAL HEIGHTS, VA",GOODYEAR TIRE & RUBBER CO,COOPER,984214688,275/55R20X 117H DRT,6,COOPER,8,1551.44,171-293-049,171-293-0496524,,
31,6403,"BRANDON, FL",GOODYEAR TIRE & RUBBER CO,COOPER,984136568,225/60R18 100H ENVR+,6,COOPER,4,465.28,166-246-009,166-246-0096403,,
14,6255,"PLANO(N),TX",GOODYEAR TIRE & RUBBER CO,COOPER,984136602,205/70R16 97H ENVR+,6,COOPER,4,382.36,166-307-009,166-307-0096255,,
33,6314,"ELYRIA, OH",GOODYEAR TIRE & RUBBER CO,COOPER,984136582,285/45R22X 114HENVR+,6,COOPER,4,776.8,166-261-009,166-261-0096314,,
31,6441,"LAKELAND (N),FL",GOODYEAR TIRE & RUBBER CO,COOPER,984136532,185/65R15 88H ENVR,6,COOPER,1,70.99,166-275-008,166-275-0086441,,
13,6245,Harker Heights TX,GOODYEAR TIRE & RUBBER CO,COOPER,984136567,225/55R18 98H ENVR+,6,COOPER,1,124.62,166-245-009,166-245-0096245,,
31,6441,"LAKELAND (N),FL",GOODYEAR TIRE & RUBBER CO,COOPER,984136533,195/60R15 88H ENVR,6,COOPER,1,72.81,166-276-008,166-276-0086441,,
17,8181,"ALEXANDRIA, LA",GOODYEAR TIRE & RUBBER CO,COOPER,980133834,LT235/85R16E DSTTPRO,6,COOPER,4,842.84,170-109-006,170-109-0068181,,
1,4799,"CITRUS HEIGHTS, CA",GOODYEAR TIRE & RUBBER CO,COOPER,984136587,265/70R16 112T ENVR+,6,COOPER,4,544.88,166-265-009,166-265-0094799,,
1,6405,"YUBA CITY, CA",GOODYEAR TIRE & RUBBER CO,COOPER,984136529,225/55R17 97V ENVR,6,COOPER,2,222.18,166-035-008,166-035-0086405,,
34,6524,"COLONIAL HEIGHTS, VA",GOODYEAR TIRE & RUBBER CO,COOPER,984136535,195/65R15 91H ENVR,6,COOPER,4,279.92,166-277-008,166-277-0086524,,
32,8157,"W.PALM BEACH,FL",GOODYEAR TIRE & RUBBER CO,COOPER,984136536,205/50R17X 93V ENVR,6,COOPER,4,400.08,166-278-008,166-278-0088157,,
17,4837,"DENHAM SPRINGS, LA",GOODYEAR TIRE & RUBBER CO,COOPER,984175471,225/45R19X 96W PRCN,6,COOPER,4,633.44,166-432-021,166-432-0214837,,
31,8201,"BRADENTON, FL",GOODYEAR TIRE & RUBBER CO,COOPER,984136569,255/55R20X 110HENVR+,6,COOPER,4,648.28,166-247-009,166-247-0098201,,
35,6976,WAKE FOREST NC,GOODYEAR TIRE & RUBBER CO,COOPER,984175436,225/55R19 99V PRCN,6,COOPER,2,318.18,166-478-021,166-478-0216976,,
24,8236,"GULFPORT, MS",GOODYEAR TIRE & RUBBER CO,COOPER,984175460,235/55R20 102V PRCN,6,COOPER,1,158.36,166-482-021,166-482-0218236,,
29,8116,"JACKSONVILLE,FL",GOODYEAR TIRE & RUBBER CO,COOPER,984136560,235/65R17 104H ENVR+,6,COOPER,1,118.47,166-238-009,166-238-0098116,,
19,8125,"SAINT LOUIS, MO",GOODYEAR TIRE & RUBBER CO,COOPER,984136560,235/65R17 104H ENVR+,6,COOPER,2,236.94,166-238-009,166-238-0098125,,
35,8283,"COLUMBIA, SC",GOODYEAR TIRE & RUBBER CO,COOPER,984136501,275/55R20X 117TRGTK,6,COOPER,2,440.84,171-106-005,171-106-0058283,,
15,4843,PEARLAND TX,GOODYEAR TIRE & RUBBER CO,COOPER,984136561,275/60R20 115H ENVR+,6,COOPER,4,697.08,166-239-009,166-239-0094843,,
4,6205,"YUMA, AZ",GOODYEAR TIRE & RUBBER CO,COOPER,984175461,235/45R19 95H PRCN,6,COOPER,4,636.36,166-477-021,166-477-0216205,,
34,6524,"COLONIAL HEIGHTS, VA",GOODYEAR TIRE & RUBBER CO,COOPER,984136568,225/60R18 100H ENVR+,6,COOPER,4,465.28,166-246-009,166-246-0096524,,
33,4952,"TARENTUM, PA",GOODYEAR TIRE & RUBBER CO,COOPER,984175461,235/45R19 95H PRCN,6,COOPER,4,636.36,166-477-021,166-477-0214952,,
39,6693,"LANGHORNE, PA",GOODYEAR TIRE & RUBBER CO,COOPER,984175457,265/65R17 112H PRCN,6,COOPER,1,155.4,166-500-021,166-500-0216693,,
39,4994,MECHANICSBURG PA,GOODYEAR TIRE & RUBBER CO,COOPER,984214778,LT285/70R17E DSAT,6,COOPER,3,712.95,170-280-048,170-280-0484994,,
25,6658,"JACKSON, MI",GOODYEAR TIRE & RUBBER CO,COOPER,984136569,255/55R20X 110HENVR+,6,COOPER,2,324.14,166-247-009,166-247-0096658,,
31,6441,"LAKELAND (N),FL",GOODYEAR TIRE & RUBBER CO,COOPER,984214718,225/60R18X 104H DRT,6,COOPER,4,665.96,171-262-049,171-262-0496441,,
18,6309,"WHITE BEAR LAKE, MN",GOODYEAR TIRE & RUBBER CO,COOPER,984136560,235/65R17 104H ENVR+,6,COOPER,2,236.94,166-238-009,166-238-0096309,,
39,6670,"DEPTFORD, NJ",GOODYEAR TIRE & RUBBER CO,COOPER,984136501,275/55R20X 117TRGTK,6,COOPER,4,854.32,171-106-005,171-106-0056670,,
17,8221,"HARVEY, LA",GOODYEAR TIRE & RUBBER CO,COOPER,984136466,LT225/75R16E D HT3,6,COOPER,6,875.16,170-189-003,170-189-0038221,,
1,4799,"CITRUS HEIGHTS, CA",GOODYEAR TIRE & RUBBER CO,COOPER,984214770,LT265/70R17E DSAT,6,COOPER,3,612.63,170-293-047,170-293-0474799,,
8,6432,"SIOUX CITY,IA",GOODYEAR TIRE & RUBBER CO,COOPER,984214717,225/60R17X 103H DRT,6,COOPER,4,584.96,171-261-049,171-261-0496432,,
33,6317,"NORTH CANTON, OH",GOODYEAR TIRE & RUBBER CO,COOPER,984136597,265/65R18 114T ENVR+,6,COOPER,4,621.16,166-272-009,166-272-0096317,,
7,6565,"RAPID CITY, SD",GOODYEAR TIRE & RUBBER CO,COOPER,984214715,265/70R16 112T DRT,6,COOPER,2,290.4,171-289-050,171-289-0506565,,
9,8176,"TOPEKA, KS",GOODYEAR TIRE & RUBBER CO,COOPER,984136452,245/60R18 105H DEDX,6,COOPER,2,299.9,166-241-007,166-241-0078176,,
28,4802,"HIRAM, GA",GOODYEAR TIRE & RUBBER CO,COOPER,984174869,225/40ZR19X 93Y NST,6,COOPER,2,297.98,160-112-025,160-112-0254802,,
10,4839,TULSA HILLS OK,GOODYEAR TIRE & RUBBER CO,COOPER,984136504,285/70R17 116T RGTK,6,COOPER,4,827.24,171-169-019,171-169-0194839,,
31,6387,PINELLAS PARK FL,GOODYEAR TIRE & RUBBER CO,COOPER,984136527,205/60R16 92V ENVR,6,COOPER,1,82.86,166-027-008,166-027-0086387,,
22,4908,"OWENSBORO, KY",GOODYEAR TIRE & RUBBER CO,COOPER,984136577,215/70R16 100H ENVR+,6,COOPER,4,381.36,166-256-009,166-256-0094908,,
38,8193,"HAGERSTOWN, MD",GOODYEAR TIRE & RUBBER CO,COOPER,984214696,245/75R16 111T DRT,6,COOPER,4,560.24,171-277-049,171-277-0498193,,
39,6693,"LANGHORNE, PA",GOODYEAR TIRE & RUBBER CO,COOPER,984136559,235/50R18 97V ENVR+,6,COOPER,1,131.27,166-237-009,166-237-0096693,,
23,4930,COOKEVILLE TN,GOODYEAR TIRE & RUBBER CO,COOPER,984175465,205/55R17X 95V PRCN,6,COOPER,1,125.05,166-472-021,166-472-0214930,,
16,8296,"SPRINGFIELD, MO",GOODYEAR TIRE & RUBBER CO,COOPER,984175413,225/60R17 99V PRCN,6,COOPER,1,119.87,166-475-021,166-475-0218296,,
24,8119,"PENSACOLA, FL",GOODYEAR TIRE & RUBBER CO,COOPER,984136560,235/65R17 104H ENVR+,6,COOPER,3,355.41,166-238-009,166-238-0098119,,
39,4722,"WILLIAMSTOWN, NJ",GOODYEAR TIRE & RUBBER CO,COOPER,984136494,265/60R18X 114TRGTK,6,COOPER,4,808.2,171-069-005,171-069-0054722,,
13,6421,"CONROE, TX",GOODYEAR TIRE & RUBBER CO,COOPER,984136549,215/55R16X 97H ENVR,6,COOPER,2,187.88,166-288-008,166-288-0086421,,
21,6485,"TINLEY PARK, IL",GOODYEAR TIRE & RUBBER CO,COOPER,984136573,215/55R18 95H ENVR+,6,COOPER,4,451.04,166-253-009,166-253-0096485,,
25,4781,"LANSING (E),MI",GOODYEAR TIRE & RUBBER CO,COOPER,984136600,235/65R16 103T ENVR+,6,COOPER,4,386.64,166-295-009,166-295-0094781,,
1,4799,"CITRUS HEIGHTS, CA",GOODYEAR TIRE & RUBBER CO,COOPER,984136585,235/70R16 106T ENVR+,6,COOPER,4,456.48,166-264-009,166-264-0094799,,
27,6242,"DUBLIN, OH",GOODYEAR TIRE & RUBBER CO,COOPER,984136527,205/60R16 92V ENVR,6,COOPER,4,331.44,166-027-008,166-027-0086242,,
25,6319,"KENTWOOD, MI",GOODYEAR TIRE & RUBBER CO,COOPER,984136535,195/65R15 91H ENVR,6,COOPER,4,279.92,166-277-008,166-277-0086319,,
19,8251,"SAINT CHARLES, MO",GOODYEAR TIRE & RUBBER CO,COOPER,984136573,215/55R18 95H ENVR+,6,COOPER,1,112.76,166-253-009,166-253-0098251,,
31,6448,"NEW PORT RICHEY, FL",GOODYEAR TIRE & RUBBER CO,COOPER,984136536,205/50R17X 93V ENVR,6,COOPER,4,400.08,166-278-008,166-278-0086448,,
20,6339,"CRYSTAL LAKE, IL",GOODYEAR TIRE & RUBBER CO,COOPER,984136566,215/60R17 96H ENVR+,6,COOPER,4,411.36,166-244-009,166-244-0096339,,
7,8172,"FARGO, ND",GOODYEAR TIRE & RUBBER CO,COOPER,984136584,225/60R17 99H ENVR+,6,COOPER,4,429.96,166-263-009,166-263-0098172,,
13,4721,"HOUSTON (W&#39;BROOK), TX",GOODYEAR TIRE & RUBBER CO,COOPER,984214715,265/70R16 112T DRT,6,COOPER,4,580.8,171-289-050,171-289-0504721,,
23,8294,"NASHVILLE(S),TN",GOODYEAR TIRE & RUBBER CO,COOPER,984136536,205/50R17X 93V ENVR,6,COOPER,2,200.04,166-278-008,166-278-0088294,,
28,8211,"DOUGLASVILLE,GA",GOODYEAR TIRE & RUBBER CO,COOPER,984175468,275/50R22 111H PRCN,6,COOPER,1,193.13,166-503-021,166-503-0218211,,
31,6387,PINELLAS PARK FL,GOODYEAR TIRE & RUBBER CO,COOPER,984136579,235/55R18X 104VENVR+,6,COOPER,2,264.46,166-258-009,166-258-0096387,,
14,4783,"GARLAND, TX",GOODYEAR TIRE & RUBBER CO,COOPER,984136593,265/65R17 112T ENVR+,6,COOPER,2,309.44,166-267-009,166-267-0094783,,
10,6238,Owasso OK,GOODYEAR TIRE & RUBBER CO,COOPER,980133732,P275/60R15 107T CBGT,6,COOPER,4,509.56,160-019-024,160-019-0246238,,
30,6236,Rock Hill SC,GOODYEAR TIRE & RUBBER CO,COOPER,984214702,275/60R20 115H DRT,6,COOPER,2,394.76,171-294-049,171-294-0496236,,
17,6527,"BATON ROUGE, LA",GOODYEAR TIRE & RUBBER CO,COOPER,980133732,P275/60R15 107T CBGT,6,COOPER,4,509.56,160-019-024,160-019-0246527,,
27,6242,"DUBLIN, OH",GOODYEAR TIRE & RUBBER CO,COOPER,984136566,215/60R17 96H ENVR+,6,COOPER,1,102.84,166-244-009,166-244-0096242,,
32,6341,"SUNRISE, FL",GOODYEAR TIRE & RUBBER CO,COOPER,984214689,245/70R16 107T DRT,6,COOPER,1,147.67,171-275-049,171-275-0496341,,
9,8176,"TOPEKA, KS",GOODYEAR TIRE & RUBBER CO,COOPER,984175459,235/50R19 99V PRCN,6,COOPER,4,633.44,166-479-021,166-479-0218176,,
35,6976,WAKE FOREST NC,GOODYEAR TIRE & RUBBER CO,COOPER,984136587,265/70R16 112T ENVR+,6,COOPER,4,544.88,166-265-009,166-265-0096976,,
14,4743,"PLANO (E), TX",GOODYEAR TIRE & RUBBER CO,COOPER,984136603,235/55R19X 105VENVR+,6,COOPER,3,477.06,166-327-009,166-327-0094743,,
32,6637,"CORAL SPRINGS, FL",GOODYEAR TIRE & RUBBER CO,COOPER,984136573,215/55R18 95H ENVR+,6,COOPER,1,112.76,166-253-009,166-253-0096637,,
7,8172,"FARGO, ND",GOODYEAR TIRE & RUBBER CO,COOPER,984136553,225/65R16 100H ENVR,6,COOPER,4,369.48,166-292-008,166-292-0088172,,
39,4722,"WILLIAMSTOWN, NJ",GOODYEAR TIRE & RUBBER CO,COOPER,984175457,265/65R17 112H PRCN,6,COOPER,2,310.8,166-500-021,166-500-0214722,,
2,6619,"ONTARIO, CA",GOODYEAR TIRE & RUBBER CO,COOPER,984136562,225/65R17 102H ENVR+,6,COOPER,4,437.24,166-240-009,166-240-0096619,,
36,6212,"ORLANDO, FL",GOODYEAR TIRE & RUBBER CO,COOPER,984136528,215/60R16 95V ENVR,6,COOPER,4,325.32,166-028-008,166-028-0086212,,
28,8166,"DULUTH, GA",GOODYEAR TIRE & RUBBER CO,COOPER,984136503,265/50R20X 111TRGTK,6,COOPER,4,824.52,171-110-005,171-110-0058166,,
21,8215,"SPRINGFIELD, IL",GOODYEAR TIRE & RUBBER CO,COOPER,984214785,LT265/60R20E DSAT,6,COOPER,4,1096.24,170-301-048,170-301-0488215,,
4,6608,"PHOENIX, AZ",GOODYEAR TIRE & RUBBER CO,COOPER,984136470,LT235/80R17E D HT3,6,COOPER,2,354.36,170-193-003,170-193-0036608,,
6,6246,EL PASO TX,GOODYEAR TIRE & RUBBER CO,COOPER,984136528,215/60R16 95V ENVR,6,COOPER,3,243.99,166-028-008,166-028-0086246,,
11,8210,"FORT WORTH, TX",GOODYEAR TIRE & RUBBER CO,COOPER,984136532,185/65R15 88H ENVR,6,COOPER,2,141.98,166-275-008,166-275-0088210,,
15,4712,"HOUSTON(MEM), TX",GOODYEAR TIRE & RUBBER CO,COOPER,984175444,255/55R20X 110V PRCN,6,COOPER,1,164.27,166-495-021,166-495-0214712,,
29,7658,BRUNSWICK GA,GOODYEAR TIRE & RUBBER CO,COOPER,984136621,205/55R16 91W RS3G1,6,COOPER,3,303.24,160-050-017,160-050-0177658,,
22,4908,"OWENSBORO, KY",GOODYEAR TIRE & RUBBER CO,COOPER,984136541,225/50R17X 98V ENVR,6,COOPER,1,110.72,166-282-008,166-282-0084908,,
31,4818,"BROOKSVILLE, FL",GOODYEAR TIRE & RUBBER CO,COOPER,984136598,275/65R18 116T ENVR+,6,COOPER,4,709.52,166-273-009,166-273-0094818,,
14,8299,PLANO TX,GOODYEAR TIRE & RUBBER CO,COOPER,984136581,225/55R19 99H ENVR+,6,COOPER,2,302.98,166-260-009,166-260-0098299,,
15,8265,"LAKE CHARLES,LA",GOODYEAR TIRE & RUBBER CO,COOPER,984214715,265/70R16 112T DRT,6,COOPER,4,580.8,171-289-050,171-289-0508265,,
11,8282,"DALLAS (S), TX",GOODYEAR TIRE & RUBBER CO,COOPER,984136599,215/65R17 99T ENVR+,6,COOPER,1,99.55,166-274-009,166-274-0098282,,
29,4820,"POOLER, GA",GOODYEAR TIRE & RUBBER CO,COOPER,984136528,215/60R16 95V ENVR,6,COOPER,4,325.32,166-028-008,166-028-0084820,,
8,6181,PAPILLION NE,GOODYEAR TIRE & RUBBER CO,COOPER,984136557,265/50R20X 111TENVR+,6,COOPER,4,663.12,166-235-009,166-235-0096181,,
35,8223,"RALEIGH, NC",GOODYEAR TIRE & RUBBER CO,COOPER,984136594,245/70R17 110T ENVR+,6,COOPER,4,534.28,166-268-009,166-268-0098223,,
32,8130,"FORT MYERS, FL",GOODYEAR TIRE & RUBBER CO,COOPER,984136568,225/60R18 100H ENVR+,6,COOPER,4,465.28,166-246-009,166-246-0098130,,
31,6387,PINELLAS PARK FL,GOODYEAR TIRE & RUBBER CO,COOPER,984214717,225/60R17X 103H DRT,6,COOPER,2,292.48,171-261-049,171-261-0496387,,
28,4739,"SNELLVILLE, GA",GOODYEAR TIRE & RUBBER CO,COOPER,984214691,285/45R22X 114H DRT,6,COOPER,4,940.44,171-295-049,171-295-0494739,,
9,6505,JEFFERSON CITY MO,GOODYEAR TIRE & RUBBER CO,COOPER,984136544,235/45R18 94V ENVR,6,COOPER,4,528.08,166-284-008,166-284-0086505,,
9,8176,"TOPEKA, KS",GOODYEAR TIRE & RUBBER CO,COOPER,984136558,235/60R18X 107VENVR+,6,COOPER,4,559.36,166-236-009,166-236-0098176,,
35,4872,COLUMBIA NE SC,GOODYEAR TIRE & RUBBER CO,COOPER,984136578,235/65R18 106H ENVR+,6,COOPER,4,560.52,166-257-009,166-257-0094872,,
12,6471,"VICTORIA, TX",GOODYEAR TIRE & RUBBER CO,COOPER,984136563,245/60R18 105H ENVR+,6,COOPER,4,612.84,166-241-009,166-241-0096471,,
4,6606,"PHOENIX, AZ",GOODYEAR TIRE & RUBBER CO,COOPER,984136465,LT265/70R18E D HT3,6,COOPER,1,204.39,170-188-003,170-188-0036606,,
8,6181,PAPILLION NE,GOODYEAR TIRE & RUBBER CO,COOPER,984136527,205/60R16 92V ENVR,6,COOPER,4,331.44,166-027-008,166-027-0086181,,
27,6307,"COLUMBUS(N),OH",GOODYEAR TIRE & RUBBER CO,COOPER,984136531,225/50R18 95V ENVR,6,COOPER,4,468.52,166-092-008,166-092-0086307,,
22,4908,"OWENSBORO, KY",GOODYEAR TIRE & RUBBER CO,COOPER,984175466,255/55R19X 111V PRCN,6,COOPER,4,674.84,166-494-021,166-494-0214908,,
28,4802,"HIRAM, GA",GOODYEAR TIRE & RUBBER CO,COOPER,984136535,195/65R15 91H ENVR,6,COOPER,4,279.92,166-277-008,166-277-0084802,,
22,8111,"JEFFERSONTOWN, KY",GOODYEAR TIRE & RUBBER CO,COOPER,984136572,235/60R17 102H ENVR+,6,COOPER,1,111.83,166-251-009,166-251-0098111,,
7,8172,"FARGO, ND",GOODYEAR TIRE & RUBBER CO,COOPER,984175427,225/55R18 98H PRCN,6,COOPER,3,404.01,166-473-021,166-473-0218172,,
17,6527,"BATON ROUGE, LA",GOODYEAR TIRE & RUBBER CO,COOPER,984214688,275/55R20X 117H DRT,6,COOPER,4,775.72,171-293-049,171-293-0496527,,
28,4780,"BUFORD, GA",GOODYEAR TIRE & RUBBER CO,COOPER,984136541,225/50R17X 98V ENVR,6,COOPER,4,442.88,166-282-008,166-282-0084780,,
29,4879,AIKEN SC,GOODYEAR TIRE & RUBBER CO,COOPER,984175457,265/65R17 112H PRCN,6,COOPER,1,155.4,166-500-021,166-500-0214879,,
31,6387,PINELLAS PARK FL,GOODYEAR TIRE & RUBBER CO,COOPER,984136438,215/55R17 94V DEDX,6,COOPER,1,120.2,166-219-007,166-219-0076387,,
30,6236,Rock Hill SC,GOODYEAR TIRE & RUBBER CO,COOPER,984136581,225/55R19 99H ENVR+,6,COOPER,4,605.96,166-260-009,166-260-0096236,,
14,4783,"GARLAND, TX",GOODYEAR TIRE & RUBBER CO,COOPER,984136587,265/70R16 112T ENVR+,6,COOPER,2,272.44,166-265-009,166-265-0094783,,
10,8117,"OK CITY (N), OK",GOODYEAR TIRE & RUBBER CO,COOPER,984136573,215/55R18 95H ENVR+,6,COOPER,1,117.56,166-253-009,166-253-0098117,,
6,6672,"ALBUQUERQUE, NM",GOODYEAR TIRE & RUBBER CO,COOPER,984214712,255/65R17 110T DRT,6,COOPER,4,658.24,171-280-049,171-280-0496672,,
8,6514,"WATERLOO, IA",GOODYEAR TIRE & RUBBER CO,COOPER,984136570,255/60R19 109H ENVR+,6,COOPER,2,353.74,166-249-009,166-249-0096514,,
8,6181,PAPILLION NE,GOODYEAR TIRE & RUBBER CO,COOPER,984136567,225/55R18 98H ENVR+,6,COOPER,1,124.62,166-245-009,166-245-0096181,,
7,8165,"SIOUX FALLS, SD",GOODYEAR TIRE & RUBBER CO,COOPER,984136587,265/70R16 112T ENVR+,6,COOPER,4,544.88,166-265-009,166-265-0098165,,
7,8165,"SIOUX FALLS, SD",GOODYEAR TIRE & RUBBER CO,COOPER,984136531,225/50R18 95V ENVR,6,COOPER,8,964.8,166-092-008,166-092-0088165,,
13,4713,"SHENANDOAH, TX",GOODYEAR TIRE & RUBBER CO,COOPER,984136505,275/65R18 116T RGTK,6,COOPER,4,834.88,171-170-019,171-170-0194713,,
8,8162,"CEDAR RAPIDS,IA",GOODYEAR TIRE & RUBBER CO,COOPER,984136549,215/55R16X 97H ENVR,6,COOPER,4,375.76,166-288-008,166-288-0088162,,
34,8220,"ROANOKE, VA",GOODYEAR TIRE & RUBBER CO,COOPER,984136580,255/50R20X 109HENVR+,6,COOPER,1,168.07,166-259-009,166-259-0098220,,
23,8294,"NASHVILLE(S),TN",GOODYEAR TIRE & RUBBER CO,COOPER,984136567,225/55R18 98H ENVR+,6,COOPER,2,249.24,166-245-009,166-245-0098294,,
28,4802,"HIRAM, GA",GOODYEAR TIRE & RUBBER CO,COOPER,984175441,265/60R18 110H PRCN,6,COOPER,1,162.79,166-505-021,166-505-0214802,,
23,4776,"HUNTSVILLE, AL",GOODYEAR TIRE & RUBBER CO,COOPER,984214691,285/45R22X 114H DRT,6,COOPER,2,470.22,171-295-049,171-295-0494776,,
30,4901,EASLEY SC,GOODYEAR TIRE & RUBBER CO,COOPER,984136564,215/65R16 98H ENVR+,6,COOPER,2,166.32,166-242-009,166-242-0094901,,
25,6359,"COMSTOCK PARK, MI",GOODYEAR TIRE & RUBBER CO,COOPER,984136505,275/65R18 116T RGTK,6,COOPER,4,834.88,171-170-019,171-170-0196359,,
32,6341,"SUNRISE, FL",GOODYEAR TIRE & RUBBER CO,COOPER,984136558,235/60R18X 107VENVR+,6,COOPER,6,839.04,166-236-009,166-236-0096341,,
12,4914,San Antonio N TX,GOODYEAR TIRE & RUBBER CO,COOPER,984136439,225/50R17X 98V DEDX,6,COOPER,3,381.21,166-220-007,166-220-0074914,,
13,6421,"CONROE, TX",GOODYEAR TIRE & RUBBER CO,COOPER,984136502,275/60R20 115T RGTK,6,COOPER,4,876.2,171-107-005,171-107-0056421,,
35,6443,"GOLDSBORO, NC",GOODYEAR TIRE & RUBBER CO,COOPER,984175420,235/50R18 97W PRCN,6,COOPER,2,281.18,166-427-021,166-427-0216443,,
29,8192,"DOTHAN, AL",GOODYEAR TIRE & RUBBER CO,COOPER,984214719,245/50R20 102V DRT,6,COOPER,1,169.45,171-272-049,171-272-0498192,,
1,6620,"FOLSOM, CA",GOODYEAR TIRE & RUBBER CO,COOPER,984175431,235/40R19X 96V PRCN,6,COOPER,2,310.8,166-471-021,166-471-0216620,,
14,4783,"GARLAND, TX",GOODYEAR TIRE & RUBBER CO,COOPER,984136577,215/70R16 100H ENVR+,6,COOPER,4,372.68,166-256-009,166-256-0094783,,
39,8160,"TEMPLE, PA",GOODYEAR TIRE & RUBBER CO,COOPER,984136549,215/55R16X 97H ENVR,6,COOPER,4,375.76,166-288-008,166-288-0088160,,
39,8160,"TEMPLE, PA",GOODYEAR TIRE & RUBBER CO,COOPER,984214769,LT275/70R18E DSAT,6,COOPER,4,957.36,170-290-047,170-290-0478160,,
29,8202,"SAVANNAH, GA",GOODYEAR TIRE & RUBBER CO,COOPER,984136436,235/55R19X 105H DEDX,6,COOPER,3,511.98,166-203-007,166-203-0078202,,
1,4799,"CITRUS HEIGHTS, CA",GOODYEAR TIRE & RUBBER CO,COOPER,984175411,205/55R16 91V PRCN,6,COOPER,4,384.76,166-435-021,166-435-0214799,,
38,6653,"GAITHERSBURG, MD",GOODYEAR TIRE & RUBBER CO,COOPER,984175471,225/45R19X 96W PRCN,6,COOPER,1,158.36,166-432-021,166-432-0216653,,
1,4799,"CITRUS HEIGHTS, CA",GOODYEAR TIRE & RUBBER CO,COOPER,984136544,235/45R18 94V ENVR,6,COOPER,1,132.02,166-284-008,166-284-0084799,,
7,6425,"CASPER, WY",GOODYEAR TIRE & RUBBER CO,COOPER,984136565,235/55R17 99H ENVR+,6,COOPER,4,464.32,166-243-009,166-243-0096425,,
20,6487,"ADDISON, IL",GOODYEAR TIRE & RUBBER CO,COOPER,984136601,255/65R18 111H ENVR+,6,COOPER,4,616.16,166-305-009,166-305-0096487,,
20,4840,"JANESVILLE, WI",GOODYEAR TIRE & RUBBER CO,COOPER,984136557,265/50R20X 111TENVR+,6,COOPER,1,164.39,166-235-009,166-235-0094840,,
5,6634,"LONE TREE, CO",GOODYEAR TIRE & RUBBER CO,COOPER,984175460,235/55R20 102V PRCN,6,COOPER,4,633.44,166-482-021,166-482-0216634,,
5,8272,"COLORADO SPRINGS, CO",GOODYEAR TIRE & RUBBER CO,COOPER,984136539,215/50R17X 95V ENVR,6,COOPER,4,433.16,166-280-008,166-280-0088272,,
35,6976,WAKE FOREST NC,GOODYEAR TIRE & RUBBER CO,COOPER,984174885,255/35ZR18X 94Y NST,6,COOPER,2,306.92,160-134-025,160-134-0256976,,
31,6387,PINELLAS PARK FL,GOODYEAR TIRE & RUBBER CO,COOPER,984214690,235/65R17X 108H DRT,6,COOPER,4,573.36,171-267-049,171-267-0496387,,
19,6449,"PADUCAH, KY",GOODYEAR TIRE & RUBBER CO,COOPER,984136580,255/50R20X 109HENVR+,6,COOPER,1,168.07,166-259-009,166-259-0096449,,
17,4837,"DENHAM SPRINGS, LA",GOODYEAR TIRE & RUBBER CO,COOPER,984175461,235/45R19 95H PRCN,6,COOPER,1,159.09,166-477-021,166-477-0214837,,
18,4738,"EAGAN, MN",GOODYEAR TIRE & RUBBER CO,COOPER,984214712,255/65R17 110T DRT,6,COOPER,4,658.24,171-280-049,171-280-0494738,,
12,6262,"SAN ANTONIO (NNW), TX",GOODYEAR TIRE & RUBBER CO,COOPER,984175433,255/65R18 111H PRCN,6,COOPER,1,157.61,166-496-021,166-496-0216262,,
31,4998,"THE VILLAGES, FL",GOODYEAR TIRE & RUBBER CO,COOPER,984136535,195/65R15 91H ENVR,6,COOPER,3,209.94,166-277-008,166-277-0084998,,
13,6421,"CONROE, TX",GOODYEAR TIRE & RUBBER CO,COOPER,984136466,LT225/75R16E D HT3,6,COOPER,4,583.44,170-189-003,170-189-0036421,,
9,8176,"TOPEKA, KS",GOODYEAR TIRE & RUBBER CO,COOPER,984136598,275/65R18 116T ENVR+,6,COOPER,4,709.52,166-273-009,166-273-0098176,,
33,4952,"TARENTUM, PA",GOODYEAR TIRE & RUBBER CO,COOPER,984214778,LT285/70R17E DSAT,6,COOPER,4,950.6,170-280-048,170-280-0484952,,
1,4799,"CITRUS HEIGHTS, CA",GOODYEAR TIRE & RUBBER CO,COOPER,984136601,255/65R18 111H ENVR+,6,COOPER,4,616.16,166-305-009,166-305-0094799,,
6,6502,"EL PASO, TX",GOODYEAR TIRE & RUBBER CO,COOPER,984136532,185/65R15 88H ENVR,6,COOPER,1,70.99,166-275-008,166-275-0086502,,
31,4998,"THE VILLAGES, FL",GOODYEAR TIRE & RUBBER CO,COOPER,984175461,235/45R19 95H PRCN,6,COOPER,1,159.09,166-477-021,166-477-0214998,,
39,6567,"EASTON, PA",GOODYEAR TIRE & RUBBER CO,COOPER,984175410,225/65R17 102H PRCN,6,COOPER,1,125.05,166-476-021,166-476-0216567,,
4,4829,GILBERT (E) AZ,GOODYEAR TIRE & RUBBER CO,COOPER,984136548,205/65R16 95H ENVR,6,COOPER,2,181.22,166-287-008,166-287-0084829,,
40,6423,"MIDDLETOWN, NY",GOODYEAR TIRE & RUBBER CO,COOPER,984175434,235/55R19X 105V PRCN,6,COOPER,4,657.08,166-481-021,166-481-0216423,,
11,4905,"DENTON, TX",GOODYEAR TIRE & RUBBER CO,COOPER,984214688,275/55R20X 117H DRT,6,COOPER,4,775.72,171-293-049,171-293-0494905,,
30,8278,"GREENVILLE, SC",GOODYEAR TIRE & RUBBER CO,COOPER,984214700,265/60R18X 114H DRT,6,COOPER,1,180.23,171-286-049,171-286-0498278,,
33,6677,"MONROEVILLE, PA",GOODYEAR TIRE & RUBBER CO,COOPER,984136634,255/45R20 101W RS3G1,6,COOPER,4,691.16,160-066-017,160-066-0176677,,
6,8280,EL PASO TX,GOODYEAR TIRE & RUBBER CO,COOPER,984136591,245/65R17 107T ENVR+,6,COOPER,4,539.72,166-266-009,166-266-0098280,,
4,6605,"GILBERT, AZ",GOODYEAR TIRE & RUBBER CO,COOPER,984136621,205/55R16 91W RS3G1,6,COOPER,2,202.16,160-050-017,160-050-0176605,,
34,8228,"WINSTON-SALEM, NC",GOODYEAR TIRE & RUBBER CO,COOPER,984174888,245/45ZR19X 102Y NST,6,COOPER,3,469.32,160-125-025,160-125-0258228,,
31,4861,"ST PETERSBURG, FL",GOODYEAR TIRE & RUBBER CO,COOPER,984136502,275/60R20 115T RGTK,6,COOPER,4,876.2,171-107-005,171-107-0054861,,
27,6307,"COLUMBUS(N),OH",GOODYEAR TIRE & RUBBER CO,COOPER,984136551,215/55R17 94V ENVR,6,COOPER,4,415.84,166-290-008,166-290-0086307,,
26,6659,"MADISON HEIGHTS, MI",GOODYEAR TIRE & RUBBER CO,COOPER,984175451,245/45R20X 103V PRCN,6,COOPER,1,164.27,166-448-021,166-448-0216659,,
28,8166,"DULUTH, GA",GOODYEAR TIRE & RUBBER CO,COOPER,984214789,LT315/70R17E DSAT,6,COOPER,5,1332.7,170-297-048,170-297-0488166,,
17,6527,"BATON ROUGE, LA",GOODYEAR TIRE & RUBBER CO,COOPER,980133858,33X12.50R15C DSTTPRO,6,COOPER,4,934.84,170-107-034,170-107-0346527,,
13,6421,"CONROE, TX",GOODYEAR TIRE & RUBBER CO,COOPER,984214709,265/75R16 116T DRT,6,COOPER,4,615.32,171-292-050,171-292-0506421,,
4,4829,GILBERT (E) AZ,GOODYEAR TIRE & RUBBER CO,COOPER,984214710,265/70R17 115T DRT,6,COOPER,4,612.92,171-290-050,171-290-0504829,,
1,6405,"YUBA CITY, CA",GOODYEAR TIRE & RUBBER CO,COOPER,984214774,LT235/80R17E DSAT,6,COOPER,3,583.41,170-287-048,170-287-0486405,,
19,8125,"SAINT LOUIS, MO",GOODYEAR TIRE & RUBBER CO,COOPER,984174877,245/40ZR18X 97Y NST,6,COOPER,2,262.22,160-119-025,160-119-0258125,,
31,6403,"BRANDON, FL",GOODYEAR TIRE & RUBBER CO,COOPER,984136561,275/60R20 115H ENVR+,6,COOPER,4,697.08,166-239-009,166-239-0096403,,
24,8119,"PENSACOLA, FL",GOODYEAR TIRE & RUBBER CO,COOPER,984136529,225/55R17 97V ENVR,6,COOPER,2,222.18,166-035-008,166-035-0088119,,
24,8236,"GULFPORT, MS",GOODYEAR TIRE & RUBBER CO,COOPER,984175455,225/40R18X 92V PRCN,6,COOPER,4,556.44,166-445-021,166-445-0218236,,
9,8208,"LENEXA, KS",GOODYEAR TIRE & RUBBER CO,COOPER,984136567,225/55R18 98H ENVR+,6,COOPER,4,498.48,166-245-009,166-245-0098208,,
4,6205,"YUMA, AZ",GOODYEAR TIRE & RUBBER CO,COOPER,984136579,235/55R18X 104VENVR+,6,COOPER,4,528.92,166-258-009,166-258-0096205,,
11,8269,"GRAND PRAIRIE, TX",GOODYEAR TIRE & RUBBER CO,COOPER,984136585,235/70R16 106T ENVR+,6,COOPER,2,228.24,166-264-009,166-264-0098269,,
3,6682,"LAYTON, UT",GOODYEAR TIRE & RUBBER CO,COOPER,984175431,235/40R19X 96V PRCN,6,COOPER,1,155.4,166-471-021,166-471-0216682,,
31,6448,"NEW PORT RICHEY, FL",GOODYEAR TIRE & RUBBER CO,COOPER,984136568,225/60R18 100H ENVR+,6,COOPER,2,232.64,166-246-009,166-246-0096448,,
26,8139,"TOLEDO, OH",GOODYEAR TIRE & RUBBER CO,COOPER,984214700,265/60R18X 114H DRT,6,COOPER,4,720.92,171-286-049,171-286-0498139,,
24,6435,"TUSCALOOSA, AL",GOODYEAR TIRE & RUBBER CO,COOPER,984175471,225/45R19X 96W PRCN,6,COOPER,4,633.44,166-432-021,166-432-0216435,,
8,8162,"CEDAR RAPIDS,IA",GOODYEAR TIRE & RUBBER CO,COOPER,984136573,215/55R18 95H ENVR+,6,COOPER,1,112.76,166-253-009,166-253-0098162,,
34,6458,"LYNCHBURG, VA",GOODYEAR TIRE & RUBBER CO,COOPER,984175455,225/40R18X 92V PRCN,6,COOPER,1,139.11,166-445-021,166-445-0216458,,
19,6449,"PADUCAH, KY",GOODYEAR TIRE & RUBBER CO,COOPER,984136595,265/70R17 115T ENVR+,6,COOPER,4,551.56,166-269-009,166-269-0096449,,
39,6536,"WHITEHALL, PA",GOODYEAR TIRE & RUBBER CO,COOPER,984175420,235/50R18 97W PRCN,6,COOPER,4,562.36,166-427-021,166-427-0216536,,
8,8146,"OMAHA, NE",GOODYEAR TIRE & RUBBER CO,COOPER,984136501,275/55R20X 117TRGTK,6,COOPER,1,220.42,171-106-005,171-106-0058146,,
17,4790,"PEARL, MS",GOODYEAR TIRE & RUBBER CO,COOPER,984136543,235/40R19X 96V ENVR,6,COOPER,4,592.96,166-283-008,166-283-0084790,,
13,6259,"ROUND ROCK, TX",GOODYEAR TIRE & RUBBER CO,COOPER,984136528,215/60R16 95V ENVR,6,COOPER,2,162.66,166-028-008,166-028-0086259,,
27,6242,"DUBLIN, OH",GOODYEAR TIRE & RUBBER CO,COOPER,984136584,225/60R17 99H ENVR+,6,COOPER,4,429.96,166-263-009,166-263-0096242,,
17,8221,"HARVEY, LA",GOODYEAR TIRE & RUBBER CO,COOPER,984136532,185/65R15 88H ENVR,6,COOPER,2,141.98,166-275-008,166-275-0088221,,
39,8175,"HARRISBURG, PA",GOODYEAR TIRE & RUBBER CO,COOPER,984214775,LT245/75R16E DSAT,6,COOPER,4,688.28,170-277-048,170-277-0488175,,
17,8221,"HARVEY, LA",GOODYEAR TIRE & RUBBER CO,COOPER,984136539,215/50R17X 95V ENVR,6,COOPER,2,216.58,166-280-008,166-280-0088221,,
27,6242,"DUBLIN, OH",GOODYEAR TIRE & RUBBER CO,COOPER,984136446,235/55R18X 104V DEDX,6,COOPER,1,149.66,166-231-007,166-231-0076242,,
27,6242,"DUBLIN, OH",GOODYEAR TIRE & RUBBER CO,COOPER,984175428,275/55R20X 117H PRCN,6,COOPER,1,166.49,166-502-021,166-502-0216242,,
31,6387,PINELLAS PARK FL,GOODYEAR TIRE & RUBBER CO,COOPER,984136477,LT265/75R16E D HT3,6,COOPER,1,176.81,170-202-003,170-202-0036387,,
14,6422,"LONGVIEW, TX",GOODYEAR TIRE & RUBBER CO,COOPER,984175446,265/50R20X 111V PRCN,6,COOPER,2,334.46,166-499-021,166-499-0216422,,
33,6575,"PITTSBURGH, PA",GOODYEAR TIRE & RUBBER CO,COOPER,984136568,225/60R18 100H ENVR+,6,COOPER,2,232.64,166-246-009,166-246-0096575,,
14,6422,"LONGVIEW, TX",GOODYEAR TIRE & RUBBER CO,COOPER,984136579,235/55R18X 104VENVR+,6,COOPER,4,528.92,166-258-009,166-258-0096422,,
11,8226,"ABILENE, TX",GOODYEAR TIRE & RUBBER CO,COOPER,984136554,215/70R15 98H ENVR,6,COOPER,1,78.43,166-293-008,166-293-0088226,,
28,8211,"DOUGLASVILLE,GA",GOODYEAR TIRE & RUBBER CO,COOPER,984136563,245/60R18 105H ENVR+,6,COOPER,2,306.42,166-241-009,166-241-0098211,,
24,6435,"TUSCALOOSA, AL",GOODYEAR TIRE & RUBBER CO,COOPER,984214714,265/65R18X 116H DRT,6,COOPER,2,384.04,171-288-049,171-288-0496435,,
13,8245,"HOUSTON (N), TX",GOODYEAR TIRE & RUBBER CO,COOPER,984136567,225/55R18 98H ENVR+,6,COOPER,2,249.24,166-245-009,166-245-0098245,,
13,8259,"AUSTIN, TX",GOODYEAR TIRE & RUBBER CO,COOPER,984214770,LT265/70R17E DSAT,6,COOPER,3,612.63,170-293-047,170-293-0478259,,
33,4847,GREENSBURG PA,GOODYEAR TIRE & RUBBER CO,COOPER,984136595,265/70R17 115T ENVR+,6,COOPER,4,551.56,166-269-009,166-269-0094847,,
13,6259,"ROUND ROCK, TX",GOODYEAR TIRE & RUBBER CO,COOPER,984175458,245/60R20 107H PRCN,6,COOPER,4,665.96,166-489-021,166-489-0216259,,
2,4735,"LA HABRA, CA",GOODYEAR TIRE & RUBBER CO,COOPER,984214704,235/70R16 106T DRT,6,COOPER,4,522.92,171-269-049,171-269-0494735,,
28,4802,"HIRAM, GA",GOODYEAR TIRE & RUBBER CO,COOPER,984136574,275/55R20X 117HENVR+,6,COOPER,4,651.88,166-254-009,166-254-0094802,,
2,6616,"FULLERTON, CA",GOODYEAR TIRE & RUBBER CO,COOPER,984214701,265/65R17 112T DRT,6,COOPER,1,173.88,171-287-050,171-287-0506616,,
38,6651,"CATONSVILLE, MD",GOODYEAR TIRE & RUBBER CO,COOPER,984136632,245/55R18 103W RS3G1,6,COOPER,1,149.94,160-064-017,160-064-0176651,,
33,4847,GREENSBURG PA,GOODYEAR TIRE & RUBBER CO,COOPER,984175451,245/45R20X 103V PRCN,6,COOPER,4,657.08,166-448-021,166-448-0214847,,
39,4722,"WILLIAMSTOWN, NJ",GOODYEAR TIRE & RUBBER CO,COOPER,984175441,265/60R18 110H PRCN,6,COOPER,4,651.16,166-505-021,166-505-0214722,,
25,6562,"MUSKEGON, MI",GOODYEAR TIRE & RUBBER CO,COOPER,984136598,275/65R18 116T ENVR+,6,COOPER,4,709.52,166-273-009,166-273-0096562,,
8,6432,"SIOUX CITY,IA",GOODYEAR TIRE & RUBBER CO,COOPER,984175413,225/60R17 99V PRCN,6,COOPER,4,479.48,166-475-021,166-475-0216432,,
4,6205,"YUMA, AZ",GOODYEAR TIRE & RUBBER CO,COOPER,984136466,LT225/75R16E D HT3,6,COOPER,6,875.16,170-189-003,170-189-0036205,,
15,4764,"KATY (FRY), TX",GOODYEAR TIRE & RUBBER CO,COOPER,984136547,205/55R16 91H ENVR,6,COOPER,4,338.16,166-286-008,166-286-0084764,,
31,4861,"ST PETERSBURG, FL",GOODYEAR TIRE & RUBBER CO,COOPER,984136578,235/65R18 106H ENVR+,6,COOPER,2,280.26,166-257-009,166-257-0094861,,
23,4740,"SOUTHAVEN, MS",GOODYEAR TIRE & RUBBER CO,COOPER,984136601,255/65R18 111H ENVR+,6,COOPER,1,154.04,166-305-009,166-305-0094740,,
34,6569,"BLUEFIELD, VA",GOODYEAR TIRE & RUBBER CO,COOPER,984136562,225/65R17 102H ENVR+,6,COOPER,1,109.31,166-240-009,166-240-0096569,,
6,4784,"LAS CRUCES,NM",GOODYEAR TIRE & RUBBER CO,COOPER,984136513,LT275/65R18E RG TKLT,6,COOPER,4,956.88,170-058-007,170-058-0074784,,
32,6217,"MIAMI, FL",GOODYEAR TIRE & RUBBER CO,COOPER,984136547,205/55R16 91H ENVR,6,COOPER,2,169.08,166-286-008,166-286-0086217,,
28,6409,"TUCKER, GA",GOODYEAR TIRE & RUBBER CO,COOPER,984136502,275/60R20 115T RGTK,6,COOPER,4,876.2,171-107-005,171-107-0056409,,
14,6422,"LONGVIEW, TX",GOODYEAR TIRE & RUBBER CO,COOPER,984136551,215/55R17 94V ENVR,6,COOPER,2,207.92,166-290-008,166-290-0086422,,
27,6307,"COLUMBUS(N),OH",GOODYEAR TIRE & RUBBER CO,COOPER,984136548,205/65R16 95H ENVR,6,COOPER,2,181.22,166-287-008,166-287-0086307,,
35,8218,"FAYETTEVILLE,NC",GOODYEAR TIRE & RUBBER CO,COOPER,984136532,185/65R15 88H ENVR,6,COOPER,4,283.96,166-275-008,166-275-0088218,,
29,6363,"JACKSONVILLE (W), FL",GOODYEAR TIRE & RUBBER CO,COOPER,984136596,265/60R18 110T ENVR+,6,COOPER,1,160.76,166-271-009,166-271-0096363,,
14,6255,"PLANO(N),TX",GOODYEAR TIRE & RUBBER CO,COOPER,984136558,235/60R18X 107VENVR+,6,COOPER,1,139.84,166-236-009,166-236-0096255,,
30,6463,"ANDERSON, SC",GOODYEAR TIRE & RUBBER CO,COOPER,984136551,215/55R17 94V ENVR,6,COOPER,2,207.92,166-290-008,166-290-0086463,,
35,6203,"COLUMBIA, SC",GOODYEAR TIRE & RUBBER CO,COOPER,984136599,215/65R17 99T ENVR+,6,COOPER,4,398.2,166-274-009,166-274-0096203,,
33,8189,"CLARKSBURG, WV",GOODYEAR TIRE & RUBBER CO,COOPER,984136573,215/55R18 95H ENVR+,6,COOPER,1,112.76,166-253-009,166-253-0098189,,
29,4879,AIKEN SC,GOODYEAR TIRE & RUBBER CO,COOPER,984136574,275/55R20X 117HENVR+,6,COOPER,4,651.88,166-254-009,166-254-0094879,,
40,6423,"MIDDLETOWN, NY",GOODYEAR TIRE & RUBBER CO,COOPER,984136549,215/55R16X 97H ENVR,6,COOPER,2,187.88,166-288-008,166-288-0086423,,
17,4837,"DENHAM SPRINGS, LA",GOODYEAR TIRE & RUBBER CO,COOPER,984214688,275/55R20X 117H DRT,6,COOPER,4,775.72,171-293-049,171-293-0494837,,
35,8283,"COLUMBIA, SC",GOODYEAR TIRE & RUBBER CO,COOPER,984175424,235/55R17 99W PRCN,6,COOPER,2,250.1,166-424-021,166-424-0218283,,
13,6421,"CONROE, TX",GOODYEAR TIRE & RUBBER CO,COOPER,984214696,245/75R16 111T DRT,6,COOPER,4,560.24,171-277-049,171-277-0496421,,
30,6540,"CHARLOTTE, NC",GOODYEAR TIRE & RUBBER CO,COOPER,984174870,225/45ZR17X 94W NST,6,COOPER,1,102.8,160-113-025,160-113-0256540,,
35,4872,COLUMBIA NE SC,GOODYEAR TIRE & RUBBER CO,COOPER,984175449,245/55R19X 107H PRCN,6,COOPER,4,651.16,166-487-021,166-487-0214872,,
14,4783,"GARLAND, TX",GOODYEAR TIRE & RUBBER CO,COOPER,984175459,235/50R19 99V PRCN,6,COOPER,4,642.28,166-479-021,166-479-0214783,,
23,4930,COOKEVILLE TN,GOODYEAR TIRE & RUBBER CO,COOPER,984214698,265/70R18 116H DRT,6,COOPER,4,769.28,171-291-049,171-291-0494930,,
24,6435,"TUSCALOOSA, AL",GOODYEAR TIRE & RUBBER CO,COOPER,984136524,33X12.50R20F RG TKLT,6,COOPER,4,1265.28,170-220-007,170-220-0076435,,
9,6247,KANSAS CITY LIBERTY MO,GOODYEAR TIRE & RUBBER CO,COOPER,984175440,225/45R18X 95W PRCN,6,COOPER,1,124.31,166-426-021,166-426-0216247,,
37,6675,"ERIE, PA",GOODYEAR TIRE & RUBBER CO,COOPER,984136585,235/70R16 106T ENVR+,6,COOPER,4,456.48,166-264-009,166-264-0096675,,
6,4938,"ALBUQUERQUE (CENTRAL), NM",GOODYEAR TIRE & RUBBER CO,COOPER,984136536,205/50R17X 93V ENVR,6,COOPER,4,400.08,166-278-008,166-278-0084938,,
30,4950,"HENDERSONVILLE, NC",GOODYEAR TIRE & RUBBER CO,COOPER,984136532,185/65R15 88H ENVR,6,COOPER,1,70.99,166-275-008,166-275-0084950,,
21,4815,"NORMAL, IL",GOODYEAR TIRE & RUBBER CO,COOPER,984136564,215/65R16 98H ENVR+,6,COOPER,4,332.64,166-242-009,166-242-0094815,,
2,6626,"SOUTHGATE, CA",GOODYEAR TIRE & RUBBER CO,COOPER,984136564,215/65R16 98H ENVR+,6,COOPER,4,332.64,166-242-009,166-242-0096626,,
16,8104,"LITTLE ROCK, AR",GOODYEAR TIRE & RUBBER CO,COOPER,984136562,225/65R17 102H ENVR+,6,COOPER,4,437.24,166-240-009,166-240-0098104,,
34,6351,"NEWPORT NEWS, VA",GOODYEAR TIRE & RUBBER CO,COOPER,984136594,245/70R17 110T ENVR+,6,COOPER,2,267.14,166-268-009,166-268-0096351,,
31,6420,"CLEARWATER, FL",GOODYEAR TIRE & RUBBER CO,COOPER,984136580,255/50R20X 109HENVR+,6,COOPER,1,168.07,166-259-009,166-259-0096420,,
35,4872,COLUMBIA NE SC,GOODYEAR TIRE & RUBBER CO,COOPER,984136564,215/65R16 98H ENVR+,6,COOPER,1,83.16,166-242-009,166-242-0094872,,
27,6307,"COLUMBUS(N),OH",GOODYEAR TIRE & RUBBER CO,COOPER,984175467,275/45R20X 110V PRCN,6,COOPER,3,572.73,166-501-021,166-501-0216307,,
31,8201,"BRADENTON, FL",GOODYEAR TIRE & RUBBER CO,COOPER,984136585,235/70R16 106T ENVR+,6,COOPER,4,456.48,166-264-009,166-264-0098201,,
32,8157,"W.PALM BEACH,FL",GOODYEAR TIRE & RUBBER CO,COOPER,984136566,215/60R17 96H ENVR+,6,COOPER,2,205.68,166-244-009,166-244-0098157,,
32,4857,CAPE CORAL (PINE) FL,GOODYEAR TIRE & RUBBER CO,COOPER,984136547,205/55R16 91H ENVR,6,COOPER,4,338.16,166-286-008,166-286-0084857,,
30,4917,Mooresville NC,GOODYEAR TIRE & RUBBER CO,COOPER,984136571,245/50R20 102V ENVR+,6,COOPER,4,632.56,166-250-009,166-250-0094917,,
36,8290,"ORLANDO (S), FL",GOODYEAR TIRE & RUBBER CO,COOPER,984136579,235/55R18X 104VENVR+,6,COOPER,1,132.23,166-258-009,166-258-0098290,,
39,6670,"DEPTFORD, NJ",GOODYEAR TIRE & RUBBER CO,COOPER,984136550,225/60R16 98H ENVR,6,COOPER,1,89.45,166-289-008,166-289-0086670,,
31,8201,"BRADENTON, FL",GOODYEAR TIRE & RUBBER CO,COOPER,984175456,215/45R17X 91W PRCN,6,COOPER,4,503.16,166-429-021,166-429-0218201,,
29,6363,"JACKSONVILLE (W), FL",GOODYEAR TIRE & RUBBER CO,COOPER,980133680,P225/70R15 100T CBGT,6,COOPER,4,417.16,160-011-024,160-011-0246363,,
31,4861,"ST PETERSBURG, FL",GOODYEAR TIRE & RUBBER CO,COOPER,984175445,235/45R18 94V PRCN,6,COOPER,4,589,166-284-021,166-284-0214861,,
29,6204,"VALDOSTA, GA",GOODYEAR TIRE & RUBBER CO,COOPER,984174868,225/40ZR18X 92Y NST,6,COOPER,4,461.92,160-111-025,160-111-0256204,,
13,6336,"TEMPLE, TX",GOODYEAR TIRE & RUBBER CO,COOPER,984214688,275/55R20X 117H DRT,6,COOPER,4,775.72,171-293-049,171-293-0496336,,
7,8165,"SIOUX FALLS, SD",GOODYEAR TIRE & RUBBER CO,COOPER,984136558,235/60R18X 107VENVR+,6,COOPER,4,559.36,166-236-009,166-236-0098165,,
39,8144,"PLEASANTVILLE, NJ",GOODYEAR TIRE & RUBBER CO,COOPER,984136548,205/65R16 95H ENVR,6,COOPER,4,362.44,166-287-008,166-287-0088144,,
21,6489,"CALUMET CITY, IL",GOODYEAR TIRE & RUBBER CO,COOPER,984136600,235/65R16 103T ENVR+,6,COOPER,4,386.64,166-295-009,166-295-0096489,,
21,8135,"TERRE HAUTE, IN",GOODYEAR TIRE & RUBBER CO,COOPER,984136531,225/50R18 95V ENVR,6,COOPER,4,468.52,166-092-008,166-092-0088135,,
35,6573,Jacksonville NC,GOODYEAR TIRE & RUBBER CO,COOPER,984136603,235/55R19X 105VENVR+,6,COOPER,4,636.08,166-327-009,166-327-0096573,,
36,4828,ORLANDO LAKE NONA FL,GOODYEAR TIRE & RUBBER CO,COOPER,984136603,235/55R19X 105VENVR+,6,COOPER,4,636.08,166-327-009,166-327-0094828,,
34,6402,"GREENSBORO, NC",GOODYEAR TIRE & RUBBER CO,COOPER,984136564,215/65R16 98H ENVR+,6,COOPER,4,332.64,166-242-009,166-242-0096402,,
2,6616,"FULLERTON, CA",GOODYEAR TIRE & RUBBER CO,COOPER,984136556,205/65R15 94H ENVR,6,COOPER,2,151,166-311-008,166-311-0086616,,
17,6527,"BATON ROUGE, LA",GOODYEAR TIRE & RUBBER CO,COOPER,984136558,235/60R18X 107VENVR+,6,COOPER,1,139.84,166-236-009,166-236-0096527,,
38,6383,"SALISBURY, MD",GOODYEAR TIRE & RUBBER CO,COOPER,984136554,215/70R15 98H ENVR,6,COOPER,3,235.29,166-293-008,166-293-0086383,,
18,8167,"FRANKLIN, WI",GOODYEAR TIRE & RUBBER CO,COOPER,984136581,225/55R19 99H ENVR+,6,COOPER,1,151.49,166-260-009,166-260-0098167,,
2,4709,"CORONA, CA",GOODYEAR TIRE & RUBBER CO,COOPER,984175470,235/40R18X 95W PRCN,6,COOPER,1,136.9,166-433-021,166-433-0214709,,
13,6245,Harker Heights TX,GOODYEAR TIRE & RUBBER CO,COOPER,984175451,245/45R20X 103V PRCN,6,COOPER,4,657.08,166-448-021,166-448-0216245,,
17,4837,"DENHAM SPRINGS, LA",GOODYEAR TIRE & RUBBER CO,COOPER,984136591,245/65R17 107T ENVR+,6,COOPER,2,269.86,166-266-009,166-266-0094837,,
29,4879,AIKEN SC,GOODYEAR TIRE & RUBBER CO,COOPER,984175460,235/55R20 102V PRCN,6,COOPER,2,316.72,166-482-021,166-482-0214879,,
5,6634,"LONE TREE, CO",GOODYEAR TIRE & RUBBER CO,COOPER,984136468,LT245/70R17E D HT3,6,COOPER,2,365.62,170-191-003,170-191-0036634,,
33,4847,GREENSBURG PA,GOODYEAR TIRE & RUBBER CO,COOPER,984136601,255/65R18 111H ENVR+,6,COOPER,2,308.08,166-305-009,166-305-0094847,,
24,4871,"MERIDIAN, MS",GOODYEAR TIRE & RUBBER CO,COOPER,984136556,205/65R15 94H ENVR,6,COOPER,1,75.5,166-311-008,166-311-0084871,,
17,6527,"BATON ROUGE, LA",GOODYEAR TIRE & RUBBER CO,COOPER,984175471,225/45R19X 96W PRCN,6,COOPER,1,158.36,166-432-021,166-432-0216527,,
34,6343,"RICHMOND(NW),VA",GOODYEAR TIRE & RUBBER CO,COOPER,984174880,255/40ZR19X 100Y NST,6,COOPER,4,679.4,160-129-025,160-129-0256343,,
35,8223,"RALEIGH, NC",GOODYEAR TIRE & RUBBER CO,COOPER,984136596,265/60R18 110T ENVR+,6,COOPER,4,643.04,166-271-009,166-271-0098223,,
11,6781,KELLER TX,GOODYEAR TIRE & RUBBER CO,COOPER,984136561,275/60R20 115H ENVR+,6,COOPER,1,174.27,166-239-009,166-239-0096781,,
38,6653,"GAITHERSBURG, MD",GOODYEAR TIRE & RUBBER CO,COOPER,984136591,245/65R17 107T ENVR+,6,COOPER,1,134.93,166-266-009,166-266-0096653,,
28,6643,CLAIRMONT GA,GOODYEAR TIRE & RUBBER CO,COOPER,984175454,225/50R18 95V PRCN,6,COOPER,2,278.22,166-470-021,166-470-0216643,,
5,6379,"GREAT FALLS, MT",GOODYEAR TIRE & RUBBER CO,COOPER,984214774,LT235/80R17E DSAT,6,COOPER,3,583.41,170-287-048,170-287-0486379,,
13,8259,"AUSTIN, TX",GOODYEAR TIRE & RUBBER CO,COOPER,984214769,LT275/70R18E DSAT,6,COOPER,1,239.34,170-290-047,170-290-0478259,,
34,6402,"GREENSBORO, NC",GOODYEAR TIRE & RUBBER CO,COOPER,984136584,225/60R17 99H ENVR+,6,COOPER,4,429.96,166-263-009,166-263-0096402,,
24,8119,"PENSACOLA, FL",GOODYEAR TIRE & RUBBER CO,COOPER,984136594,245/70R17 110T ENVR+,6,COOPER,1,133.57,166-268-009,166-268-0098119,,
25,6313,"FT. WAYNE, IN",GOODYEAR TIRE & RUBBER CO,COOPER,984136463,235/50R19 99H DEDX,6,COOPER,4,676.48,166-304-007,166-304-0076313,,
30,8142,"SPARTANBURG, SC",GOODYEAR TIRE & RUBBER CO,COOPER,984136564,215/65R16 98H ENVR+,6,COOPER,3,249.48,166-242-009,166-242-0098142,,
31,8201,"BRADENTON, FL",GOODYEAR TIRE & RUBBER CO,COOPER,984175424,235/55R17 99W PRCN,6,COOPER,4,500.2,166-424-021,166-424-0218201,,
15,4764,"KATY (FRY), TX",GOODYEAR TIRE & RUBBER CO,COOPER,984136568,225/60R18 100H ENVR+,6,COOPER,4,465.28,166-246-009,166-246-0094764,,
23,4740,"SOUTHAVEN, MS",GOODYEAR TIRE & RUBBER CO,COOPER,984174877,245/40ZR18X 97Y NST,6,COOPER,1,131.11,160-119-025,160-119-0254740,,
15,4712,"HOUSTON(MEM), TX",GOODYEAR TIRE & RUBBER CO,COOPER,984136570,255/60R19 109H ENVR+,6,COOPER,1,167.92,166-249-009,166-249-0094712,,
20,4840,"JANESVILLE, WI",GOODYEAR TIRE & RUBBER CO,COOPER,984136563,245/60R18 105H ENVR+,6,COOPER,4,612.84,166-241-009,166-241-0094840,,
34,6524,"COLONIAL HEIGHTS, VA",GOODYEAR TIRE & RUBBER CO,COOPER,984136563,245/60R18 105H ENVR+,6,COOPER,3,459.63,166-241-009,166-241-0096524,,
12,4914,San Antonio N TX,GOODYEAR TIRE & RUBBER CO,COOPER,984136574,275/55R20X 117HENVR+,6,COOPER,1,162.97,166-254-009,166-254-0094914,,
29,8202,"SAVANNAH, GA",GOODYEAR TIRE & RUBBER CO,COOPER,984214710,265/70R17 115T DRT,6,COOPER,7,1072.61,171-290-050,171-290-0508202,,
14,4783,"GARLAND, TX",GOODYEAR TIRE & RUBBER CO,COOPER,984136544,235/45R18 94V ENVR,6,COOPER,2,264.04,166-284-008,166-284-0084783,,
7,6633,"FT COLLINS, CO",GOODYEAR TIRE & RUBBER CO,COOPER,984175441,265/60R18 110H PRCN,6,COOPER,1,162.79,166-505-021,166-505-0216633,,
31,6387,PINELLAS PARK FL,GOODYEAR TIRE & RUBBER CO,COOPER,984175435,205/65R16 95H PRCN,6,COOPER,5,510.55,166-434-021,166-434-0216387,,
16,4808,SPRINGDALE AR,GOODYEAR TIRE & RUBBER CO,COOPER,984175451,245/45R20X 103V PRCN,6,COOPER,4,657.08,166-448-021,166-448-0214808,,
23,8292,"MEMPHIS (E), TN",GOODYEAR TIRE & RUBBER CO,COOPER,980133694,P235/60R15 98T CBGT,6,COOPER,5,556.45,160-017-024,160-017-0248292,,
15,4769,"HOUSTON(WESTPARK), TX",GOODYEAR TIRE & RUBBER CO,COOPER,984175431,235/40R19X 96V PRCN,6,COOPER,4,621.6,166-471-021,166-471-0214769,,
30,4797,KANNAPOLIS NC,GOODYEAR TIRE & RUBBER CO,COOPER,984136529,225/55R17 97V ENVR,6,COOPER,2,222.18,166-035-008,166-035-0084797,,
33,4936,"GRANVILLE, WV",GOODYEAR TIRE & RUBBER CO,COOPER,984175423,225/60R18 100H PRCN,6,COOPER,2,257.5,166-474-021,166-474-0214936,,
28,6643,CLAIRMONT GA,GOODYEAR TIRE & RUBBER CO,COOPER,984136536,205/50R17X 93V ENVR,6,COOPER,2,200.04,166-278-008,166-278-0086643,,
1,6612,"CONCORD, CA",GOODYEAR TIRE & RUBBER CO,COOPER,984136626,215/50R17X 95W RS3G1,6,COOPER,3,339.72,160-057-017,160-057-0176612,,
39,6536,"WHITEHALL, PA",GOODYEAR TIRE & RUBBER CO,COOPER,984136566,215/60R17 96H ENVR+,6,COOPER,4,411.36,166-244-009,166-244-0096536,,
7,4987,LONGMONT ALT CO,GOODYEAR TIRE & RUBBER CO,COOPER,984214694,245/65R17X 111T DRT,6,COOPER,1,147.06,171-274-049,171-274-0494987,,
17,8221,"HARVEY, LA",GOODYEAR TIRE & RUBBER CO,COOPER,980133714,P245/60R15 100T CBGT,6,COOPER,2,233.78,160-008-024,160-008-0248221,,
7,8165,"SIOUX FALLS, SD",GOODYEAR TIRE & RUBBER CO,COOPER,984136560,235/65R17 104H ENVR+,6,COOPER,4,473.88,166-238-009,166-238-0098165,,
31,6420,"CLEARWATER, FL",GOODYEAR TIRE & RUBBER CO,COOPER,984136536,205/50R17X 93V ENVR,6,COOPER,2,200.04,166-278-008,166-278-0086420,,
9,6275,WICHITA KS,GOODYEAR TIRE & RUBBER CO,COOPER,984136602,205/70R16 97H ENVR+,6,COOPER,4,382.36,166-307-009,166-307-0096275,,
36,8138,"DAYTONA BEACH, FL",GOODYEAR TIRE & RUBBER CO,COOPER,980133680,P225/70R15 100T CBGT,6,COOPER,2,208.58,160-011-024,160-011-0248138,,
23,4740,"SOUTHAVEN, MS",GOODYEAR TIRE & RUBBER CO,COOPER,984136578,235/65R18 106H ENVR+,6,COOPER,4,560.52,166-257-009,166-257-0094740,,
23,8294,"NASHVILLE(S),TN",GOODYEAR TIRE & RUBBER CO,COOPER,984214769,LT275/70R18E DSAT,6,COOPER,4,957.36,170-290-047,170-290-0478294,,
8,6413,"LINCOLN (N), NE",GOODYEAR TIRE & RUBBER CO,COOPER,984136578,235/65R18 106H ENVR+,6,COOPER,1,137.81,166-257-009,166-257-0096413,,
22,6450,"CINCINNATI, OH",GOODYEAR TIRE & RUBBER CO,COOPER,984136600,235/65R16 103T ENVR+,6,COOPER,1,96.66,166-295-009,166-295-0096450,,
17,6527,"BATON ROUGE, LA",GOODYEAR TIRE & RUBBER CO,COOPER,984175413,225/60R17 99V PRCN,6,COOPER,1,119.87,166-475-021,166-475-0216527,,
39,8160,"TEMPLE, PA",GOODYEAR TIRE & RUBBER CO,COOPER,984214714,265/65R18X 116H DRT,6,COOPER,4,768.08,171-288-049,171-288-0498160,,
9,6505,JEFFERSON CITY MO,GOODYEAR TIRE & RUBBER CO,COOPER,984175462,255/45R20X 105V PRCN,6,COOPER,2,335.94,166-491-021,166-491-0216505,,
5,8272,"COLORADO SPRINGS, CO",GOODYEAR TIRE & RUBBER CO,COOPER,984214689,245/70R16 107T DRT,6,COOPER,4,590.68,171-275-049,171-275-0498272,,
32,6217,"MIAMI, FL",GOODYEAR TIRE & RUBBER CO,COOPER,984136527,205/60R16 92V ENVR,6,COOPER,4,331.44,166-027-008,166-027-0086217,,
34,6524,"COLONIAL HEIGHTS, VA",GOODYEAR TIRE & RUBBER CO,COOPER,984136438,215/55R17 94V DEDX,6,COOPER,4,480.8,166-219-007,166-219-0076524,,
6,6246,EL PASO TX,GOODYEAR TIRE & RUBBER CO,COOPER,984136599,215/65R17 99T ENVR+,6,COOPER,4,398.2,166-274-009,166-274-0096246,,
12,4914,San Antonio N TX,GOODYEAR TIRE & RUBBER CO,COOPER,984136551,215/55R17 94V ENVR,6,COOPER,4,415.84,166-290-008,166-290-0084914,,
12,4914,San Antonio N TX,GOODYEAR TIRE & RUBBER CO,COOPER,984214695,245/70R17X 114T DRT,6,COOPER,4,649.76,171-276-049,171-276-0494914,,
24,4817,"SAM&#39;S TRUSSVILLE , AL",GOODYEAR TIRE & RUBBER CO,COOPER,984136574,275/55R20X 117HENVR+,6,COOPER,1,162.97,166-254-009,166-254-0094817,,
23,8294,"NASHVILLE(S),TN",GOODYEAR TIRE & RUBBER CO,COOPER,984214775,LT245/75R16E DSAT,6,COOPER,2,344.14,170-277-048,170-277-0488294,,
27,6307,"COLUMBUS(N),OH",GOODYEAR TIRE & RUBBER CO,COOPER,984136547,205/55R16 91H ENVR,6,COOPER,5,422.7,166-286-008,166-286-0086307,,
18,8167,"FRANKLIN, WI",GOODYEAR TIRE & RUBBER CO,COOPER,984136535,195/65R15 91H ENVR,6,COOPER,4,279.92,166-277-008,166-277-0088167,,
33,6305,"BROOKLYN, OH",GOODYEAR TIRE & RUBBER CO,COOPER,984214698,265/70R18 116H DRT,6,COOPER,1,192.32,171-291-049,171-291-0496305,,
5,6360,"GRAND JUNCTION, CO",GOODYEAR TIRE & RUBBER CO,COOPER,984136533,195/60R15 88H ENVR,6,COOPER,4,297,166-276-008,166-276-0086360,,
29,4879,AIKEN SC,GOODYEAR TIRE & RUBBER CO,COOPER,984214712,255/65R17 110T DRT,6,COOPER,4,658.24,171-280-049,171-280-0494879,,
38,8193,"HAGERSTOWN, MD",GOODYEAR TIRE & RUBBER CO,COOPER,984136570,255/60R19 109H ENVR+,6,COOPER,4,671.68,166-249-009,166-249-0098193,,
39,6567,"EASTON, PA",GOODYEAR TIRE & RUBBER CO,COOPER,984136439,225/50R17X 98V DEDX,6,COOPER,4,508.28,166-220-007,166-220-0076567,,
22,4908,"OWENSBORO, KY",GOODYEAR TIRE & RUBBER CO,COOPER,984214776,LT275/60R20E DSAT,6,COOPER,4,947.36,170-278-048,170-278-0484908,,
10,8239,"LAWTON, OK",GOODYEAR TIRE & RUBBER CO,COOPER,984136601,255/65R18 111H ENVR+,6,COOPER,4,616.16,166-305-009,166-305-0098239,,
37,6675,"ERIE, PA",GOODYEAR TIRE & RUBBER CO,COOPER,984136452,245/60R18 105H DEDX,6,COOPER,2,299.9,166-241-007,166-241-0076675,,
34,6569,"BLUEFIELD, VA",GOODYEAR TIRE & RUBBER CO,COOPER,984214712,255/65R17 110T DRT,6,COOPER,4,658.24,171-280-049,171-280-0496569,,
32,4857,CAPE CORAL (PINE) FL,GOODYEAR TIRE & RUBBER CO,COOPER,984175444,255/55R20X 110V PRCN,6,COOPER,4,657.08,166-495-021,166-495-0214857,,
35,8218,"FAYETTEVILLE,NC",GOODYEAR TIRE & RUBBER CO,COOPER,984136552,225/45R17 91V ENVR,6,COOPER,4,405.72,166-291-008,166-291-0088218,,
14,6376,"ADDISON, TX",GOODYEAR TIRE & RUBBER CO,COOPER,984136527,205/60R16 92V ENVR,6,COOPER,1,82.86,166-027-008,166-027-0086376,,
12,6262,"SAN ANTONIO (NNW), TX",GOODYEAR TIRE & RUBBER CO,COOPER,984136449,225/55R17 97H DEDX,6,COOPER,2,247.84,166-234-007,166-234-0076262,,
7,8172,"FARGO, ND",GOODYEAR TIRE & RUBBER CO,COOPER,980133721,P255/60R15 102T CBGT,6,COOPER,2,235.18,160-018-024,160-018-0248172,,
19,8125,"SAINT LOUIS, MO",GOODYEAR TIRE & RUBBER CO,COOPER,984136579,235/55R18X 104VENVR+,6,COOPER,1,132.23,166-258-009,166-258-0098125,,
34,8220,"ROANOKE, VA",GOODYEAR TIRE & RUBBER CO,COOPER,984136564,215/65R16 98H ENVR+,6,COOPER,4,332.64,166-242-009,166-242-0098220,,
20,6339,"CRYSTAL LAKE, IL",GOODYEAR TIRE & RUBBER CO,COOPER,984136595,265/70R17 115T ENVR+,6,COOPER,4,551.56,166-269-009,166-269-0096339,,
9,6505,JEFFERSON CITY MO,GOODYEAR TIRE & RUBBER CO,COOPER,984214698,265/70R18 116H DRT,6,COOPER,4,769.28,171-291-049,171-291-0496505,,
39,8160,"TEMPLE, PA",GOODYEAR TIRE & RUBBER CO,COOPER,984175449,245/55R19X 107H PRCN,6,COOPER,4,651.16,166-487-021,166-487-0218160,,
35,6443,"GOLDSBORO, NC",GOODYEAR TIRE & RUBBER CO,COOPER,984136528,215/60R16 95V ENVR,6,COOPER,2,162.66,166-028-008,166-028-0086443,,
17,4837,"DENHAM SPRINGS, LA",GOODYEAR TIRE & RUBBER CO,COOPER,984136564,215/65R16 98H ENVR+,6,COOPER,1,86.01,166-242-009,166-242-0094837,,
32,6341,"SUNRISE, FL",GOODYEAR TIRE & RUBBER CO,COOPER,984175471,225/45R19X 96W PRCN,6,COOPER,4,633.44,166-432-021,166-432-0216341,,
29,8202,"SAVANNAH, GA",GOODYEAR TIRE & RUBBER CO,COOPER,984175465,205/55R17X 95V PRCN,6,COOPER,3,375.15,166-472-021,166-472-0218202,,
14,8299,PLANO TX,GOODYEAR TIRE & RUBBER CO,COOPER,984136547,205/55R16 91H ENVR,6,COOPER,1,84.54,166-286-008,166-286-0088299,,
7,8165,"SIOUX FALLS, SD",GOODYEAR TIRE & RUBBER CO,COOPER,984175434,235/55R19X 105V PRCN,6,COOPER,1,164.27,166-481-021,166-481-0218165,,
14,6422,"LONGVIEW, TX",GOODYEAR TIRE & RUBBER CO,COOPER,984136532,185/65R15 88H ENVR,6,COOPER,1,73.87,166-275-008,166-275-0086422,,
31,4772,"SARASOTA, FL",GOODYEAR TIRE & RUBBER CO,COOPER,984136566,215/60R17 96H ENVR+,6,COOPER,1,102.84,166-244-009,166-244-0094772,,
37,6547,"MUNCY, PA",GOODYEAR TIRE & RUBBER CO,COOPER,984136564,215/65R16 98H ENVR+,6,COOPER,4,332.64,166-242-009,166-242-0096547,,
4,6205,"YUMA, AZ",GOODYEAR TIRE & RUBBER CO,COOPER,984175452,225/45R17X 94W PRCN,6,COOPER,1,120.61,166-425-021,166-425-0216205,,
21,8197,"CHAMPAIGN, IL",GOODYEAR TIRE & RUBBER CO,COOPER,984214702,275/60R20 115H DRT,6,COOPER,4,789.52,171-294-049,171-294-0498197,,
16,6377,"JONESBORO, AR",GOODYEAR TIRE & RUBBER CO,COOPER,980133865,LT265/70R17E DSTTPRO,6,COOPER,4,932.4,170-102-034,170-102-0346377,,
7,8165,"SIOUX FALLS, SD",GOODYEAR TIRE & RUBBER CO,COOPER,984175460,235/55R20 102V PRCN,6,COOPER,1,158.36,166-482-021,166-482-0218165,,
25,6319,"KENTWOOD, MI",GOODYEAR TIRE & RUBBER CO,COOPER,984175441,265/60R18 110H PRCN,6,COOPER,4,651.16,166-505-021,166-505-0216319,,
23,8196,"FLORENCE, AL",GOODYEAR TIRE & RUBBER CO,COOPER,984214770,LT265/70R17E DSAT,6,COOPER,1,204.21,170-293-047,170-293-0478196,,
2,6626,"SOUTHGATE, CA",GOODYEAR TIRE & RUBBER CO,COOPER,984136600,235/65R16 103T ENVR+,6,COOPER,1,96.66,166-295-009,166-295-0096626,,
28,4802,"HIRAM, GA",GOODYEAR TIRE & RUBBER CO,COOPER,984214717,225/60R17X 103H DRT,6,COOPER,4,584.96,171-261-049,171-261-0494802,,
32,8173,"MIRAMAR, FL",GOODYEAR TIRE & RUBBER CO,COOPER,984175469,265/45R20X 108H PRCN,6,COOPER,4,657.08,166-498-021,166-498-0218173,,
40,8191,"WILKES-BARRE,PA",GOODYEAR TIRE & RUBBER CO,COOPER,984136577,215/70R16 100H ENVR+,6,COOPER,4,372.68,166-256-009,166-256-0098191,,
30,6463,"ANDERSON, SC",GOODYEAR TIRE & RUBBER CO,COOPER,984136561,275/60R20 115H ENVR+,6,COOPER,2,350.46,166-239-009,166-239-0096463,,
40,6423,"MIDDLETOWN, NY",GOODYEAR TIRE & RUBBER CO,COOPER,984136568,225/60R18 100H ENVR+,6,COOPER,4,465.28,166-246-009,166-246-0096423,,
30,6236,Rock Hill SC,GOODYEAR TIRE & RUBBER CO,COOPER,984136544,235/45R18 94V ENVR,6,COOPER,2,264.04,166-284-008,166-284-0086236,,
30,4917,Mooresville NC,GOODYEAR TIRE & RUBBER CO,COOPER,984136564,215/65R16 98H ENVR+,6,COOPER,1,83.16,166-242-009,166-242-0094917,,
31,8155,"GAINESVILLE, FL",GOODYEAR TIRE & RUBBER CO,COOPER,984175449,245/55R19X 107H PRCN,6,COOPER,2,325.58,166-487-021,166-487-0218155,,
34,6402,"GREENSBORO, NC",GOODYEAR TIRE & RUBBER CO,COOPER,984136563,245/60R18 105H ENVR+,6,COOPER,4,612.84,166-241-009,166-241-0096402,,
32,8157,"W.PALM BEACH,FL",GOODYEAR TIRE & RUBBER CO,COOPER,984136593,265/65R17 112T ENVR+,6,COOPER,1,154.72,166-267-009,166-267-0098157,,
30,6452,"ASHEVILLE, NC",GOODYEAR TIRE & RUBBER CO,COOPER,984136551,215/55R17 94V ENVR,6,COOPER,2,207.92,166-290-008,166-290-0086452,,
10,6342,"TULSA (E), OK",GOODYEAR TIRE & RUBBER CO,COOPER,984136466,LT225/75R16E D HT3,6,COOPER,4,583.44,170-189-003,170-189-0036342,,
7,8172,"FARGO, ND",GOODYEAR TIRE & RUBBER CO,COOPER,984214769,LT275/70R18E DSAT,6,COOPER,8,1914.72,170-290-047,170-290-0478172,,
27,6326,"REYNOLDSBURG, OH",GOODYEAR TIRE & RUBBER CO,COOPER,984175432,255/45R19X 104V PRCN,6,COOPER,1,180.55,166-446-021,166-446-0216326,,
6,7676,AMARILLO TX,GOODYEAR TIRE & RUBBER CO,COOPER,984136455,235/60R17 102H DEDX,6,COOPER,5,661.3,166-251-007,166-251-0077676,,
31,6335,"OCALA, FL",GOODYEAR TIRE & RUBBER CO,COOPER,984136596,265/60R18 110T ENVR+,6,COOPER,4,624.52,166-271-009,166-271-0096335,,
19,8285,"O&#39;FALLON, IL",GOODYEAR TIRE & RUBBER CO,COOPER,984136603,235/55R19X 105VENVR+,6,COOPER,4,636.08,166-327-009,166-327-0098285,,
32,4972,"PORT ST LUCIE (W), FL",GOODYEAR TIRE & RUBBER CO,COOPER,984136548,205/65R16 95H ENVR,6,COOPER,4,362.44,166-287-008,166-287-0084972,,
23,6512,"CLARKSVILLE, TN",GOODYEAR TIRE & RUBBER CO,COOPER,984136600,235/65R16 103T ENVR+,6,COOPER,1,96.66,166-295-009,166-295-0096512,,
27,6326,"REYNOLDSBURG, OH",GOODYEAR TIRE & RUBBER CO,COOPER,980133785,P295/50R15 105S CBGT,6,COOPER,2,288.4,160-007-024,160-007-0246326,,
12,4939,"SAN ANTONIO (BROOKS), TX",GOODYEAR TIRE & RUBBER CO,COOPER,984136532,185/65R15 88H ENVR,6,COOPER,4,283.96,166-275-008,166-275-0084939,,
14,4783,"GARLAND, TX",GOODYEAR TIRE & RUBBER CO,COOPER,984214715,265/70R16 112T DRT,6,COOPER,1,145.2,171-289-050,171-289-0504783,,
9,8208,"LENEXA, KS",GOODYEAR TIRE & RUBBER CO,COOPER,984136577,215/70R16 100H ENVR+,6,COOPER,1,93.17,166-256-009,166-256-0098208,,
40,6423,"MIDDLETOWN, NY",GOODYEAR TIRE & RUBBER CO,COOPER,984136536,205/50R17X 93V ENVR,6,COOPER,4,400.08,166-278-008,166-278-0086423,,
2,6628,"TORRANCE, CA",GOODYEAR TIRE & RUBBER CO,COOPER,984136547,205/55R16 91H ENVR,6,COOPER,1,84.54,166-286-008,166-286-0086628,,
24,8236,"GULFPORT, MS",GOODYEAR TIRE & RUBBER CO,COOPER,984214695,245/70R17X 114T DRT,6,COOPER,1,162.44,171-276-049,171-276-0498236,,
32,6341,"SUNRISE, FL",GOODYEAR TIRE & RUBBER CO,COOPER,984136556,205/65R15 94H ENVR,6,COOPER,3,226.5,166-311-008,166-311-0086341,,
18,6309,"WHITE BEAR LAKE, MN",GOODYEAR TIRE & RUBBER CO,COOPER,984136519,37X12.50R20E RG TKLT,6,COOPER,2,803.56,170-214-007,170-214-0076309,,
17,4837,"DENHAM SPRINGS, LA",GOODYEAR TIRE & RUBBER CO,COOPER,984214784,LT235/85R16E DSAT,6,COOPER,2,330,170-299-048,170-299-0484837,,
38,6434,"LAUREL, MD",GOODYEAR TIRE & RUBBER CO,COOPER,984136568,225/60R18 100H ENVR+,6,COOPER,4,465.28,166-246-009,166-246-0096434,,
20,6349,"EVERGREEN PARK, IL",GOODYEAR TIRE & RUBBER CO,COOPER,984175426,235/65R18 106V PRCN,6,COOPER,1,145.77,166-497-021,166-497-0216349,,
15,6202,"LUFKIN, TX",GOODYEAR TIRE & RUBBER CO,COOPER,984214717,225/60R17X 103H DRT,6,COOPER,4,547.36,171-261-049,171-261-0496202,,
19,4999,"QUINCY, IL",GOODYEAR TIRE & RUBBER CO,COOPER,984136563,245/60R18 105H ENVR+,6,COOPER,1,153.21,166-241-009,166-241-0094999,,
24,6435,"TUSCALOOSA, AL",GOODYEAR TIRE & RUBBER CO,COOPER,984136581,225/55R19 99H ENVR+,6,COOPER,2,302.98,166-260-009,166-260-0096435,,
31,6335,"OCALA, FL",GOODYEAR TIRE & RUBBER CO,COOPER,984175410,225/65R17 102H PRCN,6,COOPER,1,125.05,166-476-021,166-476-0216335,,
8,8146,"OMAHA, NE",GOODYEAR TIRE & RUBBER CO,COOPER,980133785,P295/50R15 105S CBGT,6,COOPER,1,144.2,160-007-024,160-007-0248146,,
34,6458,"LYNCHBURG, VA",GOODYEAR TIRE & RUBBER CO,COOPER,984136497,265/70R17X 116TRGTK,6,COOPER,3,505.62,171-101-005,171-101-0056458,,
25,4781,"LANSING (E),MI",GOODYEAR TIRE & RUBBER CO,COOPER,984136543,235/40R19X 96V ENVR,6,COOPER,4,592.96,166-283-008,166-283-0084781,,
20,6487,"ADDISON, IL",GOODYEAR TIRE & RUBBER CO,COOPER,984136564,215/65R16 98H ENVR+,6,COOPER,1,83.16,166-242-009,166-242-0096487,,
24,4871,"MERIDIAN, MS",GOODYEAR TIRE & RUBBER CO,COOPER,984136497,265/70R17X 116TRGTK,6,COOPER,4,674.16,171-101-005,171-101-0054871,,
34,6458,"LYNCHBURG, VA",GOODYEAR TIRE & RUBBER CO,COOPER,984136455,235/60R17 102H DEDX,6,COOPER,4,529.04,166-251-007,166-251-0076458,,
5,4745,"THORNTON, CO",GOODYEAR TIRE & RUBBER CO,COOPER,984175414,215/60R16 95V PRCN,6,COOPER,1,100.63,166-436-021,166-436-0214745,,
6,4938,"ALBUQUERQUE (CENTRAL), NM",GOODYEAR TIRE & RUBBER CO,COOPER,984136603,235/55R19X 105VENVR+,6,COOPER,4,636.08,166-327-009,166-327-0094938,,
23,8294,"NASHVILLE(S),TN",GOODYEAR TIRE & RUBBER CO,COOPER,984136573,215/55R18 95H ENVR+,6,COOPER,4,451.04,166-253-009,166-253-0098294,,
31,6387,PINELLAS PARK FL,GOODYEAR TIRE & RUBBER CO,COOPER,984136537,215/45R17X 91V ENVR,6,COOPER,4,442.2,166-279-008,166-279-0086387,,
11,8210,"FORT WORTH, TX",GOODYEAR TIRE & RUBBER CO,COOPER,984136631,225/50R18 95W RS3G1,6,COOPER,4,530.84,160-063-017,160-063-0178210,,
33,4847,GREENSBURG PA,GOODYEAR TIRE & RUBBER CO,COOPER,984136599,215/65R17 99T ENVR+,6,COOPER,4,398.2,166-274-009,166-274-0094847,,
33,6314,"ELYRIA, OH",GOODYEAR TIRE & RUBBER CO,COOPER,984175422,255/50R20X 109V PRCN,6,COOPER,2,331.5,166-493-021,166-493-0216314,,
17,8221,"HARVEY, LA",GOODYEAR TIRE & RUBBER CO,COOPER,984136535,195/65R15 91H ENVR,6,COOPER,2,139.96,166-277-008,166-277-0088221,,
22,6380,"DAYTON, OH",GOODYEAR TIRE & RUBBER CO,COOPER,984136553,225/65R16 100H ENVR,6,COOPER,2,184.74,166-292-008,166-292-0086380,,
24,8236,"GULFPORT, MS",GOODYEAR TIRE & RUBBER CO,COOPER,984136437,205/70R16 97H DEDX,6,COOPER,4,444.52,166-218-007,166-218-0078236,,
23,6501,"MURFREESBORO, TN",GOODYEAR TIRE & RUBBER CO,COOPER,984175465,205/55R17X 95V PRCN,6,COOPER,2,250.1,166-472-021,166-472-0216501,,
37,6547,"MUNCY, PA",GOODYEAR TIRE & RUBBER CO,COOPER,984136535,195/65R15 91H ENVR,6,COOPER,2,139.96,166-277-008,166-277-0086547,,
37,6440,"LATHAM, NY",GOODYEAR TIRE & RUBBER CO,COOPER,984136547,205/55R16 91H ENVR,6,COOPER,4,338.16,166-286-008,166-286-0086440,,
14,4783,"GARLAND, TX",GOODYEAR TIRE & RUBBER CO,COOPER,984136547,205/55R16 91H ENVR,6,COOPER,2,169.08,166-286-008,166-286-0084783,,
31,6387,PINELLAS PARK FL,GOODYEAR TIRE & RUBBER CO,COOPER,984136600,235/65R16 103T ENVR+,6,COOPER,1,96.66,166-295-009,166-295-0096387,,
7,8172,"FARGO, ND",GOODYEAR TIRE & RUBBER CO,COOPER,984136497,265/70R17X 116TRGTK,6,COOPER,4,674.16,171-101-005,171-101-0058172,,
10,8241,"MIDWEST CITY, OK",GOODYEAR TIRE & RUBBER CO,COOPER,984136597,265/65R18 114T ENVR+,6,COOPER,4,621.16,166-272-009,166-272-0098241,,
12,6471,"VICTORIA, TX",GOODYEAR TIRE & RUBBER CO,COOPER,984214775,LT245/75R16E DSAT,6,COOPER,2,344.14,170-277-048,170-277-0486471,,
21,6325,"GREENWOOD, IN",GOODYEAR TIRE & RUBBER CO,COOPER,984136562,225/65R17 102H ENVR+,6,COOPER,4,437.24,166-240-009,166-240-0096325,,
10,6267,EDMOND OK,GOODYEAR TIRE & RUBBER CO,COOPER,984136544,235/45R18 94V ENVR,6,COOPER,1,132.02,166-284-008,166-284-0086267,,
17,8221,"HARVEY, LA",GOODYEAR TIRE & RUBBER CO,COOPER,984136516,LT285/55R20E RG TKLT,6,COOPER,4,1214.96,170-061-007,170-061-0078221,,
8,6427,"ROCHESTER, MN",GOODYEAR TIRE & RUBBER CO,COOPER,984136552,225/45R17 91V ENVR,6,COOPER,4,405.72,166-291-008,166-291-0086427,,
7,8172,"FARGO, ND",GOODYEAR TIRE & RUBBER CO,COOPER,984136505,275/65R18 116T RGTK,6,COOPER,8,1669.76,171-170-019,171-170-0198172,,
31,6420,"CLEARWATER, FL",GOODYEAR TIRE & RUBBER CO,COOPER,984136601,255/65R18 111H ENVR+,6,COOPER,2,308.08,166-305-009,166-305-0096420,,
36,4828,ORLANDO LAKE NONA FL,GOODYEAR TIRE & RUBBER CO,COOPER,984136545,235/50R17 96V ENVR,6,COOPER,4,477.88,166-285-008,166-285-0084828,,
34,6524,"COLONIAL HEIGHTS, VA",GOODYEAR TIRE & RUBBER CO,COOPER,984136581,225/55R19 99H ENVR+,6,COOPER,1,151.49,166-260-009,166-260-0096524,,
33,6305,"BROOKLYN, OH",GOODYEAR TIRE & RUBBER CO,COOPER,984136595,265/70R17 115T ENVR+,6,COOPER,3,413.67,166-269-009,166-269-0096305,,
17,6527,"BATON ROUGE, LA",GOODYEAR TIRE & RUBBER CO,COOPER,984136603,235/55R19X 105VENVR+,6,COOPER,1,159.02,166-327-009,166-327-0096527,,
29,8192,"DOTHAN, AL",GOODYEAR TIRE & RUBBER CO,COOPER,984136560,235/65R17 104H ENVR+,6,COOPER,4,473.88,166-238-009,166-238-0098192,,
19,8125,"SAINT LOUIS, MO",GOODYEAR TIRE & RUBBER CO,COOPER,984214708,235/75R17 109T DRT,6,COOPER,4,640.16,171-271-049,171-271-0498125,,
31,6403,"BRANDON, FL",GOODYEAR TIRE & RUBBER CO,COOPER,984175465,205/55R17X 95V PRCN,6,COOPER,1,125.05,166-472-021,166-472-0216403,,
10,6342,"TULSA (E), OK",GOODYEAR TIRE & RUBBER CO,COOPER,984214774,LT235/80R17E DSAT,6,COOPER,1,194.47,170-287-048,170-287-0486342,,
16,4985,"SPRINGFIELD (S), MO",GOODYEAR TIRE & RUBBER CO,COOPER,980133818,31X10.50R15C DSTTPRO,6,COOPER,1,184.39,170-110-034,170-110-0344985,,
27,6242,"DUBLIN, OH",GOODYEAR TIRE & RUBBER CO,COOPER,984136532,185/65R15 88H ENVR,6,COOPER,4,283.96,166-275-008,166-275-0086242,,
27,6242,"DUBLIN, OH",GOODYEAR TIRE & RUBBER CO,COOPER,984214718,225/60R18X 104H DRT,6,COOPER,4,665.96,171-262-049,171-262-0496242,,
28,4780,"BUFORD, GA",GOODYEAR TIRE & RUBBER CO,COOPER,984174867,215/45ZR17X 91W NST,6,COOPER,2,201.14,160-110-025,160-110-0254780,,
36,4785,"SANFORD, FL",GOODYEAR TIRE & RUBBER CO,COOPER,984214710,265/70R17 115T DRT,6,COOPER,4,612.92,171-290-050,171-290-0504785,,
37,6675,"ERIE, PA",GOODYEAR TIRE & RUBBER CO,COOPER,984214702,275/60R20 115H DRT,6,COOPER,4,789.52,171-294-049,171-294-0496675,,
28,8166,"DULUTH, GA",GOODYEAR TIRE & RUBBER CO,COOPER,984175461,235/45R19 95H PRCN,6,COOPER,2,318.18,166-477-021,166-477-0218166,,
14,6422,"LONGVIEW, TX",GOODYEAR TIRE & RUBBER CO,COOPER,984214703,275/65R18 116H DRT,6,COOPER,4,797.96,171-296-049,171-296-0496422,,
17,6527,"BATON ROUGE, LA",GOODYEAR TIRE & RUBBER CO,COOPER,984136597,265/65R18 114T ENVR+,6,COOPER,4,621.16,166-272-009,166-272-0096527,,
34,6402,"GREENSBORO, NC",GOODYEAR TIRE & RUBBER CO,COOPER,984175441,265/60R18 110H PRCN,6,COOPER,4,651.16,166-505-021,166-505-0216402,,
5,6634,"LONE TREE, CO",GOODYEAR TIRE & RUBBER CO,COOPER,984136502,275/60R20 115T RGTK,6,COOPER,1,213.26,171-107-005,171-107-0056634,,
23,6501,"MURFREESBORO, TN",GOODYEAR TIRE & RUBBER CO,COOPER,984136532,185/65R15 88H ENVR,6,COOPER,2,141.98,166-275-008,166-275-0086501,,
7,8165,"SIOUX FALLS, SD",GOODYEAR TIRE & RUBBER CO,COOPER,984136529,225/55R17 97V ENVR,6,COOPER,4,444.36,166-035-008,166-035-0088165,,
1,6405,"YUBA CITY, CA",GOODYEAR TIRE & RUBBER CO,COOPER,984136587,265/70R16 112T ENVR+,6,COOPER,5,681.1,166-265-009,166-265-0096405,,
28,8211,"DOUGLASVILLE,GA",GOODYEAR TIRE & RUBBER CO,COOPER,984136559,235/50R18 97V ENVR+,6,COOPER,2,265.62,166-237-009,166-237-0098211,,
29,4879,AIKEN SC,GOODYEAR TIRE & RUBBER CO,COOPER,984136560,235/65R17 104H ENVR+,6,COOPER,4,473.88,166-238-009,166-238-0094879,,
8,6461,"GRAND ISLAND,NE",GOODYEAR TIRE & RUBBER CO,COOPER,984214690,235/65R17X 108H DRT,6,COOPER,4,573.36,171-267-049,171-267-0496461,,
40,6352,"HUDSON, NH",GOODYEAR TIRE & RUBBER CO,COOPER,984136555,245/45R18X 100V ENVR,6,COOPER,1,149.76,166-294-008,166-294-0086352,,
14,6376,"ADDISON, TX",GOODYEAR TIRE & RUBBER CO,COOPER,984136535,195/65R15 91H ENVR,6,COOPER,2,139.96,166-277-008,166-277-0086376,,
12,8264,"SAN ANTONIO (S), TX",GOODYEAR TIRE & RUBBER CO,COOPER,984175461,235/45R19 95H PRCN,6,COOPER,3,477.27,166-477-021,166-477-0218264,,
31,6420,"CLEARWATER, FL",GOODYEAR TIRE & RUBBER CO,COOPER,984136564,215/65R16 98H ENVR+,6,COOPER,2,166.32,166-242-009,166-242-0096420,,
17,8237,"MONROE, LA",GOODYEAR TIRE & RUBBER CO,COOPER,984136543,235/40R19X 96V ENVR,6,COOPER,2,296.48,166-283-008,166-283-0088237,,
23,8112,"CHATTANOOGA, TN",GOODYEAR TIRE & RUBBER CO,COOPER,984136554,215/70R15 98H ENVR,6,COOPER,2,156.86,166-293-008,166-293-0088112,,
5,8272,"COLORADO SPRINGS, CO",GOODYEAR TIRE & RUBBER CO,COOPER,984136558,235/60R18X 107VENVR+,6,COOPER,4,559.36,166-236-009,166-236-0098272,,
24,8236,"GULFPORT, MS",GOODYEAR TIRE & RUBBER CO,COOPER,980133892,37X13.50R17E DSTTPRO,6,COOPER,4,1318.2,170-137-006,170-137-0068236,,
35,8218,"FAYETTEVILLE,NC",GOODYEAR TIRE & RUBBER CO,COOPER,984175451,245/45R20X 103V PRCN,6,COOPER,1,164.27,166-448-021,166-448-0218218,,
30,4917,Mooresville NC,GOODYEAR TIRE & RUBBER CO,COOPER,984136549,215/55R16X 97H ENVR,6,COOPER,4,375.76,166-288-008,166-288-0084917,,
11,6244,"FORT WORTH, TX",GOODYEAR TIRE & RUBBER CO,COOPER,984136577,215/70R16 100H ENVR+,6,COOPER,4,372.68,166-256-009,166-256-0096244,,
19,8125,"SAINT LOUIS, MO",GOODYEAR TIRE & RUBBER CO,COOPER,984136547,205/55R16 91H ENVR,6,COOPER,1,84.54,166-286-008,166-286-0088125,,
32,6341,"SUNRISE, FL",GOODYEAR TIRE & RUBBER CO,COOPER,984174871,225/45ZR18X 95Y NST,6,COOPER,1,127.39,160-114-025,160-114-0256341,,
11,4795,"GRAPEVINE, TX",GOODYEAR TIRE & RUBBER CO,COOPER,984136578,235/65R18 106H ENVR+,6,COOPER,2,275.62,166-257-009,166-257-0094795,,
20,6331,"KENOSHA, WI",GOODYEAR TIRE & RUBBER CO,COOPER,984136629,215/45R18X 93W RS3G1,6,COOPER,1,127.13,160-060-017,160-060-0176331,,
20,6228,"VERNON HILLS, IL",GOODYEAR TIRE & RUBBER CO,COOPER,984136584,225/60R17 99H ENVR+,6,COOPER,4,429.96,166-263-009,166-263-0096228,,
31,4861,"ST PETERSBURG, FL",GOODYEAR TIRE & RUBBER CO,COOPER,984136571,245/50R20 102V ENVR+,6,COOPER,1,158.14,166-250-009,166-250-0094861,,
31,6387,PINELLAS PARK FL,GOODYEAR TIRE & RUBBER CO,COOPER,984136554,215/70R15 98H ENVR,6,COOPER,1,78.43,166-293-008,166-293-0086387,,
8,4873,LINCOLN NE,GOODYEAR TIRE & RUBBER CO,COOPER,984214778,LT285/70R17E DSAT,6,COOPER,4,950.6,170-280-048,170-280-0484873,,
14,8299,PLANO TX,GOODYEAR TIRE & RUBBER CO,COOPER,984136634,255/45R20 101W RS3G1,6,COOPER,2,345.58,160-066-017,160-066-0178299,,
31,6387,PINELLAS PARK FL,GOODYEAR TIRE & RUBBER CO,COOPER,984175415,235/55R18X 104V PRCN,6,COOPER,2,294.5,166-480-021,166-480-0216387,,
10,7189,OKLAHOMA CITY PENN SQ OK,GOODYEAR TIRE & RUBBER CO,COOPER,980133732,P275/60R15 107T CBGT,6,COOPER,2,254.78,160-019-024,160-019-0247189,,
14,4783,"GARLAND, TX",GOODYEAR TIRE & RUBBER CO,COOPER,984136560,235/65R17 104H ENVR+,6,COOPER,2,236.94,166-238-009,166-238-0094783,,
11,8282,"DALLAS (S), TX",GOODYEAR TIRE & RUBBER CO,COOPER,984136556,205/65R15 94H ENVR,6,COOPER,3,226.5,166-311-008,166-311-0088282,,
10,6779,MOORE OK,GOODYEAR TIRE & RUBBER CO,COOPER,984175469,265/45R20X 108H PRCN,6,COOPER,4,657.08,166-498-021,166-498-0216779,,
34,6458,"LYNCHBURG, VA",GOODYEAR TIRE & RUBBER CO,COOPER,984136533,195/60R15 88H ENVR,6,COOPER,1,72.81,166-276-008,166-276-0086458,,
13,6245,Harker Heights TX,GOODYEAR TIRE & RUBBER CO,COOPER,984175461,235/45R19 95H PRCN,6,COOPER,2,318.18,166-477-021,166-477-0216245,,
32,6341,"SUNRISE, FL",GOODYEAR TIRE & RUBBER CO,COOPER,984136544,235/45R18 94V ENVR,6,COOPER,1,132.02,166-284-008,166-284-0086341,,
15,6867,HOUSTON CINCO TX,GOODYEAR TIRE & RUBBER CO,COOPER,984214776,LT275/60R20E DSAT,6,COOPER,4,1012.32,170-278-048,170-278-0486867,,
25,6417,"HOLLAND, MI",GOODYEAR TIRE & RUBBER CO,COOPER,984136562,225/65R17 102H ENVR+,6,COOPER,6,655.86,166-240-009,166-240-0096417,,
35,8218,"FAYETTEVILLE,NC",GOODYEAR TIRE & RUBBER CO,COOPER,984136528,215/60R16 95V ENVR,6,COOPER,5,406.65,166-028-008,166-028-0088218,,
29,7658,BRUNSWICK GA,GOODYEAR TIRE & RUBBER CO,COOPER,984214715,265/70R16 112T DRT,6,COOPER,2,290.4,171-289-050,171-289-0507658,,
37,6675,"ERIE, PA",GOODYEAR TIRE & RUBBER CO,COOPER,984175452,225/45R17X 94W PRCN,6,COOPER,2,241.22,166-425-021,166-425-0216675,,
6,6347,"FARMINGTON, NM",GOODYEAR TIRE & RUBBER CO,COOPER,980133888,LT315/70R17E DSTTPRO,6,COOPER,3,906.6,170-119-034,170-119-0346347,,
4,6213,"CHANDLER, AZ",GOODYEAR TIRE & RUBBER CO,COOPER,984174889,275/35ZR20X 102Y NST,6,COOPER,2,333.74,160-132-025,160-132-0256213,,
12,8264,"SAN ANTONIO (S), TX",GOODYEAR TIRE & RUBBER CO,COOPER,984136595,265/70R17 115T ENVR+,6,COOPER,4,551.56,166-269-009,166-269-0098264,,
32,6341,"SUNRISE, FL",GOODYEAR TIRE & RUBBER CO,COOPER,984175450,245/45R19X 102W PRCN,6,COOPER,4,698.52,166-430-021,166-430-0216341,,
12,4914,San Antonio N TX,GOODYEAR TIRE & RUBBER CO,COOPER,984136585,235/70R16 106T ENVR+,6,COOPER,3,342.36,166-264-009,166-264-0094914,,
33,4847,GREENSBURG PA,GOODYEAR TIRE & RUBBER CO,COOPER,984175411,205/55R16 91V PRCN,6,COOPER,1,96.19,166-435-021,166-435-0214847,,
21,8128,"PEORIA, IL",GOODYEAR TIRE & RUBBER CO,COOPER,984136551,215/55R17 94V ENVR,6,COOPER,1,103.96,166-290-008,166-290-0088128,,
40,6352,"HUDSON, NH",GOODYEAR TIRE & RUBBER CO,COOPER,984136558,235/60R18X 107VENVR+,6,COOPER,4,559.36,166-236-009,166-236-0096352,,
15,8244,"HOUSTON (S), TX",GOODYEAR TIRE & RUBBER CO,COOPER,980133732,P275/60R15 107T CBGT,6,COOPER,4,509.56,160-019-024,160-019-0248244,,
30,4917,Mooresville NC,GOODYEAR TIRE & RUBBER CO,COOPER,984136532,185/65R15 88H ENVR,6,COOPER,4,283.96,166-275-008,166-275-0084917,,
29,8115,"AUGUSTA, GA",GOODYEAR TIRE & RUBBER CO,COOPER,984136551,215/55R17 94V ENVR,6,COOPER,4,415.84,166-290-008,166-290-0088115,,
3,4730,"WEST JORDAN, UT",GOODYEAR TIRE & RUBBER CO,COOPER,984136476,LT285/75R16E D HT3,6,COOPER,4,789.56,170-201-003,170-201-0034730,,
7,8165,"SIOUX FALLS, SD",GOODYEAR TIRE & RUBBER CO,COOPER,984136536,205/50R17X 93V ENVR,6,COOPER,4,400.08,166-278-008,166-278-0088165,,
13,6421,"CONROE, TX",GOODYEAR TIRE & RUBBER CO,COOPER,984136574,275/55R20X 117HENVR+,6,COOPER,1,162.97,166-254-009,166-254-0096421,,
14,6376,"ADDISON, TX",GOODYEAR TIRE & RUBBER CO,COOPER,984136574,275/55R20X 117HENVR+,6,COOPER,2,325.94,166-254-009,166-254-0096376,,
5,6634,"LONE TREE, CO",GOODYEAR TIRE & RUBBER CO,COOPER,984136536,205/50R17X 93V ENVR,6,COOPER,4,400.08,166-278-008,166-278-0086634,,
23,8294,"NASHVILLE(S),TN",GOODYEAR TIRE & RUBBER CO,COOPER,984136624,275/40R17 98W RS3G1,6,COOPER,4,567.44,160-055-017,160-055-0178294,,
39,4994,MECHANICSBURG PA,GOODYEAR TIRE & RUBBER CO,COOPER,984136548,205/65R16 95H ENVR,6,COOPER,2,181.22,166-287-008,166-287-0084994,,
24,4724,"HOOVER, AL",GOODYEAR TIRE & RUBBER CO,COOPER,984136552,225/45R17 91V ENVR,6,COOPER,4,405.72,166-291-008,166-291-0084724,,
35,8283,"COLUMBIA, SC",GOODYEAR TIRE & RUBBER CO,COOPER,984136594,245/70R17 110T ENVR+,6,COOPER,2,267.14,166-268-009,166-268-0098283,,
24,4989,"AUBURN, AL",GOODYEAR TIRE & RUBBER CO,COOPER,984136548,205/65R16 95H ENVR,6,COOPER,1,92.76,166-287-008,166-287-0084989,,
27,6307,"COLUMBUS(N),OH",GOODYEAR TIRE & RUBBER CO,COOPER,984136595,265/70R17 115T ENVR+,6,COOPER,2,275.78,166-269-009,166-269-0096307,,
25,6417,"HOLLAND, MI",GOODYEAR TIRE & RUBBER CO,COOPER,984136547,205/55R16 91H ENVR,6,COOPER,1,84.54,166-286-008,166-286-0086417,,
28,4739,"SNELLVILLE, GA",GOODYEAR TIRE & RUBBER CO,COOPER,984175419,215/55R17 94V PRCN,6,COOPER,2,233.84,166-441-021,166-441-0214739,,
35,4872,COLUMBIA NE SC,GOODYEAR TIRE & RUBBER CO,COOPER,984136580,255/50R20X 109HENVR+,6,COOPER,3,504.21,166-259-009,166-259-0094872,,
32,4991,"COCOA, FL",GOODYEAR TIRE & RUBBER CO,COOPER,984136581,225/55R19 99H ENVR+,6,COOPER,4,605.96,166-260-009,166-260-0094991,,
6,6246,EL PASO TX,GOODYEAR TIRE & RUBBER CO,COOPER,984136629,215/45R18X 93W RS3G1,6,COOPER,1,127.13,160-060-017,160-060-0176246,,
2,6616,"FULLERTON, CA",GOODYEAR TIRE & RUBBER CO,COOPER,984175465,205/55R17X 95V PRCN,6,COOPER,2,250.1,166-472-021,166-472-0216616,,
23,8107,"HUNTSVILLE, AL",GOODYEAR TIRE & RUBBER CO,COOPER,984136547,205/55R16 91H ENVR,6,COOPER,4,338.16,166-286-008,166-286-0088107,,
11,8269,"GRAND PRAIRIE, TX",GOODYEAR TIRE & RUBBER CO,COOPER,984214689,245/70R16 107T DRT,6,COOPER,1,147.67,171-275-049,171-275-0498269,,
17,8221,"HARVEY, LA",GOODYEAR TIRE & RUBBER CO,COOPER,984214698,265/70R18 116H DRT,6,COOPER,2,384.64,171-291-049,171-291-0498221,,
1,4799,"CITRUS HEIGHTS, CA",GOODYEAR TIRE & RUBBER CO,COOPER,984136467,LT265/70R17E D HT3,6,COOPER,4,777.08,170-190-003,170-190-0034799,,
29,4879,AIKEN SC,GOODYEAR TIRE & RUBBER CO,COOPER,984175413,225/60R17 99V PRCN,6,COOPER,4,479.48,166-475-021,166-475-0214879,,
1,6405,"YUBA CITY, CA",GOODYEAR TIRE & RUBBER CO,COOPER,984136505,275/65R18 116T RGTK,6,COOPER,4,834.88,171-170-019,171-170-0196405,,
23,8196,"FLORENCE, AL",GOODYEAR TIRE & RUBBER CO,COOPER,984136584,225/60R17 99H ENVR+,6,COOPER,4,429.96,166-263-009,166-263-0098196,,
6,6672,"ALBUQUERQUE, NM",GOODYEAR TIRE & RUBBER CO,COOPER,984136558,235/60R18X 107VENVR+,6,COOPER,2,279.68,166-236-009,166-236-0096672,,
39,6670,"DEPTFORD, NJ",GOODYEAR TIRE & RUBBER CO,COOPER,984175463,245/40R18X 97W PRCN,6,COOPER,1,139.11,166-431-021,166-431-0216670,,
24,4871,"MERIDIAN, MS",GOODYEAR TIRE & RUBBER CO,COOPER,984175471,225/45R19X 96W PRCN,6,COOPER,4,633.44,166-432-021,166-432-0214871,,
27,6307,"COLUMBUS(N),OH",GOODYEAR TIRE & RUBBER CO,COOPER,984175449,245/55R19X 107H PRCN,6,COOPER,4,651.16,166-487-021,166-487-0216307,,
22,6528,"CINCINNATI, OH",GOODYEAR TIRE & RUBBER CO,COOPER,984136547,205/55R16 91H ENVR,6,COOPER,4,338.16,166-286-008,166-286-0086528,,
39,6330,"DOVER, DE",GOODYEAR TIRE & RUBBER CO,COOPER,984175449,245/55R19X 107H PRCN,6,COOPER,4,651.16,166-487-021,166-487-0216330,,
34,6351,"NEWPORT NEWS, VA",GOODYEAR TIRE & RUBBER CO,COOPER,984136452,245/60R18 105H DEDX,6,COOPER,2,299.9,166-241-007,166-241-0076351,,
27,6308,"COLUMBUS(W),OH",GOODYEAR TIRE & RUBBER CO,COOPER,984136499,255/70R18X 116TRGTK,6,COOPER,1,196.9,171-104-005,171-104-0056308,,
19,8125,"SAINT LOUIS, MO",GOODYEAR TIRE & RUBBER CO,COOPER,984136564,215/65R16 98H ENVR+,6,COOPER,4,332.64,166-242-009,166-242-0098125,,
33,6314,"ELYRIA, OH",GOODYEAR TIRE & RUBBER CO,COOPER,984136601,255/65R18 111H ENVR+,6,COOPER,4,616.16,166-305-009,166-305-0096314,,
8,6181,PAPILLION NE,GOODYEAR TIRE & RUBBER CO,COOPER,984175447,245/45R18X 100V PRCN,6,COOPER,4,648.2,166-444-021,166-444-0216181,,
9,4870,KANSAS CITY KS,GOODYEAR TIRE & RUBBER CO,COOPER,984174885,255/35ZR18X 94Y NST,6,COOPER,2,306.92,160-134-025,160-134-0254870,,
40,6423,"MIDDLETOWN, NY",GOODYEAR TIRE & RUBBER CO,COOPER,984136528,215/60R16 95V ENVR,6,COOPER,4,325.32,166-028-008,166-028-0086423,,
18,4787,"MINNEAPOLIS, MN",GOODYEAR TIRE & RUBBER CO,COOPER,984136558,235/60R18X 107VENVR+,6,COOPER,4,559.36,166-236-009,166-236-0094787,,
18,6309,"WHITE BEAR LAKE, MN",GOODYEAR TIRE & RUBBER CO,COOPER,984136568,225/60R18 100H ENVR+,6,COOPER,4,465.28,166-246-009,166-246-0096309,,
27,6308,"COLUMBUS(W),OH",GOODYEAR TIRE & RUBBER CO,COOPER,984175425,245/50R20 102V PRCN,6,COOPER,2,313.76,166-486-021,166-486-0216308,,
35,4872,COLUMBIA NE SC,GOODYEAR TIRE & RUBBER CO,COOPER,984136551,215/55R17 94V ENVR,6,COOPER,2,207.92,166-290-008,166-290-0084872,,
31,6387,PINELLAS PARK FL,GOODYEAR TIRE & RUBBER CO,COOPER,984136468,LT245/70R17E D HT3,6,COOPER,2,365.62,170-191-003,170-191-0036387,,
5,6634,"LONE TREE, CO",GOODYEAR TIRE & RUBBER CO,COOPER,984175445,235/45R18 94V PRCN,6,COOPER,4,589,166-284-021,166-284-0216634,,
38,6371,"WOODBRIDGE, VA",GOODYEAR TIRE & RUBBER CO,COOPER,984136543,235/40R19X 96V ENVR,6,COOPER,1,148.24,166-283-008,166-283-0086371,,
17,4837,"DENHAM SPRINGS, LA",GOODYEAR TIRE & RUBBER CO,COOPER,984136579,235/55R18X 104VENVR+,6,COOPER,4,528.92,166-258-009,166-258-0094837,,
36,4785,"SANFORD, FL",GOODYEAR TIRE & RUBBER CO,COOPER,984136547,205/55R16 91H ENVR,6,COOPER,4,338.16,166-286-008,166-286-0084785,,
33,4936,"GRANVILLE, WV",GOODYEAR TIRE & RUBBER CO,COOPER,984214702,275/60R20 115H DRT,6,COOPER,4,789.52,171-294-049,171-294-0494936,,
35,6443,"GOLDSBORO, NC",GOODYEAR TIRE & RUBBER CO,COOPER,984136498,265/70R16 112T RGTK,6,COOPER,4,627.24,171-102-005,171-102-0056443,,
34,8220,"ROANOKE, VA",GOODYEAR TIRE & RUBBER CO,COOPER,984136597,265/65R18 114T ENVR+,6,COOPER,2,310.58,166-272-009,166-272-0098220,,
8,4873,LINCOLN NE,GOODYEAR TIRE & RUBBER CO,COOPER,984136551,215/55R17 94V ENVR,6,COOPER,4,415.84,166-290-008,166-290-0084873,,
29,8192,"DOTHAN, AL",GOODYEAR TIRE & RUBBER CO,COOPER,984136551,215/55R17 94V ENVR,6,COOPER,2,207.92,166-290-008,166-290-0088192,,
4,6605,"GILBERT, AZ",GOODYEAR TIRE & RUBBER CO,COOPER,984136587,265/70R16 112T ENVR+,6,COOPER,1,136.22,166-265-009,166-265-0096605,,
1,4755,"HONOLULU, HI",GOODYEAR TIRE & RUBBER CO,COOPER,984175419,215/55R17 94V PRCN,6,COOPER,2,233.84,166-441-021,166-441-0214755,,
31,4772,"SARASOTA, FL",GOODYEAR TIRE & RUBBER CO,COOPER,984136601,255/65R18 111H ENVR+,6,COOPER,2,308.08,166-305-009,166-305-0094772,,
24,4817,"SAM&#39;S TRUSSVILLE , AL",GOODYEAR TIRE & RUBBER CO,COOPER,984175453,245/50R18 100V PRCN,6,COOPER,1,154.66,166-449-021,166-449-0214817,,
8,6181,PAPILLION NE,GOODYEAR TIRE & RUBBER CO,COOPER,984136533,195/60R15 88H ENVR,6,COOPER,4,291.24,166-276-008,166-276-0086181,,
26,6454,"SOUTHFIELD, MI",GOODYEAR TIRE & RUBBER CO,COOPER,984136565,235/55R17 99H ENVR+,6,COOPER,4,464.32,166-243-009,166-243-0096454,,
19,8125,"SAINT LOUIS, MO",GOODYEAR TIRE & RUBBER CO,COOPER,984136531,225/50R18 95V ENVR,6,COOPER,2,241.2,166-092-008,166-092-0088125,,
28,4802,"HIRAM, GA",GOODYEAR TIRE & RUBBER CO,COOPER,984136436,235/55R19X 105H DEDX,6,COOPER,2,341.32,166-203-007,166-203-0074802,,
34,6402,"GREENSBORO, NC",GOODYEAR TIRE & RUBBER CO,COOPER,984136568,225/60R18 100H ENVR+,6,COOPER,2,232.64,166-246-009,166-246-0096402,,
33,4952,"TARENTUM, PA",GOODYEAR TIRE & RUBBER CO,COOPER,984136562,225/65R17 102H ENVR+,6,COOPER,8,874.48,166-240-009,166-240-0094952,,
31,8155,"GAINESVILLE, FL",GOODYEAR TIRE & RUBBER CO,COOPER,984136597,265/65R18 114T ENVR+,6,COOPER,4,621.16,166-272-009,166-272-0098155,,
28,8211,"DOUGLASVILLE,GA",GOODYEAR TIRE & RUBBER CO,COOPER,984214692,225/65R17 102H DRT,6,COOPER,4,581.72,171-263-049,171-263-0498211,,
17,6527,"BATON ROUGE, LA",GOODYEAR TIRE & RUBBER CO,COOPER,984136562,225/65R17 102H ENVR+,6,COOPER,4,437.24,166-240-009,166-240-0096527,,
31,4772,"SARASOTA, FL",GOODYEAR TIRE & RUBBER CO,COOPER,984136475,LT275/70R18E D HT3,6,COOPER,4,884.04,170-199-003,170-199-0034772,,
34,8228,"WINSTON-SALEM, NC",GOODYEAR TIRE & RUBBER CO,COOPER,980133680,P225/70R15 100T CBGT,6,COOPER,4,417.16,160-011-024,160-011-0248228,,
15,8275,"BEAUMONT, TX",GOODYEAR TIRE & RUBBER CO,COOPER,984136594,245/70R17 110T ENVR+,6,COOPER,4,534.28,166-268-009,166-268-0098275,,
23,8294,"NASHVILLE(S),TN",GOODYEAR TIRE & RUBBER CO,COOPER,984136556,205/65R15 94H ENVR,6,COOPER,1,75.5,166-311-008,166-311-0088294,,
34,6351,"NEWPORT NEWS, VA",GOODYEAR TIRE & RUBBER CO,COOPER,984214778,LT285/70R17E DSAT,6,COOPER,1,237.65,170-280-048,170-280-0486351,,
31,6403,"BRANDON, FL",GOODYEAR TIRE & RUBBER CO,COOPER,984136558,235/60R18X 107VENVR+,6,COOPER,4,559.36,166-236-009,166-236-0096403,,
32,8130,"FORT MYERS, FL",GOODYEAR TIRE & RUBBER CO,COOPER,984136533,195/60R15 88H ENVR,6,COOPER,2,145.62,166-276-008,166-276-0088130,,
30,6414,"GASTONIA, NC",GOODYEAR TIRE & RUBBER CO,COOPER,984175464,255/50R19X 107V PRCN,6,COOPER,4,692.6,166-492-021,166-492-0216414,,
35,6976,WAKE FOREST NC,GOODYEAR TIRE & RUBBER CO,COOPER,984136453,235/55R17 99H DEDX,6,COOPER,1,133.82,166-243-007,166-243-0076976,,
29,8116,"JACKSONVILLE,FL",GOODYEAR TIRE & RUBBER CO,COOPER,984136547,205/55R16 91H ENVR,6,COOPER,1,84.54,166-286-008,166-286-0088116,,
40,8186,"SCARBOROUGH, ME",GOODYEAR TIRE & RUBBER CO,COOPER,984136551,215/55R17 94V ENVR,6,COOPER,2,207.92,166-290-008,166-290-0088186,,
31,6387,PINELLAS PARK FL,GOODYEAR TIRE & RUBBER CO,COOPER,984214775,LT245/75R16E DSAT,6,COOPER,4,688.28,170-277-048,170-277-0486387,,
7,8172,"FARGO, ND",GOODYEAR TIRE & RUBBER CO,COOPER,980133694,P235/60R15 98T CBGT,6,COOPER,2,222.58,160-017-024,160-017-0248172,,
9,6505,JEFFERSON CITY MO,GOODYEAR TIRE & RUBBER CO,COOPER,984175449,245/55R19X 107H PRCN,6,COOPER,4,663.04,166-487-021,166-487-0216505,,
14,6422,"LONGVIEW, TX",GOODYEAR TIRE & RUBBER CO,COOPER,984136598,275/65R18 116T ENVR+,6,COOPER,2,354.76,166-273-009,166-273-0096422,,
29,6363,"JACKSONVILLE (W), FL",GOODYEAR TIRE & RUBBER CO,COOPER,984175462,255/45R20X 105V PRCN,6,COOPER,4,671.88,166-491-021,166-491-0216363,,
27,6242,"DUBLIN, OH",GOODYEAR TIRE & RUBBER CO,COOPER,984214700,265/60R18X 114H DRT,6,COOPER,2,360.46,171-286-049,171-286-0496242,,
17,6527,"BATON ROUGE, LA",GOODYEAR TIRE & RUBBER CO,COOPER,984214695,245/70R17X 114T DRT,6,COOPER,4,649.76,171-276-049,171-276-0496527,,
34,6458,"LYNCHBURG, VA",GOODYEAR TIRE & RUBBER CO,COOPER,984136591,245/65R17 107T ENVR+,6,COOPER,2,269.86,166-266-009,166-266-0096458,,
32,6341,"SUNRISE, FL",GOODYEAR TIRE & RUBBER CO,COOPER,984175410,225/65R17 102H PRCN,6,COOPER,1,125.05,166-476-021,166-476-0216341,,
34,6524,"COLONIAL HEIGHTS, VA",GOODYEAR TIRE & RUBBER CO,COOPER,984136562,225/65R17 102H ENVR+,6,COOPER,1,109.31,166-240-009,166-240-0096524,,
28,4739,"SNELLVILLE, GA",GOODYEAR TIRE & RUBBER CO,COOPER,984136585,235/70R16 106T ENVR+,6,COOPER,2,228.24,166-264-009,166-264-0094739,,
36,8138,"DAYTONA BEACH, FL",GOODYEAR TIRE & RUBBER CO,COOPER,984136556,205/65R15 94H ENVR,6,COOPER,1,75.5,166-311-008,166-311-0088138,,
29,6363,"JACKSONVILLE (W), FL",GOODYEAR TIRE & RUBBER CO,COOPER,984214769,LT275/70R18E DSAT,6,COOPER,2,478.68,170-290-047,170-290-0476363,,
26,6660,"PORT HURON, MI",GOODYEAR TIRE & RUBBER CO,COOPER,984136569,255/55R20X 110HENVR+,6,COOPER,2,324.14,166-247-009,166-247-0096660,,
34,8220,"ROANOKE, VA",GOODYEAR TIRE & RUBBER CO,COOPER,984136549,215/55R16X 97H ENVR,6,COOPER,2,187.88,166-288-008,166-288-0088220,,
7,8172,"FARGO, ND",GOODYEAR TIRE & RUBBER CO,COOPER,984175411,205/55R16 91V PRCN,6,COOPER,4,384.76,166-435-021,166-435-0218172,,
31,6441,"LAKELAND (N),FL",GOODYEAR TIRE & RUBBER CO,COOPER,984136551,215/55R17 94V ENVR,6,COOPER,2,207.92,166-290-008,166-290-0086441,,
16,4985,"SPRINGFIELD (S), MO",GOODYEAR TIRE & RUBBER CO,COOPER,984136557,265/50R20X 111TENVR+,6,COOPER,1,165.78,166-235-009,166-235-0094985,,
4,6205,"YUMA, AZ",GOODYEAR TIRE & RUBBER CO,COOPER,984136582,285/45R22X 114HENVR+,6,COOPER,4,776.8,166-261-009,166-261-0096205,,
15,4712,"HOUSTON(MEM), TX",GOODYEAR TIRE & RUBBER CO,COOPER,984136551,215/55R17 94V ENVR,6,COOPER,4,415.84,166-290-008,166-290-0084712,,
14,6255,"PLANO(N),TX",GOODYEAR TIRE & RUBBER CO,COOPER,984175432,255/45R19X 104V PRCN,6,COOPER,1,180.55,166-446-021,166-446-0216255,,
2,6619,"ONTARIO, CA",GOODYEAR TIRE & RUBBER CO,COOPER,984174868,225/40ZR18X 92Y NST,6,COOPER,6,692.88,160-111-025,160-111-0256619,,
21,6424,"KOKOMO, IN",GOODYEAR TIRE & RUBBER CO,COOPER,984136535,195/65R15 91H ENVR,6,COOPER,1,69.98,166-277-008,166-277-0086424,,
35,4872,COLUMBIA NE SC,GOODYEAR TIRE & RUBBER CO,COOPER,984174882,275/40ZR20X 106Y NST,6,COOPER,2,371,160-130-025,160-130-0254872,,
8,6344,"WINDSOR HEIGHTS, IA",GOODYEAR TIRE & RUBBER CO,COOPER,984214710,265/70R17 115T DRT,6,COOPER,4,612.92,171-290-050,171-290-0506344,,
15,4712,"HOUSTON(MEM), TX",GOODYEAR TIRE & RUBBER CO,COOPER,984136527,205/60R16 92V ENVR,6,COOPER,1,82.86,166-027-008,166-027-0084712,,
16,6377,"JONESBORO, AR",GOODYEAR TIRE & RUBBER CO,COOPER,980133732,P275/60R15 107T CBGT,6,COOPER,4,509.56,160-019-024,160-019-0246377,,
26,6659,"MADISON HEIGHTS, MI",GOODYEAR TIRE & RUBBER CO,COOPER,984136535,195/65R15 91H ENVR,6,COOPER,2,139.96,166-277-008,166-277-0086659,,
13,8259,"AUSTIN, TX",GOODYEAR TIRE & RUBBER CO,COOPER,984214707,255/70R16X 115T DRT,6,COOPER,1,146.54,171-281-050,171-281-0508259,,
24,6435,"TUSCALOOSA, AL",GOODYEAR TIRE & RUBBER CO,COOPER,984136537,215/45R17X 91V ENVR,6,COOPER,1,110.55,166-279-008,166-279-0086435,,
12,8264,"SAN ANTONIO (S), TX",GOODYEAR TIRE & RUBBER CO,COOPER,984136587,265/70R16 112T ENVR+,6,COOPER,3,408.66,166-265-009,166-265-0098264,,
11,8210,"FORT WORTH, TX",GOODYEAR TIRE & RUBBER CO,COOPER,984136544,235/45R18 94V ENVR,6,COOPER,3,396.06,166-284-008,166-284-0088210,,
1,6410,"PEARL CITY, HI",GOODYEAR TIRE & RUBBER CO,COOPER,984174867,215/45ZR17X 91W NST,6,COOPER,4,430.88,160-110-025,160-110-0256410,,
23,4740,"SOUTHAVEN, MS",GOODYEAR TIRE & RUBBER CO,COOPER,984175460,235/55R20 102V PRCN,6,COOPER,4,633.44,166-482-021,166-482-0214740,,
28,8158,WOODSTOCK GA,GOODYEAR TIRE & RUBBER CO,COOPER,984175413,225/60R17 99V PRCN,6,COOPER,1,119.87,166-475-021,166-475-0218158,,
23,4776,"HUNTSVILLE, AL",GOODYEAR TIRE & RUBBER CO,COOPER,984136579,235/55R18X 104VENVR+,6,COOPER,4,528.92,166-258-009,166-258-0094776,,
33,6679,"WEST MIFFLIN,PA",GOODYEAR TIRE & RUBBER CO,COOPER,984136558,235/60R18X 107VENVR+,6,COOPER,1,139.84,166-236-009,166-236-0096679,,
5,6634,"LONE TREE, CO",GOODYEAR TIRE & RUBBER CO,COOPER,984174867,215/45ZR17X 91W NST,6,COOPER,4,396.32,160-110-025,160-110-0256634,,
33,6314,"ELYRIA, OH",GOODYEAR TIRE & RUBBER CO,COOPER,984175444,255/55R20X 110V PRCN,6,COOPER,1,164.27,166-495-021,166-495-0216314,,
9,6505,JEFFERSON CITY MO,GOODYEAR TIRE & RUBBER CO,COOPER,984136563,245/60R18 105H ENVR+,6,COOPER,4,612.84,166-241-009,166-241-0096505,,
31,6403,"BRANDON, FL",GOODYEAR TIRE & RUBBER CO,COOPER,984175453,245/50R18 100V PRCN,6,COOPER,4,618.64,166-449-021,166-449-0216403,,
24,8119,"PENSACOLA, FL",GOODYEAR TIRE & RUBBER CO,COOPER,984136548,205/65R16 95H ENVR,6,COOPER,2,181.22,166-287-008,166-287-0088119,,
18,8185,"EAU CLAIRE, WI",GOODYEAR TIRE & RUBBER CO,COOPER,984136558,235/60R18X 107VENVR+,6,COOPER,4,559.36,166-236-009,166-236-0098185,,
32,6217,"MIAMI, FL",GOODYEAR TIRE & RUBBER CO,COOPER,984136585,235/70R16 106T ENVR+,6,COOPER,4,456.48,166-264-009,166-264-0096217,,
32,8157,"W.PALM BEACH,FL",GOODYEAR TIRE & RUBBER CO,COOPER,984136558,235/60R18X 107VENVR+,6,COOPER,2,279.68,166-236-009,166-236-0098157,,
7,8172,"FARGO, ND",GOODYEAR TIRE & RUBBER CO,COOPER,984136536,205/50R17X 93V ENVR,6,COOPER,4,400.08,166-278-008,166-278-0088172,,
39,8160,"TEMPLE, PA",GOODYEAR TIRE & RUBBER CO,COOPER,984214699,265/50R20X 111V DRT,6,COOPER,2,383.52,171-285-049,171-285-0498160,,
17,8181,"ALEXANDRIA, LA",GOODYEAR TIRE & RUBBER CO,COOPER,980133732,P275/60R15 107T CBGT,6,COOPER,4,509.56,160-019-024,160-019-0248181,,
17,4837,"DENHAM SPRINGS, LA",GOODYEAR TIRE & RUBBER CO,COOPER,984136594,245/70R17 110T ENVR+,6,COOPER,2,267.14,166-268-009,166-268-0094837,,
23,4740,"SOUTHAVEN, MS",GOODYEAR TIRE & RUBBER CO,COOPER,984214788,LT245/70R17E DSAT,6,COOPER,4,723.12,170-285-048,170-285-0484740,,
24,8213,"COLUMBUS, GA",GOODYEAR TIRE & RUBBER CO,COOPER,984136535,195/65R15 91H ENVR,6,COOPER,4,279.92,166-277-008,166-277-0088213,,
31,6387,PINELLAS PARK FL,GOODYEAR TIRE & RUBBER CO,COOPER,984175417,235/65R17 104H PRCN,6,COOPER,1,131.72,166-484-021,166-484-0216387,,
7,6565,"RAPID CITY, SD",GOODYEAR TIRE & RUBBER CO,COOPER,984214689,245/70R16 107T DRT,6,COOPER,4,590.68,171-275-049,171-275-0496565,,
4,6608,"PHOENIX, AZ",GOODYEAR TIRE & RUBBER CO,COOPER,984174886,275/35ZR19X 100Y NST,6,COOPER,2,356.28,160-135-025,160-135-0256608,,
6,4938,"ALBUQUERQUE (CENTRAL), NM",GOODYEAR TIRE & RUBBER CO,COOPER,984136602,205/70R16 97H ENVR+,6,COOPER,4,382.36,166-307-009,166-307-0094938,,
24,6361,"FT. WALTON BEACH, FL",GOODYEAR TIRE & RUBBER CO,COOPER,984136499,255/70R18X 116TRGTK,6,COOPER,2,393.8,171-104-005,171-104-0056361,,
11,4911,Mansfield TX,GOODYEAR TIRE & RUBBER CO,COOPER,984136626,215/50R17X 95W RS3G1,6,COOPER,4,452.96,160-057-017,160-057-0174911,,
4,6608,"PHOENIX, AZ",GOODYEAR TIRE & RUBBER CO,COOPER,984136536,205/50R17X 93V ENVR,6,COOPER,4,400.08,166-278-008,166-278-0086608,,
29,6363,"JACKSONVILLE (W), FL",GOODYEAR TIRE & RUBBER CO,COOPER,984136545,235/50R17 96V ENVR,6,COOPER,4,477.88,166-285-008,166-285-0086363,,
28,4802,"HIRAM, GA",GOODYEAR TIRE & RUBBER CO,COOPER,984214710,265/70R17 115T DRT,6,COOPER,4,612.92,171-290-050,171-290-0504802,,
17,6527,"BATON ROUGE, LA",GOODYEAR TIRE & RUBBER CO,COOPER,984175426,235/65R18 106V PRCN,6,COOPER,1,145.77,166-497-021,166-497-0216527,,
34,8228,"WINSTON-SALEM, NC",GOODYEAR TIRE & RUBBER CO,COOPER,984175428,275/55R20X 117H PRCN,6,COOPER,1,166.49,166-502-021,166-502-0218228,,
40,6581,"SCRANTON, PA",GOODYEAR TIRE & RUBBER CO,COOPER,984136560,235/65R17 104H ENVR+,6,COOPER,1,118.47,166-238-009,166-238-0096581,,
15,8274,"HOUSTON (NW),TX",GOODYEAR TIRE & RUBBER CO,COOPER,984136560,235/65R17 104H ENVR+,6,COOPER,2,236.94,166-238-009,166-238-0098274,,
34,6524,"COLONIAL HEIGHTS, VA",GOODYEAR TIRE & RUBBER CO,COOPER,984136514,35X12.50R20F RG TKLT,6,COOPER,4,1460.8,170-059-007,170-059-0076524,,
8,6344,"WINDSOR HEIGHTS, IA",GOODYEAR TIRE & RUBBER CO,COOPER,984136620,235/50R18 97W RS3G1,6,COOPER,2,281.58,160-046-017,160-046-0176344,,
28,4780,"BUFORD, GA",GOODYEAR TIRE & RUBBER CO,COOPER,984136595,265/70R17 115T ENVR+,6,COOPER,1,137.89,166-269-009,166-269-0094780,,
33,6677,"MONROEVILLE, PA",GOODYEAR TIRE & RUBBER CO,COOPER,984136531,225/50R18 95V ENVR,6,COOPER,1,117.13,166-092-008,166-092-0086677,,
15,4763,"SUGAR LAND, TX",GOODYEAR TIRE & RUBBER CO,COOPER,984136569,255/55R20X 110HENVR+,6,COOPER,1,162.07,166-247-009,166-247-0094763,,
17,4837,"DENHAM SPRINGS, LA",GOODYEAR TIRE & RUBBER CO,COOPER,980133670,P215/70R15 97T CBGT,6,COOPER,4,391.96,160-020-024,160-020-0244837,,
31,6448,"NEW PORT RICHEY, FL",GOODYEAR TIRE & RUBBER CO,COOPER,984174890,245/45ZR17X 99W NST,6,COOPER,4,489.8,160-133-025,160-133-0256448,,
31,6441,"LAKELAND (N),FL",GOODYEAR TIRE & RUBBER CO,COOPER,984136547,205/55R16 91H ENVR,6,COOPER,4,342.56,166-286-008,166-286-0086441,,
39,4722,"WILLIAMSTOWN, NJ",GOODYEAR TIRE & RUBBER CO,COOPER,984175465,205/55R17X 95V PRCN,6,COOPER,1,125.05,166-472-021,166-472-0214722,,
22,8111,"JEFFERSONTOWN, KY",GOODYEAR TIRE & RUBBER CO,COOPER,980133850,LT265/75R16E DSTTPRO,6,COOPER,4,877.44,170-106-034,170-106-0348111,,
12,8264,"SAN ANTONIO (S), TX",GOODYEAR TIRE & RUBBER CO,COOPER,984136502,275/60R20 115T RGTK,6,COOPER,4,876.2,171-107-005,171-107-0058264,,
25,6562,"MUSKEGON, MI",GOODYEAR TIRE & RUBBER CO,COOPER,984175410,225/65R17 102H PRCN,6,COOPER,4,500.2,166-476-021,166-476-0216562,,
19,8205,"SAINT LOUIS, MO",GOODYEAR TIRE & RUBBER CO,COOPER,984136451,225/65R17 102H DEDX,6,COOPER,4,523.92,166-240-007,166-240-0078205,,
35,8218,"FAYETTEVILLE,NC",GOODYEAR TIRE & RUBBER CO,COOPER,984136639,275/40R19X 105WRS3G1,6,COOPER,2,420.78,160-073-017,160-073-0178218,,
27,6572,"KNOXVILLE, TN",GOODYEAR TIRE & RUBBER CO,COOPER,984136524,33X12.50R20F RG TKLT,6,COOPER,4,1265.28,170-220-007,170-220-0076572,,
21,6489,"CALUMET CITY, IL",GOODYEAR TIRE & RUBBER CO,COOPER,980133721,P255/60R15 102T CBGT,6,COOPER,1,117.59,160-018-024,160-018-0246489,,
11,8282,"DALLAS (S), TX",GOODYEAR TIRE & RUBBER CO,COOPER,984136631,225/50R18 95W RS3G1,6,COOPER,2,265.42,160-063-017,160-063-0178282,,
2,6628,"TORRANCE, CA",GOODYEAR TIRE & RUBBER CO,COOPER,984136600,235/65R16 103T ENVR+,6,COOPER,1,96.66,166-295-009,166-295-0096628,,
13,6421,"CONROE, TX",GOODYEAR TIRE & RUBBER CO,COOPER,984136531,225/50R18 95V ENVR,6,COOPER,4,468.52,166-092-008,166-092-0086421,,
31,8155,"GAINESVILLE, FL",GOODYEAR TIRE & RUBBER CO,COOPER,984136539,215/50R17X 95V ENVR,6,COOPER,2,216.58,166-280-008,166-280-0088155,,
13,6245,Harker Heights TX,GOODYEAR TIRE & RUBBER CO,COOPER,984175414,215/60R16 95V PRCN,6,COOPER,4,399.6,166-436-021,166-436-0216245,,
38,6239,"TIMONIOUM, MD",GOODYEAR TIRE & RUBBER CO,COOPER,984136577,215/70R16 100H ENVR+,6,COOPER,5,476.7,166-256-009,166-256-0096239,,
10,4731,"OK CITY(NW),OK",GOODYEAR TIRE & RUBBER CO,COOPER,984136560,235/65R17 104H ENVR+,6,COOPER,1,118.47,166-238-009,166-238-0094731,,
35,8218,"FAYETTEVILLE,NC",GOODYEAR TIRE & RUBBER CO,COOPER,984214691,285/45R22X 114H DRT,6,COOPER,4,940.44,171-295-049,171-295-0498218,,
34,8220,"ROANOKE, VA",GOODYEAR TIRE & RUBBER CO,COOPER,984136584,225/60R17 99H ENVR+,6,COOPER,4,437.72,166-263-009,166-263-0098220,,
14,4783,"GARLAND, TX",GOODYEAR TIRE & RUBBER CO,COOPER,984136531,225/50R18 95V ENVR,6,COOPER,4,468.52,166-092-008,166-092-0084783,,
11,8269,"GRAND PRAIRIE, TX",GOODYEAR TIRE & RUBBER CO,COOPER,984136562,225/65R17 102H ENVR+,6,COOPER,1,109.31,166-240-009,166-240-0098269,,
12,4939,"SAN ANTONIO (BROOKS), TX",GOODYEAR TIRE & RUBBER CO,COOPER,984174885,255/35ZR18X 94Y NST,6,COOPER,4,613.84,160-134-025,160-134-0254939,,
8,6427,"ROCHESTER, MN",GOODYEAR TIRE & RUBBER CO,COOPER,984136568,225/60R18 100H ENVR+,6,COOPER,4,465.28,166-246-009,166-246-0096427,,
14,8299,PLANO TX,GOODYEAR TIRE & RUBBER CO,COOPER,984136595,265/70R17 115T ENVR+,6,COOPER,4,551.56,166-269-009,166-269-0098299,,
36,4828,ORLANDO LAKE NONA FL,GOODYEAR TIRE & RUBBER CO,COOPER,984214714,265/65R18X 116H DRT,6,COOPER,1,188.18,171-288-049,171-288-0494828,,
17,4837,"DENHAM SPRINGS, LA",GOODYEAR TIRE & RUBBER CO,COOPER,984175421,225/55R17 97V PRCN,6,COOPER,4,500.2,166-443-021,166-443-0214837,,
27,6242,"DUBLIN, OH",GOODYEAR TIRE & RUBBER CO,COOPER,984175425,245/50R20 102V PRCN,6,COOPER,2,313.76,166-486-021,166-486-0216242,,
29,8151,PANAMA CITY FL,GOODYEAR TIRE & RUBBER CO,COOPER,984136528,215/60R16 95V ENVR,6,COOPER,3,243.99,166-028-008,166-028-0088151,,
38,6371,"WOODBRIDGE, VA",GOODYEAR TIRE & RUBBER CO,COOPER,984175457,265/65R17 112H PRCN,6,COOPER,2,310.8,166-500-021,166-500-0216371,,
11,8269,"GRAND PRAIRIE, TX",GOODYEAR TIRE & RUBBER CO,COOPER,984136644,225/50R17X 98W RS3G1,6,COOPER,4,459,160-080-017,160-080-0178269,,
31,6387,PINELLAS PARK FL,GOODYEAR TIRE & RUBBER CO,COOPER,984175448,245/40R19X 98W PRCN,6,COOPER,4,674.84,166-428-021,166-428-0216387,,
40,6423,"MIDDLETOWN, NY",GOODYEAR TIRE & RUBBER CO,COOPER,984136584,225/60R17 99H ENVR+,6,COOPER,2,214.98,166-263-009,166-263-0096423,,
22,4876,"BOWLING GREEN, KY",GOODYEAR TIRE & RUBBER CO,COOPER,984175458,245/60R20 107H PRCN,6,COOPER,4,686.68,166-489-021,166-489-0214876,,
17,6527,"BATON ROUGE, LA",GOODYEAR TIRE & RUBBER CO,COOPER,984214719,245/50R20 102V DRT,6,COOPER,2,338.9,171-272-049,171-272-0496527,,
13,8259,"AUSTIN, TX",GOODYEAR TIRE & RUBBER CO,COOPER,984136643,205/50R17X 93W RS3G1,6,COOPER,4,429.2,160-079-017,160-079-0178259,,
10,6779,MOORE OK,GOODYEAR TIRE & RUBBER CO,COOPER,984136601,255/65R18 111H ENVR+,6,COOPER,8,1232.32,166-305-009,166-305-0096779,,
33,6302,"OAKWOOD VILLAGE, OH",GOODYEAR TIRE & RUBBER CO,COOPER,984136554,215/70R15 98H ENVR,6,COOPER,2,156.86,166-293-008,166-293-0086302,,
31,6403,"BRANDON, FL",GOODYEAR TIRE & RUBBER CO,COOPER,984136595,265/70R17 115T ENVR+,6,COOPER,4,551.56,166-269-009,166-269-0096403,,
14,8299,PLANO TX,GOODYEAR TIRE & RUBBER CO,COOPER,984175448,245/40R19X 98W PRCN,6,COOPER,3,506.13,166-428-021,166-428-0218299,,
2,6624,"SAN BERNARDINO, CA",GOODYEAR TIRE & RUBBER CO,COOPER,984136587,265/70R16 112T ENVR+,6,COOPER,4,544.88,166-265-009,166-265-0096624,,
25,6663,"SAGINAW, MI",GOODYEAR TIRE & RUBBER CO,COOPER,984136595,265/70R17 115T ENVR+,6,COOPER,2,275.78,166-269-009,166-269-0096663,,
15,8190,"LA MARQUE, TX",GOODYEAR TIRE & RUBBER CO,COOPER,980133887,LT275/65R20E DSTTPRO,6,COOPER,2,645.7,170-127-006,170-127-0068190,,
23,8112,"CHATTANOOGA, TN",GOODYEAR TIRE & RUBBER CO,COOPER,984136622,245/40R17 91W RS3G1,6,COOPER,4,523.56,160-053-017,160-053-0178112,,
15,8275,"BEAUMONT, TX",GOODYEAR TIRE & RUBBER CO,COOPER,984136557,265/50R20X 111TENVR+,6,COOPER,4,663.12,166-235-009,166-235-0098275,,
39,6567,"EASTON, PA",GOODYEAR TIRE & RUBBER CO,COOPER,984136584,225/60R17 99H ENVR+,6,COOPER,4,429.96,166-263-009,166-263-0096567,,
33,4952,"TARENTUM, PA",GOODYEAR TIRE & RUBBER CO,COOPER,984175469,265/45R20X 108H PRCN,6,COOPER,4,657.08,166-498-021,166-498-0214952,,
20,6487,"ADDISON, IL",GOODYEAR TIRE & RUBBER CO,COOPER,984136550,225/60R16 98H ENVR,6,COOPER,1,89.45,166-289-008,166-289-0086487,,
31,4861,"ST PETERSBURG, FL",GOODYEAR TIRE & RUBBER CO,COOPER,984136505,275/65R18 116T RGTK,6,COOPER,4,834.88,171-170-019,171-170-0194861,,
7,4987,LONGMONT ALT CO,GOODYEAR TIRE & RUBBER CO,COOPER,984136587,265/70R16 112T ENVR+,6,COOPER,2,272.44,166-265-009,166-265-0094987,,
28,6409,"TUCKER, GA",GOODYEAR TIRE & RUBBER CO,COOPER,984175460,235/55R20 102V PRCN,6,COOPER,2,316.72,166-482-021,166-482-0216409,,
39,8160,"TEMPLE, PA",GOODYEAR TIRE & RUBBER CO,COOPER,984136602,205/70R16 97H ENVR+,6,COOPER,2,191.18,166-307-009,166-307-0098160,,
23,8107,"HUNTSVILLE, AL",GOODYEAR TIRE & RUBBER CO,COOPER,984136511,LT275/65R20E RG TKLT,6,COOPER,4,1250.32,170-057-007,170-057-0078107,,
31,6448,"NEW PORT RICHEY, FL",GOODYEAR TIRE & RUBBER CO,COOPER,984136582,285/45R22X 114HENVR+,6,COOPER,2,388.4,166-261-009,166-261-0096448,,
32,4857,CAPE CORAL (PINE) FL,GOODYEAR TIRE & RUBBER CO,COOPER,984136596,265/60R18 110T ENVR+,6,COOPER,4,643.04,166-271-009,166-271-0094857,,
39,6670,"DEPTFORD, NJ",GOODYEAR TIRE & RUBBER CO,COOPER,984136629,215/45R18X 93W RS3G1,6,COOPER,2,254.26,160-060-017,160-060-0176670,,
39,6536,"WHITEHALL, PA",GOODYEAR TIRE & RUBBER CO,COOPER,984136536,205/50R17X 93V ENVR,6,COOPER,1,100.02,166-278-008,166-278-0086536,,
33,8189,"CLARKSBURG, WV",GOODYEAR TIRE & RUBBER CO,COOPER,984136567,225/55R18 98H ENVR+,6,COOPER,5,623.1,166-245-009,166-245-0098189,,
17,4837,"DENHAM SPRINGS, LA",GOODYEAR TIRE & RUBBER CO,COOPER,984136493,265/65R18X 116TRGTK,6,COOPER,2,409.18,171-066-005,171-066-0054837,,
10,8224,"WICHITA FALLS, TX",GOODYEAR TIRE & RUBBER CO,COOPER,984136455,235/60R17 102H DEDX,6,COOPER,2,264.52,166-251-007,166-251-0078224,,
5,6630,"ARVADA, CO",GOODYEAR TIRE & RUBBER CO,COOPER,984216037,37X12.50R17D DSCST,6,COOPER,1,350.51,170-308-006,170-308-0066630,,
32,6217,"MIAMI, FL",GOODYEAR TIRE & RUBBER CO,COOPER,984136602,205/70R16 97H ENVR+,6,COOPER,1,95.59,166-307-009,166-307-0096217,,
28,4789,"SHARPSBURG, GA",GOODYEAR TIRE & RUBBER CO,COOPER,984136585,235/70R16 106T ENVR+,6,COOPER,4,456.48,166-264-009,166-264-0094789,,
30,4917,Mooresville NC,GOODYEAR TIRE & RUBBER CO,COOPER,984136559,235/50R18 97V ENVR+,6,COOPER,4,525.08,166-237-009,166-237-0094917,,
32,6341,"SUNRISE, FL",GOODYEAR TIRE & RUBBER CO,COOPER,984174869,225/40ZR19X 93Y NST,6,COOPER,1,148.99,160-112-025,160-112-0256341,,
23,8294,"NASHVILLE(S),TN",GOODYEAR TIRE & RUBBER CO,COOPER,984175410,225/65R17 102H PRCN,6,COOPER,2,250.1,166-476-021,166-476-0218294,,
12,8227,"SAN ANTONIO (NW), TX",GOODYEAR TIRE & RUBBER CO,COOPER,984214774,LT235/80R17E DSAT,6,COOPER,5,972.35,170-287-048,170-287-0488227,,
14,6422,"LONGVIEW, TX",GOODYEAR TIRE & RUBBER CO,COOPER,984136587,265/70R16 112T ENVR+,6,COOPER,4,544.88,166-265-009,166-265-0096422,,
34,6402,"GREENSBORO, NC",GOODYEAR TIRE & RUBBER CO,COOPER,984136561,275/60R20 115H ENVR+,6,COOPER,2,348.54,166-239-009,166-239-0096402,,
28,4739,"SNELLVILLE, GA",GOODYEAR TIRE & RUBBER CO,COOPER,984136544,235/45R18 94V ENVR,6,COOPER,3,396.06,166-284-008,166-284-0084739,,
8,6472,"COUNCIL BLUFFS, IA",GOODYEAR TIRE & RUBBER CO,COOPER,984214703,275/65R18 116H DRT,6,COOPER,1,199.49,171-296-049,171-296-0496472,,
9,8254,"WICHITA, KS",GOODYEAR TIRE & RUBBER CO,COOPER,984136548,205/65R16 95H ENVR,6,COOPER,4,362.44,166-287-008,166-287-0088254,,
12,8156,"LAREDO, TX",GOODYEAR TIRE & RUBBER CO,COOPER,984136531,225/50R18 95V ENVR,6,COOPER,2,234.26,166-092-008,166-092-0088156,,
33,6305,"BROOKLYN, OH",GOODYEAR TIRE & RUBBER CO,COOPER,984175440,225/45R18X 95W PRCN,6,COOPER,1,126.53,166-426-021,166-426-0216305,,
38,6383,"SALISBURY, MD",GOODYEAR TIRE & RUBBER CO,COOPER,984214688,275/55R20X 117H DRT,6,COOPER,2,387.86,171-293-049,171-293-0496383,,
31,6401,"TAMPA, FL",GOODYEAR TIRE & RUBBER CO,COOPER,984136549,215/55R16X 97H ENVR,6,COOPER,2,190.42,166-288-008,166-288-0086401,,
35,8218,"FAYETTEVILLE,NC",GOODYEAR TIRE & RUBBER CO,COOPER,984136621,205/55R16 91W RS3G1,6,COOPER,2,202.16,160-050-017,160-050-0178218,,
31,6387,PINELLAS PARK FL,GOODYEAR TIRE & RUBBER CO,COOPER,984214715,265/70R16 112T DRT,6,COOPER,1,145.2,171-289-050,171-289-0506387,,
7,4987,LONGMONT ALT CO,GOODYEAR TIRE & RUBBER CO,COOPER,984136572,235/60R17 102H ENVR+,6,COOPER,2,224.38,166-251-009,166-251-0094987,,
2,6616,"FULLERTON, CA",GOODYEAR TIRE & RUBBER CO,COOPER,984174886,275/35ZR19X 100Y NST,6,COOPER,2,356.28,160-135-025,160-135-0256616,,
30,6463,"ANDERSON, SC",GOODYEAR TIRE & RUBBER CO,COOPER,984136554,215/70R15 98H ENVR,6,COOPER,4,313.72,166-293-008,166-293-0086463,,
1,4799,"CITRUS HEIGHTS, CA",GOODYEAR TIRE & RUBBER CO,COOPER,984136562,225/65R17 102H ENVR+,6,COOPER,4,437.24,166-240-009,166-240-0094799,,
1,4768,"RENO, NV",GOODYEAR TIRE & RUBBER CO,COOPER,984136587,265/70R16 112T ENVR+,6,COOPER,5,681.1,166-265-009,166-265-0094768,,
25,6417,"HOLLAND, MI",GOODYEAR TIRE & RUBBER CO,COOPER,984175420,235/50R18 97W PRCN,6,COOPER,4,562.36,166-427-021,166-427-0216417,,
13,6245,Harker Heights TX,GOODYEAR TIRE & RUBBER CO,COOPER,984175460,235/55R20 102V PRCN,6,COOPER,4,633.44,166-482-021,166-482-0216245,,
32,6341,"SUNRISE, FL",GOODYEAR TIRE & RUBBER CO,COOPER,984136577,215/70R16 100H ENVR+,6,COOPER,2,186.34,166-256-009,166-256-0096341,,
31,6335,"OCALA, FL",GOODYEAR TIRE & RUBBER CO,COOPER,984175461,235/45R19 95H PRCN,6,COOPER,4,636.36,166-477-021,166-477-0216335,,
23,4740,"SOUTHAVEN, MS",GOODYEAR TIRE & RUBBER CO,COOPER,984136573,215/55R18 95H ENVR+,6,COOPER,1,112.76,166-253-009,166-253-0094740,,
22,6528,"CINCINNATI, OH",GOODYEAR TIRE & RUBBER CO,COOPER,984136555,245/45R18X 100V ENVR,6,COOPER,2,299.52,166-294-008,166-294-0086528,,
17,8221,"HARVEY, LA",GOODYEAR TIRE & RUBBER CO,COOPER,984175415,235/55R18X 104V PRCN,6,COOPER,4,589,166-480-021,166-480-0218221,,
8,4873,LINCOLN NE,GOODYEAR TIRE & RUBBER CO,COOPER,984136497,265/70R17X 116TRGTK,6,COOPER,4,674.16,171-101-005,171-101-0054873,,
23,8112,"CHATTANOOGA, TN",GOODYEAR TIRE & RUBBER CO,COOPER,980133705,P235/70R15 102T CBGT,6,COOPER,4,394.8,160-012-024,160-012-0248112,,
15,4712,"HOUSTON(MEM), TX",GOODYEAR TIRE & RUBBER CO,COOPER,984136593,265/65R17 112T ENVR+,6,COOPER,2,309.44,166-267-009,166-267-0094712,,
39,4994,MECHANICSBURG PA,GOODYEAR TIRE & RUBBER CO,COOPER,984136568,225/60R18 100H ENVR+,6,COOPER,4,465.28,166-246-009,166-246-0094994,,
36,4828,ORLANDO LAKE NONA FL,GOODYEAR TIRE & RUBBER CO,COOPER,984136437,205/70R16 97H DEDX,6,COOPER,1,111.13,166-218-007,166-218-0074828,,
31,4818,"BROOKSVILLE, FL",GOODYEAR TIRE & RUBBER CO,COOPER,984175410,225/65R17 102H PRCN,6,COOPER,4,500.2,166-476-021,166-476-0214818,,
14,6422,"LONGVIEW, TX",GOODYEAR TIRE & RUBBER CO,COOPER,984136568,225/60R18 100H ENVR+,6,COOPER,4,471.24,166-246-009,166-246-0096422,,
40,8186,"SCARBOROUGH, ME",GOODYEAR TIRE & RUBBER CO,COOPER,984174890,245/45ZR17X 99W NST,6,COOPER,1,118.45,160-133-025,160-133-0258186,,
19,8125,"SAINT LOUIS, MO",GOODYEAR TIRE & RUBBER CO,COOPER,984175427,225/55R18 98H PRCN,6,COOPER,1,134.67,166-473-021,166-473-0218125,,
29,6506,"ALBANY, GA",GOODYEAR TIRE & RUBBER CO,COOPER,984175447,245/45R18X 100V PRCN,6,COOPER,1,162.05,166-444-021,166-444-0216506,,
4,6205,"YUMA, AZ",GOODYEAR TIRE & RUBBER CO,COOPER,984214792,LT285/65R18E DSAT,6,COOPER,4,1135.04,170-292-048,170-292-0486205,,
30,6463,"ANDERSON, SC",GOODYEAR TIRE & RUBBER CO,COOPER,984214788,LT245/70R17E DSAT,6,COOPER,4,723.12,170-285-048,170-285-0486463,,
23,4930,COOKEVILLE TN,GOODYEAR TIRE & RUBBER CO,COOPER,984136535,195/65R15 91H ENVR,6,COOPER,1,69.98,166-277-008,166-277-0084930,,
27,6326,"REYNOLDSBURG, OH",GOODYEAR TIRE & RUBBER CO,COOPER,984136566,215/60R17 96H ENVR+,6,COOPER,1,102.84,166-244-009,166-244-0096326,,
31,6441,"LAKELAND (N),FL",GOODYEAR TIRE & RUBBER CO,COOPER,984136571,245/50R20 102V ENVR+,6,COOPER,4,632.56,166-250-009,166-250-0096441,,
7,6385,"GRAND FORKS, ND",GOODYEAR TIRE & RUBBER CO,COOPER,980133714,P245/60R15 100T CBGT,6,COOPER,4,467.56,160-008-024,160-008-0246385,,
39,6567,"EASTON, PA",GOODYEAR TIRE & RUBBER CO,COOPER,984136556,205/65R15 94H ENVR,6,COOPER,1,75.5,166-311-008,166-311-0086567,,
14,6255,"PLANO(N),TX",GOODYEAR TIRE & RUBBER CO,COOPER,984136527,205/60R16 92V ENVR,6,COOPER,4,331.44,166-027-008,166-027-0086255,,
33,6314,"ELYRIA, OH",GOODYEAR TIRE & RUBBER CO,COOPER,984136600,235/65R16 103T ENVR+,6,COOPER,4,386.64,166-295-009,166-295-0096314,,
31,6387,PINELLAS PARK FL,GOODYEAR TIRE & RUBBER CO,COOPER,984136565,235/55R17 99H ENVR+,6,COOPER,4,464.32,166-243-009,166-243-0096387,,
34,6351,"NEWPORT NEWS, VA",GOODYEAR TIRE & RUBBER CO,COOPER,984174876,245/35ZR19X 93Y NST,6,COOPER,4,640.6,160-118-025,160-118-0256351,,
29,6363,"JACKSONVILLE (W), FL",GOODYEAR TIRE & RUBBER CO,COOPER,984136577,215/70R16 100H ENVR+,6,COOPER,2,186.34,166-256-009,166-256-0096363,,
16,4749,CONWAY AR,GOODYEAR TIRE & RUBBER CO,COOPER,984136582,285/45R22X 114HENVR+,6,COOPER,3,582.6,166-261-009,166-261-0094749,,
16,4749,CONWAY AR,GOODYEAR TIRE & RUBBER CO,COOPER,980133688,P255/70R15 108T CBGT,6,COOPER,1,114.1,160-013-024,160-013-0244749,,
7,6565,"RAPID CITY, SD",GOODYEAR TIRE & RUBBER CO,COOPER,984136502,275/60R20 115T RGTK,6,COOPER,4,876.2,171-107-005,171-107-0056565,,
32,4857,CAPE CORAL (PINE) FL,GOODYEAR TIRE & RUBBER CO,COOPER,984136543,235/40R19X 96V ENVR,6,COOPER,2,296.48,166-283-008,166-283-0084857,,
23,4930,COOKEVILLE TN,GOODYEAR TIRE & RUBBER CO,COOPER,984136475,LT275/70R18E D HT3,6,COOPER,4,884.04,170-199-003,170-199-0034930,,
17,8221,"HARVEY, LA",GOODYEAR TIRE & RUBBER CO,COOPER,984136584,225/60R17 99H ENVR+,6,COOPER,2,214.98,166-263-009,166-263-0098221,,
8,6432,"SIOUX CITY,IA",GOODYEAR TIRE & RUBBER CO,COOPER,984136451,225/65R17 102H DEDX,6,COOPER,4,523.92,166-240-007,166-240-0076432,,
26,6666,"CANTON, MI",GOODYEAR TIRE & RUBBER CO,COOPER,984136560,235/65R17 104H ENVR+,6,COOPER,2,236.94,166-238-009,166-238-0096666,,
29,8253,"JACKSONVILLE(N), FL",GOODYEAR TIRE & RUBBER CO,COOPER,984175471,225/45R19X 96W PRCN,6,COOPER,4,633.44,166-432-021,166-432-0218253,,
9,6505,JEFFERSON CITY MO,GOODYEAR TIRE & RUBBER CO,COOPER,984214717,225/60R17X 103H DRT,6,COOPER,4,584.96,171-261-049,171-261-0496505,,
31,6448,"NEW PORT RICHEY, FL",GOODYEAR TIRE & RUBBER CO,COOPER,984136452,245/60R18 105H DEDX,6,COOPER,2,315.56,166-241-007,166-241-0076448,,
40,6423,"MIDDLETOWN, NY",GOODYEAR TIRE & RUBBER CO,COOPER,984136561,275/60R20 115H ENVR+,6,COOPER,4,697.08,166-239-009,166-239-0096423,,
28,4802,"HIRAM, GA",GOODYEAR TIRE & RUBBER CO,COOPER,984136568,225/60R18 100H ENVR+,6,COOPER,4,465.28,166-246-009,166-246-0094802,,
31,4998,"THE VILLAGES, FL",GOODYEAR TIRE & RUBBER CO,COOPER,984136595,265/70R17 115T ENVR+,6,COOPER,8,1103.12,166-269-009,166-269-0094998,,
18,6310,"FRIDLEY, MN",GOODYEAR TIRE & RUBBER CO,COOPER,984136568,225/60R18 100H ENVR+,6,COOPER,4,465.28,166-246-009,166-246-0096310,,
34,6351,"NEWPORT NEWS, VA",GOODYEAR TIRE & RUBBER CO,COOPER,984174870,225/45ZR17X 94W NST,6,COOPER,1,102.8,160-113-025,160-113-0256351,,
29,8116,"JACKSONVILLE,FL",GOODYEAR TIRE & RUBBER CO,COOPER,984136567,225/55R18 98H ENVR+,6,COOPER,1,124.62,166-245-009,166-245-0098116,,
12,8264,"SAN ANTONIO (S), TX",GOODYEAR TIRE & RUBBER CO,COOPER,984175433,255/65R18 111H PRCN,6,COOPER,4,630.44,166-496-021,166-496-0218264,,
29,8192,"DOTHAN, AL",GOODYEAR TIRE & RUBBER CO,COOPER,984214709,265/75R16 116T DRT,6,COOPER,4,615.32,171-292-050,171-292-0508192,,
6,8280,EL PASO TX,GOODYEAR TIRE & RUBBER CO,COOPER,984214717,225/60R17X 103H DRT,6,COOPER,4,584.96,171-261-049,171-261-0498280,,
37,6675,"ERIE, PA",GOODYEAR TIRE & RUBBER CO,COOPER,984136573,215/55R18 95H ENVR+,6,COOPER,4,451.04,166-253-009,166-253-0096675,,
22,6528,"CINCINNATI, OH",GOODYEAR TIRE & RUBBER CO,COOPER,984136562,225/65R17 102H ENVR+,6,COOPER,2,218.62,166-240-009,166-240-0096528,,
31,6403,"BRANDON, FL",GOODYEAR TIRE & RUBBER CO,COOPER,984175420,235/50R18 97W PRCN,6,COOPER,1,140.59,166-427-021,166-427-0216403,,
35,4872,COLUMBIA NE SC,GOODYEAR TIRE & RUBBER CO,COOPER,984175466,255/55R19X 111V PRCN,6,COOPER,4,674.84,166-494-021,166-494-0214872,,
37,6675,"ERIE, PA",GOODYEAR TIRE & RUBBER CO,COOPER,984136439,225/50R17X 98V DEDX,6,COOPER,4,508.28,166-220-007,166-220-0076675,,
17,6527,"BATON ROUGE, LA",GOODYEAR TIRE & RUBBER CO,COOPER,984136554,215/70R15 98H ENVR,6,COOPER,2,156.86,166-293-008,166-293-0086527,,
26,6657,"NOVI, MI",GOODYEAR TIRE & RUBBER CO,COOPER,984175439,245/65R17 107H PRCN,6,COOPER,4,550.52,166-490-021,166-490-0216657,,
9,6505,JEFFERSON CITY MO,GOODYEAR TIRE & RUBBER CO,COOPER,984136599,215/65R17 99T ENVR+,6,COOPER,2,199.1,166-274-009,166-274-0096505,,
14,8248,"DALLAS (W), TX",GOODYEAR TIRE & RUBBER CO,COOPER,984136566,215/60R17 96H ENVR+,6,COOPER,1,102.84,166-244-009,166-244-0098248,,
9,8176,"TOPEKA, KS",GOODYEAR TIRE & RUBBER CO,COOPER,984136539,215/50R17X 95V ENVR,6,COOPER,4,433.16,166-280-008,166-280-0088176,,
28,4802,"HIRAM, GA",GOODYEAR TIRE & RUBBER CO,COOPER,984136560,235/65R17 104H ENVR+,6,COOPER,2,236.94,166-238-009,166-238-0094802,,
34,6402,"GREENSBORO, NC",GOODYEAR TIRE & RUBBER CO,COOPER,984175411,205/55R16 91V PRCN,6,COOPER,2,192.38,166-435-021,166-435-0216402,,
24,8236,"GULFPORT, MS",GOODYEAR TIRE & RUBBER CO,COOPER,984175471,225/45R19X 96W PRCN,6,COOPER,4,633.44,166-432-021,166-432-0218236,,
9,6505,JEFFERSON CITY MO,GOODYEAR TIRE & RUBBER CO,COOPER,984136533,195/60R15 88H ENVR,6,COOPER,1,72.81,166-276-008,166-276-0086505,,
31,6387,PINELLAS PARK FL,GOODYEAR TIRE & RUBBER CO,COOPER,984136580,255/50R20X 109HENVR+,6,COOPER,6,1015.26,166-259-009,166-259-0096387,,
27,6518,"BRISTOL,VA",GOODYEAR TIRE & RUBBER CO,COOPER,984175428,275/55R20X 117H PRCN,6,COOPER,4,665.96,166-502-021,166-502-0216518,,
19,8125,"SAINT LOUIS, MO",GOODYEAR TIRE & RUBBER CO,COOPER,984136529,225/55R17 97V ENVR,6,COOPER,2,222.18,166-035-008,166-035-0088125,,
6,4703,"ALBUQUERQUE, NM",GOODYEAR TIRE & RUBBER CO,COOPER,984214700,265/60R18X 114H DRT,6,COOPER,4,720.92,171-286-049,171-286-0494703,,
34,6343,"RICHMOND(NW),VA",GOODYEAR TIRE & RUBBER CO,COOPER,984136584,225/60R17 99H ENVR+,6,COOPER,1,107.49,166-263-009,166-263-0096343,,
7,6425,"CASPER, WY",GOODYEAR TIRE & RUBBER CO,COOPER,984136490,35X12.50R22F DSTTPRO,6,COOPER,2,837.36,170-231-006,170-231-0066425,,
38,6383,"SALISBURY, MD",BRIDGESTONE AMERICAS TIRE OPER,FIRESTONE,984183794,265/65R18 114T LE3,7,FIRESTONE,3,590.61,14939,149396383,,
38,8193,"HAGERSTOWN, MD",BRIDGESTONE AMERICAS TIRE OPER,FIRESTONE,984183749,235/65R17 104H LE3,7,FIRESTONE,1,165.59,5365,53658193,,
20,6331,"KENOSHA, WI",BRIDGESTONE AMERICAS TIRE OPER,FIRESTONE,984184236,185/55R16 83H WG,7,FIRESTONE,4,577.72,11552,115526331,,
11,8282,"DALLAS (S), TX",BRIDGESTONE AMERICAS TIRE OPER,FIRESTONE,984172202,245/60R18 105H LE3,7,FIRESTONE,1,176.63,5384,53848282,,
6,4703,"ALBUQUERQUE, NM",BRIDGESTONE AMERICAS TIRE OPER,FIRESTONE,984183982,225/45R17X 94W FHV2,7,FIRESTONE,4,542.32,8245,82454703,,
39,8160,"TEMPLE, PA",BRIDGESTONE AMERICAS TIRE OPER,FIRESTONE,984183773,235/55R19 101H LE3,7,FIRESTONE,4,780.12,5394,53948160,,
18,4738,"EAGAN, MN",BRIDGESTONE AMERICAS TIRE OPER,FIRESTONE,984184204,235/60R18 103H WG,7,FIRESTONE,4,798.52,9163,91634738,,
9,6505,JEFFERSON CITY MO,BRIDGESTONE AMERICAS TIRE OPER,FIRESTONE,984183731,225/75R15 102T LE3,7,FIRESTONE,4,566.68,5344,53446505,,
32,6341,"SUNRISE, FL",BRIDGESTONE AMERICAS TIRE OPER,FIRESTONE,984183744,225/65R17 102H LE3,7,FIRESTONE,2,320.14,5359,53596341,,
6,8280,EL PASO TX,BRIDGESTONE AMERICAS TIRE OPER,FIRESTONE,984183995,235/50R17 96V FHV2,7,FIRESTONE,4,593.28,8264,82648280,,
13,6336,"TEMPLE, TX",BRIDGESTONE AMERICAS TIRE OPER,FIRESTONE,984183981,225/55R17 97V FHV2,7,FIRESTONE,1,140.13,8243,82436336,,
34,8220,"ROANOKE, VA",BRIDGESTONE AMERICAS TIRE OPER,FIRESTONE,984183773,235/55R19 101H LE3,7,FIRESTONE,4,791.16,5394,53948220,,
10,8241,"MIDWEST CITY, OK",BRIDGESTONE AMERICAS TIRE OPER,FIRESTONE,984183754,245/70R17 110T LE3,7,FIRESTONE,4,691.8,5369,53698241,,
33,4936,"GRANVILLE, WV",BRIDGESTONE AMERICAS TIRE OPER,FIRESTONE,984183744,225/65R17 102H LE3,7,FIRESTONE,1,160.07,5359,53594936,,
11,8269,"GRAND PRAIRIE, TX",BRIDGESTONE AMERICAS TIRE OPER,FIRESTONE,984183785,275/60R20 115H LE3,7,FIRESTONE,2,401.84,5409,54098269,,
8,6472,"COUNCIL BLUFFS, IA",BRIDGESTONE AMERICAS TIRE OPER,FIRESTONE,984184201,225/60R17 99H WG,7,FIRESTONE,4,640.28,4431,44316472,,
20,6331,"KENOSHA, WI",BRIDGESTONE AMERICAS TIRE OPER,FIRESTONE,984183770,275/65R18 116T LE3,7,FIRESTONE,4,765.4,5392,53926331,,
8,6432,"SIOUX CITY,IA",BRIDGESTONE AMERICAS TIRE OPER,FIRESTONE,984183765,255/65R18 111H LE3,7,FIRESTONE,4,754.36,5386,53866432,,
20,6349,"EVERGREEN PARK, IL",BRIDGESTONE AMERICAS TIRE OPER,FIRESTONE,984183784,265/50R20 107H LE3,7,FIRESTONE,4,794.84,5408,54086349,,
6,8280,EL PASO TX,BRIDGESTONE AMERICAS TIRE OPER,FIRESTONE,984183740,265/70R16 112T LE3,7,FIRESTONE,4,684.44,5354,53548280,,
18,6254,"MAPLE GROVE, MN",BRIDGESTONE AMERICAS TIRE OPER,FIRESTONE,984183980,215/45R17X 91W FHV2,7,FIRESTONE,4,538.68,8241,82416254,,
2,6628,"TORRANCE, CA",BRIDGESTONE AMERICAS TIRE OPER,FIRESTONE,984183987,225/50R18 95W FHV2,7,FIRESTONE,2,314.84,8253,82536628,,
33,4847,GREENSBURG PA,BRIDGESTONE AMERICAS TIRE OPER,FIRESTONE,984184222,225/65R16 100H WG,7,FIRESTONE,4,574.04,11533,115334847,,
33,4847,GREENSBURG PA,BRIDGESTONE AMERICAS TIRE OPER,FIRESTONE,984184199,215/65R16 98H WG,7,FIRESTONE,4,533.56,4421,44214847,,
26,6666,"CANTON, MI",BRIDGESTONE AMERICAS TIRE OPER,FIRESTONE,984183978,215/50R17X 95W FHV2,7,FIRESTONE,4,549.6,8236,82366666,,
31,8155,"GAINESVILLE, FL",BRIDGESTONE AMERICAS TIRE OPER,FIRESTONE,984183792,235/75R15X 109T LE3,7,FIRESTONE,1,148.11,14819,148198155,,
34,6368,"CHESAPEAKE, VA",BRIDGESTONE AMERICAS TIRE OPER,FIRESTONE,984183765,255/65R18 111H LE3,7,FIRESTONE,4,754.36,5386,53866368,,
22,8188,"LEXINGTON, KY",BRIDGESTONE AMERICAS TIRE OPER,FIRESTONE,984183762,235/55R18 100V LE3,7,FIRESTONE,1,184.91,5382,53828188,,
33,4847,GREENSBURG PA,BRIDGESTONE AMERICAS TIRE OPER,FIRESTONE,984183770,275/65R18 116T LE3,7,FIRESTONE,2,382.7,5392,53924847,,
14,8242,"DALLAS (E), TX",BRIDGESTONE AMERICAS TIRE OPER,FIRESTONE,984183980,215/45R17X 91W FHV2,7,FIRESTONE,2,271.16,8241,82418242,,
31,6387,PINELLAS PARK FL,BRIDGESTONE AMERICAS TIRE OPER,FIRESTONE,984183770,275/65R18 116T LE3,7,FIRESTONE,4,765.4,5392,53926387,,
20,6487,"ADDISON, IL",BRIDGESTONE AMERICAS TIRE OPER,FIRESTONE,984183776,245/55R19 103H LE3,7,FIRESTONE,1,194.29,5397,53976487,,
20,6388,MONTGOMERY IL,BRIDGESTONE AMERICAS TIRE OPER,FIRESTONE,984183709,P255/70R17 110S AT2,7,FIRESTONE,4,770.36,14417,144176388,,
20,6487,"ADDISON, IL",BRIDGESTONE AMERICAS TIRE OPER,FIRESTONE,984184222,225/65R16 100H WG,7,FIRESTONE,4,585.08,11533,115336487,,
14,4783,"GARLAND, TX",BRIDGESTONE AMERICAS TIRE OPER,FIRESTONE,984183727,245/75R16 111T LE3,7,FIRESTONE,4,673.4,5340,53404783,,
35,6573,Jacksonville NC,BRIDGESTONE AMERICAS TIRE OPER,FIRESTONE,984183727,245/75R16 111T LE3,7,FIRESTONE,4,673.4,5340,53406573,,
3,4974,"NORTH LAS VEGAS (NE), NV",BRIDGESTONE AMERICAS TIRE OPER,FIRESTONE,984183980,215/45R17X 91W FHV2,7,FIRESTONE,1,134.67,8241,82414974,,
13,6245,Harker Heights TX,BRIDGESTONE AMERICAS TIRE OPER,FIRESTONE,984183761,235/60R18 103H LE3,7,FIRESTONE,4,706.52,5380,53806245,,
23,8292,"MEMPHIS (E), TN",BRIDGESTONE AMERICAS TIRE OPER,FIRESTONE,984184021,215/65R17 99H FHV2,7,FIRESTONE,6,775.26,14736,147368292,,
39,6330,"DOVER, DE",BRIDGESTONE AMERICAS TIRE OPER,FIRESTONE,984184002,215/55R18 95H FHV2,7,FIRESTONE,4,542.32,8281,82816330,,
31,6448,"NEW PORT RICHEY, FL",BRIDGESTONE AMERICAS TIRE OPER,FIRESTONE,984183748,235/70R17X 109T LE3,7,FIRESTONE,4,706.52,5362,53626448,,
23,4776,"HUNTSVILLE, AL",BRIDGESTONE AMERICAS TIRE OPER,FIRESTONE,984183997,235/45R17X 97W FHV2,7,FIRESTONE,4,564.16,8270,82704776,,
18,6310,"FRIDLEY, MN",BRIDGESTONE AMERICAS TIRE OPER,FIRESTONE,984184002,215/55R18 95H FHV2,7,FIRESTONE,8,1084.64,8281,82816310,,
39,6693,"LANGHORNE, PA",BRIDGESTONE AMERICAS TIRE OPER,FIRESTONE,984184215,205/70R15 96T WG,7,FIRESTONE,2,250.22,11519,115196693,,
2,6610,"CHINO, CA",BRIDGESTONE AMERICAS TIRE OPER,FIRESTONE,984184005,225/45R19X 96W FHV2,7,FIRESTONE,4,694.76,12039,120396610,,
36,8138,"DAYTONA BEACH, FL",BRIDGESTONE AMERICAS TIRE OPER,FIRESTONE,984183785,275/60R20 115H LE3,7,FIRESTONE,4,805.88,5409,54098138,,
7,8172,"FARGO, ND",BRIDGESTONE AMERICAS TIRE OPER,FIRESTONE,984184005,225/45R19X 96W FHV2,7,FIRESTONE,2,347.38,12039,120398172,,
38,6371,"WOODBRIDGE, VA",BRIDGESTONE AMERICAS TIRE OPER,FIRESTONE,984183988,235/55R17 99W FHV2,7,FIRESTONE,1,147.41,8255,82556371,,
25,4781,"LANSING (E),MI",BRIDGESTONE AMERICAS TIRE OPER,FIRESTONE,984184010,225/55R18 98V FHV2,7,FIRESTONE,4,618.76,13406,134064781,,
39,4722,"WILLIAMSTOWN, NJ",BRIDGESTONE AMERICAS TIRE OPER,FIRESTONE,984183783,255/50R20X 109H LE3,7,FIRESTONE,4,842.68,5406,54064722,,
23,8294,"NASHVILLE(S),TN",BRIDGESTONE AMERICAS TIRE OPER,FIRESTONE,984183754,245/70R17 110T LE3,7,FIRESTONE,4,713.88,5369,53698294,,
17,4790,"PEARL, MS",BRIDGESTONE AMERICAS TIRE OPER,FIRESTONE,984184000,245/45R17X 99W FHV2,7,FIRESTONE,4,647.88,8278,82784790,,
7,6425,"CASPER, WY",BRIDGESTONE AMERICAS TIRE OPER,FIRESTONE,984184203,235/65R17 104H WG,7,FIRESTONE,1,175.71,8101,81016425,,
28,4780,"BUFORD, GA",BRIDGESTONE AMERICAS TIRE OPER,FIRESTONE,984183992,235/40R18X 95W FHV2,7,FIRESTONE,4,655.16,8260,82604780,,
14,8242,"DALLAS (E), TX",BRIDGESTONE AMERICAS TIRE OPER,FIRESTONE,984183995,235/50R17 96V FHV2,7,FIRESTONE,4,593.28,8264,82648242,,
5,8272,"COLORADO SPRINGS, CO",BRIDGESTONE AMERICAS TIRE OPER,FIRESTONE,984183819,LT275/70R18E MT2,7,FIRESTONE,4,1148.36,245825,2458258272,,
27,6407,"MANSFIELD, OH",BRIDGESTONE AMERICAS TIRE OPER,FIRESTONE,984183788,245/60R20 107H LE3,7,FIRESTONE,1,193.19,5412,54126407,,
20,6331,"KENOSHA, WI",BRIDGESTONE AMERICAS TIRE OPER,FIRESTONE,984183982,225/45R17X 94W FHV2,7,FIRESTONE,4,531.4,8245,82456331,,
5,6549,"PUEBLO, CO",BRIDGESTONE AMERICAS TIRE OPER,FIRESTONE,984183978,215/50R17X 95W FHV2,7,FIRESTONE,4,549.6,8236,82366549,,
33,4936,"GRANVILLE, WV",BRIDGESTONE AMERICAS TIRE OPER,FIRESTONE,984183718,P275/65R18 114T AT2,7,FIRESTONE,4,928.76,14706,147064936,,
31,4861,"ST PETERSBURG, FL",BRIDGESTONE AMERICAS TIRE OPER,FIRESTONE,984183754,245/70R17 110T LE3,7,FIRESTONE,1,172.95,5369,53694861,,
36,4785,"SANFORD, FL",BRIDGESTONE AMERICAS TIRE OPER,FIRESTONE,984183788,245/60R20 107H LE3,7,FIRESTONE,4,780.12,5412,54124785,,
27,6373,"VIENNA, WV",BRIDGESTONE AMERICAS TIRE OPER,FIRESTONE,984183987,225/50R18 95W FHV2,7,FIRESTONE,2,314.84,8253,82536373,,
2,4822,"MURRIETA, CA",BRIDGESTONE AMERICAS TIRE OPER,FIRESTONE,984183975,215/55R17 94V FHV2,7,FIRESTONE,4,542.32,8230,82304822,,
31,4861,"ST PETERSBURG, FL",BRIDGESTONE AMERICAS TIRE OPER,FIRESTONE,984183978,215/50R17X 95W FHV2,7,FIRESTONE,4,549.6,8236,82364861,,
31,6441,"LAKELAND (N),FL",BRIDGESTONE AMERICAS TIRE OPER,FIRESTONE,984183786,275/55R20 113H LE3,7,FIRESTONE,4,780.12,5410,54106441,,
26,6660,"PORT HURON, MI",BRIDGESTONE AMERICAS TIRE OPER,FIRESTONE,984184002,215/55R18 95H FHV2,7,FIRESTONE,4,542.32,8281,82816660,,
7,6425,"CASPER, WY",BRIDGESTONE AMERICAS TIRE OPER,FIRESTONE,984183825,LT245/75R17E XT,7,FIRESTONE,4,907.16,4375,43756425,,
10,8263,"TULSA, OK",BRIDGESTONE AMERICAS TIRE OPER,FIRESTONE,984183697,P245/75R16 109S AT2,7,FIRESTONE,2,347.38,14145,141458263,,
36,8138,"DAYTONA BEACH, FL",BRIDGESTONE AMERICAS TIRE OPER,FIRESTONE,984183985,235/50R18 97W FHV2,7,FIRESTONE,4,662.44,8250,82508138,,
26,6666,"CANTON, MI",BRIDGESTONE AMERICAS TIRE OPER,FIRESTONE,984184194,195/65R15 91H WG,7,FIRESTONE,4,482.04,4405,44056666,,
22,8188,"LEXINGTON, KY",BRIDGESTONE AMERICAS TIRE OPER,FIRESTONE,984183770,275/65R18 116T LE3,7,FIRESTONE,8,1555.36,5392,53928188,,
13,4713,"SHENANDOAH, TX",BRIDGESTONE AMERICAS TIRE OPER,FIRESTONE,984183721,P275/60R20 114S AT2,7,FIRESTONE,4,921.56,14757,147574713,,
39,6693,"LANGHORNE, PA",BRIDGESTONE AMERICAS TIRE OPER,FIRESTONE,984183770,275/65R18 116T LE3,7,FIRESTONE,8,1604.4,5392,53926693,,
29,8116,"JACKSONVILLE,FL",BRIDGESTONE AMERICAS TIRE OPER,FIRESTONE,984183770,275/65R18 116T LE3,7,FIRESTONE,4,765.4,5392,53928116,,
32,6217,"MIAMI, FL",BRIDGESTONE AMERICAS TIRE OPER,FIRESTONE,984183834,LT245/70R17E XT,7,FIRESTONE,4,817.16,4385,43856217,,
4,4915,BULLHEAD CITY AZ,BRIDGESTONE AMERICAS TIRE OPER,FIRESTONE,984183784,265/50R20 107H LE3,7,FIRESTONE,4,809.56,5408,54084915,,
14,6255,"PLANO(N),TX",BRIDGESTONE AMERICAS TIRE OPER,FIRESTONE,984183744,225/65R17 102H LE3,7,FIRESTONE,4,655,5359,53596255,,
19,4875,WENTZVILLE MO,BRIDGESTONE AMERICAS TIRE OPER,FIRESTONE,984183779,235/55R20 102H LE3,7,FIRESTONE,1,192.27,5400,54004875,,
1,6405,"YUBA CITY, CA",BRIDGESTONE AMERICAS TIRE OPER,FIRESTONE,984183994,245/40R19X 98W FHV2,7,FIRESTONE,4,781.16,8262,82626405,,
31,6448,"NEW PORT RICHEY, FL",BRIDGESTONE AMERICAS TIRE OPER,FIRESTONE,984183740,265/70R16 112T LE3,7,FIRESTONE,4,669.72,5354,53546448,,
1,4799,"CITRUS HEIGHTS, CA",BRIDGESTONE AMERICAS TIRE OPER,FIRESTONE,984183734,265/75R15 112T LE3,7,FIRESTONE,4,651.32,5348,53484799,,
33,4936,"GRANVILLE, WV",BRIDGESTONE AMERICAS TIRE OPER,FIRESTONE,984183790,235/70R16 106T LE3,7,FIRESTONE,4,599.8,14817,148174936,,
29,4879,AIKEN SC,BRIDGESTONE AMERICAS TIRE OPER,FIRESTONE,984183758,265/65R17 112T LE3,7,FIRESTONE,4,702.84,5375,53754879,,
20,6464,"DES PLAINES, IL",BRIDGESTONE AMERICAS TIRE OPER,FIRESTONE,984183980,215/45R17X 91W FHV2,7,FIRESTONE,2,269.34,8241,82416464,,
30,4797,KANNAPOLIS NC,BRIDGESTONE AMERICAS TIRE OPER,FIRESTONE,984184021,215/65R17 99H FHV2,7,FIRESTONE,4,516.84,14736,147364797,,
8,6427,"ROCHESTER, MN",BRIDGESTONE AMERICAS TIRE OPER,FIRESTONE,984183779,235/55R20 102H LE3,7,FIRESTONE,4,769.08,5400,54006427,,
3,4974,"NORTH LAS VEGAS (NE), NV",BRIDGESTONE AMERICAS TIRE OPER,FIRESTONE,984183978,215/50R17X 95W FHV2,7,FIRESTONE,2,274.8,8236,82364974,,
23,4776,"HUNTSVILLE, AL",BRIDGESTONE AMERICAS TIRE OPER,FIRESTONE,984183773,235/55R19 101H LE3,7,FIRESTONE,4,798.52,5394,53944776,,
8,6181,PAPILLION NE,BRIDGESTONE AMERICAS TIRE OPER,FIRESTONE,984183770,275/65R18 116T LE3,7,FIRESTONE,4,802.2,5392,53926181,,
24,4817,"SAM&#39;S TRUSSVILLE , AL",BRIDGESTONE AMERICAS TIRE OPER,FIRESTONE,984184200,225/65R17 102H WG,7,FIRESTONE,4,662.36,4427,44274817,,
19,8205,"SAINT LOUIS, MO",BRIDGESTONE AMERICAS TIRE OPER,FIRESTONE,984183730,215/75R15 100T LE3,7,FIRESTONE,2,285.18,5343,53438205,,
38,6434,"LAUREL, MD",BRIDGESTONE AMERICAS TIRE OPER,FIRESTONE,984184217,235/55R17 99V WG,7,FIRESTONE,3,535.41,11523,115236434,,
3,4983,"LAS VEGAS (RAINBOW), NV",BRIDGESTONE AMERICAS TIRE OPER,FIRESTONE,984183976,225/40R18X 92W FHV2,7,FIRESTONE,2,285.72,8234,82344983,,
4,4915,BULLHEAD CITY AZ,BRIDGESTONE AMERICAS TIRE OPER,FIRESTONE,984183993,235/55R18 100V FHV2,7,FIRESTONE,4,640.6,8261,82614915,,
39,6330,"DOVER, DE",BRIDGESTONE AMERICAS TIRE OPER,FIRESTONE,984183989,245/45R20X 103W FHV2,7,FIRESTONE,1,203.39,8256,82566330,,
9,8163,"COLUMBIA, MO",BRIDGESTONE AMERICAS TIRE OPER,FIRESTONE,984183690,225/65R17 102H AT2,7,FIRESTONE,2,347.48,13911,139118163,,
24,8236,"GULFPORT, MS",BRIDGESTONE AMERICAS TIRE OPER,FIRESTONE,984183727,245/75R16 111T LE3,7,FIRESTONE,4,673.4,5340,53408236,,
13,6245,Harker Heights TX,BRIDGESTONE AMERICAS TIRE OPER,FIRESTONE,984184228,215/45R17X 91V WG,7,FIRESTONE,2,342.22,11541,115416245,,
17,8221,"HARVEY, LA",BRIDGESTONE AMERICAS TIRE OPER,FIRESTONE,984183850,LT305/55R20E XT,7,FIRESTONE,2,779.38,8377,83778221,,
24,4817,"SAM&#39;S TRUSSVILLE , AL",BRIDGESTONE AMERICAS TIRE OPER,FIRESTONE,984183805,35X12.50R17E MT2,7,FIRESTONE,4,1407.56,3810,38104817,,
39,8175,"HARRISBURG, PA",BRIDGESTONE AMERICAS TIRE OPER,FIRESTONE,984184203,235/65R17 104H WG,7,FIRESTONE,4,702.84,8101,81018175,,
10,8241,"MIDWEST CITY, OK",BRIDGESTONE AMERICAS TIRE OPER,FIRESTONE,984183794,265/65R18 114T LE3,7,FIRESTONE,1,196.87,14939,149398241,,
7,4933,"BISMARCK, ND",BRIDGESTONE AMERICAS TIRE OPER,FIRESTONE,984184201,225/60R17 99H WG,7,FIRESTONE,2,320.14,4431,44314933,,
37,6675,"ERIE, PA",BRIDGESTONE AMERICAS TIRE OPER,FIRESTONE,984183736,215/70R16 100H LE3,7,FIRESTONE,4,563,5350,53506675,,
1,4768,"RENO, NV",BRIDGESTONE AMERICAS TIRE OPER,FIRESTONE,984184246,205/60R16 92V WG,7,FIRESTONE,4,526.2,11567,115674768,,
37,6675,"ERIE, PA",BRIDGESTONE AMERICAS TIRE OPER,FIRESTONE,984183780,245/50R20 102H LE3,7,FIRESTONE,4,780.12,5401,54016675,,
40,6333,"BANGOR, ME",BRIDGESTONE AMERICAS TIRE OPER,FIRESTONE,984183834,LT245/70R17E XT,7,FIRESTONE,4,817.16,4385,43856333,,
23,6507,"JACKSON, TN",BRIDGESTONE AMERICAS TIRE OPER,FIRESTONE,984183978,215/50R17X 95W FHV2,7,FIRESTONE,4,549.6,8236,82366507,,
2,4735,"LA HABRA, CA",BRIDGESTONE AMERICAS TIRE OPER,FIRESTONE,984183777,255/50R19X 107H LE3,7,FIRESTONE,4,780.12,5398,53984735,,
37,6675,"ERIE, PA",BRIDGESTONE AMERICAS TIRE OPER,FIRESTONE,984184201,225/60R17 99H WG,7,FIRESTONE,4,640.28,4431,44316675,,
33,4750,"CUYAHOGA FALLS, OH",BRIDGESTONE AMERICAS TIRE OPER,FIRESTONE,984183744,225/65R17 102H LE3,7,FIRESTONE,1,160.07,5359,53594750,,
33,4847,GREENSBURG PA,BRIDGESTONE AMERICAS TIRE OPER,FIRESTONE,984183786,275/55R20 113H LE3,7,FIRESTONE,4,780.12,5410,54104847,,
26,6412,"SOUTHGATE, MI",BRIDGESTONE AMERICAS TIRE OPER,FIRESTONE,984183990,235/40R19X 96V FHV2,7,FIRESTONE,1,187.19,8258,82586412,,
31,6403,"BRANDON, FL",BRIDGESTONE AMERICAS TIRE OPER,FIRESTONE,984183975,215/55R17 94V FHV2,7,FIRESTONE,8,1077.36,8230,82306403,,
27,6308,"COLUMBUS(W),OH",BRIDGESTONE AMERICAS TIRE OPER,FIRESTONE,984183754,245/70R17 110T LE3,7,FIRESTONE,4,691.8,5369,53696308,,
31,6441,"LAKELAND (N),FL",BRIDGESTONE AMERICAS TIRE OPER,FIRESTONE,984184021,215/65R17 99H FHV2,7,FIRESTONE,2,258.42,14736,147366441,,
27,6572,"KNOXVILLE, TN",BRIDGESTONE AMERICAS TIRE OPER,FIRESTONE,984183773,235/55R19 101H LE3,7,FIRESTONE,4,791.16,5394,53946572,,
32,6217,"MIAMI, FL",BRIDGESTONE AMERICAS TIRE OPER,FIRESTONE,984183709,P255/70R17 110S AT2,7,FIRESTONE,1,192.59,14417,144176217,,
3,4974,"NORTH LAS VEGAS (NE), NV",BRIDGESTONE AMERICAS TIRE OPER,FIRESTONE,984183744,225/65R17 102H LE3,7,FIRESTONE,1,160.07,5359,53594974,,
33,4936,"GRANVILLE, WV",BRIDGESTONE AMERICAS TIRE OPER,FIRESTONE,984183826,LT265/75R16E XT,7,FIRESTONE,4,899.96,4376,43764936,,
31,6420,"CLEARWATER, FL",BRIDGESTONE AMERICAS TIRE OPER,FIRESTONE,984183831,LT275/65R20E XT,7,FIRESTONE,4,1385.96,4382,43826420,,
38,8193,"HAGERSTOWN, MD",BRIDGESTONE AMERICAS TIRE OPER,FIRESTONE,984172202,245/60R18 105H LE3,7,FIRESTONE,4,706.52,5384,53848193,,
18,4787,"MINNEAPOLIS, MN",BRIDGESTONE AMERICAS TIRE OPER,FIRESTONE,984187872,225/65R17 102S WFUV,7,FIRESTONE,4,547.56,148249,1482494787,,
34,6368,"CHESAPEAKE, VA",BRIDGESTONE AMERICAS TIRE OPER,FIRESTONE,984183815,LT285/75R16E MT2,7,FIRESTONE,4,1105.16,245621,2456216368,,
14,4783,"GARLAND, TX",BRIDGESTONE AMERICAS TIRE OPER,FIRESTONE,984184200,225/65R17 102H WG,7,FIRESTONE,4,662.36,4427,44274783,,
31,6448,"NEW PORT RICHEY, FL",BRIDGESTONE AMERICAS TIRE OPER,FIRESTONE,984183785,275/60R20 115H LE3,7,FIRESTONE,1,201.47,5409,54096448,,
31,4861,"ST PETERSBURG, FL",BRIDGESTONE AMERICAS TIRE OPER,FIRESTONE,984183793,235/65R18 106T LE3,7,FIRESTONE,1,182.15,14938,149384861,,
22,8188,"LEXINGTON, KY",BRIDGESTONE AMERICAS TIRE OPER,FIRESTONE,984183744,225/65R17 102H LE3,7,FIRESTONE,4,650.08,5359,53598188,,
19,4999,"QUINCY, IL",BRIDGESTONE AMERICAS TIRE OPER,FIRESTONE,984183784,265/50R20 107H LE3,7,FIRESTONE,4,794.84,5408,54084999,,
27,6556,"ST CLAIRSVILLE, OH",BRIDGESTONE AMERICAS TIRE OPER,FIRESTONE,984183996,225/60R18 100V FHV2,7,FIRESTONE,4,618.76,8268,82686556,,
37,6440,"LATHAM, NY",BRIDGESTONE AMERICAS TIRE OPER,FIRESTONE,984184201,225/60R17 99H WG,7,FIRESTONE,4,640.28,4431,44316440,,
23,6260,"BARTLETT, TN",BRIDGESTONE AMERICAS TIRE OPER,FIRESTONE,984183728,245/70R16 107T LE3,7,FIRESTONE,1,159.15,5341,53416260,,
21,6489,"CALUMET CITY, IL",BRIDGESTONE AMERICAS TIRE OPER,FIRESTONE,984183714,P265/65R17 110S AT2,7,FIRESTONE,4,799.16,14553,145536489,,
32,8173,"MIRAMAR, FL",BRIDGESTONE AMERICAS TIRE OPER,FIRESTONE,984184021,215/65R17 99H FHV2,7,FIRESTONE,4,513.2,14736,147368173,,
27,6308,"COLUMBUS(W),OH",BRIDGESTONE AMERICAS TIRE OPER,FIRESTONE,984184236,185/55R16 83H WG,7,FIRESTONE,4,583.24,11552,115526308,,
32,6217,"MIAMI, FL",BRIDGESTONE AMERICAS TIRE OPER,FIRESTONE,984184215,205/70R15 96T WG,7,FIRESTONE,4,511.48,11519,115196217,,
11,4905,"DENTON, TX",BRIDGESTONE AMERICAS TIRE OPER,FIRESTONE,984183721,P275/60R20 114S AT2,7,FIRESTONE,1,227.69,14757,147574905,,
17,6503,"HATTIESBURG, MS",BRIDGESTONE AMERICAS TIRE OPER,FIRESTONE,984183990,235/40R19X 96V FHV2,7,FIRESTONE,1,187.19,8258,82586503,,
11,6439,"ODESSA,TX",BRIDGESTONE AMERICAS TIRE OPER,FIRESTONE,984183783,255/50R20X 109H LE3,7,FIRESTONE,1,206.07,5406,54066439,,
31,6441,"LAKELAND (N),FL",BRIDGESTONE AMERICAS TIRE OPER,FIRESTONE,984183711,P285/70R17 117T AT2,7,FIRESTONE,4,892.76,14468,144686441,,
6,8270,"LUBBOCK, TX",BRIDGESTONE AMERICAS TIRE OPER,FIRESTONE,984183782,255/55R20 107H LE3,7,FIRESTONE,4,787.48,5405,54058270,,
31,4861,"ST PETERSBURG, FL",BRIDGESTONE AMERICAS TIRE OPER,FIRESTONE,984184021,215/65R17 99H FHV2,7,FIRESTONE,4,515.04,14736,147364861,,
31,4998,"THE VILLAGES, FL",BRIDGESTONE AMERICAS TIRE OPER,FIRESTONE,984183740,265/70R16 112T LE3,7,FIRESTONE,4,669.72,5354,53544998,,
32,8157,"W.PALM BEACH,FL",BRIDGESTONE AMERICAS TIRE OPER,FIRESTONE,984183990,235/40R19X 96V FHV2,7,FIRESTONE,1,183.59,8258,82588157,,
18,6310,"FRIDLEY, MN",BRIDGESTONE AMERICAS TIRE OPER,FIRESTONE,984184230,225/55R17 97V WG,7,FIRESTONE,4,673.4,11546,115466310,,
23,4776,"HUNTSVILLE, AL",BRIDGESTONE AMERICAS TIRE OPER,FIRESTONE,984183988,235/55R17 99W FHV2,7,FIRESTONE,4,604.2,8255,82554776,,
27,6326,"REYNOLDSBURG, OH",BRIDGESTONE AMERICAS TIRE OPER,FIRESTONE,984172202,245/60R18 105H LE3,7,FIRESTONE,4,706.52,5384,53846326,,
2,6628,"TORRANCE, CA",BRIDGESTONE AMERICAS TIRE OPER,FIRESTONE,984172202,245/60R18 105H LE3,7,FIRESTONE,2,356.94,5384,53846628,,
33,4936,"GRANVILLE, WV",BRIDGESTONE AMERICAS TIRE OPER,FIRESTONE,984184238,225/55R18 98V WG,7,FIRESTONE,4,758.04,11554,115544936,,
6,4703,"ALBUQUERQUE, NM",BRIDGESTONE AMERICAS TIRE OPER,FIRESTONE,984183740,265/70R16 112T LE3,7,FIRESTONE,4,669.72,5354,53544703,,
9,4870,KANSAS CITY KS,BRIDGESTONE AMERICAS TIRE OPER,FIRESTONE,984183770,275/65R18 116T LE3,7,FIRESTONE,3,601.65,5392,53924870,,
20,8297,"ROCKFORD, IL",BRIDGESTONE AMERICAS TIRE OPER,FIRESTONE,984184215,205/70R15 96T WG,7,FIRESTONE,1,125.11,11519,115198297,,
9,8176,"TOPEKA, KS",BRIDGESTONE AMERICAS TIRE OPER,FIRESTONE,984183780,245/50R20 102H LE3,7,FIRESTONE,4,780.12,5401,54018176,,
11,8269,"GRAND PRAIRIE, TX",BRIDGESTONE AMERICAS TIRE OPER,FIRESTONE,984183788,245/60R20 107H LE3,7,FIRESTONE,4,772.76,5412,54128269,,
2,6628,"TORRANCE, CA",BRIDGESTONE AMERICAS TIRE OPER,FIRESTONE,984183785,275/60R20 115H LE3,7,FIRESTONE,4,805.44,5409,54096628,,
23,4776,"HUNTSVILLE, AL",BRIDGESTONE AMERICAS TIRE OPER,FIRESTONE,984183765,255/65R18 111H LE3,7,FIRESTONE,4,739.64,5386,53864776,,
15,4712,"HOUSTON(MEM), TX",BRIDGESTONE AMERICAS TIRE OPER,FIRESTONE,984183694,245/75R17 112S AT2,7,FIRESTONE,1,206.09,13915,139154712,,
9,4870,KANSAS CITY KS,BRIDGESTONE AMERICAS TIRE OPER,FIRESTONE,984183807,35X12.50R20E MT2,7,FIRESTONE,4,1616.36,3812,38124870,,
26,6666,"CANTON, MI",BRIDGESTONE AMERICAS TIRE OPER,FIRESTONE,984184002,215/55R18 95H FHV2,7,FIRESTONE,4,542.32,8281,82816666,,
24,4817,"SAM&#39;S TRUSSVILLE , AL",BRIDGESTONE AMERICAS TIRE OPER,FIRESTONE,984183786,275/55R20 113H LE3,7,FIRESTONE,4,780.12,5410,54104817,,
31,6420,"CLEARWATER, FL",BRIDGESTONE AMERICAS TIRE OPER,FIRESTONE,984183837,31X10.50R15C XT,7,FIRESTONE,4,795.56,4389,43896420,,
34,6402,"GREENSBORO, NC",BRIDGESTONE AMERICAS TIRE OPER,FIRESTONE,984184021,215/65R17 99H FHV2,7,FIRESTONE,4,516.84,14736,147366402,,
24,4817,"SAM&#39;S TRUSSVILLE , AL",BRIDGESTONE AMERICAS TIRE OPER,FIRESTONE,984184246,205/60R16 92V WG,7,FIRESTONE,1,134.31,11567,115674817,,
20,6487,"ADDISON, IL",BRIDGESTONE AMERICAS TIRE OPER,FIRESTONE,984187868,P265/65R18 112S WFUV,7,FIRESTONE,4,673.36,6008,60086487,,
33,4847,GREENSBURG PA,BRIDGESTONE AMERICAS TIRE OPER,FIRESTONE,984183980,215/45R17X 91W FHV2,7,FIRESTONE,4,538.68,8241,82414847,,
27,6407,"MANSFIELD, OH",BRIDGESTONE AMERICAS TIRE OPER,FIRESTONE,984183707,P245/70R17 108S AT2,7,FIRESTONE,4,734.36,14383,143836407,,
34,6402,"GREENSBORO, NC",BRIDGESTONE AMERICAS TIRE OPER,FIRESTONE,984183988,235/55R17 99W FHV2,7,FIRESTONE,4,593.28,8255,82556402,,
5,6631,"AURORA, CO",BRIDGESTONE AMERICAS TIRE OPER,FIRESTONE,984183761,235/60R18 103H LE3,7,FIRESTONE,4,713.88,5380,53806631,,
11,4905,"DENTON, TX",BRIDGESTONE AMERICAS TIRE OPER,FIRESTONE,984184236,185/55R16 83H WG,7,FIRESTONE,1,147.19,11552,115524905,,
38,6434,"LAUREL, MD",BRIDGESTONE AMERICAS TIRE OPER,FIRESTONE,984184211,215/65R17 99H WG,7,FIRESTONE,4,651.32,9170,91706434,,
40,6423,"MIDDLETOWN, NY",BRIDGESTONE AMERICAS TIRE OPER,FIRESTONE,984184207,245/60R18 105H WG,7,FIRESTONE,4,761.72,9166,91666423,,
18,8164,"WAUKESHA, WI",BRIDGESTONE AMERICAS TIRE OPER,FIRESTONE,984183781,255/60R19 109H LE3,7,FIRESTONE,4,791.16,5403,54038164,,
24,4817,"SAM&#39;S TRUSSVILLE , AL",BRIDGESTONE AMERICAS TIRE OPER,FIRESTONE,984183980,215/45R17X 91W FHV2,7,FIRESTONE,2,269.34,8241,82414817,,
34,6402,"GREENSBORO, NC",BRIDGESTONE AMERICAS TIRE OPER,FIRESTONE,984183975,215/55R17 94V FHV2,7,FIRESTONE,4,542.32,8230,82306402,,
5,6634,"LONE TREE, CO",BRIDGESTONE AMERICAS TIRE OPER,FIRESTONE,984183980,215/45R17X 91W FHV2,7,FIRESTONE,4,527.76,8241,82416634,,
23,4740,"SOUTHAVEN, MS",BRIDGESTONE AMERICAS TIRE OPER,FIRESTONE,984183718,P275/65R18 114T AT2,7,FIRESTONE,8,1857.52,14706,147064740,,
15,4769,"HOUSTON(WESTPARK), TX",BRIDGESTONE AMERICAS TIRE OPER,FIRESTONE,984183724,225/70R16 103T LE3,7,FIRESTONE,4,592.44,5335,53354769,,
20,6464,"DES PLAINES, IL",BRIDGESTONE AMERICAS TIRE OPER,FIRESTONE,984183770,275/65R18 116T LE3,7,FIRESTONE,4,765.4,5392,53926464,,
31,6448,"NEW PORT RICHEY, FL",BRIDGESTONE AMERICAS TIRE OPER,FIRESTONE,984183826,LT265/75R16E XT,7,FIRESTONE,4,899.96,4376,43766448,,
5,6634,"LONE TREE, CO",BRIDGESTONE AMERICAS TIRE OPER,FIRESTONE,984184006,245/40R20X 99W FHV2,7,FIRESTONE,4,802.76,12040,120406634,,
9,8176,"TOPEKA, KS",BRIDGESTONE AMERICAS TIRE OPER,FIRESTONE,984183772,225/55R19 99H LE3,7,FIRESTONE,4,769.08,5393,53938176,,
9,6505,JEFFERSON CITY MO,BRIDGESTONE AMERICAS TIRE OPER,FIRESTONE,984183762,235/55R18 100V LE3,7,FIRESTONE,4,739.64,5382,53826505,,
3,4974,"NORTH LAS VEGAS (NE), NV",BRIDGESTONE AMERICAS TIRE OPER,FIRESTONE,984183836,LT215/85R16E XT,7,FIRESTONE,6,1150.14,4388,43884974,,
24,4817,"SAM&#39;S TRUSSVILLE , AL",AMERICAN TIRE DISTRIBUTORS INC,NEXEN,980351836,225/60R18X 104H N5KP,8,NEXEN,3,343.35,18149NXK,18149NXK4817,,
28,4739,"SNELLVILLE, GA",AMERICAN TIRE DISTRIBUTORS INC,NEXEN,984136005,C235/65R16E HTX 2,8,NEXEN,4,586.44,18064NXK,18064NXK4739,,
28,8166,"DULUTH, GA",AMERICAN TIRE DISTRIBUTORS INC,NEXEN,980351851,215/45R17 87W N5KP,8,NEXEN,1,84.24,18162NXK,18162NXK8166,,
24,4871,"MERIDIAN, MS",AMERICAN TIRE DISTRIBUTORS INC,NEXEN,980351891,235/40R18X 95W N5KP,8,NEXEN,1,110.33,18209NXK,18209NXK4871,,
1,4799,"CITRUS HEIGHTS, CA",AMERICAN TIRE DISTRIBUTORS INC,NEXEN,980351879,225/65R17 102H N5KP,8,NEXEN,1,109.19,18196NXK,18196NXK4799,,
15,4843,PEARLAND TX,AMERICAN TIRE DISTRIBUTORS INC,NEXEN,980351887,225/50R18X 99W N5KP,8,NEXEN,4,424.8,18205NXK,18205NXK4843,,
29,6204,"VALDOSTA, GA",AMERICAN TIRE DISTRIBUTORS INC,NEXEN,980351827,235/50R18 97W N5KP,8,NEXEN,1,115.43,18187NXK,18187NXK6204,,
30,6452,"ASHEVILLE, NC",AMERICAN TIRE DISTRIBUTORS INC,NEXEN,980351866,235/60R17 102H N5KP,8,NEXEN,1,106.45,18180NXK,18180NXK6452,,
31,6420,"CLEARWATER, FL",AMERICAN TIRE DISTRIBUTORS INC,NEXEN,980351883,245/55R19 103V N5KP,8,NEXEN,1,160.18,18200NXK,18200NXK6420,,
17,6527,"BATON ROUGE, LA",AMERICAN TIRE DISTRIBUTORS INC,NEXEN,980351838,235/65R18 106V N5KP,8,NEXEN,4,525,18152NXK,18152NXK6527,,
32,6341,"SUNRISE, FL",AMERICAN TIRE DISTRIBUTORS INC,NEXEN,980084264,255/35ZR19X 96Y AU7,8,NEXEN,1,158.46,15630NXK,15630NXK6341,,
31,6403,"BRANDON, FL",AMERICAN TIRE DISTRIBUTORS INC,NEXEN,980351875,245/40R18X 97W N5KP,8,NEXEN,4,504.48,18192NXK,18192NXK6403,,
28,4780,"BUFORD, GA",AMERICAN TIRE DISTRIBUTORS INC,NEXEN,980084170,215/75R15 100S AH5,8,NEXEN,2,124.18,15406NXK,15406NXK4780,,
11,8210,"FORT WORTH, TX",AMERICAN TIRE DISTRIBUTORS INC,NEXEN,980351825,235/45R18X 98W N5KP,8,NEXEN,1,110.33,18210NXK,18210NXK8210,,
5,6634,"LONE TREE, CO",AMERICAN TIRE DISTRIBUTORS INC,NEXEN,980351839,255/55R20X 110V N5KP,8,NEXEN,4,586.2,18153NXK,18153NXK6634,,
12,8227,"SAN ANTONIO (NW), TX",AMERICAN TIRE DISTRIBUTORS INC,NEXEN,980351853,215/55R16X 97H N5KP,8,NEXEN,1,100.35,18164NXK,18164NXK8227,,
38,8193,"HAGERSTOWN, MD",AMERICAN TIRE DISTRIBUTORS INC,NEXEN,980351844,225/45R18X 95W N5KP,8,NEXEN,1,119.34,18156NXK,18156NXK8193,,
32,6217,"MIAMI, FL",AMERICAN TIRE DISTRIBUTORS INC,NEXEN,980351896,225/55R18 98V N5KP,8,NEXEN,1,123.1,18216NXK,18216NXK6217,,
27,6572,"KNOXVILLE, TN",AMERICAN TIRE DISTRIBUTORS INC,NEXEN,980351881,235/55R20 102V N5KP,8,NEXEN,4,580.24,18198NXK,18198NXK6572,,
21,4815,"NORMAL, IL",AMERICAN TIRE DISTRIBUTORS INC,NEXEN,980247727,165/65R14 79S AH5,8,NEXEN,2,124.28,16406NXK,16406NXK4815,,
26,8139,"TOLEDO, OH",AMERICAN TIRE DISTRIBUTORS INC,NEXEN,980351890,225/55R19 99V N5KP,8,NEXEN,2,291.24,18208NXK,18208NXK8139,,
2,6628,"TORRANCE, CA",AMERICAN TIRE DISTRIBUTORS INC,NEXEN,980351864,255/45R19X 104V N5KP,8,NEXEN,4,620.08,18178NXK,18178NXK6628,,
31,6387,PINELLAS PARK FL,AMERICAN TIRE DISTRIBUTORS INC,NEXEN,980084175,215/70R14 96T AH5,8,NEXEN,2,136.44,15401NXK,15401NXK6387,,
29,6363,"JACKSONVILLE (W), FL",AMERICAN TIRE DISTRIBUTORS INC,NEXEN,980351893,195/50R16 84V N5KP,8,NEXEN,1,80.8,18212NXK,18212NXK6363,,
29,8115,"AUGUSTA, GA",AMERICAN TIRE DISTRIBUTORS INC,NEXEN,980351851,215/45R17 87W N5KP,8,NEXEN,1,84.24,18162NXK,18162NXK8115,,
29,8202,"SAVANNAH, GA",AMERICAN TIRE DISTRIBUTORS INC,NEXEN,980351891,235/40R18X 95W N5KP,8,NEXEN,4,441.32,18209NXK,18209NXK8202,,
33,6314,"ELYRIA, OH",AMERICAN TIRE DISTRIBUTORS INC,NEXEN,980351855,225/50R17 94W N5KP,8,NEXEN,2,198.68,18166NXK,18166NXK6314,,
15,6867,HOUSTON CINCO TX,AMERICAN TIRE DISTRIBUTORS INC,NEXEN,980351829,245/45R18X 100W N5KP,8,NEXEN,1,112.04,18184NXK,18184NXK6867,,
19,8205,"SAINT LOUIS, MO",AMERICAN TIRE DISTRIBUTORS INC,NEXEN,980351881,235/55R20 102V N5KP,8,NEXEN,1,145.06,18198NXK,18198NXK8205,,
31,6387,PINELLAS PARK FL,AMERICAN TIRE DISTRIBUTORS INC,NEXEN,980084179,175/65R14X 86T AH5,8,NEXEN,1,51.75,15011NXK,15011NXK6387,,
29,4879,AIKEN SC,AMERICAN TIRE DISTRIBUTORS INC,NEXEN,980351855,225/50R17 94W N5KP,8,NEXEN,4,397.36,18166NXK,18166NXK4879,,
24,4817,"SAM&#39;S TRUSSVILLE , AL",AMERICAN TIRE DISTRIBUTORS INC,NEXEN,984135991,215/65R17 99H N5KP,8,NEXEN,4,392.32,18177NXK,18177NXK4817,,
30,6540,"CHARLOTTE, NC",AMERICAN TIRE DISTRIBUTORS INC,NEXEN,980351866,235/60R17 102H N5KP,8,NEXEN,4,425.8,18180NXK,18180NXK6540,,
15,8244,"HOUSTON (S), TX",AMERICAN TIRE DISTRIBUTORS INC,NEXEN,980351868,225/55R17 97W N5KP,8,NEXEN,1,104.01,18182NXK,18182NXK8244,,
13,6245,Harker Heights TX,AMERICAN TIRE DISTRIBUTORS INC,NEXEN,980351879,225/65R17 102H N5KP,8,NEXEN,4,436.76,18196NXK,18196NXK6245,,
17,6527,"BATON ROUGE, LA",AMERICAN TIRE DISTRIBUTORS INC,NEXEN,980351827,235/50R18 97W N5KP,8,NEXEN,1,115.43,18187NXK,18187NXK6527,,
35,4872,COLUMBIA NE SC,AMERICAN TIRE DISTRIBUTORS INC,NEXEN,980351829,245/45R18X 100W N5KP,8,NEXEN,2,224.08,18184NXK,18184NXK4872,,
20,6228,"VERNON HILLS, IL",AMERICAN TIRE DISTRIBUTORS INC,NEXEN,980351849,215/50R17X 95W N5KP,8,NEXEN,1,89.48,18160NXK,18160NXK6228,,
39,8160,"TEMPLE, PA",AMERICAN TIRE DISTRIBUTORS INC,NEXEN,980351877,235/65R17 104H N5KP,8,NEXEN,1,118.83,18194NXK,18194NXK8160,,
19,8125,"SAINT LOUIS, MO",AMERICAN TIRE DISTRIBUTORS INC,NEXEN,980351856,225/60R17 99H N5KP,8,NEXEN,4,413.96,18167NXK,18167NXK8125,,
38,6653,"GAITHERSBURG, MD",AMERICAN TIRE DISTRIBUTORS INC,NEXEN,980084384,C235/65R16E CT8HL,8,NEXEN,2,273.34,15241NXK,15241NXK6653,,
34,6351,"NEWPORT NEWS, VA",AMERICAN TIRE DISTRIBUTORS INC,NEXEN,980351886,235/60R18X 107V N5KP,8,NEXEN,2,243.46,18204NXK,18204NXK6351,,
2,6626,"SOUTHGATE, CA",AMERICAN TIRE DISTRIBUTORS INC,NEXEN,980351873,245/60R18 105V N5KP,8,NEXEN,4,549.16,18190NXK,18190NXK6626,,
40,6352,"HUDSON, NH",AMERICAN TIRE DISTRIBUTORS INC,NEXEN,980351832,225/40R18X 92W N5KP,8,NEXEN,4,417.92,17272NXK,17272NXK6352,,
14,6265,"IRVING (N), TX",AMERICAN TIRE DISTRIBUTORS INC,NEXEN,980351886,235/60R18X 107V N5KP,8,NEXEN,4,486.92,18204NXK,18204NXK6265,,
24,8102,"MOBILE, AL",AMERICAN TIRE DISTRIBUTORS INC,NEXEN,984136010,LT235/80R17E HTX 2,8,NEXEN,1,159.45,17971NXK,17971NXK8102,,
29,6363,"JACKSONVILLE (W), FL",AMERICAN TIRE DISTRIBUTORS INC,NEXEN,980351870,255/50R20X 109V N5KP,8,NEXEN,4,639.6,18186NXK,18186NXK6363,,
20,6487,"ADDISON, IL",AMERICAN TIRE DISTRIBUTORS INC,NEXEN,980351863,215/45R18X 93W N5KP,8,NEXEN,1,109.93,18176NXK,18176NXK6487,,
32,6217,"MIAMI, FL",AMERICAN TIRE DISTRIBUTORS INC,NEXEN,980351866,235/60R17 102H N5KP,8,NEXEN,4,425.8,18180NXK,18180NXK6217,,
32,6341,"SUNRISE, FL",AMERICAN TIRE DISTRIBUTORS INC,NEXEN,980084365,175/70R14 84T AH5,8,NEXEN,2,108.46,15129NXK,15129NXK6341,,
14,6482,"DALLAS (E), TX",AMERICAN TIRE DISTRIBUTORS INC,NEXEN,980351892,235/40R19X 96W N5KP,8,NEXEN,1,146.22,18211NXK,18211NXK6482,,
19,4999,"QUINCY, IL",AMERICAN TIRE DISTRIBUTORS INC,NEXEN,980351887,225/50R18X 99W N5KP,8,NEXEN,1,106.2,18205NXK,18205NXK4999,,
2,6624,"SAN BERNARDINO, CA",AMERICAN TIRE DISTRIBUTORS INC,NEXEN,980351891,235/40R18X 95W N5KP,8,NEXEN,1,110.33,18209NXK,18209NXK6624,,
24,8236,"GULFPORT, MS",AMERICAN TIRE DISTRIBUTORS INC,NEXEN,980351872,245/35R20X 95W N5KP,8,NEXEN,2,259.22,18189NXK,18189NXK8236,,
15,6867,HOUSTON CINCO TX,AMERICAN TIRE DISTRIBUTORS INC,NEXEN,980351832,225/40R18X 92W N5KP,8,NEXEN,4,417.92,17272NXK,17272NXK6867,,
29,8151,PANAMA CITY FL,AMERICAN TIRE DISTRIBUTORS INC,NEXEN,980351860,225/45R17 91W N5KP,8,NEXEN,1,93.44,18173NXK,18173NXK8151,,
22,8188,"LEXINGTON, KY",AMERICAN TIRE DISTRIBUTORS INC,NEXEN,980351900,245/50R20 102V N5KP,8,NEXEN,1,133.94,18294NXK,18294NXK8188,,
31,6441,"LAKELAND (N),FL",AMERICAN TIRE DISTRIBUTORS INC,NEXEN,980351854,255/45R20X 105W N5KP,8,NEXEN,2,270.28,18165NXK,18165NXK6441,,
28,4780,"BUFORD, GA",AMERICAN TIRE DISTRIBUTORS INC,NEXEN,980351832,225/40R18X 92W N5KP,8,NEXEN,4,417.92,17272NXK,17272NXK4780,,
9,4870,KANSAS CITY KS,AMERICAN TIRE DISTRIBUTORS INC,NEXEN,980351837,215/55R18 95H N5KP,8,NEXEN,1,126.45,18150NXK,18150NXK4870,,
12,8264,"SAN ANTONIO (S), TX",AMERICAN TIRE DISTRIBUTORS INC,NEXEN,980351880,245/40R19X 98W N5KP,8,NEXEN,1,147.15,18197NXK,18197NXK8264,,
2,6626,"SOUTHGATE, CA",AMERICAN TIRE DISTRIBUTORS INC,NEXEN,984135991,215/65R17 99H N5KP,8,NEXEN,2,196.16,18177NXK,18177NXK6626,,
13,6421,"CONROE, TX",AMERICAN TIRE DISTRIBUTORS INC,NEXEN,980351869,245/65R17 107H N5KP,8,NEXEN,2,241.54,18183NXK,18183NXK6421,,
30,4797,KANNAPOLIS NC,AMERICAN TIRE DISTRIBUTORS INC,NEXEN,980351856,225/60R17 99H N5KP,8,NEXEN,4,413.96,18167NXK,18167NXK4797,,
3,6683,"MURRAY, UT",AMERICAN TIRE DISTRIBUTORS INC,NEXEN,980084172,205/75R14S 95S AH5,8,NEXEN,4,238.16,15404NXK,15404NXK6683,,
4,6692,"TUCSON, AZ",AMERICAN TIRE DISTRIBUTORS INC,NEXEN,980084179,175/65R14X 86T AH5,8,NEXEN,2,103.5,15011NXK,15011NXK6692,,
31,6420,"CLEARWATER, FL",AMERICAN TIRE DISTRIBUTORS INC,NEXEN,980351870,255/50R20X 109V N5KP,8,NEXEN,1,159.9,18186NXK,18186NXK6420,,
14,6381,"LEWISVILLE, TX",AMERICAN TIRE DISTRIBUTORS INC,NEXEN,980351900,245/50R20 102V N5KP,8,NEXEN,4,535.76,18294NXK,18294NXK6381,,
14,4783,"GARLAND, TX",AMERICAN TIRE DISTRIBUTORS INC,NEXEN,980351832,225/40R18X 92W N5KP,8,NEXEN,2,208.96,17272NXK,17272NXK4783,,
24,6361,"FT. WALTON BEACH, FL",AMERICAN TIRE DISTRIBUTORS INC,NEXEN,980351849,215/50R17X 95W N5KP,8,NEXEN,4,357.92,18160NXK,18160NXK6361,,
17,4790,"PEARL, MS",AMERICAN TIRE DISTRIBUTORS INC,NEXEN,980084178,185/70R14S 88T AH5,8,NEXEN,4,219.16,15399NXK,15399NXK4790,,
38,6371,"WOODBRIDGE, VA",AMERICAN TIRE DISTRIBUTORS INC,NEXEN,980351851,215/45R17 87W N5KP,8,NEXEN,1,84.24,18162NXK,18162NXK6371,,
40,6352,"HUDSON, NH",AMERICAN TIRE DISTRIBUTORS INC,NEXEN,980351873,245/60R18 105V N5KP,8,NEXEN,4,549.16,18190NXK,18190NXK6352,,
22,8111,"JEFFERSONTOWN, KY",AMERICAN TIRE DISTRIBUTORS INC,NEXEN,980084178,185/70R14S 88T AH5,8,NEXEN,1,54.79,15399NXK,15399NXK8111,,
30,8142,"SPARTANBURG, SC",AMERICAN TIRE DISTRIBUTORS INC,NEXEN,980351887,225/50R18X 99W N5KP,8,NEXEN,3,318.6,18205NXK,18205NXK8142,,
26,6666,"CANTON, MI",AMERICAN TIRE DISTRIBUTORS INC,NEXEN,980351873,245/60R18 105V N5KP,8,NEXEN,2,274.58,18190NXK,18190NXK6666,,
32,6341,"SUNRISE, FL",AMERICAN TIRE DISTRIBUTORS INC,NEXEN,980351836,225/60R18X 104H N5KP,8,NEXEN,4,457.8,18149NXK,18149NXK6341,,
31,6387,PINELLAS PARK FL,AMERICAN TIRE DISTRIBUTORS INC,NEXEN,980351844,225/45R18X 95W N5KP,8,NEXEN,2,238.68,18156NXK,18156NXK6387,,
28,8225,"MACON, GA",AMERICAN TIRE DISTRIBUTORS INC,NEXEN,980351890,225/55R19 99V N5KP,8,NEXEN,2,291.24,18208NXK,18208NXK8225,,
34,8228,"WINSTON-SALEM, NC",AMERICAN TIRE DISTRIBUTORS INC,NEXEN,984135990,215/60R17 96H N5KP,8,NEXEN,4,372.48,18151NXK,18151NXK8228,,
6,6246,EL PASO TX,AMERICAN TIRE DISTRIBUTORS INC,NEXEN,980351891,235/40R18X 95W N5KP,8,NEXEN,1,110.33,18209NXK,18209NXK6246,,
30,6236,Rock Hill SC,AMERICAN TIRE DISTRIBUTORS INC,NEXEN,980351894,205/50R17X 93V N5KP,8,NEXEN,1,97.4,18213NXK,18213NXK6236,,
40,6423,"MIDDLETOWN, NY",AMERICAN TIRE DISTRIBUTORS INC,NEXEN,980351860,225/45R17 91W N5KP,8,NEXEN,2,186.88,18173NXK,18173NXK6423,,
9,6418,"WICHITA, KS",AMERICAN TIRE DISTRIBUTORS INC,NEXEN,980351860,225/45R17 91W N5KP,8,NEXEN,1,93.44,18173NXK,18173NXK6418,,
10,6350,"SHERMAN, TX",AMERICAN TIRE DISTRIBUTORS INC,NEXEN,980351893,195/50R16 84V N5KP,8,NEXEN,4,323.2,18212NXK,18212NXK6350,,
31,4818,"BROOKSVILLE, FL",AMERICAN TIRE DISTRIBUTORS INC,NEXEN,980351861,245/50R18 100W N5KP,8,NEXEN,2,257.46,18174NXK,18174NXK4818,,
30,6463,"ANDERSON, SC",AMERICAN TIRE DISTRIBUTORS INC,NEXEN,980351892,235/40R19X 96W N5KP,8,NEXEN,4,584.88,18211NXK,18211NXK6463,,
21,8135,"TERRE HAUTE, IN",AMERICAN TIRE DISTRIBUTORS INC,NEXEN,980351825,235/45R18X 98W N5KP,8,NEXEN,2,220.66,18210NXK,18210NXK8135,,
29,8151,PANAMA CITY FL,AMERICAN TIRE DISTRIBUTORS INC,NEXEN,980351840,255/55R18X 109V N5KP,8,NEXEN,4,574.16,18154NXK,18154NXK8151,,
5,6634,"LONE TREE, CO",AMERICAN TIRE DISTRIBUTORS INC,NEXEN,980351887,225/50R18X 99W N5KP,8,NEXEN,4,424.8,18205NXK,18205NXK6634,,
31,6387,PINELLAS PARK FL,AMERICAN TIRE DISTRIBUTORS INC,NEXEN,980247727,165/65R14 79S AH5,8,NEXEN,3,186.42,16406NXK,16406NXK6387,,
14,4783,"GARLAND, TX",AMERICAN TIRE DISTRIBUTORS INC,NEXEN,980351887,225/50R18X 99W N5KP,8,NEXEN,1,106.2,18205NXK,18205NXK4783,,
34,8228,"WINSTON-SALEM, NC",AMERICAN TIRE DISTRIBUTORS INC,NEXEN,980351880,245/40R19X 98W N5KP,8,NEXEN,2,294.3,18197NXK,18197NXK8228,,
11,4905,"DENTON, TX",AMERICAN TIRE DISTRIBUTORS INC,NEXEN,980351843,235/50R17 96V N5KP,8,NEXEN,1,105.4,18155NXK,18155NXK4905,,
34,6351,"NEWPORT NEWS, VA",AMERICAN TIRE DISTRIBUTORS INC,NEXEN,980351873,245/60R18 105V N5KP,8,NEXEN,1,137.29,18190NXK,18190NXK6351,,
27,6326,"REYNOLDSBURG, OH",AMERICAN TIRE DISTRIBUTORS INC,NEXEN,980351864,255/45R19X 104V N5KP,8,NEXEN,2,310.04,18178NXK,18178NXK6326,,
7,8172,"FARGO, ND",AMERICAN TIRE DISTRIBUTORS INC,NEXEN,980084170,215/75R15 100S AH5,8,NEXEN,6,362.16,15406NXK,15406NXK8172,,
22,4851,"CLARKSVILLE, IN",AMERICAN TIRE DISTRIBUTORS INC,NEXEN,984136018,LT245/70R17E HTX 2,8,NEXEN,1,159.45,17985NXK,17985NXK4851,,
34,4996,"DANVILLE (C), VA",AMERICAN TIRE DISTRIBUTORS INC,NEXEN,980351867,235/55R18 100V N5KP,8,NEXEN,1,134.86,18181NXK,18181NXK4996,,
39,8160,"TEMPLE, PA",AMERICAN TIRE DISTRIBUTORS INC,NEXEN,980351832,225/40R18X 92W N5KP,8,NEXEN,2,208.96,17272NXK,17272NXK8160,,
17,8221,"HARVEY, LA",AMERICAN TIRE DISTRIBUTORS INC,NEXEN,984135994,255/65R18 111H N5KP,8,NEXEN,2,297.12,18215NXK,18215NXK8221,,
15,4843,PEARLAND TX,AMERICAN TIRE DISTRIBUTORS INC,NEXEN,980351873,245/60R18 105V N5KP,8,NEXEN,1,137.29,18190NXK,18190NXK4843,,
6,8280,EL PASO TX,AMERICAN TIRE DISTRIBUTORS INC,NEXEN,980351827,235/50R18 97W N5KP,8,NEXEN,4,461.72,18187NXK,18187NXK8280,,
28,4780,"BUFORD, GA",AMERICAN TIRE DISTRIBUTORS INC,NEXEN,980084269,245/40ZR20X 99Y AU7,8,NEXEN,2,308.6,15624NXK,15624NXK4780,,
28,6643,CLAIRMONT GA,AMERICAN TIRE DISTRIBUTORS INC,NEXEN,980351899,275/45R20X 110V N5KP,8,NEXEN,1,142.67,18219NXK,18219NXK6643,,
34,8220,"ROANOKE, VA",AMERICAN TIRE DISTRIBUTORS INC,NEXEN,980351900,245/50R20 102V N5KP,8,NEXEN,2,267.88,18294NXK,18294NXK8220,,
34,8220,"ROANOKE, VA",AMERICAN TIRE DISTRIBUTORS INC,NEXEN,980351890,225/55R19 99V N5KP,8,NEXEN,4,582.48,18208NXK,18208NXK8220,,
13,4713,"SHENANDOAH, TX",AMERICAN TIRE DISTRIBUTORS INC,NEXEN,980351892,235/40R19X 96W N5KP,8,NEXEN,1,146.22,18211NXK,18211NXK4713,,
29,6363,"JACKSONVILLE (W), FL",AMERICAN TIRE DISTRIBUTORS INC,NEXEN,980351873,245/60R18 105V N5KP,8,NEXEN,2,274.58,18190NXK,18190NXK6363,,
34,6524,"COLONIAL HEIGHTS, VA",AMERICAN TIRE DISTRIBUTORS INC,NEXEN,980351873,245/60R18 105V N5KP,8,NEXEN,2,274.58,18190NXK,18190NXK6524,,
11,8269,"GRAND PRAIRIE, TX",AMERICAN TIRE DISTRIBUTORS INC,NEXEN,980084269,245/40ZR20X 99Y AU7,8,NEXEN,2,308.6,15624NXK,15624NXK8269,,
13,8245,"HOUSTON (N), TX",AMERICAN TIRE DISTRIBUTORS INC,NEXEN,980351886,235/60R18X 107V N5KP,8,NEXEN,5,608.65,18204NXK,18204NXK8245,,
29,8115,"AUGUSTA, GA",AMERICAN TIRE DISTRIBUTORS INC,NEXEN,984135991,215/65R17 99H N5KP,8,NEXEN,1,98.08,18177NXK,18177NXK8115,,
4,4915,BULLHEAD CITY AZ,AMERICAN TIRE DISTRIBUTORS INC,NEXEN,980351849,215/50R17X 95W N5KP,8,NEXEN,1,89.48,18160NXK,18160NXK4915,,
36,4828,ORLANDO LAKE NONA FL,AMERICAN TIRE DISTRIBUTORS INC,NEXEN,980351827,235/50R18 97W N5KP,8,NEXEN,4,461.72,18187NXK,18187NXK4828,,
21,8128,"PEORIA, IL",AMERICAN TIRE DISTRIBUTORS INC,NEXEN,980351856,225/60R17 99H N5KP,8,NEXEN,1,103.49,18167NXK,18167NXK8128,,
27,6373,"VIENNA, WV",AMERICAN TIRE DISTRIBUTORS INC,NEXEN,980351843,235/50R17 96V N5KP,8,NEXEN,1,105.4,18155NXK,18155NXK6373,,
14,8299,PLANO TX,AMERICAN TIRE DISTRIBUTORS INC,NEXEN,980084169,225/75R15S 102S AH5,8,NEXEN,2,137.38,15407NXK,15407NXK8299,,
28,6409,"TUCKER, GA",AMERICAN TIRE DISTRIBUTORS INC,NEXEN,980351833,215/55R17 94V N5KP,8,NEXEN,2,179.86,17422NXK,17422NXK6409,,
35,8218,"FAYETTEVILLE,NC",AMERICAN TIRE DISTRIBUTORS INC,NEXEN,980351832,225/40R18X 92W N5KP,8,NEXEN,1,104.48,17272NXK,17272NXK8218,,
11,8282,"DALLAS (S), TX",AMERICAN TIRE DISTRIBUTORS INC,NEXEN,980084174,225/70R15S 100T AH5,8,NEXEN,4,285.52,15402NXK,15402NXK8282,,
1,4799,"CITRUS HEIGHTS, CA",AMERICAN TIRE DISTRIBUTORS INC,NEXEN,980351829,245/45R18X 100W N5KP,8,NEXEN,1,112.04,18184NXK,18184NXK4799,,
35,8218,"FAYETTEVILLE,NC",AMERICAN TIRE DISTRIBUTORS INC,NEXEN,980351886,235/60R18X 107V N5KP,8,NEXEN,8,973.84,18204NXK,18204NXK8218,,
13,8286,"WACO, TX",AMERICAN TIRE DISTRIBUTORS INC,NEXEN,980351838,235/65R18 106V N5KP,8,NEXEN,2,262.5,18152NXK,18152NXK8286,,
11,8282,"DALLAS (S), TX",AMERICAN TIRE DISTRIBUTORS INC,NEXEN,980351843,235/50R17 96V N5KP,8,NEXEN,1,105.4,18155NXK,18155NXK8282,,
6,6246,EL PASO TX,AMERICAN TIRE DISTRIBUTORS INC,NEXEN,980351843,235/50R17 96V N5KP,8,NEXEN,1,105.4,18155NXK,18155NXK6246,,
28,8211,"DOUGLASVILLE,GA",AMERICAN TIRE DISTRIBUTORS INC,NEXEN,980351850,255/40R19X 100W N5KP,8,NEXEN,2,332.66,18161NXK,18161NXK8211,,
34,6524,"COLONIAL HEIGHTS, VA",AMERICAN TIRE DISTRIBUTORS INC,NEXEN,980351875,245/40R18X 97W N5KP,8,NEXEN,2,252.24,18192NXK,18192NXK6524,,
12,4914,San Antonio N TX,AMERICAN TIRE DISTRIBUTORS INC,NEXEN,980351896,225/55R18 98V N5KP,8,NEXEN,3,369.3,18216NXK,18216NXK4914,,
24,4871,"MERIDIAN, MS",AMERICAN TIRE DISTRIBUTORS INC,NEXEN,980351900,245/50R20 102V N5KP,8,NEXEN,4,535.76,18294NXK,18294NXK4871,,
31,6448,"NEW PORT RICHEY, FL",AMERICAN TIRE DISTRIBUTORS INC,NEXEN,980084174,225/70R15S 100T AH5,8,NEXEN,1,71.38,15402NXK,15402NXK6448,,
2,6626,"SOUTHGATE, CA",AMERICAN TIRE DISTRIBUTORS INC,NEXEN,980351891,235/40R18X 95W N5KP,8,NEXEN,5,551.65,18209NXK,18209NXK6626,,
30,6540,"CHARLOTTE, NC",AMERICAN TIRE DISTRIBUTORS INC,NEXEN,980351880,245/40R19X 98W N5KP,8,NEXEN,4,588.6,18197NXK,18197NXK6540,,
17,8221,"HARVEY, LA",AMERICAN TIRE DISTRIBUTORS INC,NEXEN,980351889,275/40R20X 106W N5KP,8,NEXEN,4,592.36,18207NXK,18207NXK8221,,
10,7189,OKLAHOMA CITY PENN SQ OK,AMERICAN TIRE DISTRIBUTORS INC,NEXEN,980351825,235/45R18X 98W N5KP,8,NEXEN,6,661.98,18210NXK,18210NXK7189,,
1,6405,"YUBA CITY, CA",AMERICAN TIRE DISTRIBUTORS INC,NEXEN,980351849,215/50R17X 95W N5KP,8,NEXEN,1,89.48,18160NXK,18160NXK6405,,
1,4768,"RENO, NV",AMERICAN TIRE DISTRIBUTORS INC,NEXEN,980351900,245/50R20 102V N5KP,8,NEXEN,2,267.88,18294NXK,18294NXK4768,,
30,4917,Mooresville NC,AMERICAN TIRE DISTRIBUTORS INC,NEXEN,980351856,225/60R17 99H N5KP,8,NEXEN,1,103.49,18167NXK,18167NXK4917,,
24,4817,"SAM&#39;S TRUSSVILLE , AL",AMERICAN TIRE DISTRIBUTORS INC,NEXEN,980351844,225/45R18X 95W N5KP,8,NEXEN,4,477.36,18156NXK,18156NXK4817,,
19,8205,"SAINT LOUIS, MO",AMERICAN TIRE DISTRIBUTORS INC,NEXEN,980351833,215/55R17 94V N5KP,8,NEXEN,1,89.93,17422NXK,17422NXK8205,,
35,6570,"RALEIGH, NC",AMERICAN TIRE DISTRIBUTORS INC,NEXEN,980351857,235/50R19X 103V N5KP,8,NEXEN,4,608.72,18168NXK,18168NXK6570,,
32,6217,"MIAMI, FL",AMERICAN TIRE DISTRIBUTORS INC,NEXEN,980351833,215/55R17 94V N5KP,8,NEXEN,4,359.72,17422NXK,17422NXK6217,,
7,8172,"FARGO, ND",AMERICAN TIRE DISTRIBUTORS INC,NEXEN,980351886,235/60R18X 107V N5KP,8,NEXEN,1,121.73,18204NXK,18204NXK8172,,
17,8181,"ALEXANDRIA, LA",AMERICAN TIRE DISTRIBUTORS INC,NEXEN,980351866,235/60R17 102H N5KP,8,NEXEN,1,106.45,18180NXK,18180NXK8181,,
32,6341,"SUNRISE, FL",AMERICAN TIRE DISTRIBUTORS INC,NEXEN,980351829,245/45R18X 100W N5KP,8,NEXEN,4,448.16,18184NXK,18184NXK6341,,
1,6622,"SACRAMENTO, CA",AMERICAN TIRE DISTRIBUTORS INC,NEXEN,980351899,275/45R20X 110V N5KP,8,NEXEN,2,285.34,18219NXK,18219NXK6622,,
31,4998,"THE VILLAGES, FL",AMERICAN TIRE DISTRIBUTORS INC,NEXEN,980351839,255/55R20X 110V N5KP,8,NEXEN,1,146.55,18153NXK,18153NXK4998,,
2,6626,"SOUTHGATE, CA",AMERICAN TIRE DISTRIBUTORS INC,NEXEN,980351900,245/50R20 102V N5KP,8,NEXEN,1,133.94,18294NXK,18294NXK6626,,
35,6443,"GOLDSBORO, NC",AMERICAN TIRE DISTRIBUTORS INC,NEXEN,980351827,235/50R18 97W N5KP,8,NEXEN,1,115.43,18187NXK,18187NXK6443,,
11,8269,"GRAND PRAIRIE, TX",AMERICAN TIRE DISTRIBUTORS INC,NEXEN,980351862,205/55R16 91V N5KP,8,NEXEN,2,167.56,18175NXK,18175NXK8269,,
33,6314,"ELYRIA, OH",AMERICAN TIRE DISTRIBUTORS INC,NEXEN,980351837,215/55R18 95H N5KP,8,NEXEN,2,236.14,18150NXK,18150NXK6314,,
16,8209,"FAYETTEVILLE, AR",AMERICAN TIRE DISTRIBUTORS INC,NEXEN,980351833,215/55R17 94V N5KP,8,NEXEN,1,89.93,17422NXK,17422NXK8209,,
34,6351,"NEWPORT NEWS, VA",AMERICAN TIRE DISTRIBUTORS INC,NEXEN,980351827,235/50R18 97W N5KP,8,NEXEN,1,115.43,18187NXK,18187NXK6351,,
2,6626,"SOUTHGATE, CA",AMERICAN TIRE DISTRIBUTORS INC,NEXEN,980351851,215/45R17 87W N5KP,8,NEXEN,4,336.96,18162NXK,18162NXK6626,,
11,6244,"FORT WORTH, TX",AMERICAN TIRE DISTRIBUTORS INC,NEXEN,980351850,255/40R19X 100W N5KP,8,NEXEN,1,166.33,18161NXK,18161NXK6244,,
33,8189,"CLARKSBURG, WV",AMERICAN TIRE DISTRIBUTORS INC,NEXEN,980351893,195/50R16 84V N5KP,8,NEXEN,2,161.6,18212NXK,18212NXK8189,,
35,6443,"GOLDSBORO, NC",AMERICAN TIRE DISTRIBUTORS INC,NEXEN,984135990,215/60R17 96H N5KP,8,NEXEN,2,186.24,18151NXK,18151NXK6443,,
25,6663,"SAGINAW, MI",AMERICAN TIRE DISTRIBUTORS INC,NEXEN,980351833,215/55R17 94V N5KP,8,NEXEN,2,179.86,17422NXK,17422NXK6663,,
13,6421,"CONROE, TX",AMERICAN TIRE DISTRIBUTORS INC,NEXEN,980351846,235/55R17 99V N5KP,8,NEXEN,4,402.76,18158NXK,18158NXK6421,,
16,4985,"SPRINGFIELD (S), MO",AMERICAN TIRE DISTRIBUTORS INC,NEXEN,980351887,225/50R18X 99W N5KP,8,NEXEN,2,212.4,18205NXK,18205NXK4985,,
28,4739,"SNELLVILLE, GA",AMERICAN TIRE DISTRIBUTORS INC,NEXEN,980084384,C235/65R16E CT8HL,8,NEXEN,2,273.34,15241NXK,15241NXK4739,,
15,6867,HOUSTON CINCO TX,AMERICAN TIRE DISTRIBUTORS INC,NEXEN,980351860,225/45R17 91W N5KP,8,NEXEN,2,186.88,18173NXK,18173NXK6867,,
14,4743,"PLANO (E), TX",AMERICAN TIRE DISTRIBUTORS INC,NEXEN,980351853,215/55R16X 97H N5KP,8,NEXEN,4,368.2,18164NXK,18164NXK4743,,
15,4712,"HOUSTON(MEM), TX",AMERICAN TIRE DISTRIBUTORS INC,NEXEN,980351836,225/60R18X 104H N5KP,8,NEXEN,4,457.8,18149NXK,18149NXK4712,,
24,4817,"SAM&#39;S TRUSSVILLE , AL",AMERICAN TIRE DISTRIBUTORS INC,NEXEN,980351877,235/65R17 104H N5KP,8,NEXEN,4,475.32,18194NXK,18194NXK4817,,
38,6650,"BALTIMORE, MD",AMERICAN TIRE DISTRIBUTORS INC,NEXEN,980351893,195/50R16 84V N5KP,8,NEXEN,1,80.8,18212NXK,18212NXK6650,,
14,4783,"GARLAND, TX",AMERICAN TIRE DISTRIBUTORS INC,NEXEN,980351863,215/45R18X 93W N5KP,8,NEXEN,4,439.72,18176NXK,18176NXK4783,,
24,8236,"GULFPORT, MS",AMERICAN TIRE DISTRIBUTORS INC,NEXEN,980351854,255/45R20X 105W N5KP,8,NEXEN,3,405.42,18165NXK,18165NXK8236,,
20,6464,"DES PLAINES, IL",AMERICAN TIRE DISTRIBUTORS INC,NEXEN,980351825,235/45R18X 98W N5KP,8,NEXEN,2,220.66,18210NXK,18210NXK6464,,
39,8160,"TEMPLE, PA",AMERICAN TIRE DISTRIBUTORS INC,NEXEN,980351851,215/45R17 87W N5KP,8,NEXEN,2,168.48,18162NXK,18162NXK8160,,
21,6485,"TINLEY PARK, IL",AMERICAN TIRE DISTRIBUTORS INC,NEXEN,980351900,245/50R20 102V N5KP,8,NEXEN,2,267.88,18294NXK,18294NXK6485,,
9,8254,"WICHITA, KS",AMERICAN TIRE DISTRIBUTORS INC,NEXEN,980351827,235/50R18 97W N5KP,8,NEXEN,4,461.72,18187NXK,18187NXK8254,,
5,6631,"AURORA, CO",AMERICAN TIRE DISTRIBUTORS INC,NEXEN,980351843,235/50R17 96V N5KP,8,NEXEN,4,421.6,18155NXK,18155NXK6631,,
30,6540,"CHARLOTTE, NC",AMERICAN TIRE DISTRIBUTORS INC,NEXEN,980351852,245/45R20X 103W N5KP,8,NEXEN,1,151.74,18163NXK,18163NXK6540,,
34,6351,"NEWPORT NEWS, VA",AMERICAN TIRE DISTRIBUTORS INC,NEXEN,980084384,C235/65R16E CT8HL,8,NEXEN,4,546.68,15241NXK,15241NXK6351,,
16,4808,SPRINGDALE AR,AMERICAN TIRE DISTRIBUTORS INC,NEXEN,980351839,255/55R20X 110V N5KP,8,NEXEN,4,586.2,18153NXK,18153NXK4808,,
1,4768,"RENO, NV",AMERICAN TIRE DISTRIBUTORS INC,NEXEN,980351825,235/45R18X 98W N5KP,8,NEXEN,2,220.66,18210NXK,18210NXK4768,,
24,4836,"OXFORD, AL",AMERICAN TIRE DISTRIBUTORS INC,NEXEN,980351833,215/55R17 94V N5KP,8,NEXEN,1,89.93,17422NXK,17422NXK4836,,
34,8228,"WINSTON-SALEM, NC",AMERICAN TIRE DISTRIBUTORS INC,NEXEN,980351833,215/55R17 94V N5KP,8,NEXEN,1,89.93,17422NXK,17422NXK8228,,
14,6265,"IRVING (N), TX",AMERICAN TIRE DISTRIBUTORS INC,NEXEN,980351851,215/45R17 87W N5KP,8,NEXEN,2,168.48,18162NXK,18162NXK6265,,
35,4831,"DURHAM (S), NC",AMERICAN TIRE DISTRIBUTORS INC,NEXEN,980351854,255/45R20X 105W N5KP,8,NEXEN,3,405.42,18165NXK,18165NXK4831,,
13,8259,"AUSTIN, TX",AMERICAN TIRE DISTRIBUTORS INC,NEXEN,980351881,235/55R20 102V N5KP,8,NEXEN,1,145.06,18198NXK,18198NXK8259,,
32,8130,"FORT MYERS, FL",AMERICAN TIRE DISTRIBUTORS INC,NEXEN,984135991,215/65R17 99H N5KP,8,NEXEN,2,196.16,18177NXK,18177NXK8130,,
26,6664,"UTICA, MI",AMERICAN TIRE DISTRIBUTORS INC,NEXEN,980351874,235/45R17X 97W N5KP,8,NEXEN,2,193.4,18191NXK,18191NXK6664,,
22,8188,"LEXINGTON, KY",AMERICAN TIRE DISTRIBUTORS INC,NEXEN,980351849,215/50R17X 95W N5KP,8,NEXEN,1,89.48,18160NXK,18160NXK8188,,
6,8280,EL PASO TX,AMERICAN TIRE DISTRIBUTORS INC,NEXEN,980084169,225/75R15S 102S AH5,8,NEXEN,1,68.69,15407NXK,15407NXK8280,,
13,8286,"WACO, TX",AMERICAN TIRE DISTRIBUTORS INC,NEXEN,980351852,245/45R20X 103W N5KP,8,NEXEN,2,303.48,18163NXK,18163NXK8286,,
17,4790,"PEARL, MS",AMERICAN TIRE DISTRIBUTORS INC,NEXEN,980351867,235/55R18 100V N5KP,8,NEXEN,2,269.72,18181NXK,18181NXK4790,,
19,8125,"SAINT LOUIS, MO",AMERICAN TIRE DISTRIBUTORS INC,NEXEN,980351847,265/60R18 110V N5KP,8,NEXEN,3,435.03,18159NXK,18159NXK8125,,
33,4847,GREENSBURG PA,AMERICAN TIRE DISTRIBUTORS INC,NEXEN,980351833,215/55R17 94V N5KP,8,NEXEN,1,89.93,17422NXK,17422NXK4847,,
25,4944,"GRAND BLANC, MI",AMERICAN TIRE DISTRIBUTORS INC,NEXEN,980351887,225/50R18X 99W N5KP,8,NEXEN,2,212.4,18205NXK,18205NXK4944,,
22,4908,"OWENSBORO, KY",AMERICAN TIRE DISTRIBUTORS INC,NEXEN,980351879,225/65R17 102H N5KP,8,NEXEN,4,436.76,18196NXK,18196NXK4908,,
34,8228,"WINSTON-SALEM, NC",AMERICAN TIRE DISTRIBUTORS INC,NEXEN,980351856,225/60R17 99H N5KP,8,NEXEN,4,413.96,18167NXK,18167NXK8228,,
9,4870,KANSAS CITY KS,AMERICAN TIRE DISTRIBUTORS INC,NEXEN,980084171,205/75R15S 97S AH5,8,NEXEN,1,65.74,15405NXK,15405NXK4870,,
31,6448,"NEW PORT RICHEY, FL",AMERICAN TIRE DISTRIBUTORS INC,NEXEN,980351879,225/65R17 102H N5KP,8,NEXEN,1,109.19,18196NXK,18196NXK6448,,
22,4908,"OWENSBORO, KY",AMERICAN TIRE DISTRIBUTORS INC,NEXEN,980084365,175/70R14 84T AH5,8,NEXEN,4,216.92,15129NXK,15129NXK4908,,
10,6350,"SHERMAN, TX",AMERICAN TIRE DISTRIBUTORS INC,NEXEN,980351829,245/45R18X 100W N5KP,8,NEXEN,2,224.08,18184NXK,18184NXK6350,,
31,6448,"NEW PORT RICHEY, FL",AMERICAN TIRE DISTRIBUTORS INC,NEXEN,980084381,LT245/75R16E CT8HL,8,NEXEN,1,133.09,15411NXK,15411NXK6448,,
32,6520,"VERO BEACH, FL",AMERICAN TIRE DISTRIBUTORS INC,NEXEN,980084381,LT245/75R16E CT8HL,8,NEXEN,1,133.09,15411NXK,15411NXK6520,,
14,6255,"PLANO(N),TX",AMERICAN TIRE DISTRIBUTORS INC,NEXEN,980351825,235/45R18X 98W N5KP,8,NEXEN,1,110.33,18210NXK,18210NXK6255,,
19,8125,"SAINT LOUIS, MO",AMERICAN TIRE DISTRIBUTORS INC,NEXEN,980351857,235/50R19X 103V N5KP,8,NEXEN,4,608.72,18168NXK,18168NXK8125,,
17,8221,"HARVEY, LA",AMERICAN TIRE DISTRIBUTORS INC,NEXEN,980351886,235/60R18X 107V N5KP,8,NEXEN,4,486.92,18204NXK,18204NXK8221,,
39,8175,"HARRISBURG, PA",AMERICAN TIRE DISTRIBUTORS INC,NEXEN,980351891,235/40R18X 95W N5KP,8,NEXEN,4,441.32,18209NXK,18209NXK8175,,
33,6314,"ELYRIA, OH",AMERICAN TIRE DISTRIBUTORS INC,NEXEN,980351866,235/60R17 102H N5KP,8,NEXEN,1,114.75,18180NXK,18180NXK6314,,
17,8221,"HARVEY, LA",AMERICAN TIRE DISTRIBUTORS INC,NEXEN,980351900,245/50R20 102V N5KP,8,NEXEN,4,535.76,18294NXK,18294NXK8221,,
38,6371,"WOODBRIDGE, VA",AMERICAN TIRE DISTRIBUTORS INC,NEXEN,980351887,225/50R18X 99W N5KP,8,NEXEN,3,318.6,18205NXK,18205NXK6371,,
38,8161,"YORK, PA",AMERICAN TIRE DISTRIBUTORS INC,NEXEN,980084381,LT245/75R16E CT8HL,8,NEXEN,1,133.09,15411NXK,15411NXK8161,,
14,4743,"PLANO (E), TX",AMERICAN TIRE DISTRIBUTORS INC,NEXEN,980351873,245/60R18 105V N5KP,8,NEXEN,2,274.58,18190NXK,18190NXK4743,,
9,6505,JEFFERSON CITY MO,AMERICAN TIRE DISTRIBUTORS INC,NEXEN,984136011,LT235/85R16E HTX 2,8,NEXEN,4,528.68,17958NXK,17958NXK6505,,
28,6643,CLAIRMONT GA,AMERICAN TIRE DISTRIBUTORS INC,NEXEN,980351849,215/50R17X 95W N5KP,8,NEXEN,3,268.44,18160NXK,18160NXK6643,,
28,8211,"DOUGLASVILLE,GA",AMERICAN TIRE DISTRIBUTORS INC,NEXEN,980351874,235/45R17X 97W N5KP,8,NEXEN,1,96.7,18191NXK,18191NXK8211,,
25,6313,"FT. WAYNE, IN",AMERICAN TIRE DISTRIBUTORS INC,NEXEN,980351825,235/45R18X 98W N5KP,8,NEXEN,2,220.66,18210NXK,18210NXK6313,,
18,6436,"ONALASKA,WI",AMERICAN TIRE DISTRIBUTORS INC,NEXEN,980351827,235/50R18 97W N5KP,8,NEXEN,4,461.72,18187NXK,18187NXK6436,,
23,4930,COOKEVILLE TN,AMERICAN TIRE DISTRIBUTORS INC,NEXEN,980084174,225/70R15S 100T AH5,8,NEXEN,1,71.38,15402NXK,15402NXK4930,,
6,4938,"ALBUQUERQUE (CENTRAL), NM",AMERICAN TIRE DISTRIBUTORS INC,NEXEN,980351880,245/40R19X 98W N5KP,8,NEXEN,1,147.15,18197NXK,18197NXK4938,,
7,8172,"FARGO, ND",AMERICAN TIRE DISTRIBUTORS INC,NEXEN,980351890,225/55R19 99V N5KP,8,NEXEN,4,582.48,18208NXK,18208NXK8172,,
8,6413,"LINCOLN (N), NE",AMERICAN TIRE DISTRIBUTORS INC,NEXEN,980084179,175/65R14X 86T AH5,8,NEXEN,4,207,15011NXK,15011NXK6413,,
27,6326,"REYNOLDSBURG, OH",AMERICAN TIRE DISTRIBUTORS INC,NEXEN,980084179,175/65R14X 86T AH5,8,NEXEN,4,251.8,15011NXK,15011NXK6326,,
40,4774,"SECAUCUS, NJ",AMERICAN TIRE DISTRIBUTORS INC,NEXEN,980351850,255/40R19X 100W N5KP,8,NEXEN,1,166.33,18161NXK,18161NXK4774,,
22,6380,"DAYTON, OH",AMERICAN TIRE DISTRIBUTORS INC,NEXEN,980351891,235/40R18X 95W N5KP,8,NEXEN,4,441.32,18209NXK,18209NXK6380,,
35,4831,"DURHAM (S), NC",AMERICAN TIRE DISTRIBUTORS INC,NEXEN,980351881,235/55R20 102V N5KP,8,NEXEN,2,290.12,18198NXK,18198NXK4831,,
2,4735,"LA HABRA, CA",AMERICAN TIRE DISTRIBUTORS INC,NEXEN,980351872,245/35R20X 95W N5KP,8,NEXEN,2,259.22,18189NXK,18189NXK4735,,
21,8298,"JOLIET, IL",AMERICAN TIRE DISTRIBUTORS INC,NEXEN,980351873,245/60R18 105V N5KP,8,NEXEN,1,137.29,18190NXK,18190NXK8298,,
24,8106,"MONTGOMERY, AL",AMERICAN TIRE DISTRIBUTORS INC,NEXEN,980351879,225/65R17 102H N5KP,8,NEXEN,1,109.19,18196NXK,18196NXK8106,,
18,8164,"WAUKESHA, WI",AMERICAN TIRE DISTRIBUTORS INC,NEXEN,980351865,245/40R17 91W N5KP,8,NEXEN,2,228.08,18179NXK,18179NXK8164,,
21,8135,"TERRE HAUTE, IN",AMERICAN TIRE DISTRIBUTORS INC,NEXEN,980351880,245/40R19X 98W N5KP,8,NEXEN,1,147.15,18197NXK,18197NXK8135,,
17,6527,"BATON ROUGE, LA",AMERICAN TIRE DISTRIBUTORS INC,NEXEN,980351833,215/55R17 94V N5KP,8,NEXEN,2,179.86,17422NXK,17422NXK6527,,
20,6358,"NORTHLAKE, IL",AMERICAN TIRE DISTRIBUTORS INC,NEXEN,980351890,225/55R19 99V N5KP,8,NEXEN,2,291.24,18208NXK,18208NXK6358,,
34,6524,"COLONIAL HEIGHTS, VA",AMERICAN TIRE DISTRIBUTORS INC,NEXEN,980351847,265/60R18 110V N5KP,8,NEXEN,4,580.04,18159NXK,18159NXK6524,,
28,8166,"DULUTH, GA",AMERICAN TIRE DISTRIBUTORS INC,NEXEN,980351855,225/50R17 94W N5KP,8,NEXEN,4,397.36,18166NXK,18166NXK8166,,
10,7189,OKLAHOMA CITY PENN SQ OK,AMERICAN TIRE DISTRIBUTORS INC,NEXEN,980351846,235/55R17 99V N5KP,8,NEXEN,1,100.69,18158NXK,18158NXK7189,,
31,6387,PINELLAS PARK FL,AMERICAN TIRE DISTRIBUTORS INC,NEXEN,980351825,235/45R18X 98W N5KP,8,NEXEN,3,330.99,18210NXK,18210NXK6387,,
35,4831,"DURHAM (S), NC",AMERICAN TIRE DISTRIBUTORS INC,NEXEN,980351887,225/50R18X 99W N5KP,8,NEXEN,4,424.8,18205NXK,18205NXK4831,,
35,4872,COLUMBIA NE SC,AMERICAN TIRE DISTRIBUTORS INC,NEXEN,980351856,225/60R17 99H N5KP,8,NEXEN,1,103.49,18167NXK,18167NXK4872,,
31,4861,"ST PETERSBURG, FL",AMERICAN TIRE DISTRIBUTORS INC,NEXEN,980351838,235/65R18 106V N5KP,8,NEXEN,2,262.5,18152NXK,18152NXK4861,,
25,6313,"FT. WAYNE, IN",AMERICAN TIRE DISTRIBUTORS INC,NEXEN,980084384,C235/65R16E CT8HL,8,NEXEN,1,136.67,15241NXK,15241NXK6313,,
28,4739,"SNELLVILLE, GA",AMERICAN TIRE DISTRIBUTORS INC,NEXEN,980351886,235/60R18X 107V N5KP,8,NEXEN,9,1095.57,18204NXK,18204NXK4739,,
8,6979,DES MOINES ANKENY IA,AMERICAN TIRE DISTRIBUTORS INC,NEXEN,980351884,235/45R19X 99W N5KP,8,NEXEN,1,156.85,18201NXK,18201NXK6979,,
33,6314,"ELYRIA, OH",AMERICAN TIRE DISTRIBUTORS INC,NEXEN,980351867,235/55R18 100V N5KP,8,NEXEN,4,528.56,18181NXK,18181NXK6314,,
38,6650,"BALTIMORE, MD",AMERICAN TIRE DISTRIBUTORS INC,NEXEN,984135990,215/60R17 96H N5KP,8,NEXEN,4,372.48,18151NXK,18151NXK6650,,
28,8211,"DOUGLASVILLE,GA",AMERICAN TIRE DISTRIBUTORS INC,NEXEN,980351869,245/65R17 107H N5KP,8,NEXEN,1,120.77,18183NXK,18183NXK8211,,
29,8202,"SAVANNAH, GA",AMERICAN TIRE DISTRIBUTORS INC,NEXEN,980351838,235/65R18 106V N5KP,8,NEXEN,4,525,18152NXK,18152NXK8202,,
2,4822,"MURRIETA, CA",AMERICAN TIRE DISTRIBUTORS INC,NEXEN,980351874,235/45R17X 97W N5KP,8,NEXEN,8,773.6,18191NXK,18191NXK4822,,
22,8188,"LEXINGTON, KY",AMERICAN TIRE DISTRIBUTORS INC,NEXEN,980351825,235/45R18X 98W N5KP,8,NEXEN,2,220.66,18210NXK,18210NXK8188,,
10,4839,TULSA HILLS OK,AMERICAN TIRE DISTRIBUTORS INC,NEXEN,980351893,195/50R16 84V N5KP,8,NEXEN,4,323.2,18212NXK,18212NXK4839,,
13,8259,"AUSTIN, TX",AMERICAN TIRE DISTRIBUTORS INC,NEXEN,980084365,175/70R14 84T AH5,8,NEXEN,4,216.92,15129NXK,15129NXK8259,,
11,4905,"DENTON, TX",AMERICAN TIRE DISTRIBUTORS INC,NEXEN,980351886,235/60R18X 107V N5KP,8,NEXEN,1,121.73,18204NXK,18204NXK4905,,
37,6539,"WATERTOWN, NY",AMERICAN TIRE DISTRIBUTORS INC,NEXEN,980351879,225/65R17 102H N5KP,8,NEXEN,2,218.38,18196NXK,18196NXK6539,,
28,4780,"BUFORD, GA",AMERICAN TIRE DISTRIBUTORS INC,NEXEN,980351839,255/55R20X 110V N5KP,8,NEXEN,2,293.1,18153NXK,18153NXK4780,,
34,6458,"LYNCHBURG, VA",AMERICAN TIRE DISTRIBUTORS INC,NEXEN,980351896,225/55R18 98V N5KP,8,NEXEN,4,492.4,18216NXK,18216NXK6458,,
31,6420,"CLEARWATER, FL",AMERICAN TIRE DISTRIBUTORS INC,NEXEN,980351891,235/40R18X 95W N5KP,8,NEXEN,3,330.99,18209NXK,18209NXK6420,,
12,8264,"SAN ANTONIO (S), TX",AMERICAN TIRE DISTRIBUTORS INC,NEXEN,980084381,LT245/75R16E CT8HL,8,NEXEN,2,266.18,15411NXK,15411NXK8264,,
32,6217,"MIAMI, FL",AMERICAN TIRE DISTRIBUTORS INC,NEXEN,980351861,245/50R18 100W N5KP,8,NEXEN,1,128.73,18174NXK,18174NXK6217,,
22,8111,"JEFFERSONTOWN, KY",AMERICAN TIRE DISTRIBUTORS INC,NEXEN,984135991,215/65R17 99H N5KP,8,NEXEN,4,392.32,18177NXK,18177NXK8111,,
11,6244,"FORT WORTH, TX",AMERICAN TIRE DISTRIBUTORS INC,NEXEN,980351829,245/45R18X 100W N5KP,8,NEXEN,2,224.08,18184NXK,18184NXK6244,,
34,6458,"LYNCHBURG, VA",AMERICAN TIRE DISTRIBUTORS INC,NEXEN,980351869,245/65R17 107H N5KP,8,NEXEN,4,483.08,18183NXK,18183NXK6458,,
11,8269,"GRAND PRAIRIE, TX",AMERICAN TIRE DISTRIBUTORS INC,NEXEN,980351874,235/45R17X 97W N5KP,8,NEXEN,1,96.7,18191NXK,18191NXK8269,,
36,8290,"ORLANDO (S), FL",AMERICAN TIRE DISTRIBUTORS INC,NEXEN,980351868,225/55R17 97W N5KP,8,NEXEN,1,104.01,18182NXK,18182NXK8290,,
17,6527,"BATON ROUGE, LA",AMERICAN TIRE DISTRIBUTORS INC,NEXEN,980084171,205/75R15S 97S AH5,8,NEXEN,4,262.96,15405NXK,15405NXK6527,,
35,6443,"GOLDSBORO, NC",AMERICAN TIRE DISTRIBUTORS INC,NEXEN,980351880,245/40R19X 98W N5KP,8,NEXEN,1,147.15,18197NXK,18197NXK6443,,
9,4870,KANSAS CITY KS,AMERICAN TIRE DISTRIBUTORS INC,NEXEN,980351849,215/50R17X 95W N5KP,8,NEXEN,2,178.96,18160NXK,18160NXK4870,,
20,6487,"ADDISON, IL",AMERICAN TIRE DISTRIBUTORS INC,NEXEN,980351833,215/55R17 94V N5KP,8,NEXEN,4,359.72,17422NXK,17422NXK6487,,
13,8259,"AUSTIN, TX",AMERICAN TIRE DISTRIBUTORS INC,NEXEN,980351891,235/40R18X 95W N5KP,8,NEXEN,1,110.33,18209NXK,18209NXK8259,,
28,4780,"BUFORD, GA",AMERICAN TIRE DISTRIBUTORS INC,NEXEN,984136018,LT245/70R17E HTX 2,8,NEXEN,2,318.9,17985NXK,17985NXK4780,,
28,4739,"SNELLVILLE, GA",AMERICAN TIRE DISTRIBUTORS INC,NEXEN,980351825,235/45R18X 98W N5KP,8,NEXEN,2,220.66,18210NXK,18210NXK4739,,
34,4860,"BECKLEY, WV",AMERICAN TIRE DISTRIBUTORS INC,NEXEN,980351862,205/55R16 91V N5KP,8,NEXEN,2,167.56,18175NXK,18175NXK4860,,
32,6341,"SUNRISE, FL",AMERICAN TIRE DISTRIBUTORS INC,NEXEN,980351854,255/45R20X 105W N5KP,8,NEXEN,4,540.56,18165NXK,18165NXK6341,,
40,6581,"SCRANTON, PA",AMERICAN TIRE DISTRIBUTORS INC,NEXEN,980351838,235/65R18 106V N5KP,8,NEXEN,4,525,18152NXK,18152NXK6581,,
27,6326,"REYNOLDSBURG, OH",AMERICAN TIRE DISTRIBUTORS INC,NEXEN,980351852,245/45R20X 103W N5KP,8,NEXEN,1,151.74,18163NXK,18163NXK6326,,
21,8128,"PEORIA, IL",AMERICAN TIRE DISTRIBUTORS INC,NEXEN,980351839,255/55R20X 110V N5KP,8,NEXEN,1,146.55,18153NXK,18153NXK8128,,
14,6422,"LONGVIEW, TX",AMERICAN TIRE DISTRIBUTORS INC,NEXEN,980351825,235/45R18X 98W N5KP,8,NEXEN,1,110.33,18210NXK,18210NXK6422,,
27,8152,"SOUTH POINT, OH",AMERICAN TIRE DISTRIBUTORS INC,NEXEN,980351874,235/45R17X 97W N5KP,8,NEXEN,2,193.4,18191NXK,18191NXK8152,,
33,4847,GREENSBURG PA,AMERICAN TIRE DISTRIBUTORS INC,NEXEN,980351862,205/55R16 91V N5KP,8,NEXEN,5,418.9,18175NXK,18175NXK4847,,
13,8286,"WACO, TX",AMERICAN TIRE DISTRIBUTORS INC,NEXEN,980351887,225/50R18X 99W N5KP,8,NEXEN,1,106.2,18205NXK,18205NXK8286,,
1,4824,"SANTA CLARITA, CA",AMERICAN TIRE DISTRIBUTORS INC,NEXEN,980351850,255/40R19X 100W N5KP,8,NEXEN,1,166.33,18161NXK,18161NXK4824,,
30,6236,Rock Hill SC,AMERICAN TIRE DISTRIBUTORS INC,NEXEN,980351891,235/40R18X 95W N5KP,8,NEXEN,1,110.33,18209NXK,18209NXK6236,,
12,4914,San Antonio N TX,AMERICAN TIRE DISTRIBUTORS INC,NEXEN,980351832,225/40R18X 92W N5KP,8,NEXEN,2,208.96,17272NXK,17272NXK4914,,
8,8146,"OMAHA, NE",AMERICAN TIRE DISTRIBUTORS INC,NEXEN,980351829,245/45R18X 100W N5KP,8,NEXEN,2,224.08,18184NXK,18184NXK8146,,
20,6464,"DES PLAINES, IL",AMERICAN TIRE DISTRIBUTORS INC,NEXEN,980247727,165/65R14 79S AH5,8,NEXEN,1,62.14,16406NXK,16406NXK6464,,
11,6781,KELLER TX,AMERICAN TIRE DISTRIBUTORS INC,NEXEN,980351896,225/55R18 98V N5KP,8,NEXEN,2,246.2,18216NXK,18216NXK6781,,
39,6536,"WHITEHALL, PA",AMERICAN TIRE DISTRIBUTORS INC,NEXEN,980351833,215/55R17 94V N5KP,8,NEXEN,1,89.93,17422NXK,17422NXK6536,,
35,8223,"RALEIGH, NC",AMERICAN TIRE DISTRIBUTORS INC,NEXEN,980351829,245/45R18X 100W N5KP,8,NEXEN,4,448.16,18184NXK,18184NXK8223,,
24,8106,"MONTGOMERY, AL",AMERICAN TIRE DISTRIBUTORS INC,NEXEN,980084174,225/70R15S 100T AH5,8,NEXEN,2,142.76,15402NXK,15402NXK8106,,
16,4749,CONWAY AR,AMERICAN TIRE DISTRIBUTORS INC,NEXEN,980351846,235/55R17 99V N5KP,8,NEXEN,2,201.38,18158NXK,18158NXK4749,,
23,8294,"NASHVILLE(S),TN",AMERICAN TIRE DISTRIBUTORS INC,NEXEN,980084178,185/70R14S 88T AH5,8,NEXEN,4,219.16,15399NXK,15399NXK8294,,
30,8142,"SPARTANBURG, SC",AMERICAN TIRE DISTRIBUTORS INC,NEXEN,980351850,255/40R19X 100W N5KP,8,NEXEN,1,166.33,18161NXK,18161NXK8142,,
28,6643,CLAIRMONT GA,AMERICAN TIRE DISTRIBUTORS INC,NEXEN,980351843,235/50R17 96V N5KP,8,NEXEN,4,421.6,18155NXK,18155NXK6643,,
3,4730,"WEST JORDAN, UT",AMERICAN TIRE DISTRIBUTORS INC,NEXEN,980351854,255/45R20X 105W N5KP,8,NEXEN,4,540.56,18165NXK,18165NXK4730,,
31,6448,"NEW PORT RICHEY, FL",AMERICAN TIRE DISTRIBUTORS INC,NEXEN,980351837,215/55R18 95H N5KP,8,NEXEN,1,118.07,18150NXK,18150NXK6448,,
19,8125,"SAINT LOUIS, MO",AMERICAN TIRE DISTRIBUTORS INC,NEXEN,980084269,245/40ZR20X 99Y AU7,8,NEXEN,4,617.2,15624NXK,15624NXK8125,,
31,6441,"LAKELAND (N),FL",AMERICAN TIRE DISTRIBUTORS INC,NEXEN,984136003,LT225/75R16E HTX 2,8,NEXEN,2,284.04,17417NXK,17417NXK6441,,
13,4713,"SHENANDOAH, TX",AMERICAN TIRE DISTRIBUTORS INC,NEXEN,980351884,235/45R19X 99W N5KP,8,NEXEN,4,627.4,18201NXK,18201NXK4713,,
30,4917,Mooresville NC,AMERICAN TIRE DISTRIBUTORS INC,NEXEN,980351881,235/55R20 102V N5KP,8,NEXEN,1,145.06,18198NXK,18198NXK4917,,
32,4991,"COCOA, FL",AMERICAN TIRE DISTRIBUTORS INC,NEXEN,980351825,235/45R18X 98W N5KP,8,NEXEN,1,110.33,18210NXK,18210NXK4991,,
39,8160,"TEMPLE, PA",AMERICAN TIRE DISTRIBUTORS INC,NEXEN,980351840,255/55R18X 109V N5KP,8,NEXEN,2,287.08,18154NXK,18154NXK8160,,
38,6371,"WOODBRIDGE, VA",AMERICAN TIRE DISTRIBUTORS INC,NEXEN,980351829,245/45R18X 100W N5KP,8,NEXEN,2,224.08,18184NXK,18184NXK6371,,
33,6314,"ELYRIA, OH",AMERICAN TIRE DISTRIBUTORS INC,NEXEN,980351860,225/45R17 91W N5KP,8,NEXEN,2,186.88,18173NXK,18173NXK6314,,
21,6489,"CALUMET CITY, IL",AMERICAN TIRE DISTRIBUTORS INC,NEXEN,980084365,175/70R14 84T AH5,8,NEXEN,4,216.92,15129NXK,15129NXK6489,,
40,4774,"SECAUCUS, NJ",AMERICAN TIRE DISTRIBUTORS INC,NEXEN,980351825,235/45R18X 98W N5KP,8,NEXEN,1,110.33,18210NXK,18210NXK4774,,
6,6672,"ALBUQUERQUE, NM",AMERICAN TIRE DISTRIBUTORS INC,NEXEN,980351833,215/55R17 94V N5KP,8,NEXEN,1,89.93,17422NXK,17422NXK6672,,
34,6351,"NEWPORT NEWS, VA",AMERICAN TIRE DISTRIBUTORS INC,NEXEN,980084172,205/75R14S 95S AH5,8,NEXEN,6,357.24,15404NXK,15404NXK6351,,
2,6610,"CHINO, CA",AMERICAN TIRE DISTRIBUTORS INC,NEXEN,980084384,C235/65R16E CT8HL,8,NEXEN,2,273.34,15241NXK,15241NXK6610,,
28,4789,"SHARPSBURG, GA",AMERICAN TIRE DISTRIBUTORS INC,NEXEN,980351851,215/45R17 87W N5KP,8,NEXEN,2,168.48,18162NXK,18162NXK4789,,
14,8299,PLANO TX,AMERICAN TIRE DISTRIBUTORS INC,NEXEN,984135993,255/60R19 109H N5KP,8,NEXEN,1,169.52,18172NXK,18172NXK8299,,
1,6612,"CONCORD, CA",AMERICAN TIRE DISTRIBUTORS INC,NEXEN,980351827,235/50R18 97W N5KP,8,NEXEN,4,461.72,18187NXK,18187NXK6612,,
15,6867,HOUSTON CINCO TX,AMERICAN TIRE DISTRIBUTORS INC,NEXEN,980351900,245/50R20 102V N5KP,8,NEXEN,2,267.88,18294NXK,18294NXK6867,,
40,6352,"HUDSON, NH",AMERICAN TIRE DISTRIBUTORS INC,NEXEN,980351890,225/55R19 99V N5KP,8,NEXEN,2,291.24,18208NXK,18208NXK6352,,
17,6527,"BATON ROUGE, LA",AMERICAN TIRE DISTRIBUTORS INC,NEXEN,980084169,225/75R15S 102S AH5,8,NEXEN,2,137.38,15407NXK,15407NXK6527,,
28,4789,"SHARPSBURG, GA",AMERICAN TIRE DISTRIBUTORS INC,NEXEN,980351886,235/60R18X 107V N5KP,8,NEXEN,6,730.38,18204NXK,18204NXK4789,,
21,8128,"PEORIA, IL",AMERICAN TIRE DISTRIBUTORS INC,NEXEN,980351836,225/60R18X 104H N5KP,8,NEXEN,4,457.8,18149NXK,18149NXK8128,,
39,4722,"WILLIAMSTOWN, NJ",AMERICAN TIRE DISTRIBUTORS INC,NEXEN,980351833,215/55R17 94V N5KP,8,NEXEN,1,89.93,17422NXK,17422NXK4722,,
31,6403,"BRANDON, FL",AMERICAN TIRE DISTRIBUTORS INC,NEXEN,980084261,255/35ZR20X 97Y AU7,8,NEXEN,2,273.98,15634NXK,15634NXK6403,,
1,6405,"YUBA CITY, CA",AMERICAN TIRE DISTRIBUTORS INC,NEXEN,980351886,235/60R18X 107V N5KP,8,NEXEN,1,121.73,18204NXK,18204NXK6405,,
38,8193,"HAGERSTOWN, MD",AMERICAN TIRE DISTRIBUTORS INC,NEXEN,980351868,225/55R17 97W N5KP,8,NEXEN,4,416.04,18182NXK,18182NXK8193,,
9,6426,"SALINA, KS",AMERICAN TIRE DISTRIBUTORS INC,NEXEN,980351827,235/50R18 97W N5KP,8,NEXEN,1,115.43,18187NXK,18187NXK6426,,
31,6387,PINELLAS PARK FL,AMERICAN TIRE DISTRIBUTORS INC,NEXEN,980351854,255/45R20X 105W N5KP,8,NEXEN,1,135.14,18165NXK,18165NXK6387,,
27,8152,"SOUTH POINT, OH",AMERICAN TIRE DISTRIBUTORS INC,NEXEN,980351896,225/55R18 98V N5KP,8,NEXEN,1,123.1,18216NXK,18216NXK8152,,
32,6217,"MIAMI, FL",AMERICAN TIRE DISTRIBUTORS INC,NEXEN,980351886,235/60R18X 107V N5KP,8,NEXEN,4,486.92,18204NXK,18204NXK6217,,
28,4739,"SNELLVILLE, GA",AMERICAN TIRE DISTRIBUTORS INC,NEXEN,980351833,215/55R17 94V N5KP,8,NEXEN,2,179.86,17422NXK,17422NXK4739,,
13,6245,Harker Heights TX,AMERICAN TIRE DISTRIBUTORS INC,NEXEN,980351860,225/45R17 91W N5KP,8,NEXEN,2,186.88,18173NXK,18173NXK6245,,
8,6472,"COUNCIL BLUFFS, IA",AMERICAN TIRE DISTRIBUTORS INC,NEXEN,980351873,245/60R18 105V N5KP,8,NEXEN,2,274.58,18190NXK,18190NXK6472,,
19,6479,"CAPE GIRARDEAU, MO",AMERICAN TIRE DISTRIBUTORS INC,NEXEN,980351832,225/40R18X 92W N5KP,8,NEXEN,1,104.48,17272NXK,17272NXK6479,,
34,6351,"NEWPORT NEWS, VA",AMERICAN TIRE DISTRIBUTORS INC,NEXEN,980351825,235/45R18X 98W N5KP,8,NEXEN,5,551.65,18210NXK,18210NXK6351,,
13,4713,"SHENANDOAH, TX",AMERICAN TIRE DISTRIBUTORS INC,NEXEN,980351840,255/55R18X 109V N5KP,8,NEXEN,2,287.08,18154NXK,18154NXK4713,,
23,8294,"NASHVILLE(S),TN",AMERICAN TIRE DISTRIBUTORS INC,NEXEN,980351863,215/45R18X 93W N5KP,8,NEXEN,1,109.93,18176NXK,18176NXK8294,,
39,8160,"TEMPLE, PA",AMERICAN TIRE DISTRIBUTORS INC,NEXEN,980351900,245/50R20 102V N5KP,8,NEXEN,2,267.88,18294NXK,18294NXK8160,,
35,4872,COLUMBIA NE SC,AMERICAN TIRE DISTRIBUTORS INC,NEXEN,980351857,235/50R19X 103V N5KP,8,NEXEN,6,913.08,18168NXK,18168NXK4872,,
32,6341,"SUNRISE, FL",AMERICAN TIRE DISTRIBUTORS INC,NEXEN,980351892,235/40R19X 96W N5KP,8,NEXEN,1,146.22,18211NXK,18211NXK6341,,
6,6246,EL PASO TX,AMERICAN TIRE DISTRIBUTORS INC,NEXEN,980084365,175/70R14 84T AH5,8,NEXEN,1,54.23,15129NXK,15129NXK6246,,
31,6387,PINELLAS PARK FL,AMERICAN TIRE DISTRIBUTORS INC,NEXEN,984135991,215/65R17 99H N5KP,8,NEXEN,2,196.16,18177NXK,18177NXK6387,,
1,4799,"CITRUS HEIGHTS, CA",AMERICAN TIRE DISTRIBUTORS INC,NEXEN,980351861,245/50R18 100W N5KP,8,NEXEN,4,531.56,18174NXK,18174NXK4799,,
37,6460,"ALTOONA, PA",AMERICAN TIRE DISTRIBUTORS INC,NEXEN,980351839,255/55R20X 110V N5KP,8,NEXEN,4,586.2,18153NXK,18153NXK6460,,
34,6524,"COLONIAL HEIGHTS, VA",AMERICAN TIRE DISTRIBUTORS INC,NEXEN,980351869,245/65R17 107H N5KP,8,NEXEN,8,966.16,18183NXK,18183NXK6524,,
9,4870,KANSAS CITY KS,AMERICAN TIRE DISTRIBUTORS INC,NEXEN,980351825,235/45R18X 98W N5KP,8,NEXEN,4,441.32,18210NXK,18210NXK4870,,
26,6454,"SOUTHFIELD, MI",AMERICAN TIRE DISTRIBUTORS INC,NEXEN,980351827,235/50R18 97W N5KP,8,NEXEN,2,230.86,18187NXK,18187NXK6454,,
20,6228,"VERNON HILLS, IL",AMERICAN TIRE DISTRIBUTORS INC,NEXEN,984136020,LT245/75R16E HTX 2,8,NEXEN,1,133.27,17959NXK,17959NXK6228,,
26,6666,"CANTON, MI",AMERICAN TIRE DISTRIBUTORS INC,NEXEN,980351825,235/45R18X 98W N5KP,8,NEXEN,1,110.33,18210NXK,18210NXK6666,,
21,8128,"PEORIA, IL",AMERICAN TIRE DISTRIBUTORS INC,NEXEN,980351854,255/45R20X 105W N5KP,8,NEXEN,1,135.14,18165NXK,18165NXK8128,,
38,6371,"WOODBRIDGE, VA",AMERICAN TIRE DISTRIBUTORS INC,NEXEN,980351886,235/60R18X 107V N5KP,8,NEXEN,1,121.73,18204NXK,18204NXK6371,,
22,8111,"JEFFERSONTOWN, KY",AMERICAN TIRE DISTRIBUTORS INC,NEXEN,980351825,235/45R18X 98W N5KP,8,NEXEN,5,551.65,18210NXK,18210NXK8111,,
29,8115,"AUGUSTA, GA",AMERICAN TIRE DISTRIBUTORS INC,NEXEN,980351860,225/45R17 91W N5KP,8,NEXEN,4,373.76,18173NXK,18173NXK8115,,
34,6524,"COLONIAL HEIGHTS, VA",AMERICAN TIRE DISTRIBUTORS INC,NEXEN,980084384,C235/65R16E CT8HL,8,NEXEN,4,492.84,15241NXK,15241NXK6524,,
9,4870,KANSAS CITY KS,AMERICAN TIRE DISTRIBUTORS INC,NEXEN,980351875,245/40R18X 97W N5KP,8,NEXEN,4,504.48,18192NXK,18192NXK4870,,
34,6524,"COLONIAL HEIGHTS, VA",AMERICAN TIRE DISTRIBUTORS INC,NEXEN,980351894,205/50R17X 93V N5KP,8,NEXEN,1,97.4,18213NXK,18213NXK6524,,
34,6351,"NEWPORT NEWS, VA",AMERICAN TIRE DISTRIBUTORS INC,NEXEN,980351884,235/45R19X 99W N5KP,8,NEXEN,2,313.7,18201NXK,18201NXK6351,,
33,6404,"FAIRLAWN, OH",AMERICAN TIRE DISTRIBUTORS INC,NEXEN,980351856,225/60R17 99H N5KP,8,NEXEN,2,206.98,18167NXK,18167NXK6404,,
40,6333,"BANGOR, ME",AMERICAN TIRE DISTRIBUTORS INC,NEXEN,980351851,215/45R17 87W N5KP,8,NEXEN,2,168.48,18162NXK,18162NXK6333,,
27,6572,"KNOXVILLE, TN",AMERICAN TIRE DISTRIBUTORS INC,NEXEN,980351851,215/45R17 87W N5KP,8,NEXEN,4,336.96,18162NXK,18162NXK6572,,
38,6371,"WOODBRIDGE, VA",AMERICAN TIRE DISTRIBUTORS INC,NEXEN,980351892,235/40R19X 96W N5KP,8,NEXEN,2,292.44,18211NXK,18211NXK6371,,
22,6450,"CINCINNATI, OH",AMERICAN TIRE DISTRIBUTORS INC,NEXEN,980351877,235/65R17 104H N5KP,8,NEXEN,4,475.32,18194NXK,18194NXK6450,,
35,6571,"FLORENCE, SC",AMERICAN TIRE DISTRIBUTORS INC,NEXEN,980351869,245/65R17 107H N5KP,8,NEXEN,4,483.08,18183NXK,18183NXK6571,,
4,4915,BULLHEAD CITY AZ,AMERICAN TIRE DISTRIBUTORS INC,NEXEN,980084170,215/75R15 100S AH5,8,NEXEN,2,124.18,15406NXK,15406NXK4915,,
13,6421,"CONROE, TX",AMERICAN TIRE DISTRIBUTORS INC,NEXEN,980351843,235/50R17 96V N5KP,8,NEXEN,1,105.4,18155NXK,18155NXK6421,,
6,8280,EL PASO TX,AMERICAN TIRE DISTRIBUTORS INC,NEXEN,980351855,225/50R17 94W N5KP,8,NEXEN,2,198.68,18166NXK,18166NXK8280,,
24,8236,"GULFPORT, MS",AMERICAN TIRE DISTRIBUTORS INC,NEXEN,984136021,LT245/75R17E HTX 2,8,NEXEN,2,332.1,17986NXK,17986NXK8236,,
32,8157,"W.PALM BEACH,FL",AMERICAN TIRE DISTRIBUTORS INC,NEXEN,980351886,235/60R18X 107V N5KP,8,NEXEN,4,486.92,18204NXK,18204NXK8157,,
20,6358,"NORTHLAKE, IL",AMERICAN TIRE DISTRIBUTORS INC,NEXEN,980351874,235/45R17X 97W N5KP,8,NEXEN,4,386.8,18191NXK,18191NXK6358,,
1,6405,"YUBA CITY, CA",AMERICAN TIRE DISTRIBUTORS INC,NEXEN,980351874,235/45R17X 97W N5KP,8,NEXEN,2,193.4,18191NXK,18191NXK6405,,
28,4780,"BUFORD, GA",AMERICAN TIRE DISTRIBUTORS INC,NEXEN,980351892,235/40R19X 96W N5KP,8,NEXEN,4,584.88,18211NXK,18211NXK4780,,
6,8270,"LUBBOCK, TX",AMERICAN TIRE DISTRIBUTORS INC,NEXEN,980351860,225/45R17 91W N5KP,8,NEXEN,1,93.44,18173NXK,18173NXK8270,,
35,6573,Jacksonville NC,AMERICAN TIRE DISTRIBUTORS INC,NEXEN,980351839,255/55R20X 110V N5KP,8,NEXEN,1,146.55,18153NXK,18153NXK6573,,
11,4905,"DENTON, TX",AMERICAN TIRE DISTRIBUTORS INC,NEXEN,980351882,265/50R20 107V N5KP,8,NEXEN,2,323,18199NXK,18199NXK4905,,
14,6265,"IRVING (N), TX",AMERICAN TIRE DISTRIBUTORS INC,NEXEN,980351868,225/55R17 97W N5KP,8,NEXEN,1,104.01,18182NXK,18182NXK6265,,
35,6203,"COLUMBIA, SC",AMERICAN TIRE DISTRIBUTORS INC,NEXEN,984136042,LT265/75R16E HTX 2,8,NEXEN,4,582.64,17981NXK,17981NXK6203,,
36,4782,"KISSIMMEE, FL",AMERICAN TIRE DISTRIBUTORS INC,NEXEN,980351854,255/45R20X 105W N5KP,8,NEXEN,4,540.56,18165NXK,18165NXK4782,,
28,4780,"BUFORD, GA",AMERICAN TIRE DISTRIBUTORS INC,NEXEN,980351886,235/60R18X 107V N5KP,8,NEXEN,1,121.73,18204NXK,18204NXK4780,,
34,6354,"MIDLOTHIAN, VA",AMERICAN TIRE DISTRIBUTORS INC,NEXEN,980351846,235/55R17 99V N5KP,8,NEXEN,4,402.76,18158NXK,18158NXK6354,,
1,6612,"CONCORD, CA",AMERICAN TIRE DISTRIBUTORS INC,NEXEN,984135993,255/60R19 109H N5KP,8,NEXEN,1,169.52,18172NXK,18172NXK6612,,
39,6693,"LANGHORNE, PA",AMERICAN TIRE DISTRIBUTORS INC,NEXEN,980351886,235/60R18X 107V N5KP,8,NEXEN,8,973.84,18204NXK,18204NXK6693,,
28,6409,"TUCKER, GA",AMERICAN TIRE DISTRIBUTORS INC,NEXEN,980351861,245/50R18 100W N5KP,8,NEXEN,2,257.46,18174NXK,18174NXK6409,,
23,4776,"HUNTSVILLE, AL",AMERICAN TIRE DISTRIBUTORS INC,NEXEN,980351832,225/40R18X 92W N5KP,8,NEXEN,1,104.48,17272NXK,17272NXK4776,,
9,6418,"WICHITA, KS",AMERICAN TIRE DISTRIBUTORS INC,NEXEN,980351850,255/40R19X 100W N5KP,8,NEXEN,4,665.32,18161NXK,18161NXK6418,,
35,8129,"WILMINGTON, NC",AMERICAN TIRE DISTRIBUTORS INC,NEXEN,980351846,235/55R17 99V N5KP,8,NEXEN,2,201.38,18158NXK,18158NXK8129,,
26,6666,"CANTON, MI",AMERICAN TIRE DISTRIBUTORS INC,NEXEN,980351880,245/40R19X 98W N5KP,8,NEXEN,2,294.3,18197NXK,18197NXK6666,,
1,4799,"CITRUS HEIGHTS, CA",AMERICAN TIRE DISTRIBUTORS INC,NEXEN,980351825,235/45R18X 98W N5KP,8,NEXEN,4,441.32,18210NXK,18210NXK4799,,
9,8176,"TOPEKA, KS",AMERICAN TIRE DISTRIBUTORS INC,NEXEN,980351833,215/55R17 94V N5KP,8,NEXEN,2,179.86,17422NXK,17422NXK8176,,
38,4771,SEVERN MD,AMERICAN TIRE DISTRIBUTORS INC,NEXEN,984135995,265/65R17 112H N5KP,8,NEXEN,2,286.56,18170NXK,18170NXK4771,,
28,8166,"DULUTH, GA",AMERICAN TIRE DISTRIBUTORS INC,NEXEN,980351891,235/40R18X 95W N5KP,8,NEXEN,1,110.33,18209NXK,18209NXK8166,,
34,6368,"CHESAPEAKE, VA",AMERICAN TIRE DISTRIBUTORS INC,NEXEN,984135991,215/65R17 99H N5KP,8,NEXEN,3,294.24,18177NXK,18177NXK6368,,
32,8141,"MELBOURNE, FL",AMERICAN TIRE DISTRIBUTORS INC,NEXEN,980351840,255/55R18X 109V N5KP,8,NEXEN,1,143.54,18154NXK,18154NXK8141,,
32,8173,"MIRAMAR, FL",AMERICAN TIRE DISTRIBUTORS INC,NEXEN,980351886,235/60R18X 107V N5KP,8,NEXEN,2,243.46,18204NXK,18204NXK8173,,
1,6612,"CONCORD, CA",AMERICAN TIRE DISTRIBUTORS INC,NEXEN,980351881,235/55R20 102V N5KP,8,NEXEN,1,145.06,18198NXK,18198NXK6612,,
27,6307,"COLUMBUS(N),OH",AMERICAN TIRE DISTRIBUTORS INC,NEXEN,980351840,255/55R18X 109V N5KP,8,NEXEN,1,143.54,18154NXK,18154NXK6307,,
14,6376,"ADDISON, TX",AMERICAN TIRE DISTRIBUTORS INC,NEXEN,980351847,265/60R18 110V N5KP,8,NEXEN,1,145.01,18159NXK,18159NXK6376,,
17,8181,"ALEXANDRIA, LA",AMERICAN TIRE DISTRIBUTORS INC,NEXEN,980351861,245/50R18 100W N5KP,8,NEXEN,4,514.92,18174NXK,18174NXK8181,,
32,6341,"SUNRISE, FL",AMERICAN TIRE DISTRIBUTORS INC,NEXEN,980351838,235/65R18 106V N5KP,8,NEXEN,2,262.5,18152NXK,18152NXK6341,,
23,8292,"MEMPHIS (E), TN",AMERICAN TIRE DISTRIBUTORS INC,NEXEN,980351891,235/40R18X 95W N5KP,8,NEXEN,1,110.33,18209NXK,18209NXK8292,,
31,6448,"NEW PORT RICHEY, FL",AMERICAN TIRE DISTRIBUTORS INC,NEXEN,980351890,225/55R19 99V N5KP,8,NEXEN,1,145.62,18208NXK,18208NXK6448,,
35,8218,"FAYETTEVILLE,NC",AMERICAN TIRE DISTRIBUTORS INC,NEXEN,980351855,225/50R17 94W N5KP,8,NEXEN,2,198.68,18166NXK,18166NXK8218,,
24,8102,"MOBILE, AL",AMERICAN TIRE DISTRIBUTORS INC,NEXEN,980351829,245/45R18X 100W N5KP,8,NEXEN,4,448.16,18184NXK,18184NXK8102,,
10,6267,EDMOND OK,AMERICAN TIRE DISTRIBUTORS INC,NEXEN,980351849,215/50R17X 95W N5KP,8,NEXEN,4,357.92,18160NXK,18160NXK6267,,
34,6351,"NEWPORT NEWS, VA",AMERICAN TIRE DISTRIBUTORS INC,NEXEN,980351891,235/40R18X 95W N5KP,8,NEXEN,1,110.33,18209NXK,18209NXK6351,,
14,6255,"PLANO(N),TX",AMERICAN TIRE DISTRIBUTORS INC,NEXEN,980351861,245/50R18 100W N5KP,8,NEXEN,1,128.73,18174NXK,18174NXK6255,,
34,8220,"ROANOKE, VA",AMERICAN TIRE DISTRIBUTORS INC,NEXEN,980351849,215/50R17X 95W N5KP,8,NEXEN,4,357.92,18160NXK,18160NXK8220,,
14,6265,"IRVING (N), TX",AMERICAN TIRE DISTRIBUTORS INC,NEXEN,980351843,235/50R17 96V N5KP,8,NEXEN,2,210.8,18155NXK,18155NXK6265,,
6,8270,"LUBBOCK, TX",AMERICAN TIRE DISTRIBUTORS INC,NEXEN,980351866,235/60R17 102H N5KP,8,NEXEN,2,212.9,18180NXK,18180NXK8270,,
28,4780,"BUFORD, GA",AMERICAN TIRE DISTRIBUTORS INC,NEXEN,980351844,225/45R18X 95W N5KP,8,NEXEN,1,119.34,18156NXK,18156NXK4780,,
24,6435,"TUSCALOOSA, AL",AMERICAN TIRE DISTRIBUTORS INC,NEXEN,980351873,245/60R18 105V N5KP,8,NEXEN,2,274.58,18190NXK,18190NXK6435,,
15,4764,"KATY (FRY), TX",AMERICAN TIRE DISTRIBUTORS INC,NEXEN,980351844,225/45R18X 95W N5KP,8,NEXEN,4,477.36,18156NXK,18156NXK4764,,
28,8158,WOODSTOCK GA,AMERICAN TIRE DISTRIBUTORS INC,NEXEN,980351853,215/55R16X 97H N5KP,8,NEXEN,1,92.05,18164NXK,18164NXK8158,,
28,8211,"DOUGLASVILLE,GA",AMERICAN TIRE DISTRIBUTORS INC,NEXEN,980351865,245/40R17 91W N5KP,8,NEXEN,3,342.12,18179NXK,18179NXK8211,,
17,4790,"PEARL, MS",AMERICAN TIRE DISTRIBUTORS INC,NEXEN,980351896,225/55R18 98V N5KP,8,NEXEN,1,123.1,18216NXK,18216NXK4790,,
14,6255,"PLANO(N),TX",AMERICAN TIRE DISTRIBUTORS INC,NEXEN,984135992,245/70R17 110H N5KP,8,NEXEN,1,126.43,18185NXK,18185NXK6255,,
2,6610,"CHINO, CA",AMERICAN TIRE DISTRIBUTORS INC,NEXEN,980351829,245/45R18X 100W N5KP,8,NEXEN,4,448.16,18184NXK,18184NXK6610,,
20,6464,"DES PLAINES, IL",AMERICAN TIRE DISTRIBUTORS INC,NEXEN,980351896,225/55R18 98V N5KP,8,NEXEN,1,123.1,18216NXK,18216NXK6464,,
8,6514,"WATERLOO, IA",AMERICAN TIRE DISTRIBUTORS INC,NEXEN,980351900,245/50R20 102V N5KP,8,NEXEN,4,535.76,18294NXK,18294NXK6514,,
34,6524,"COLONIAL HEIGHTS, VA",AMERICAN TIRE DISTRIBUTORS INC,NEXEN,980351896,225/55R18 98V N5KP,8,NEXEN,4,492.4,18216NXK,18216NXK6524,,
32,8130,"FORT MYERS, FL",AMERICAN TIRE DISTRIBUTORS INC,NEXEN,980084178,185/70R14S 88T AH5,8,NEXEN,2,109.58,15399NXK,15399NXK8130,,
14,8242,"DALLAS (E), TX",AMERICAN TIRE DISTRIBUTORS INC,NEXEN,980351891,235/40R18X 95W N5KP,8,NEXEN,5,551.65,18209NXK,18209NXK8242,,
9,6505,JEFFERSON CITY MO,AMERICAN TIRE DISTRIBUTORS INC,NEXEN,980351880,245/40R19X 98W N5KP,8,NEXEN,1,147.15,18197NXK,18197NXK6505,,
6,8280,EL PASO TX,AMERICAN TIRE DISTRIBUTORS INC,NEXEN,980351887,225/50R18X 99W N5KP,8,NEXEN,7,743.4,18205NXK,18205NXK8280,,
11,6244,"FORT WORTH, TX",AMERICAN TIRE DISTRIBUTORS INC,NEXEN,980351851,215/45R17 87W N5KP,8,NEXEN,1,84.24,18162NXK,18162NXK6244,,
35,4872,COLUMBIA NE SC,AMERICAN TIRE DISTRIBUTORS INC,NEXEN,980351825,235/45R18X 98W N5KP,8,NEXEN,2,220.66,18210NXK,18210NXK4872,,
17,6527,"BATON ROUGE, LA",AMERICAN TIRE DISTRIBUTORS INC,NEXEN,980351892,235/40R19X 96W N5KP,8,NEXEN,4,584.88,18211NXK,18211NXK6527,,
4,6205,"YUMA, AZ",AMERICAN TIRE DISTRIBUTORS INC,NEXEN,980351862,205/55R16 91V N5KP,8,NEXEN,4,335.12,18175NXK,18175NXK6205,,
29,6363,"JACKSONVILLE (W), FL",AMERICAN TIRE DISTRIBUTORS INC,NEXEN,980084283,225/40R18X 92W AU7,8,NEXEN,1,107.13,14422NXK,14422NXK6363,,
29,8115,"AUGUSTA, GA",AMERICAN TIRE DISTRIBUTORS INC,NEXEN,980351877,235/65R17 104H N5KP,8,NEXEN,2,237.66,18194NXK,18194NXK8115,,
25,6319,"KENTWOOD, MI",AMERICAN TIRE DISTRIBUTORS INC,TOYO,980307715,P225/75R16 104S OAT3,10,TOYO,4,555.88,355260,3552606319,,
25,6359,"COMSTOCK PARK, MI",AMERICAN TIRE DISTRIBUTORS INC,TOYO,980307714,P225/75R15 102T OAT3,10,TOYO,4,577.44,356070,3560706359,,
15,8244,"HOUSTON (S), TX",AMERICAN TIRE DISTRIBUTORS INC,TOYO,980307724,P285/55R20 114T OAT3,10,TOYO,2,525.86,356440,3564408244,,
31,6387,PINELLAS PARK FL,AMERICAN TIRE DISTRIBUTORS INC,TOYO,980307637,265/65R17X 116T OAT3,10,TOYO,2,405.7,356250,3562506387,,
13,4713,"SHENANDOAH, TX",AMERICAN TIRE DISTRIBUTORS INC,TOYO,980307724,P285/55R20 114T OAT3,10,TOYO,2,525.86,356440,3564404713,,
24,6435,"TUSCALOOSA, AL",AMERICAN TIRE DISTRIBUTORS INC,TOYO,984134716,255/70R16 111TOCHT2,10,TOYO,4,523.96,364640,3646406435,,
1,6612,"CONCORD, CA",AMERICAN TIRE DISTRIBUTORS INC,TOYO,984134722,245/70R16 107TOCHT2,10,TOYO,4,512.6,364690,3646906612,,
15,8275,"BEAUMONT, TX",AMERICAN TIRE DISTRIBUTORS INC,TOYO,984134621,LT255/75R17C OAT3,10,TOYO,2,477.22,356930,3569308275,,
15,4764,"KATY (FRY), TX",AMERICAN TIRE DISTRIBUTORS INC,TOYO,980098861,LT275/70R18E OC MT,10,TOYO,4,1381.6,360120,3601204764,,
10,7189,OKLAHOMA CITY PENN SQ OK,AMERICAN TIRE DISTRIBUTORS INC,TOYO,984134440,235/55R17X 103VCLS 2,10,TOYO,2,276.44,243720,2437207189,,
14,8299,PLANO TX,AMERICAN TIRE DISTRIBUTORS INC,TOYO,984134669,265/70R16 112TOCHT2,10,TOYO,2,278.84,364520,3645208299,,
21,8128,"PEORIA, IL",AMERICAN TIRE DISTRIBUTORS INC,TOYO,980307646,275/65R18 116T OAT3,10,TOYO,4,1013.96,356320,3563208128,,
39,8145,"CINNAMINSON, NJ",AMERICAN TIRE DISTRIBUTORS INC,TOYO,984134422,225/65R17 102HCLS 2,10,TOYO,1,128.01,239190,2391908145,,
31,6387,PINELLAS PARK FL,AMERICAN TIRE DISTRIBUTORS INC,TOYO,984134725,235/75R15X109TOCHT2,10,TOYO,2,218.04,364720,3647206387,,
17,8221,"HARVEY, LA",AMERICAN TIRE DISTRIBUTORS INC,TOYO,980307724,P285/55R20 114T OAT3,10,TOYO,2,525.86,356440,3564408221,,
17,4837,"DENHAM SPRINGS, LA",AMERICAN TIRE DISTRIBUTORS INC,TOYO,984134722,245/70R16 107TOCHT2,10,TOYO,4,512.6,364690,3646904837,,
13,6259,"ROUND ROCK, TX",AMERICAN TIRE DISTRIBUTORS INC,TOYO,980307703,LT295/70R18E OAT3,10,TOYO,2,698.76,355560,3555606259,,
14,4783,"GARLAND, TX",AMERICAN TIRE DISTRIBUTORS INC,TOYO,980307685,LT275/65R20E OAT3,10,TOYO,4,1475.96,355420,3554204783,,
31,6387,PINELLAS PARK FL,AMERICAN TIRE DISTRIBUTORS INC,TOYO,984134722,245/70R16 107TOCHT2,10,TOYO,2,256.3,364690,3646906387,,
31,6441,"LAKELAND (N),FL",AMERICAN TIRE DISTRIBUTORS INC,TOYO,980307723,P265/75R15 112S OAT3,10,TOYO,2,334.68,355280,3552806441,,
23,8107,"HUNTSVILLE, AL",AMERICAN TIRE DISTRIBUTORS INC,TOYO,980098889,37X12.50R17D OC MT,10,TOYO,2,806.4,360770,3607708107,,
22,4851,"CLARKSVILLE, IN",AMERICAN TIRE DISTRIBUTORS INC,TOYO,980307675,LT265/60R20E OAT3,10,TOYO,4,1212.48,355330,3553304851,,
11,8282,"DALLAS (S), TX",AMERICAN TIRE DISTRIBUTORS INC,TOYO,980307721,P265/70R16 111T OAT3,10,TOYO,4,736.56,355230,3552308282,,
15,4702,"FRIENDSWOOD, TX",AMERICAN TIRE DISTRIBUTORS INC,TOYO,980307660,35X12.50R20E OAT3,10,TOYO,4,1617.96,355980,3559804702,,
22,8111,"JEFFERSONTOWN, KY",AMERICAN TIRE DISTRIBUTORS INC,TOYO,984134562,LT255/80R17E OAT3,10,TOYO,1,243.57,355750,3557508111,,
34,8228,"WINSTON-SALEM, NC",AMERICAN TIRE DISTRIBUTORS INC,TOYO,980307646,275/65R18 116T OAT3,10,TOYO,1,253.49,356320,3563208228,,
29,8202,"SAVANNAH, GA",AMERICAN TIRE DISTRIBUTORS INC,TOYO,980307637,265/65R17X 116T OAT3,10,TOYO,4,811.4,356250,3562508202,,
39,8160,"TEMPLE, PA",AMERICAN TIRE DISTRIBUTORS INC,TOYO,980307646,275/65R18 116T OAT3,10,TOYO,4,1013.96,356320,3563208160,,
17,8181,"ALEXANDRIA, LA",AMERICAN TIRE DISTRIBUTORS INC,TOYO,984206906,LT275/65R20E OCRT TR,10,TOYO,4,1520.24,354150,3541508181,,
34,8228,"WINSTON-SALEM, NC",AMERICAN TIRE DISTRIBUTORS INC,TOYO,980307639,265/70R17 115T OAT3,10,TOYO,4,800.4,356260,3562608228,,
17,8221,"HARVEY, LA",AMERICAN TIRE DISTRIBUTORS INC,TOYO,980307639,265/70R17 115T OAT3,10,TOYO,6,1200.6,356260,3562608221,,
5,6549,"PUEBLO, CO",AMERICAN TIRE DISTRIBUTORS INC,TOYO,980307714,P225/75R15 102T OAT3,10,TOYO,8,1154.88,356070,3560706549,,
13,6421,"CONROE, TX",AMERICAN TIRE DISTRIBUTORS INC,TOYO,984134423,235/75R15 105SCLS 2,10,TOYO,2,206.1,239370,2393706421,,
34,6524,"COLONIAL HEIGHTS, VA",AMERICAN TIRE DISTRIBUTORS INC,TOYO,980307638,265/65R18 114T OAT3,10,TOYO,1,238.44,356300,3563006524,,
14,4783,"GARLAND, TX",AMERICAN TIRE DISTRIBUTORS INC,TOYO,984134721,275/60R20 115TOCHT2,10,TOYO,2,448.36,364680,3646804783,,
29,4879,AIKEN SC,AMERICAN TIRE DISTRIBUTORS INC,TOYO,980307669,LT235/80R17E OAT3,10,TOYO,4,937.32,355740,3557404879,,
8,6432,"SIOUX CITY,IA",AMERICAN TIRE DISTRIBUTORS INC,TOYO,980307658,35X12.50R18D OAT3,10,TOYO,2,723.84,356330,3563306432,,
13,8245,"HOUSTON (N), TX",AMERICAN TIRE DISTRIBUTORS INC,TOYO,980307639,265/70R17 115T OAT3,10,TOYO,4,800.4,356260,3562608245,,
24,8236,"GULFPORT, MS",AMERICAN TIRE DISTRIBUTORS INC,TOYO,980307639,265/70R17 115T OAT3,10,TOYO,4,800.4,356260,3562608236,,
27,6307,"COLUMBUS(N),OH",AMERICAN TIRE DISTRIBUTORS INC,TOYO,980307690,LT285/60R20E OAT3,10,TOYO,4,1396.56,355340,3553406307,,
27,6326,"REYNOLDSBURG, OH",AMERICAN TIRE DISTRIBUTORS INC,TOYO,980307646,275/65R18 116T OAT3,10,TOYO,4,1013.96,356320,3563206326,,
17,8221,"HARVEY, LA",AMERICAN TIRE DISTRIBUTORS INC,TOYO,980307669,LT235/80R17E OAT3,10,TOYO,6,1405.98,355740,3557408221,,
31,6403,"BRANDON, FL",AMERICAN TIRE DISTRIBUTORS INC,TOYO,980307623,245/65R17X 111T OAT3,10,TOYO,4,746.36,356210,3562106403,,
2,6626,"SOUTHGATE, CA",AMERICAN TIRE DISTRIBUTORS INC,TOYO,980307639,265/70R17 115T OAT3,10,TOYO,4,800.4,356260,3562606626,,
31,6401,"TAMPA, FL",AMERICAN TIRE DISTRIBUTORS INC,TOYO,980307641,265/70R18 116T OAT3,10,TOYO,1,233.21,356310,3563106401,,
7,8165,"SIOUX FALLS, SD",AMERICAN TIRE DISTRIBUTORS INC,TOYO,984134638,LT245/75R17E OC HT2,10,TOYO,2,378.3,364220,3642208165,,
29,8192,"DOTHAN, AL",AMERICAN TIRE DISTRIBUTORS INC,TOYO,980307639,265/70R17 115T OAT3,10,TOYO,4,800.4,356260,3562608192,,
20,6487,"ADDISON, IL",AMERICAN TIRE DISTRIBUTORS INC,TOYO,984134608,LT275/60R20E OAT3,10,TOYO,4,1248.8,356510,3565106487,,
5,6634,"LONE TREE, CO",AMERICAN TIRE DISTRIBUTORS INC,TOYO,984134481,P265/70R17 113H OCQT,10,TOYO,4,607.92,318000,3180006634,,
35,6443,"GOLDSBORO, NC",AMERICAN TIRE DISTRIBUTORS INC,TOYO,984134659,265/70R17 115TOCHT2,10,TOYO,4,640.32,364430,3644306443,,
14,6422,"LONGVIEW, TX",AMERICAN TIRE DISTRIBUTORS INC,TOYO,984134716,255/70R16 111TOCHT2,10,TOYO,2,261.98,364640,3646406422,,
14,6265,"IRVING (N), TX",AMERICAN TIRE DISTRIBUTORS INC,TOYO,984134659,265/70R17 115TOCHT2,10,TOYO,2,320.16,364430,3644306265,,
29,6506,"ALBANY, GA",AMERICAN TIRE DISTRIBUTORS INC,TOYO,980307660,35X12.50R20E OAT3,10,TOYO,4,1617.96,355980,3559806506,,
23,8112,"CHATTANOOGA, TN",AMERICAN TIRE DISTRIBUTORS INC,TOYO,984134661,225/65R17 102HOCHT2,10,TOYO,4,544.28,364450,3644508112,,
24,8106,"MONTGOMERY, AL",AMERICAN TIRE DISTRIBUTORS INC,TOYO,984134703,245/70R17 110TOCHT2,10,TOYO,1,167.24,364540,3645408106,,
13,8286,"WACO, TX",AMERICAN TIRE DISTRIBUTORS INC,TOYO,984134643,LT265/70R17E OC HT2,10,TOYO,6,1162.5,364270,3642708286,,
27,6373,"VIENNA, WV",AMERICAN TIRE DISTRIBUTORS INC,TOYO,984134723,245/75R16 111TOCHT2,10,TOYO,1,137.84,364700,3647006373,,
24,8236,"GULFPORT, MS",AMERICAN TIRE DISTRIBUTORS INC,TOYO,980307637,265/65R17X 116T OAT3,10,TOYO,4,811.4,356250,3562508236,,
6,8280,EL PASO TX,AMERICAN TIRE DISTRIBUTORS INC,TOYO,980098877,LT315/70R17E OC MT,10,TOYO,1,348.7,360780,3607808280,,
26,6660,"PORT HURON, MI",AMERICAN TIRE DISTRIBUTORS INC,TOYO,984134709,285/45R22X114HOCHT2,10,TOYO,2,474.72,364590,3645906660,,
29,4879,AIKEN SC,AMERICAN TIRE DISTRIBUTORS INC,TOYO,984134716,255/70R16 111TOCHT2,10,TOYO,4,523.96,364640,3646404879,,
5,6379,"GREAT FALLS, MT",AMERICAN TIRE DISTRIBUTORS INC,TOYO,984134612,LT265/60R18E OAT3,10,TOYO,1,246.53,356600,3566006379,,
1,4768,"RENO, NV",AMERICAN TIRE DISTRIBUTORS INC,TOYO,980307640,265/70R17 115T OAT3,10,TOYO,4,815.68,356270,3562704768,,
7,4933,"BISMARCK, ND",AMERICAN TIRE DISTRIBUTORS INC,TOYO,984134467,235/65R18 106HCLS 2,10,TOYO,4,663.52,243950,2439504933,,
24,4724,"HOOVER, AL",AMERICAN TIRE DISTRIBUTORS INC,TOYO,984134548,285/45R20 112H OCQT,10,TOYO,1,230.37,318440,3184404724,,
17,4790,"PEARL, MS",AMERICAN TIRE DISTRIBUTORS INC,TOYO,984206923,LT295/70R18E OCRT TR,10,TOYO,4,1425.44,354220,3542204790,,
17,8221,"HARVEY, LA",AMERICAN TIRE DISTRIBUTORS INC,TOYO,984134665,245/65R17 107HOCHT2,10,TOYO,1,152.01,364490,3644908221,,
1,4799,"CITRUS HEIGHTS, CA",AMERICAN TIRE DISTRIBUTORS INC,TOYO,984134716,255/70R16 111TOCHT2,10,TOYO,4,523.96,364640,3646404799,,
1,6612,"CONCORD, CA",AMERICAN TIRE DISTRIBUTORS INC,TOYO,980307640,265/70R17 115T OAT3,10,TOYO,4,815.68,356270,3562706612,,
23,8196,"FLORENCE, AL",AMERICAN TIRE DISTRIBUTORS INC,TOYO,980307664,37X12.50R20E OAT3,10,TOYO,4,1676.96,356020,3560208196,,
12,4914,San Antonio N TX,AMERICAN TIRE DISTRIBUTORS INC,TOYO,980307723,P265/75R15 112S OAT3,10,TOYO,2,334.68,355280,3552804914,,
4,6205,"YUMA, AZ",AMERICAN TIRE DISTRIBUTORS INC,TOYO,980307690,LT285/60R20E OAT3,10,TOYO,4,1396.56,355340,3553406205,,
24,4817,"SAM&#39;S TRUSSVILLE , AL",AMERICAN TIRE DISTRIBUTORS INC,TOYO,984134725,235/75R15X109TOCHT2,10,TOYO,4,436.08,364720,3647204817,,
7,4933,"BISMARCK, ND",AMERICAN TIRE DISTRIBUTORS INC,TOYO,984134730,275/50R22 111HOCHT2,10,TOYO,1,278.94,364770,3647704933,,
14,6381,"LEWISVILLE, TX",AMERICAN TIRE DISTRIBUTORS INC,TOYO,984206927,P285/55R20X 116TOCTR,10,TOYO,4,1083.24,354250,3542506381,,
2,4822,"MURRIETA, CA",AMERICAN TIRE DISTRIBUTORS INC,TOYO,984134529,P225/55R19 99V OCQT,10,TOYO,1,204.2,318230,3182304822,,
36,8290,"ORLANDO (S), FL",AMERICAN TIRE DISTRIBUTORS INC,TOYO,984134714,265/70R18 116TOCHT2,10,TOYO,2,361.52,364620,3646208290,,
17,4775,"METAIRIE, LA",AMERICAN TIRE DISTRIBUTORS INC,TOYO,980307724,P285/55R20 114T OAT3,10,TOYO,4,1051.72,356440,3564404775,,
35,4946,"ROCKY MOUNT, NC",AMERICAN TIRE DISTRIBUTORS INC,TOYO,980307639,265/70R17 115T OAT3,10,TOYO,1,200.1,356260,3562604946,,
24,4871,"MERIDIAN, MS",AMERICAN TIRE DISTRIBUTORS INC,TOYO,980307639,265/70R17 115T OAT3,10,TOYO,4,800.4,356260,3562604871,,
11,8282,"DALLAS (S), TX",AMERICAN TIRE DISTRIBUTORS INC,TOYO,984134603,LT285/65R20E OAT3,10,TOYO,4,1424.48,356470,3564708282,,
29,8202,"SAVANNAH, GA",AMERICAN TIRE DISTRIBUTORS INC,TOYO,980307686,LT275/70R18E OAT3,10,TOYO,4,1261.44,355510,3555108202,,
6,4703,"ALBUQUERQUE, NM",AMERICAN TIRE DISTRIBUTORS INC,TOYO,984134562,LT255/80R17E OAT3,10,TOYO,2,487.14,355750,3557504703,,
1,6612,"CONCORD, CA",AMERICAN TIRE DISTRIBUTORS INC,TOYO,980307639,265/70R17 115T OAT3,10,TOYO,4,800.4,356260,3562606612,,
22,6380,"DAYTON, OH",AMERICAN TIRE DISTRIBUTORS INC,TOYO,980307685,LT275/65R20E OAT3,10,TOYO,1,368.99,355420,3554206380,,
31,6403,"BRANDON, FL",AMERICAN TIRE DISTRIBUTORS INC,TOYO,984134725,235/75R15X109TOCHT2,10,TOYO,4,436.08,364720,3647206403,,
28,4780,"BUFORD, GA",AMERICAN TIRE DISTRIBUTORS INC,TOYO,984134526,255/60R18X 112VOCQT,10,TOYO,1,188.51,318200,3182004780,,
9,4870,KANSAS CITY KS,AMERICAN TIRE DISTRIBUTORS INC,TOYO,984134638,LT245/75R17E OC HT2,10,TOYO,1,189.15,364220,3642204870,,
31,6403,"BRANDON, FL",AMERICAN TIRE DISTRIBUTORS INC,TOYO,984134548,285/45R20 112H OCQT,10,TOYO,4,921.48,318440,3184406403,,
24,4836,"OXFORD, AL",AMERICAN TIRE DISTRIBUTORS INC,TOYO,984206896,275/65R20 116TOCRTTR,10,TOYO,4,1195,354750,3547504836,,
2,6616,"FULLERTON, CA",AMERICAN TIRE DISTRIBUTORS INC,TOYO,984134548,285/45R20 112H OCQT,10,TOYO,1,230.37,318440,3184406616,,
9,4870,KANSAS CITY KS,AMERICAN TIRE DISTRIBUTORS INC,TOYO,984134562,LT255/80R17E OAT3,10,TOYO,4,974.28,355750,3557504870,,
14,4783,"GARLAND, TX",AMERICAN TIRE DISTRIBUTORS INC,TOYO,980307645,275/60R20 115T OAT3,10,TOYO,1,292.88,356340,3563404783,,
2,6626,"SOUTHGATE, CA",AMERICAN TIRE DISTRIBUTORS INC,TOYO,984134560,LT305/70R17E OAT3,10,TOYO,4,1137.72,355580,3555806626,,
13,8259,"AUSTIN, TX",AMERICAN TIRE DISTRIBUTORS INC,TOYO,980307724,P285/55R20 114T OAT3,10,TOYO,4,1051.72,356440,3564408259,,
32,6217,"MIAMI, FL",AMERICAN TIRE DISTRIBUTORS INC,TOYO,984134538,255/50R20X 109VOCQT,10,TOYO,4,738.68,318340,3183406217,,
16,8134,"FT. SMITH, AR",AMERICAN TIRE DISTRIBUTORS INC,TOYO,980307609,215/65R17X 103T OAT3,10,TOYO,4,671.92,355890,3558908134,,
13,8259,"AUSTIN, TX",AMERICAN TIRE DISTRIBUTORS INC,TOYO,980307725,P285/70R17 117T OAT3,10,TOYO,1,246.98,355250,3552508259,,
17,8273,"SHREVEPORT, LA",AMERICAN TIRE DISTRIBUTORS INC,TOYO,984134540,265/50R20X 111VOCQT,10,TOYO,1,190.73,318360,3183608273,,
11,6244,"FORT WORTH, TX",AMERICAN TIRE DISTRIBUTORS INC,TOYO,980307679,LT265/75R16E OAT3,10,TOYO,4,910.72,355650,3556506244,,
24,4817,"SAM&#39;S TRUSSVILLE , AL",AMERICAN TIRE DISTRIBUTORS INC,TOYO,980307639,265/70R17 115T OAT3,10,TOYO,2,400.2,356260,3562604817,,
30,6463,"ANDERSON, SC",AMERICAN TIRE DISTRIBUTORS INC,CONTINENTAL,980358192,245/45ZR19 98Y ECD6+,11,Continental,1,203.88,15573050000,1.55731E+14,,
23,6256,"MEMPHIS (S), TN",AMERICAN TIRE DISTRIBUTORS INC,CONTINENTAL,980358165,225/45ZR19 92W ECD6+,11,Continental,4,759.52,15572780000,1.55728E+14,,
15,6867,HOUSTON CINCO TX,AMERICAN TIRE DISTRIBUTORS INC,CONTINENTAL,980358179,235/55ZR18100W ECD6+,11,Continental,2,364.66,15572920000,1.55729E+14,,
17,4837,"DENHAM SPRINGS, LA",AMERICAN TIRE DISTRIBUTORS INC,CONTINENTAL,980358232,275/40ZR22X108WECD6+,11,Continental,2,540.52,15573440000,1.55734E+14,,
5,6631,"AURORA, CO",AMERICAN TIRE DISTRIBUTORS INC,CONTINENTAL,980248739,225/60R18 100H LX25,11,Continental,2,313.02,15491370000,1.54914E+14,,
39,8160,"TEMPLE, PA",AMERICAN TIRE DISTRIBUTORS INC,CONTINENTAL,980358172,235/40ZR18X95Y ECD6+,11,Continental,4,626.2,15572850000,1.55729E+14,,
25,6562,"MUSKEGON, MI",AMERICAN TIRE DISTRIBUTORS INC,CONTINENTAL,980358200,255/35ZR19X96Y ECD6+,11,Continental,4,789.8,15573130000,1.55731E+14,,
2,6628,"TORRANCE, CA",AMERICAN TIRE DISTRIBUTORS INC,CONTINENTAL,980358215,265/35ZR19X98Y ECD6+,11,Continental,2,482.26,15573290000,1.55733E+14,,
18,4738,"EAGAN, MN",AMERICAN TIRE DISTRIBUTORS INC,CONTINENTAL,980358207,255/45ZR19X104WECD6+,11,Continental,4,937.68,15573200000,1.55732E+14,,
24,8213,"COLUMBUS, GA",AMERICAN TIRE DISTRIBUTORS INC,CONTINENTAL,980248748,235/55R19X 105V LX25,11,Continental,2,389.78,15491510000,1.54915E+14,,
39,6676,"WILLOW GROVE(HATBORO), PA",AMERICAN TIRE DISTRIBUTORS INC,CONTINENTAL,980358173,235/40ZR19X96W ECD6+,11,Continental,1,191.84,15572860000,1.55729E+14,,
27,6307,"COLUMBUS(N),OH",AMERICAN TIRE DISTRIBUTORS INC,CONTINENTAL,980358183,245/35ZR19X93Y ECD6+,11,Continental,2,464.34,15572960000,1.5573E+14,,
22,8132,"CINCINNATI, OH",AMERICAN TIRE DISTRIBUTORS INC,CONTINENTAL,980358227,275/35ZR19X100YECD6+,11,Continental,2,469.38,15573390000,1.55734E+14,,
28,6409,"TUCKER, GA",AMERICAN TIRE DISTRIBUTORS INC,CONTINENTAL,980358173,235/40ZR19X96W ECD6+,11,Continental,4,767.36,15572860000,1.55729E+14,,
22,8136,"DAYTON, OH",AMERICAN TIRE DISTRIBUTORS INC,CONTINENTAL,980358243,285/35ZR22X106WECD6+,11,Continental,1,276.43,15573520000,1.55735E+14,,
28,4780,"BUFORD, GA",AMERICAN TIRE DISTRIBUTORS INC,CONTINENTAL,980248762,245/65R17 107T LX25,11,Continental,4,689.92,15447950000,1.5448E+14,,
33,6314,"ELYRIA, OH",AMERICAN TIRE DISTRIBUTORS INC,CONTINENTAL,980358193,245/45ZR20X103YECD6+,11,Continental,2,433.52,15573060000,1.55731E+14,,
15,4702,"FRIENDSWOOD, TX",AMERICAN TIRE DISTRIBUTORS INC,CONTINENTAL,980358187,245/40ZR18X97Y ECD6+,11,Continental,1,175.6,15573000000,1.5573E+14,,
38,6371,"WOODBRIDGE, VA",AMERICAN TIRE DISTRIBUTORS INC,CONTINENTAL,980358162,225/45ZR17 91W ECD6+,11,Continental,4,514.2,15572750000,1.55728E+14,,
28,4739,"SNELLVILLE, GA",AMERICAN TIRE DISTRIBUTORS INC,CONTINENTAL,980358188,245/40ZR19X98Y ECD6+,11,Continental,1,208.36,15573010000,1.5573E+14,,
32,8130,"FORT MYERS, FL",AMERICAN TIRE DISTRIBUTORS INC,CONTINENTAL,980358231,275/40ZR20X106YECD6+,11,Continental,2,478.9,15573430000,1.55734E+14,,
13,4713,"SHENANDOAH, TX",AMERICAN TIRE DISTRIBUTORS INC,CONTINENTAL,980248747,235/55R19 101H LX25,11,Continental,4,760.48,15491550000,1.54916E+14,,
23,8112,"CHATTANOOGA, TN",AMERICAN TIRE DISTRIBUTORS INC,CONTINENTAL,980358161,225/40ZR19X93Y ECD6+,11,Continental,4,780.8,15572740000,1.55727E+14,,
29,8115,"AUGUSTA, GA",AMERICAN TIRE DISTRIBUTORS INC,CONTINENTAL,980358200,255/35ZR19X96Y ECD6+,11,Continental,1,197.45,15573130000,1.55731E+14,,
31,4861,"ST PETERSBURG, FL",AMERICAN TIRE DISTRIBUTORS INC,CONTINENTAL,980358162,225/45ZR17 91W ECD6+,11,Continental,2,257.1,15572750000,1.55728E+14,,
33,6404,"FAIRLAWN, OH",AMERICAN TIRE DISTRIBUTORS INC,CONTINENTAL,980358194,245/50ZR17 99W ECD6+,11,Continental,1,202.2,15573070000,1.55731E+14,,
23,8112,"CHATTANOOGA, TN",AMERICAN TIRE DISTRIBUTORS INC,CONTINENTAL,980248767,265/45R20X 108H LX25,11,Continental,3,641.79,15492500000,1.54925E+14,,
22,8188,"LEXINGTON, KY",AMERICAN TIRE DISTRIBUTORS INC,CONTINENTAL,980358152,205/55ZR16 91W ECD6+,11,Continental,2,261.02,15572660000,1.55727E+14,,
35,4946,"ROCKY MOUNT, NC",AMERICAN TIRE DISTRIBUTORS INC,CONTINENTAL,980358214,265/35ZR18X97Y ECD6+,11,Continental,2,396.56,15573280000,1.55733E+14,,
25,6319,"KENTWOOD, MI",AMERICAN TIRE DISTRIBUTORS INC,CONTINENTAL,980358204,255/40ZR19X100YECD6+,11,Continental,4,892.84,15573170000,1.55732E+14,,
23,4930,COOKEVILLE TN,AMERICAN TIRE DISTRIBUTORS INC,CONTINENTAL,980358199,255/35ZR18X94Y ECD6+,11,Continental,2,394.9,15573120000,1.55731E+14,,
30,6236,Rock Hill SC,AMERICAN TIRE DISTRIBUTORS INC,CONTINENTAL,980248767,265/45R20X 108H LX25,11,Continental,1,213.93,15492500000,1.54925E+14,,
14,8299,PLANO TX,AMERICAN TIRE DISTRIBUTORS INC,CONTINENTAL,980358215,265/35ZR19X98Y ECD6+,11,Continental,2,482.26,15573290000,1.55733E+14,,
9,4870,KANSAS CITY KS,AMERICAN TIRE DISTRIBUTORS INC,CONTINENTAL,980358240,285/35ZR19 99Y ECD6+,11,Continental,2,545.56,15573510000,1.55735E+14,,
28,4780,"BUFORD, GA",AMERICAN TIRE DISTRIBUTORS INC,CONTINENTAL,980248740,225/65R17 102H LX25,11,Continental,4,542.08,15509980000,1.551E+14,,
9,4870,KANSAS CITY KS,AMERICAN TIRE DISTRIBUTORS INC,CONTINENTAL,980248763,255/50R19X 107H LX25,11,Continental,4,864.68,15491600000,1.54916E+14,,
28,4780,"BUFORD, GA",AMERICAN TIRE DISTRIBUTORS INC,CONTINENTAL,980358207,255/45ZR19X104WECD6+,11,Continental,8,1875.36,15573200000,1.55732E+14,,
4,6205,"YUMA, AZ",AMERICAN TIRE DISTRIBUTORS INC,CONTINENTAL,980248771,275/50R20 109H LX25,11,Continental,2,476.02,15492490000,1.54925E+14,,
20,6228,"VERNON HILLS, IL",AMERICAN TIRE DISTRIBUTORS INC,CONTINENTAL,980358190,245/45ZR17X99Y ECD6+,11,Continental,2,345.6,15573030000,1.5573E+14,,
35,8218,"FAYETTEVILLE,NC",AMERICAN TIRE DISTRIBUTORS INC,CONTINENTAL,980193827,225/45R19X96HPCTXSSR,11,Continental,1,239.73,3573170000,3.57317E+13,,
1,4799,"CITRUS HEIGHTS, CA",AMERICAN TIRE DISTRIBUTORS INC,CONTINENTAL,980358187,245/40ZR18X97Y ECD6+,11,Continental,1,175.6,15573000000,1.5573E+14,,
28,4739,"SNELLVILLE, GA",AMERICAN TIRE DISTRIBUTORS INC,CONTINENTAL,980358173,235/40ZR19X96W ECD6+,11,Continental,1,191.84,15572860000,1.55729E+14,,
39,6670,"DEPTFORD, NJ",AMERICAN TIRE DISTRIBUTORS INC,CONTINENTAL,980358160,225/40ZR18X92Y ECD6+,11,Continental,2,291.26,15572730000,1.55727E+14,,
24,4817,"SAM&#39;S TRUSSVILLE , AL",AMERICAN TIRE DISTRIBUTORS INC,CONTINENTAL,980358160,225/40ZR18X92Y ECD6+,11,Continental,1,145.63,15572730000,1.55727E+14,,
33,6575,"PITTSBURGH, PA",AMERICAN TIRE DISTRIBUTORS INC,CONTINENTAL,980358188,245/40ZR19X98Y ECD6+,11,Continental,4,833.44,15573010000,1.5573E+14,,
38,8193,"HAGERSTOWN, MD",AMERICAN TIRE DISTRIBUTORS INC,CONTINENTAL,980248740,225/65R17 102H LX25,11,Continental,5,677.6,15509980000,1.551E+14,,
21,4815,"NORMAL, IL",AMERICAN TIRE DISTRIBUTORS INC,CONTINENTAL,980358232,275/40ZR22X108WECD6+,11,Continental,4,1081.04,15573440000,1.55734E+14,,
14,6255,"PLANO(N),TX",AMERICAN TIRE DISTRIBUTORS INC,CONTINENTAL,980248771,275/50R20 109H LX25,11,Continental,1,238.01,15492490000,1.54925E+14,,
31,4861,"ST PETERSBURG, FL",AMERICAN TIRE DISTRIBUTORS INC,CONTINENTAL,980358231,275/40ZR20X106YECD6+,11,Continental,2,478.9,15573430000,1.55734E+14,,
27,6307,"COLUMBUS(N),OH",AMERICAN TIRE DISTRIBUTORS INC,CONTINENTAL,980248767,265/45R20X 108H LX25,11,Continental,4,855.72,15492500000,1.54925E+14,,
14,8299,PLANO TX,AMERICAN TIRE DISTRIBUTORS INC,CONTINENTAL,980358159,215/55ZR17 94W ECD6+,11,Continental,2,263.82,15572720000,1.55727E+14,,
22,4908,"OWENSBORO, KY",AMERICAN TIRE DISTRIBUTORS INC,CONTINENTAL,980358161,225/40ZR19X93Y ECD6+,11,Continental,2,390.4,15572740000,1.55727E+14,,
26,6664,"UTICA, MI",AMERICAN TIRE DISTRIBUTORS INC,CONTINENTAL,980248740,225/65R17 102H LX25,11,Continental,3,406.56,15509980000,1.551E+14,,
28,8211,"DOUGLASVILLE,GA",AMERICAN TIRE DISTRIBUTORS INC,CONTINENTAL,980248773,285/45R22X 114H LX25,11,Continental,2,488.36,15492530000,1.54925E+14,,
39,8175,"HARRISBURG, PA",AMERICAN TIRE DISTRIBUTORS INC,CONTINENTAL,980358146,195/50ZR16 84W ECD6+,11,Continental,4,448.08,15572610000,1.55726E+14,,
16,4808,SPRINGDALE AR,AMERICAN TIRE DISTRIBUTORS INC,CONTINENTAL,980359567,315/35ZR20X110YECD6+,11,Continental,4,1092.24,15573610000,1.55736E+14,,
14,6255,"PLANO(N),TX",AMERICAN TIRE DISTRIBUTORS INC,CONTINENTAL,980248743,235/50R19 99H LX25,11,Continental,2,378.56,15491590000,1.54916E+14,,
4,4829,GILBERT (E) AZ,AMERICAN TIRE DISTRIBUTORS INC,CONTINENTAL,980358201,255/35ZR20X97Y ECD6+,11,Continental,2,411.12,15573140000,1.55731E+14,,
31,6441,"LAKELAND (N),FL",AMERICAN TIRE DISTRIBUTORS INC,CONTINENTAL,980358157,215/50ZR17X95W ECD6+,11,Continental,1,141.15,15572700000,1.55727E+14,,
2,6626,"SOUTHGATE, CA",AMERICAN TIRE DISTRIBUTORS INC,CONTINENTAL,980358199,255/35ZR18X94Y ECD6+,11,Continental,2,394.9,15573120000,1.55731E+14,,
29,8192,"DOTHAN, AL",AMERICAN TIRE DISTRIBUTORS INC,CONTINENTAL,980248767,265/45R20X 108H LX25,11,Continental,1,213.93,15492500000,1.54925E+14,,
1,4799,"CITRUS HEIGHTS, CA",AMERICAN TIRE DISTRIBUTORS INC,CONTINENTAL,980248758,245/50R20 102H LX25,11,Continental,1,195.72,15492310000,1.54923E+14,,
39,4722,"WILLIAMSTOWN, NJ",AMERICAN TIRE DISTRIBUTORS INC,CONTINENTAL,980248766,255/65R18 111T LX25,11,Continental,2,394.24,15491340000,1.54913E+14,,
35,6571,"FLORENCE, SC",AMERICAN TIRE DISTRIBUTORS INC,CONTINENTAL,980358193,245/45ZR20X103YECD6+,11,Continental,2,433.52,15573060000,1.55731E+14,,
28,4802,"HIRAM, GA",AMERICAN TIRE DISTRIBUTORS INC,CONTINENTAL,980358208,255/45ZR20X105YECD6+,11,Continental,1,204.73,15573210000,1.55732E+14,,
31,4998,"THE VILLAGES, FL",AMERICAN TIRE DISTRIBUTORS INC,CONTINENTAL,980359563,275/40ZR18 99Y ECD6+,11,Continental,2,476.08,15573410000,1.55734E+14,,
32,6217,"MIAMI, FL",AMERICAN TIRE DISTRIBUTORS INC,CONTINENTAL,980358200,255/35ZR19X96Y ECD6+,11,Continental,2,394.9,15573130000,1.55731E+14,,
36,4828,ORLANDO LAKE NONA FL,AMERICAN TIRE DISTRIBUTORS INC,CONTINENTAL,980358231,275/40ZR20X106YECD6+,11,Continental,2,478.9,15573430000,1.55734E+14,,
28,6646,"ALPHARETTA, GA",AMERICAN TIRE DISTRIBUTORS INC,CONTINENTAL,980358225,275/30ZR20X97Y ECD6+,11,Continental,2,477.8,15573370000,1.55734E+14,,
28,8166,"DULUTH, GA",AMERICAN TIRE DISTRIBUTORS INC,CONTINENTAL,980248771,275/50R20 109H LX25,11,Continental,4,952.04,15492490000,1.54925E+14,,
5,6634,"LONE TREE, CO",AMERICAN TIRE DISTRIBUTORS INC,CONTINENTAL,980358199,255/35ZR18X94Y ECD6+,11,Continental,1,197.45,15573120000,1.55731E+14,,
24,8213,"COLUMBUS, GA",AMERICAN TIRE DISTRIBUTORS INC,CONTINENTAL,980358183,245/35ZR19X93Y ECD6+,11,Continental,1,232.17,15572960000,1.5573E+14,,
27,6242,"DUBLIN, OH",AMERICAN TIRE DISTRIBUTORS INC,CONTINENTAL,980358240,285/35ZR19 99Y ECD6+,11,Continental,2,545.56,15573510000,1.55735E+14,,
27,8152,"SOUTH POINT, OH",AMERICAN TIRE DISTRIBUTORS INC,CONTINENTAL,980358193,245/45ZR20X103YECD6+,11,Continental,2,433.52,15573060000,1.55731E+14,,
32,8130,"FORT MYERS, FL",AMERICAN TIRE DISTRIBUTORS INC,CONTINENTAL,980359567,315/35ZR20X110YECD6+,11,Continental,2,546.12,15573610000,1.55736E+14,,
19,8251,"SAINT CHARLES, MO",AMERICAN TIRE DISTRIBUTORS INC,CONTINENTAL,980358192,245/45ZR19 98Y ECD6+,11,Continental,4,815.52,15573050000,1.55731E+14,,
31,8155,"GAINESVILLE, FL",AMERICAN TIRE DISTRIBUTORS INC,CONTINENTAL,980358178,235/55ZR17 99W ECD6+,11,Continental,1,159.36,15572910000,1.55729E+14,,
3,4974,"NORTH LAS VEGAS (NE), NV",AMERICAN TIRE DISTRIBUTORS INC,CONTINENTAL,980358161,225/40ZR19X93Y ECD6+,11,Continental,2,390.4,15572740000,1.55727E+14,,
32,6341,"SUNRISE, FL",AMERICAN TIRE DISTRIBUTORS INC,CONTINENTAL,980358172,235/40ZR18X95Y ECD6+,11,Continental,2,313.1,15572850000,1.55729E+14,,
28,6643,CLAIRMONT GA,AMERICAN TIRE DISTRIBUTORS INC,CONTINENTAL,980248748,235/55R19X 105V LX25,11,Continental,1,194.89,15491510000,1.54915E+14,,
31,6387,PINELLAS PARK FL,AMERICAN TIRE DISTRIBUTORS INC,CONTINENTAL,980248760,245/60R18 105H LX25,11,Continental,1,192.64,15491400000,1.54914E+14,,
39,4994,MECHANICSBURG PA,AMERICAN TIRE DISTRIBUTORS INC,CONTINENTAL,980248770,275/45R20X 110V LX25,11,Continental,1,238.01,15571390000,1.55714E+14,,
29,8115,"AUGUSTA, GA",AMERICAN TIRE DISTRIBUTORS INC,CONTINENTAL,980358158,215/55ZR16 93W ECD6+,11,Continental,2,250.38,15572710000,1.55727E+14,,
24,8213,"COLUMBUS, GA",AMERICAN TIRE DISTRIBUTORS INC,CONTINENTAL,980358188,245/40ZR19X98Y ECD6+,11,Continental,1,208.36,15573010000,1.5573E+14,,
38,6239,"TIMONIOUM, MD",AMERICAN TIRE DISTRIBUTORS INC,CONTINENTAL,980248758,245/50R20 102H LX25,11,Continental,4,782.88,15492310000,1.54923E+14,,
3,4974,"NORTH LAS VEGAS (NE), NV",AMERICAN TIRE DISTRIBUTORS INC,CONTINENTAL,980358200,255/35ZR19X96Y ECD6+,11,Continental,2,394.9,15573130000,1.55731E+14,,
34,6402,"GREENSBORO, NC",AMERICAN TIRE DISTRIBUTORS INC,CONTINENTAL,980358190,245/45ZR17X99Y ECD6+,11,Continental,1,172.8,15573030000,1.5573E+14,,
31,4794,LAKELAND(S) FL,AMERICAN TIRE DISTRIBUTORS INC,CONTINENTAL,980358195,245/50ZR18100W ECD6+,11,Continental,1,188.2,15573080000,1.55731E+14,,
24,4817,"SAM&#39;S TRUSSVILLE , AL",AMERICAN TIRE DISTRIBUTORS INC,CONTINENTAL,980358188,245/40ZR19X98Y ECD6+,11,Continental,2,416.72,15573010000,1.5573E+14,,
28,4802,"HIRAM, GA",AMERICAN TIRE DISTRIBUTORS INC,CONTINENTAL,980248753,235/60R18X 107V LX25,11,Continental,2,383.6,15491390000,1.54914E+14,,
13,4720,"AUSTIN, TX",AMERICAN TIRE DISTRIBUTORS INC,CONTINENTAL,980358152,205/55ZR16 91W ECD6+,11,Continental,1,130.51,15572660000,1.55727E+14,,
27,8152,"SOUTH POINT, OH",AMERICAN TIRE DISTRIBUTORS INC,CONTINENTAL,980358188,245/40ZR19X98Y ECD6+,11,Continental,2,416.72,15573010000,1.5573E+14,,
31,6403,"BRANDON, FL",AMERICAN TIRE DISTRIBUTORS INC,CONTINENTAL,980358207,255/45ZR19X104WECD6+,11,Continental,1,234.42,15573200000,1.55732E+14,,
32,6217,"MIAMI, FL",AMERICAN TIRE DISTRIBUTORS INC,CONTINENTAL,980358152,205/55ZR16 91W ECD6+,11,Continental,4,522.04,15572660000,1.55727E+14,,
35,6573,Jacksonville NC,AMERICAN TIRE DISTRIBUTORS INC,CONTINENTAL,980358179,235/55ZR18100W ECD6+,11,Continental,4,729.32,15572920000,1.55729E+14,,
14,4783,"GARLAND, TX",AMERICAN TIRE DISTRIBUTORS INC,CONTINENTAL,980358221,265/40ZR22X106WECD6+,11,Continental,1,273.06,15573340000,1.55733E+14,,
24,4836,"OXFORD, AL",AMERICAN TIRE DISTRIBUTORS INC,CONTINENTAL,980248767,265/45R20X 108H LX25,11,Continental,3,641.79,15492500000,1.54925E+14,,
33,6404,"FAIRLAWN, OH",AMERICAN TIRE DISTRIBUTORS INC,CONTINENTAL,980248760,245/60R18 105H LX25,11,Continental,1,192.64,15491400000,1.54914E+14,,
33,6317,"NORTH CANTON, OH",AMERICAN TIRE DISTRIBUTORS INC,CONTINENTAL,980359563,275/40ZR18 99Y ECD6+,11,Continental,2,476.08,15573410000,1.55734E+14,,
28,4789,"SHARPSBURG, GA",AMERICAN TIRE DISTRIBUTORS INC,CONTINENTAL,980358200,255/35ZR19X96Y ECD6+,11,Continental,1,197.45,15573130000,1.55731E+14,,
36,4828,ORLANDO LAKE NONA FL,AMERICAN TIRE DISTRIBUTORS INC,CONTINENTAL,980358160,225/40ZR18X92Y ECD6+,11,Continental,2,291.26,15572730000,1.55727E+14,,
29,8202,"SAVANNAH, GA",AMERICAN TIRE DISTRIBUTORS INC,CONTINENTAL,980248771,275/50R20 109H LX25,11,Continental,2,476.02,15492490000,1.54925E+14,,
14,6255,"PLANO(N),TX",AMERICAN TIRE DISTRIBUTORS INC,CONTINENTAL,980358208,255/45ZR20X105YECD6+,11,Continental,2,409.46,15573210000,1.55732E+14,,
1,4799,"CITRUS HEIGHTS, CA",AMERICAN TIRE DISTRIBUTORS INC,CONTINENTAL,980358206,255/45ZR18X103YECD6+,11,Continental,1,173.36,15573190000,1.55732E+14,,
35,8218,"FAYETTEVILLE,NC",AMERICAN TIRE DISTRIBUTORS INC,CONTINENTAL,980358159,215/55ZR17 94W ECD6+,11,Continental,1,131.91,15572720000,1.55727E+14,,
14,8299,PLANO TX,AMERICAN TIRE DISTRIBUTORS INC,CONTINENTAL,980358173,235/40ZR19X96W ECD6+,11,Continental,2,383.68,15572860000,1.55729E+14,,
23,4930,COOKEVILLE TN,AMERICAN TIRE DISTRIBUTORS INC,CONTINENTAL,980358172,235/40ZR18X95Y ECD6+,11,Continental,2,313.1,15572850000,1.55729E+14,,
5,6631,"AURORA, CO",AMERICAN TIRE DISTRIBUTORS INC,CONTINENTAL,980358182,245/35ZR18X92Y ECD6+,11,Continental,4,701.24,15572950000,1.5573E+14,,
18,6321,"APPLETON, WI",AMERICAN TIRE DISTRIBUTORS INC,CONTINENTAL,980248759,245/55R19 103H LX25,11,Continental,4,745.92,3640150000,3.6415E+13,,
31,4801,"RIVERVIEW, FL",AMERICAN TIRE DISTRIBUTORS INC,CONTINENTAL,980358191,245/45ZR18X100YECD6+,11,Continental,1,167.76,15573040000,1.5573E+14,,
35,4946,"ROCKY MOUNT, NC",AMERICAN TIRE DISTRIBUTORS INC,CONTINENTAL,980358187,245/40ZR18X97Y ECD6+,11,Continental,2,351.2,15573000000,1.5573E+14,,
31,6387,PINELLAS PARK FL,AMERICAN TIRE DISTRIBUTORS INC,CONTINENTAL,980358173,235/40ZR19X96W ECD6+,11,Continental,2,383.68,15572860000,1.55729E+14,,
10,4731,"OK CITY(NW),OK",AMERICAN TIRE DISTRIBUTORS INC,CONTINENTAL,980358202,255/40ZR17 94W ECD6+,11,Continental,1,150.11,15573150000,1.55732E+14,,
17,6527,"BATON ROUGE, LA",AMERICAN TIRE DISTRIBUTORS INC,CONTINENTAL,980358204,255/40ZR19X100YECD6+,11,Continental,4,892.84,15573170000,1.55732E+14,,
38,6239,"TIMONIOUM, MD",AMERICAN TIRE DISTRIBUTORS INC,CONTINENTAL,980358170,225/55ZR17 97W ECD6+,11,Continental,2,274.44,15572830000,1.55728E+14,,
36,4828,ORLANDO LAKE NONA FL,AMERICAN TIRE DISTRIBUTORS INC,CONTINENTAL,980358199,255/35ZR18X94Y ECD6+,11,Continental,2,394.9,15573120000,1.55731E+14,,
20,8297,"ROCKFORD, IL",AMERICAN TIRE DISTRIBUTORS INC,CONTINENTAL,980358188,245/40ZR19X98Y ECD6+,11,Continental,4,833.44,15573010000,1.5573E+14,,
11,4795,"GRAPEVINE, TX",AMERICAN TIRE DISTRIBUTORS INC,CONTINENTAL,980358187,245/40ZR18X97Y ECD6+,11,Continental,2,351.2,15573000000,1.5573E+14,,
31,6387,PINELLAS PARK FL,AMERICAN TIRE DISTRIBUTORS INC,CONTINENTAL,980358215,265/35ZR19X98Y ECD6+,11,Continental,2,482.26,15573290000,1.55733E+14,,
31,6448,"NEW PORT RICHEY, FL",AMERICAN TIRE DISTRIBUTORS INC,CONTINENTAL,980358172,235/40ZR18X95Y ECD6+,11,Continental,2,313.1,15572850000,1.55729E+14,,
31,4772,"SARASOTA, FL",AMERICAN TIRE DISTRIBUTORS INC,CONTINENTAL,980248767,265/45R20X 108H LX25,11,Continental,2,427.86,15492500000,1.54925E+14,,
19,8125,"SAINT LOUIS, MO",AMERICAN TIRE DISTRIBUTORS INC,CONTINENTAL,980358177,235/50ZR18 97W ECD6+,11,Continental,4,663.2,15572900000,1.55729E+14,,
40,6352,"HUDSON, NH",AMERICAN TIRE DISTRIBUTORS INC,CONTINENTAL,980358171,235/35ZR19X91Y ECD6+,11,Continental,1,211.16,15572840000,1.55728E+14,,
17,4790,"PEARL, MS",AMERICAN TIRE DISTRIBUTORS INC,CONTINENTAL,980248763,255/50R19X 107H LX25,11,Continental,1,216.17,15491600000,1.54916E+14,,
15,4843,PEARLAND TX,AMERICAN TIRE DISTRIBUTORS INC,CONTINENTAL,980358237,285/30ZR20X99Y ECD6+,11,Continental,1,240.29,15573480000,1.55735E+14,,
4,4829,GILBERT (E) AZ,AMERICAN TIRE DISTRIBUTORS INC,CONTINENTAL,980358231,275/40ZR20X106YECD6+,11,Continental,2,478.9,15573430000,1.55734E+14,,
14,6255,"PLANO(N),TX",AMERICAN TIRE DISTRIBUTORS INC,CONTINENTAL,980358167,225/50ZR17 94W ECD6+,11,Continental,4,597.08,15572800000,1.55728E+14,,
28,4739,"SNELLVILLE, GA",AMERICAN TIRE DISTRIBUTORS INC,CONTINENTAL,980358206,255/45ZR18X103YECD6+,11,Continental,1,173.36,15573190000,1.55732E+14,,
31,4772,"SARASOTA, FL",AMERICAN TIRE DISTRIBUTORS INC,CONTINENTAL,980358236,285/30ZR19X98Y ECD6+,11,Continental,1,262.13,15573470000,1.55735E+14,,
33,6314,"ELYRIA, OH",AMERICAN TIRE DISTRIBUTORS INC,CONTINENTAL,980358231,275/40ZR20X106YECD6+,11,Continental,2,478.9,15573430000,1.55734E+14,,
2,4822,"MURRIETA, CA",AMERICAN TIRE DISTRIBUTORS INC,CONTINENTAL,980248748,235/55R19X 105V LX25,11,Continental,1,194.89,15491510000,1.54915E+14,,
5,6634,"LONE TREE, CO",AMERICAN TIRE DISTRIBUTORS INC,CONTINENTAL,980358160,225/40ZR18X92Y ECD6+,11,Continental,1,145.63,15572730000,1.55727E+14,,
8,6514,"WATERLOO, IA",AMERICAN TIRE DISTRIBUTORS INC,CONTINENTAL,980358191,245/45ZR18X100YECD6+,11,Continental,2,335.52,15573040000,1.5573E+14,,
24,8102,"MOBILE, AL",AMERICAN TIRE DISTRIBUTORS INC,CONTINENTAL,980248758,245/50R20 102H LX25,11,Continental,4,782.88,15492310000,1.54923E+14,,
39,6693,"LANGHORNE, PA",AMERICAN TIRE DISTRIBUTORS INC,CONTINENTAL,980358168,225/50ZR18 95W ECD6+,11,Continental,1,152.91,15572810000,1.55728E+14,,
38,4729,"STERLING, VA",AMERICAN TIRE DISTRIBUTORS INC,CONTINENTAL,980358173,235/40ZR19X96W ECD6+,11,Continental,1,191.84,15572860000,1.55729E+14,,
25,4944,"GRAND BLANC, MI",AMERICAN TIRE DISTRIBUTORS INC,CONTINENTAL,980358200,255/35ZR19X96Y ECD6+,11,Continental,2,394.9,15573130000,1.55731E+14,,
13,8245,"HOUSTON (N), TX",AMERICAN TIRE DISTRIBUTORS INC,CONTINENTAL,980248758,245/50R20 102H LX25,11,Continental,3,587.16,15492310000,1.54923E+14,,
22,8132,"CINCINNATI, OH",AMERICAN TIRE DISTRIBUTORS INC,CONTINENTAL,980358188,245/40ZR19X98Y ECD6+,11,Continental,1,208.36,15573010000,1.5573E+14,,
30,6540,"CHARLOTTE, NC",AMERICAN TIRE DISTRIBUTORS INC,CONTINENTAL,980358161,225/40ZR19X93Y ECD6+,11,Continental,3,585.6,15572740000,1.55727E+14,,
31,6420,"CLEARWATER, FL",AMERICAN TIRE DISTRIBUTORS INC,CONTINENTAL,980248770,275/45R20X 110V LX25,11,Continental,1,238.01,15571390000,1.55714E+14,,
28,4789,"SHARPSBURG, GA",AMERICAN TIRE DISTRIBUTORS INC,CONTINENTAL,980358156,215/45ZR18X93Y ECD6+,11,Continental,2,295.74,15572690000,1.55727E+14,,
27,6242,"DUBLIN, OH",AMERICAN TIRE DISTRIBUTORS INC,CONTINENTAL,980358187,245/40ZR18X97Y ECD6+,11,Continental,2,351.2,15573000000,1.5573E+14,,
24,4817,"SAM&#39;S TRUSSVILLE , AL",AMERICAN TIRE DISTRIBUTORS INC,CONTINENTAL,980358227,275/35ZR19X100YECD6+,11,Continental,2,469.38,15573390000,1.55734E+14,,
39,6567,"EASTON, PA",AMERICAN TIRE DISTRIBUTORS INC,CONTINENTAL,980248756,235/65R18 106H LX25,11,Continental,4,737,15491330000,1.54913E+14,,
23,4740,"SOUTHAVEN, MS",AMERICAN TIRE DISTRIBUTORS INC,CONTINENTAL,980248743,235/50R19 99H LX25,11,Continental,1,189.28,15491590000,1.54916E+14,,
17,8221,"HARVEY, LA",AMERICAN TIRE DISTRIBUTORS INC,CONTINENTAL,980358214,265/35ZR18X97Y ECD6+,11,Continental,1,198.28,15573280000,1.55733E+14,,
39,6567,"EASTON, PA",AMERICAN TIRE DISTRIBUTORS INC,CONTINENTAL,980248751,235/60R17 102H LX25,11,Continental,8,1252.08,15448390000,1.54484E+14,,
11,6244,"FORT WORTH, TX",AMERICAN TIRE DISTRIBUTORS INC,CONTINENTAL,980358204,255/40ZR19X100YECD6+,11,Continental,1,223.21,15573170000,1.55732E+14,,
12,4958,"SAN MARCOS, TX",AMERICAN TIRE DISTRIBUTORS INC,CONTINENTAL,980358146,195/50ZR16 84W ECD6+,11,Continental,1,112.02,15572610000,1.55726E+14,,
27,6572,"KNOXVILLE, TN",AMERICAN TIRE DISTRIBUTORS INC,CONTINENTAL,980248763,255/50R19X 107H LX25,11,Continental,1,216.17,15491600000,1.54916E+14,,
29,8202,"SAVANNAH, GA",AMERICAN TIRE DISTRIBUTORS INC,CONTINENTAL,980358190,245/45ZR17X99Y ECD6+,11,Continental,4,691.2,15573030000,1.5573E+14,,
39,8160,"TEMPLE, PA",AMERICAN TIRE DISTRIBUTORS INC,CONTINENTAL,980358160,225/40ZR18X92Y ECD6+,11,Continental,4,582.52,15572730000,1.55727E+14,,
23,8294,"NASHVILLE(S),TN",AMERICAN TIRE DISTRIBUTORS INC,CONTINENTAL,980358159,215/55ZR17 94W ECD6+,11,Continental,1,131.91,15572720000,1.55727E+14,,
31,6387,PINELLAS PARK FL,AMERICAN TIRE DISTRIBUTORS INC,CONTINENTAL,980358208,255/45ZR20X105YECD6+,11,Continental,4,818.92,15573210000,1.55732E+14,,
20,6487,"ADDISON, IL",AMERICAN TIRE DISTRIBUTORS INC,CONTINENTAL,980248740,225/65R17 102H LX25,11,Continental,1,135.52,15509980000,1.551E+14,,
33,4847,GREENSBURG PA,AMERICAN TIRE DISTRIBUTORS INC,CONTINENTAL,980358167,225/50ZR17 94W ECD6+,11,Continental,2,298.54,15572800000,1.55728E+14,,
13,8259,"AUSTIN, TX",AMERICAN TIRE DISTRIBUTORS INC,CONTINENTAL,980358204,255/40ZR19X100YECD6+,11,Continental,1,223.21,15573170000,1.55732E+14,,
7,8172,"FARGO, ND",AMERICAN TIRE DISTRIBUTORS INC,CONTINENTAL,980358167,225/50ZR17 94W ECD6+,11,Continental,1,149.27,15572800000,1.55728E+14,,
17,8221,"HARVEY, LA",AMERICAN TIRE DISTRIBUTORS INC,CONTINENTAL,980358188,245/40ZR19X98Y ECD6+,11,Continental,1,208.36,15573010000,1.5573E+14,,
21,8197,"CHAMPAIGN, IL",AMERICAN TIRE DISTRIBUTORS INC,CONTINENTAL,980358147,205/45ZR16 83W ECD6+,11,Continental,2,249.8,15572620000,1.55726E+14,,
32,8173,"MIRAMAR, FL",AMERICAN TIRE DISTRIBUTORS INC,CONTINENTAL,980359567,315/35ZR20X110YECD6+,11,Continental,2,546.12,15573610000,1.55736E+14,,
23,4740,"SOUTHAVEN, MS",AMERICAN TIRE DISTRIBUTORS INC,CONTINENTAL,980358206,255/45ZR18X103YECD6+,11,Continental,8,1386.88,15573190000,1.55732E+14,,
11,8282,"DALLAS (S), TX",AMERICAN TIRE DISTRIBUTORS INC,CONTINENTAL,980358160,225/40ZR18X92Y ECD6+,11,Continental,1,145.63,15572730000,1.55727E+14,,
25,6313,"FT. WAYNE, IN",AMERICAN TIRE DISTRIBUTORS INC,CONTINENTAL,980358160,225/40ZR18X92Y ECD6+,11,Continental,2,291.26,15572730000,1.55727E+14,,
34,8220,"ROANOKE, VA",AMERICAN TIRE DISTRIBUTORS INC,CONTINENTAL,980248758,245/50R20 102H LX25,11,Continental,1,195.72,15492310000,1.54923E+14,,
13,4713,"SHENANDOAH, TX",AMERICAN TIRE DISTRIBUTORS INC,CONTINENTAL,980358170,225/55ZR17 97W ECD6+,11,Continental,1,137.22,15572830000,1.55728E+14,,
31,6420,"CLEARWATER, FL",AMERICAN TIRE DISTRIBUTORS INC,CONTINENTAL,980358190,245/45ZR17X99Y ECD6+,11,Continental,1,172.8,15573030000,1.5573E+14,,
10,8263,"TULSA, OK",AMERICAN TIRE DISTRIBUTORS INC,CONTINENTAL,980358186,245/40ZR17 91W ECD6+,11,Continental,2,323.76,15572990000,1.5573E+14,,
32,6341,"SUNRISE, FL",AMERICAN TIRE DISTRIBUTORS INC,CONTINENTAL,980358215,265/35ZR19X98Y ECD6+,11,Continental,2,482.26,15573290000,1.55733E+14,,
25,4944,"GRAND BLANC, MI",AMERICAN TIRE DISTRIBUTORS INC,CONTINENTAL,980358227,275/35ZR19X100YECD6+,11,Continental,2,469.38,15573390000,1.55734E+14,,
23,8112,"CHATTANOOGA, TN",AMERICAN TIRE DISTRIBUTORS INC,CONTINENTAL,980358173,235/40ZR19X96W ECD6+,11,Continental,4,767.36,15572860000,1.55729E+14,,
15,6867,HOUSTON CINCO TX,AMERICAN TIRE DISTRIBUTORS INC,CONTINENTAL,980358173,235/40ZR19X96W ECD6+,11,Continental,2,383.68,15572860000,1.55729E+14,,
29,8115,"AUGUSTA, GA",AMERICAN TIRE DISTRIBUTORS INC,CONTINENTAL,980248751,235/60R17 102H LX25,11,Continental,2,313.02,15448390000,1.54484E+14,,
29,8202,"SAVANNAH, GA",AMERICAN TIRE DISTRIBUTORS INC,CONTINENTAL,980248756,235/65R18 106H LX25,11,Continental,4,737,15491330000,1.54913E+14,,
1,6612,"CONCORD, CA",AMERICAN TIRE DISTRIBUTORS INC,CONTINENTAL,980358200,255/35ZR19X96Y ECD6+,11,Continental,1,197.45,15573130000,1.55731E+14,,
27,6242,"DUBLIN, OH",AMERICAN TIRE DISTRIBUTORS INC,CONTINENTAL,980248758,245/50R20 102H LX25,11,Continental,4,782.88,15492310000,1.54923E+14,,
25,6313,"FT. WAYNE, IN",AMERICAN TIRE DISTRIBUTORS INC,CONTINENTAL,980358214,265/35ZR18X97Y ECD6+,11,Continental,2,396.56,15573280000,1.55733E+14,,
25,6313,"FT. WAYNE, IN",AMERICAN TIRE DISTRIBUTORS INC,CONTINENTAL,980358187,245/40ZR18X97Y ECD6+,11,Continental,4,702.4,15573000000,1.5573E+14,,
2,6616,"FULLERTON, CA",AMERICAN TIRE DISTRIBUTORS INC,CONTINENTAL,980358159,215/55ZR17 94W ECD6+,11,Continental,1,131.91,15572720000,1.55727E+14,,
39,6536,"WHITEHALL, PA",AMERICAN TIRE DISTRIBUTORS INC,CONTINENTAL,980358250,295/45ZR20X114WECD6+,11,Continental,4,1372.32,15573590000,1.55736E+14,,
34,6524,"COLONIAL HEIGHTS, VA",AMERICAN TIRE DISTRIBUTORS INC,CONTINENTAL,980358208,255/45ZR20X105YECD6+,11,Continental,1,204.73,15573210000,1.55732E+14,,
2,6628,"TORRANCE, CA",AMERICAN TIRE DISTRIBUTORS INC,CONTINENTAL,980358173,235/40ZR19X96W ECD6+,11,Continental,2,383.68,15572860000,1.55729E+14,,
31,6448,"NEW PORT RICHEY, FL",AMERICAN TIRE DISTRIBUTORS INC,CONTINENTAL,980358187,245/40ZR18X97Y ECD6+,11,Continental,1,175.6,15573000000,1.5573E+14,,
31,6420,"CLEARWATER, FL",AMERICAN TIRE DISTRIBUTORS INC,CONTINENTAL,980358176,235/50ZR17 96W ECD6+,11,Continental,4,610.56,15572890000,1.55729E+14,,
27,6242,"DUBLIN, OH",AMERICAN TIRE DISTRIBUTORS INC,CONTINENTAL,980358207,255/45ZR19X104WECD6+,11,Continental,1,234.42,15573200000,1.55732E+14,,
35,4946,"ROCKY MOUNT, NC",AMERICAN TIRE DISTRIBUTORS INC,CONTINENTAL,980358236,285/30ZR19X98Y ECD6+,11,Continental,1,262.13,15573470000,1.55735E+14,,
23,8292,"MEMPHIS (E), TN",AMERICAN TIRE DISTRIBUTORS INC,CONTINENTAL,980358173,235/40ZR19X96W ECD6+,11,Continental,1,191.84,15572860000,1.55729E+14,,
17,4790,"PEARL, MS",AMERICAN TIRE DISTRIBUTORS INC,CONTINENTAL,980358173,235/40ZR19X96W ECD6+,11,Continental,2,383.68,15572860000,1.55729E+14,,
3,6382,"LAS VEGAS(W),NV",AMERICAN TIRE DISTRIBUTORS INC,CONTINENTAL,980358206,255/45ZR18X103YECD6+,11,Continental,1,173.36,15573190000,1.55732E+14,,
23,4930,COOKEVILLE TN,AMERICAN TIRE DISTRIBUTORS INC,CONTINENTAL,980358206,255/45ZR18X103YECD6+,11,Continental,4,693.44,15573190000,1.55732E+14,,
24,4817,"SAM&#39;S TRUSSVILLE , AL",AMERICAN TIRE DISTRIBUTORS INC,CONTINENTAL,980358170,225/55ZR17 97W ECD6+,11,Continental,2,274.44,15572830000,1.55728E+14,,
17,6527,"BATON ROUGE, LA",AMERICAN TIRE DISTRIBUTORS INC,CONTINENTAL,980358189,245/40ZR20X99Y ECD6+,11,Continental,1,221.25,15573020000,1.5573E+14,,
24,8236,"GULFPORT, MS",AMERICAN TIRE DISTRIBUTORS INC,CONTINENTAL,980358162,225/45ZR17 91W ECD6+,11,Continental,1,128.55,15572750000,1.55728E+14,,
31,4998,"THE VILLAGES, FL",AMERICAN TIRE DISTRIBUTORS INC,CONTINENTAL,980358161,225/40ZR19X93Y ECD6+,11,Continental,1,195.2,15572740000,1.55727E+14,,
23,8294,"NASHVILLE(S),TN",AMERICAN TIRE DISTRIBUTORS INC,CONTINENTAL,980358215,265/35ZR19X98Y ECD6+,11,Continental,1,241.13,15573290000,1.55733E+14,,
34,6402,"GREENSBORO, NC",AMERICAN TIRE DISTRIBUTORS INC,CONTINENTAL,980358187,245/40ZR18X97Y ECD6+,11,Continental,1,175.6,15573000000,1.5573E+14,,
17,8221,"HARVEY, LA",AMERICAN TIRE DISTRIBUTORS INC,CONTINENTAL,980248743,235/50R19 99H LX25,11,Continental,1,189.28,15491590000,1.54916E+14,,
28,8211,"DOUGLASVILLE,GA",AMERICAN TIRE DISTRIBUTORS INC,CONTINENTAL,980358249,295/40ZR21X111YECD6+,11,Continental,4,1308.44,15573580000,1.55736E+14,,
39,8160,"TEMPLE, PA",AMERICAN TIRE DISTRIBUTORS INC,CONTINENTAL,980358187,245/40ZR18X97Y ECD6+,11,Continental,1,175.6,15573000000,1.5573E+14,,
2,6628,"TORRANCE, CA",AMERICAN TIRE DISTRIBUTORS INC,CONTINENTAL,980358146,195/50ZR16 84W ECD6+,11,Continental,3,336.06,15572610000,1.55726E+14,,
32,8173,"MIRAMAR, FL",AMERICAN TIRE DISTRIBUTORS INC,CONTINENTAL,980358231,275/40ZR20X106YECD6+,11,Continental,2,478.9,15573430000,1.55734E+14,,
28,4780,"BUFORD, GA",AMERICAN TIRE DISTRIBUTORS INC,CONTINENTAL,980248771,275/50R20 109H LX25,11,Continental,4,952.04,15492490000,1.54925E+14,,
1,6622,"SACRAMENTO, CA",AMERICAN TIRE DISTRIBUTORS INC,CONTINENTAL,980248763,255/50R19X 107H LX25,11,Continental,4,864.68,15491600000,1.54916E+14,,
39,6567,"EASTON, PA",AMERICAN TIRE DISTRIBUTORS INC,CONTINENTAL,980358172,235/40ZR18X95Y ECD6+,11,Continental,4,626.2,15572850000,1.55729E+14,,
27,6307,"COLUMBUS(N),OH",AMERICAN TIRE DISTRIBUTORS INC,CONTINENTAL,980248771,275/50R20 109H LX25,11,Continental,4,952.04,15492490000,1.54925E+14,,
37,6327,"WARREN,OH",AMERICAN TIRE DISTRIBUTORS INC,CONTINENTAL,980358191,245/45ZR18X100YECD6+,11,Continental,1,167.76,15573040000,1.5573E+14,,
31,6448,"NEW PORT RICHEY, FL",AMERICAN TIRE DISTRIBUTORS INC,CONTINENTAL,980248750,235/55R20 102V LX25,11,Continental,2,383.06,15571380000,1.55714E+14,,
35,8218,"FAYETTEVILLE,NC",AMERICAN TIRE DISTRIBUTORS INC,CONTINENTAL,980358172,235/40ZR18X95Y ECD6+,11,Continental,2,313.1,15572850000,1.55729E+14,,
32,6217,"MIAMI, FL",AMERICAN TIRE DISTRIBUTORS INC,CONTINENTAL,980358161,225/40ZR19X93Y ECD6+,11,Continental,2,390.4,15572740000,1.55727E+14,,
31,8201,"BRADENTON, FL",AMERICAN TIRE DISTRIBUTORS INC,CONTINENTAL,980358199,255/35ZR18X94Y ECD6+,11,Continental,1,197.45,15573120000,1.55731E+14,,
39,8160,"TEMPLE, PA",AMERICAN TIRE DISTRIBUTORS INC,CONTINENTAL,980248759,245/55R19 103H LX25,11,Continental,4,745.92,3640150000,3.6415E+13,,
9,4870,KANSAS CITY KS,AMERICAN TIRE DISTRIBUTORS INC,CONTINENTAL,980358187,245/40ZR18X97Y ECD6+,11,Continental,2,351.2,15573000000,1.5573E+14,,
21,8197,"CHAMPAIGN, IL",AMERICAN TIRE DISTRIBUTORS INC,CONTINENTAL,980358186,245/40ZR17 91W ECD6+,11,Continental,2,323.76,15572990000,1.5573E+14,,
24,8236,"GULFPORT, MS",AMERICAN TIRE DISTRIBUTORS INC,CONTINENTAL,980358200,255/35ZR19X96Y ECD6+,11,Continental,1,197.45,15573130000,1.55731E+14,,
2,4709,"CORONA, CA",AMERICAN TIRE DISTRIBUTORS INC,CONTINENTAL,980358185,245/35ZR21X96Y ECD6+,11,Continental,4,1316.32,15572980000,1.5573E+14,,
17,4790,"PEARL, MS",AMERICAN TIRE DISTRIBUTORS INC,CONTINENTAL,980358215,265/35ZR19X98Y ECD6+,11,Continental,2,482.26,15573290000,1.55733E+14,,
31,4998,"THE VILLAGES, FL",AMERICAN TIRE DISTRIBUTORS INC,CONTINENTAL,980248758,245/50R20 102H LX25,11,Continental,4,782.88,15492310000,1.54923E+14,,
31,4772,"SARASOTA, FL",AMERICAN TIRE DISTRIBUTORS INC,CONTINENTAL,980358157,215/50ZR17X95W ECD6+,11,Continental,4,564.6,15572700000,1.55727E+14,,
31,6448,"NEW PORT RICHEY, FL",AMERICAN TIRE DISTRIBUTORS INC,CONTINENTAL,980248740,225/65R17 102H LX25,11,Continental,4,542.08,15509980000,1.551E+14,,
39,6693,"LANGHORNE, PA",AMERICAN TIRE DISTRIBUTORS INC,CONTINENTAL,980358186,245/40ZR17 91W ECD6+,11,Continental,4,647.52,15572990000,1.5573E+14,,
35,8218,"FAYETTEVILLE,NC",AMERICAN TIRE DISTRIBUTORS INC,CONTINENTAL,980248767,265/45R20X 108H LX25,11,Continental,4,855.72,15492500000,1.54925E+14,,
11,4795,"GRAPEVINE, TX",AMERICAN TIRE DISTRIBUTORS INC,CONTINENTAL,980248767,265/45R20X 108H LX25,11,Continental,1,213.93,15492500000,1.54925E+14,,
23,4740,"SOUTHAVEN, MS",AMERICAN TIRE DISTRIBUTORS INC,CONTINENTAL,980358194,245/50ZR17 99W ECD6+,11,Continental,1,202.2,15573070000,1.55731E+14,,
14,8242,"DALLAS (E), TX",AMERICAN TIRE DISTRIBUTORS INC,CONTINENTAL,980358160,225/40ZR18X92Y ECD6+,11,Continental,1,145.63,15572730000,1.55727E+14,,
31,6420,"CLEARWATER, FL",AMERICAN TIRE DISTRIBUTORS INC,CONTINENTAL,980248763,255/50R19X 107H LX25,11,Continental,1,216.17,15491600000,1.54916E+14,,
23,4740,"SOUTHAVEN, MS",AMERICAN TIRE DISTRIBUTORS INC,CONTINENTAL,980248747,235/55R19 101H LX25,11,Continental,2,380.24,15491550000,1.54916E+14,,
38,4729,"STERLING, VA",AMERICAN TIRE DISTRIBUTORS INC,CONTINENTAL,980358208,255/45ZR20X105YECD6+,11,Continental,1,204.73,15573210000,1.55732E+14,,
32,6217,"MIAMI, FL",AMERICAN TIRE DISTRIBUTORS INC,CONTINENTAL,980358214,265/35ZR18X97Y ECD6+,11,Continental,2,396.56,15573280000,1.55733E+14,,
30,6236,Rock Hill SC,AMERICAN TIRE DISTRIBUTORS INC,CONTINENTAL,980358157,215/50ZR17X95W ECD6+,11,Continental,1,141.15,15572700000,1.55727E+14,,
21,4815,"NORMAL, IL",AMERICAN TIRE DISTRIBUTORS INC,CONTINENTAL,980358186,245/40ZR17 91W ECD6+,11,Continental,2,323.76,15572990000,1.5573E+14,,
33,4952,"TARENTUM, PA",AMERICAN TIRE DISTRIBUTORS INC,CONTINENTAL,980358183,245/35ZR19X93Y ECD6+,11,Continental,4,928.68,15572960000,1.5573E+14,,
39,6567,"EASTON, PA",AMERICAN TIRE DISTRIBUTORS INC,CONTINENTAL,980248747,235/55R19 101H LX25,11,Continental,4,760.48,15491550000,1.54916E+14,,
31,4861,"ST PETERSBURG, FL",AMERICAN TIRE DISTRIBUTORS INC,CONTINENTAL,980358186,245/40ZR17 91W ECD6+,11,Continental,2,323.76,15572990000,1.5573E+14,,
23,8107,"HUNTSVILLE, AL",AMERICAN TIRE DISTRIBUTORS INC,CONTINENTAL,980248739,225/60R18 100H LX25,11,Continental,4,626.04,15491370000,1.54914E+14,,
23,8112,"CHATTANOOGA, TN",AMERICAN TIRE DISTRIBUTORS INC,CONTINENTAL,980248760,245/60R18 105H LX25,11,Continental,2,385.28,15491400000,1.54914E+14,,
28,4780,"BUFORD, GA",AMERICAN TIRE DISTRIBUTORS INC,HANKOOK,980248160,235/60R18X 107V H737,12,HANKOOK,4,605.84,1025079,10250794780,,
22,6450,"CINCINNATI, OH",AMERICAN TIRE DISTRIBUTORS INC,HANKOOK,980138190,175/70R14 84T H735,12,HANKOOK,2,122.06,1021903,10219036450,,
31,4861,"ST PETERSBURG, FL",AMERICAN TIRE DISTRIBUTORS INC,HANKOOK,74409,C235/65R16E RH12,12,HANKOOK,4,664.36,2001863,20018634861,,
28,8166,"DULUTH, GA",AMERICAN TIRE DISTRIBUTORS INC,HANKOOK,980248101,185/65R15 88H H737,12,HANKOOK,1,81.05,1025057,10250578166,,
20,4942,"ELGIN, IL",AMERICAN TIRE DISTRIBUTORS INC,HANKOOK,980138227,225/70R14 99T H735,12,HANKOOK,4,343.96,1021911,10219114942,,
14,8242,"DALLAS (E), TX",AMERICAN TIRE DISTRIBUTORS INC,HANKOOK,980079313,195/65R15 91H H737,12,HANKOOK,2,155.74,1021389,10213898242,,
4,4829,GILBERT (E) AZ,AMERICAN TIRE DISTRIBUTORS INC,HANKOOK,980248101,185/65R15 88H H737,12,HANKOOK,2,162.1,1025057,10250574829,,
30,6236,Rock Hill SC,AMERICAN TIRE DISTRIBUTORS INC,HANKOOK,980079303,225/55R17 97H H737,12,HANKOOK,4,498.28,1021400,10214006236,,
31,6401,"TAMPA, FL",AMERICAN TIRE DISTRIBUTORS INC,HANKOOK,980079313,195/65R15 91H H737,12,HANKOOK,2,157.9,1021389,10213896401,,
5,6631,"AURORA, CO",AMERICAN TIRE DISTRIBUTORS INC,HANKOOK,74409,C235/65R16E RH12,12,HANKOOK,4,664.36,2001863,20018636631,,
2,6626,"SOUTHGATE, CA",AMERICAN TIRE DISTRIBUTORS INC,HANKOOK,980248101,185/65R15 88H H737,12,HANKOOK,4,324.2,1025057,10250576626,,
34,6365,"CHARLOTTESVILLE, VA",AMERICAN TIRE DISTRIBUTORS INC,HANKOOK,980079316,235/75R15X 109TH737,12,HANKOOK,2,194.28,1021359,10213596365,,
31,6387,PINELLAS PARK FL,AMERICAN TIRE DISTRIBUTORS INC,HANKOOK,980079313,195/65R15 91H H737,12,HANKOOK,1,77.87,1021389,10213896387,,
2,6628,"TORRANCE, CA",AMERICAN TIRE DISTRIBUTORS INC,HANKOOK,980138218,215/70R14 96T H735,12,HANKOOK,4,298.6,1021909,10219096628,,
23,8112,"CHATTANOOGA, TN",AMERICAN TIRE DISTRIBUTORS INC,HANKOOK,980079313,195/65R15 91H H737,12,HANKOOK,1,77.87,1021389,10213898112,,
40,6352,"HUDSON, NH",AMERICAN TIRE DISTRIBUTORS INC,HANKOOK,980248149,215/55R17 94V H737,12,HANKOOK,4,493.8,1025065,10250656352,,
11,8269,"GRAND PRAIRIE, TX",AMERICAN TIRE DISTRIBUTORS INC,HANKOOK,980138230,225/75R15 102T H735,12,HANKOOK,3,229.71,1022046,10220468269,,
30,6540,"CHARLOTTE, NC",AMERICAN TIRE DISTRIBUTORS INC,HANKOOK,984135878,205/70R16 97H H737,12,HANKOOK,2,186.8,1027450,10274506540,,
9,6247,KANSAS CITY LIBERTY MO,AMERICAN TIRE DISTRIBUTORS INC,HANKOOK,980248212,175/65R15 84H H735,12,HANKOOK,2,147.8,1024758,10247586247,,
35,4946,"ROCKY MOUNT, NC",AMERICAN TIRE DISTRIBUTORS INC,HANKOOK,980138230,225/75R15 102T H735,12,HANKOOK,3,229.71,1022046,10220464946,,
2,6628,"TORRANCE, CA",AMERICAN TIRE DISTRIBUTORS INC,HANKOOK,980079305,225/65R17 102H H737,12,HANKOOK,2,240.92,1021397,10213976628,,
23,8112,"CHATTANOOGA, TN",AMERICAN TIRE DISTRIBUTORS INC,HANKOOK,980079297,215/65R17 99T H737,12,HANKOOK,4,435.52,1021407,10214078112,,
16,8209,"FAYETTEVILLE, AR",AMERICAN TIRE DISTRIBUTORS INC,HANKOOK,980248164,245/45R19X 102V H737,12,HANKOOK,2,390.2,1025086,10250868209,,
23,8112,"CHATTANOOGA, TN",AMERICAN TIRE DISTRIBUTORS INC,HANKOOK,980079311,205/65R16 95H H737,12,HANKOOK,4,385.16,1021391,10213918112,,
31,4998,"THE VILLAGES, FL",AMERICAN TIRE DISTRIBUTORS INC,HANKOOK,980079309,225/60R17 99H H737,12,HANKOOK,1,122.71,1021393,10213934998,,
14,8299,PLANO TX,AMERICAN TIRE DISTRIBUTORS INC,HANKOOK,980138215,215/65R15 96T H735,12,HANKOOK,3,240.93,1021918,10219188299,,
4,4915,BULLHEAD CITY AZ,AMERICAN TIRE DISTRIBUTORS INC,HANKOOK,980138210,205/75R15 97T H735,12,HANKOOK,4,287.56,1022043,10220434915,,
37,6327,"WARREN,OH",AMERICAN TIRE DISTRIBUTORS INC,HANKOOK,980079309,225/60R17 99H H737,12,HANKOOK,1,122.71,1021393,10213936327,,
14,6376,"ADDISON, TX",AMERICAN TIRE DISTRIBUTORS INC,HANKOOK,980248212,175/65R15 84H H735,12,HANKOOK,1,73.9,1024758,10247586376,,
1,6612,"CONCORD, CA",AMERICAN TIRE DISTRIBUTORS INC,HANKOOK,980138208,205/70R15 96T H735,12,HANKOOK,4,280.88,1022042,10220426612,,
27,8152,"SOUTH POINT, OH",AMERICAN TIRE DISTRIBUTORS INC,HANKOOK,980138200,195/70R14 91T H735,12,HANKOOK,4,263.2,1021908,10219088152,,
23,4740,"SOUTHAVEN, MS",AMERICAN TIRE DISTRIBUTORS INC,HANKOOK,984135878,205/70R16 97H H737,12,HANKOOK,4,373.6,1027450,10274504740,,
28,4780,"BUFORD, GA",AMERICAN TIRE DISTRIBUTORS INC,HANKOOK,980138215,215/65R15 96T H735,12,HANKOOK,2,160.62,1021918,10219184780,,
27,6242,"DUBLIN, OH",AMERICAN TIRE DISTRIBUTORS INC,HANKOOK,980079304,205/60R16 92H H737,12,HANKOOK,4,369.04,1021398,10213986242,,
17,8273,"SHREVEPORT, LA",AMERICAN TIRE DISTRIBUTORS INC,HANKOOK,980138210,205/75R15 97T H735,12,HANKOOK,2,143.78,1022043,10220438273,,
28,8166,"DULUTH, GA",AMERICAN TIRE DISTRIBUTORS INC,HANKOOK,980079313,195/65R15 91H H737,12,HANKOOK,1,77.87,1021389,10213898166,,
35,4872,COLUMBIA NE SC,AMERICAN TIRE DISTRIBUTORS INC,HANKOOK,980138215,215/65R15 96T H735,12,HANKOOK,2,160.62,1021918,10219184872,,
8,6344,"WINDSOR HEIGHTS, IA",AMERICAN TIRE DISTRIBUTORS INC,HANKOOK,980138209,205/75R14 95T H735,12,HANKOOK,1,66.94,1022041,10220416344,,
19,8125,"SAINT LOUIS, MO",AMERICAN TIRE DISTRIBUTORS INC,HANKOOK,980248144,185/55R15 82V H737,12,HANKOOK,2,187.42,1025056,10250568125,,
17,4837,"DENHAM SPRINGS, LA",AMERICAN TIRE DISTRIBUTORS INC,HANKOOK,980248127,235/75R15 105T H735,12,HANKOOK,4,361.36,1024740,10247404837,,
11,6244,"FORT WORTH, TX",AMERICAN TIRE DISTRIBUTORS INC,HANKOOK,980138222,215/75R15 100T H735,12,HANKOOK,1,73.49,1022044,10220446244,,
28,4780,"BUFORD, GA",AMERICAN TIRE DISTRIBUTORS INC,HANKOOK,980138190,175/70R14 84T H735,12,HANKOOK,1,61.03,1021903,10219034780,,
2,6616,"FULLERTON, CA",AMERICAN TIRE DISTRIBUTORS INC,HANKOOK,980138228,225/70R15 100T H735,12,HANKOOK,4,335.84,1022045,10220456616,,
28,4780,"BUFORD, GA",AMERICAN TIRE DISTRIBUTORS INC,HANKOOK,980248106,235/65R17 104H H737,12,HANKOOK,2,256.9,1025071,10250714780,,
2,6616,"FULLERTON, CA",AMERICAN TIRE DISTRIBUTORS INC,HANKOOK,85252,215/55R16X 97V H457,12,HANKOOK,1,80.09,1014373,10143736616,,
17,4837,"DENHAM SPRINGS, LA",AMERICAN TIRE DISTRIBUTORS INC,HANKOOK,980138230,225/75R15 102T H735,12,HANKOOK,1,76.57,1022046,10220464837,,
23,4776,"HUNTSVILLE, AL",AMERICAN TIRE DISTRIBUTORS INC,HANKOOK,980079312,205/55R16 91H H737,12,HANKOOK,1,98.47,1021390,10213904776,,
28,8211,"DOUGLASVILLE,GA",AMERICAN TIRE DISTRIBUTORS INC,HANKOOK,980079310,235/65R16 103T H737,12,HANKOOK,4,429.12,1021392,10213928211,,
24,8236,"GULFPORT, MS",AMERICAN TIRE DISTRIBUTORS INC,HANKOOK,980138230,225/75R15 102T H735,12,HANKOOK,4,306.28,1022046,10220468236,,
31,6387,PINELLAS PARK FL,AMERICAN TIRE DISTRIBUTORS INC,HANKOOK,85252,215/55R16X 97V H457,12,HANKOOK,2,160.18,1014373,10143736387,,
33,6314,"ELYRIA, OH",AMERICAN TIRE DISTRIBUTORS INC,HANKOOK,984135878,205/70R16 97H H737,12,HANKOOK,3,280.2,1027450,10274506314,,
31,6387,PINELLAS PARK FL,AMERICAN TIRE DISTRIBUTORS INC,HANKOOK,980138210,205/75R15 97T H735,12,HANKOOK,3,215.67,1022043,10220436387,,
38,6371,"WOODBRIDGE, VA",AMERICAN TIRE DISTRIBUTORS INC,HANKOOK,980138210,205/75R15 97T H735,12,HANKOOK,1,71.89,1022043,10220436371,,
31,6403,"BRANDON, FL",AMERICAN TIRE DISTRIBUTORS INC,HANKOOK,980248106,235/65R17 104H H737,12,HANKOOK,1,128.45,1025071,10250716403,,
27,6572,"KNOXVILLE, TN",AMERICAN TIRE DISTRIBUTORS INC,HANKOOK,85252,215/55R16X 97V H457,12,HANKOOK,2,160.18,1014373,10143736572,,
7,8165,"SIOUX FALLS, SD",AMERICAN TIRE DISTRIBUTORS INC,HANKOOK,980079305,225/65R17 102H H737,12,HANKOOK,4,481.84,1021397,10213978165,,
19,8125,"SAINT LOUIS, MO",AMERICAN TIRE DISTRIBUTORS INC,HANKOOK,980248101,185/65R15 88H H737,12,HANKOOK,4,324.2,1025057,10250578125,,
31,6387,PINELLAS PARK FL,AMERICAN TIRE DISTRIBUTORS INC,HANKOOK,980138221,215/75R14 100T H735,12,HANKOOK,2,139.44,1021910,10219106387,,
39,6670,"DEPTFORD, NJ",AMERICAN TIRE DISTRIBUTORS INC,HANKOOK,980248114,215/55R16XL 97H H735,12,HANKOOK,2,189.6,1025088,10250886670,,
4,4915,BULLHEAD CITY AZ,AMERICAN TIRE DISTRIBUTORS INC,HANKOOK,85160,185/55R16 83H H457,12,HANKOOK,1,79.75,1014375,10143754915,,
15,8274,"HOUSTON (NW),TX",AMERICAN TIRE DISTRIBUTORS INC,HANKOOK,85191,195/55R15 85V H457,12,HANKOOK,2,131.06,1014359,10143598274,,
31,6387,PINELLAS PARK FL,AMERICAN TIRE DISTRIBUTORS INC,HANKOOK,980248106,235/65R17 104H H737,12,HANKOOK,2,256.9,1025071,10250716387,,
31,6401,"TAMPA, FL",AMERICAN TIRE DISTRIBUTORS INC,HANKOOK,980079301,225/50R18 95H H737,12,HANKOOK,2,284.22,1021403,10214036401,,
28,4739,"SNELLVILLE, GA",AMERICAN TIRE DISTRIBUTORS INC,HANKOOK,980248127,235/75R15 105T H735,12,HANKOOK,2,180.68,1024740,10247404739,,
30,6540,"CHARLOTTE, NC",AMERICAN TIRE DISTRIBUTORS INC,HANKOOK,980138208,205/70R15 96T H735,12,HANKOOK,4,280.88,1022042,10220426540,,
7,6385,"GRAND FORKS, ND",AMERICAN TIRE DISTRIBUTORS INC,HANKOOK,980138193,185/65R14 86T H735,12,HANKOOK,4,254.28,1021905,10219056385,,
28,6409,"TUCKER, GA",AMERICAN TIRE DISTRIBUTORS INC,HANKOOK,980138189,175/70R13 82T H735,12,HANKOOK,4,226.8,1022033,10220336409,,
34,8228,"WINSTON-SALEM, NC",AMERICAN TIRE DISTRIBUTORS INC,HANKOOK,980248100,185/55R16 83H H737,12,HANKOOK,4,415.24,1025059,10250598228,,
21,8128,"PEORIA, IL",AMERICAN TIRE DISTRIBUTORS INC,HANKOOK,980248144,185/55R15 82V H737,12,HANKOOK,2,187.42,1025056,10250568128,,
4,4915,BULLHEAD CITY AZ,AMERICAN TIRE DISTRIBUTORS INC,HANKOOK,980138201,195/75R14 92T H735,12,HANKOOK,1,62.09,1022039,10220394915,,
32,6217,"MIAMI, FL",AMERICAN TIRE DISTRIBUTORS INC,HANKOOK,984135878,205/70R16 97H H737,12,HANKOOK,4,373.6,1027450,10274506217,,
31,6420,"CLEARWATER, FL",AMERICAN TIRE DISTRIBUTORS INC,HANKOOK,984135878,205/70R16 97H H737,12,HANKOOK,2,186.8,1027450,10274506420,,
31,6387,PINELLAS PARK FL,AMERICAN TIRE DISTRIBUTORS INC,HANKOOK,74374,LT225/75R16E RH12,12,HANKOOK,1,147.1,2001831,20018316387,,
2,6628,"TORRANCE, CA",AMERICAN TIRE DISTRIBUTORS INC,HANKOOK,980138195,185/70R14 88T H735,12,HANKOOK,4,260.52,1021906,10219066628,,
33,6314,"ELYRIA, OH",AMERICAN TIRE DISTRIBUTORS INC,HANKOOK,980079304,205/60R16 92H H737,12,HANKOOK,1,94.61,1021398,10213986314,,
7,4933,"BISMARCK, ND",AMERICAN TIRE DISTRIBUTORS INC,HANKOOK,85181,195/50R15 82H H457,12,HANKOOK,4,236.92,1014361,10143614933,,
12,4914,San Antonio N TX,AMERICAN TIRE DISTRIBUTORS INC,HANKOOK,980248160,235/60R18X 107V H737,12,HANKOOK,1,151.46,1025079,10250794914,,
27,6373,"VIENNA, WV",AMERICAN TIRE DISTRIBUTORS INC,HANKOOK,980138196,185/75R14 89T H735,12,HANKOOK,4,241.64,1022038,10220386373,,
31,6403,"BRANDON, FL",AMERICAN TIRE DISTRIBUTORS INC,HANKOOK,980138228,225/70R15 100T H735,12,HANKOOK,2,167.92,1022045,10220456403,,
2,6628,"TORRANCE, CA",AMERICAN TIRE DISTRIBUTORS INC,HANKOOK,980138203,205/60R15 91T H735,12,HANKOOK,1,75.75,1021916,10219166628,,
38,8161,"YORK, PA",AMERICAN TIRE DISTRIBUTORS INC,HANKOOK,74244,C195/75R16D RH12,12,HANKOOK,1,123.67,2001864,20018648161,,
37,6431,"SAM&#39;S ELMIRA, NY",AMERICAN TIRE DISTRIBUTORS INC,HANKOOK,980079306,225/55R18 98H H737,12,HANKOOK,4,555.32,1021396,10213966431,,
17,4790,"PEARL, MS",AMERICAN TIRE DISTRIBUTORS INC,HANKOOK,980079315,225/65R16 100T H737,12,HANKOOK,2,205.92,1021386,10213864790,,
31,6401,"TAMPA, FL",AMERICAN TIRE DISTRIBUTORS INC,HANKOOK,980248106,235/65R17 104H H737,12,HANKOOK,1,128.45,1025071,10250716401,,
34,8228,"WINSTON-SALEM, NC",AMERICAN TIRE DISTRIBUTORS INC,HANKOOK,980138230,225/75R15 102T H735,12,HANKOOK,1,76.57,1022046,10220468228,,
7,8172,"FARGO, ND",AMERICAN TIRE DISTRIBUTORS INC,HANKOOK,980138203,205/60R15 91T H735,12,HANKOOK,2,153.66,1021916,10219168172,,
17,8221,"HARVEY, LA",AMERICAN TIRE DISTRIBUTORS INC,HANKOOK,85252,215/55R16X 97V H457,12,HANKOOK,2,160.18,1014373,10143738221,,
32,8173,"MIRAMAR, FL",AMERICAN TIRE DISTRIBUTORS INC,HANKOOK,980248106,235/65R17 104H H737,12,HANKOOK,1,128.45,1025071,10250718173,,
9,6505,JEFFERSON CITY MO,AMERICAN TIRE DISTRIBUTORS INC,HANKOOK,980248106,235/65R17 104H H737,12,HANKOOK,4,513.8,1025071,10250716505,,
32,6341,"SUNRISE, FL",AMERICAN TIRE DISTRIBUTORS INC,HANKOOK,980079311,205/65R16 95H H737,12,HANKOOK,2,192.58,1021391,10213916341,,
31,6448,"NEW PORT RICHEY, FL",AMERICAN TIRE DISTRIBUTORS INC,HANKOOK,984135878,205/70R16 97H H737,12,HANKOOK,4,373.6,1027450,10274506448,,
35,8218,"FAYETTEVILLE,NC",AMERICAN TIRE DISTRIBUTORS INC,HANKOOK,980138209,205/75R14 95T H735,12,HANKOOK,4,267.76,1022041,10220418218,,
2,4822,"MURRIETA, CA",AMERICAN TIRE DISTRIBUTORS INC,HANKOOK,980248160,235/60R18X 107V H737,12,HANKOOK,1,151.46,1025079,10250794822,,
31,6387,PINELLAS PARK FL,AMERICAN TIRE DISTRIBUTORS INC,HANKOOK,980248153,225/50R17 94V H737,12,HANKOOK,2,265.7,1025067,10250676387,,
22,4992,"ELIZABETHTOWN, KY",AMERICAN TIRE DISTRIBUTORS INC,HANKOOK,980079293,225/70R15 100T H737,12,HANKOOK,4,383.04,1021411,10214114992,,
31,6401,"TAMPA, FL",AMERICAN TIRE DISTRIBUTORS INC,HANKOOK,980138190,175/70R14 84T H735,12,HANKOOK,1,61.03,1021903,10219036401,,
1,6612,"CONCORD, CA",AMERICAN TIRE DISTRIBUTORS INC,HANKOOK,980138188,175/65R14 82T H735,12,HANKOOK,5,322,1022037,10220376612,,
15,4712,"HOUSTON(MEM), TX",AMERICAN TIRE DISTRIBUTORS INC,HANKOOK,980248104,225/60R18 100H H737,12,HANKOOK,2,288.76,1025075,10250754712,,
7,4933,"BISMARCK, ND",AMERICAN TIRE DISTRIBUTORS INC,HANKOOK,980079315,225/65R16 100T H737,12,HANKOOK,4,411.84,1021386,10213864933,,
9,8163,"COLUMBIA, MO",AMERICAN TIRE DISTRIBUTORS INC,HANKOOK,980138222,215/75R15 100T H735,12,HANKOOK,2,146.98,1022044,10220448163,,
23,4740,"SOUTHAVEN, MS",AMERICAN TIRE DISTRIBUTORS INC,HANKOOK,980248106,235/65R17 104H H737,12,HANKOOK,3,385.35,1025071,10250714740,,
11,4905,"DENTON, TX",AMERICAN TIRE DISTRIBUTORS INC,HANKOOK,980130283,285/45R22X 114H RH12,12,HANKOOK,1,208.33,1016510,10165104905,,
13,6421,"CONROE, TX",AMERICAN TIRE DISTRIBUTORS INC,HANKOOK,980248106,235/65R17 104H H737,12,HANKOOK,1,128.45,1025071,10250716421,,
35,6570,"RALEIGH, NC",AMERICAN TIRE DISTRIBUTORS INC,HANKOOK,74409,C235/65R16E RH12,12,HANKOOK,1,166.09,2001863,20018636570,,
32,8130,"FORT MYERS, FL",AMERICAN TIRE DISTRIBUTORS INC,HANKOOK,980079306,225/55R18 98H H737,12,HANKOOK,1,138.83,1021396,10213968130,,
2,6616,"FULLERTON, CA",AMERICAN TIRE DISTRIBUTORS INC,HANKOOK,980138191,185/60R14 82T H735,12,HANKOOK,4,255.56,1021904,10219046616,,
27,6307,"COLUMBUS(N),OH",AMERICAN TIRE DISTRIBUTORS INC,HANKOOK,980024374,235/55R19 101V RA33,12,HANKOOK,2,337.72,1015053,10150536307,,
24,8213,"COLUMBUS, GA",AMERICAN TIRE DISTRIBUTORS INC,HANKOOK,980138190,175/70R14 84T H735,12,HANKOOK,4,244.12,1021903,10219038213,,
29,6363,"JACKSONVILLE (W), FL",AMERICAN TIRE DISTRIBUTORS INC,HANKOOK,980024374,235/55R19 101V RA33,12,HANKOOK,4,675.44,1015053,10150536363,,
31,4998,"THE VILLAGES, FL",AMERICAN TIRE DISTRIBUTORS INC,HANKOOK,980138231,235/60R16 100T H735,12,HANKOOK,4,373.48,1021501,10215014998,,
13,6245,Harker Heights TX,AMERICAN TIRE DISTRIBUTORS INC,HANKOOK,980248148,215/50R17XL 95V H737,12,HANKOOK,4,485.36,1025064,10250646245,,
38,6653,"GAITHERSBURG, MD",AMERICAN TIRE DISTRIBUTORS INC,HANKOOK,984135878,205/70R16 97H H737,12,HANKOOK,2,186.8,1027450,10274506653,,
13,8245,"HOUSTON (N), TX",AMERICAN TIRE DISTRIBUTORS INC,HANKOOK,980138230,225/75R15 102T H735,12,HANKOOK,4,306.28,1022046,10220468245,,
2,6616,"FULLERTON, CA",AMERICAN TIRE DISTRIBUTORS INC,HANKOOK,980138193,185/65R14 86T H735,12,HANKOOK,1,63.57,1021905,10219056616,,
30,6463,"ANDERSON, SC",AMERICAN TIRE DISTRIBUTORS INC,HANKOOK,85191,195/55R15 85V H457,12,HANKOOK,3,196.59,1014359,10143596463,,
31,6420,"CLEARWATER, FL",AMERICAN TIRE DISTRIBUTORS INC,HANKOOK,980248156,235/45R18 94V H737,12,HANKOOK,8,1346.4,1025076,10250766420,,
17,6527,"BATON ROUGE, LA",AMERICAN TIRE DISTRIBUTORS INC,HANKOOK,980248160,235/60R18X 107V H737,12,HANKOOK,1,151.46,1025079,10250796527,,
8,6461,"GRAND ISLAND,NE",AMERICAN TIRE DISTRIBUTORS INC,HANKOOK,980079293,225/70R15 100T H737,12,HANKOOK,4,383.04,1021411,10214116461,,
31,6420,"CLEARWATER, FL",AMERICAN TIRE DISTRIBUTORS INC,HANKOOK,85252,215/55R16X 97V H457,12,HANKOOK,2,160.18,1014373,10143736420,,
29,8202,"SAVANNAH, GA",AMERICAN TIRE DISTRIBUTORS INC,HANKOOK,980248104,225/60R18 100H H737,12,HANKOOK,2,288.76,1025075,10250758202,,
31,8155,"GAINESVILLE, FL",AMERICAN TIRE DISTRIBUTORS INC,HANKOOK,980079300,185/60R15 84T H737,12,HANKOOK,1,79.09,1021404,10214048155,,
17,4837,"DENHAM SPRINGS, LA",AMERICAN TIRE DISTRIBUTORS INC,HANKOOK,980079305,225/65R17 102H H737,12,HANKOOK,4,481.84,1021397,10213974837,,
1,4768,"RENO, NV",AMERICAN TIRE DISTRIBUTORS INC,HANKOOK,85181,195/50R15 82H H457,12,HANKOOK,4,236.92,1014361,10143614768,,
2,6628,"TORRANCE, CA",AMERICAN TIRE DISTRIBUTORS INC,HANKOOK,980138197,195/60R14 86T H735,12,HANKOOK,1,66.28,1021907,10219076628,,
23,8112,"CHATTANOOGA, TN",AMERICAN TIRE DISTRIBUTORS INC,HANKOOK,980024507,255/65R16 109H RA33,12,HANKOOK,4,512.64,1014138,10141388112,,
34,6351,"NEWPORT NEWS, VA",AMERICAN TIRE DISTRIBUTORS INC,HANKOOK,980248160,235/60R18X 107V H737,12,HANKOOK,1,151.46,1025079,10250796351,,
2,6626,"SOUTHGATE, CA",AMERICAN TIRE DISTRIBUTORS INC,HANKOOK,980079291,215/60R16 95H H737,12,HANKOOK,1,96.15,1023419,10234196626,,
29,8151,PANAMA CITY FL,AMERICAN TIRE DISTRIBUTORS INC,HANKOOK,980138208,205/70R15 96T H735,12,HANKOOK,2,140.44,1022042,10220428151,,
4,4915,BULLHEAD CITY AZ,AMERICAN TIRE DISTRIBUTORS INC,HANKOOK,980138209,205/75R14 95T H735,12,HANKOOK,1,66.94,1022041,10220414915,,
34,6524,"COLONIAL HEIGHTS, VA",AMERICAN TIRE DISTRIBUTORS INC,HANKOOK,980079315,225/65R16 100T H737,12,HANKOOK,5,514.8,1021386,10213866524,,
14,8299,PLANO TX,AMERICAN TIRE DISTRIBUTORS INC,HANKOOK,980138191,185/60R14 82T H735,12,HANKOOK,1,65.84,1021904,10219048299,,
5,8272,"COLORADO SPRINGS, CO",AMERICAN TIRE DISTRIBUTORS INC,HANKOOK,980138200,195/70R14 91T H735,12,HANKOOK,4,263.2,1021908,10219088272,,
19,4999,"QUINCY, IL",AMERICAN TIRE DISTRIBUTORS INC,HANKOOK,980138207,205/70R14 95T H735,12,HANKOOK,4,284.16,1022040,10220404999,,
9,4707,"OVERLAND PARK, KS",AMERICAN TIRE DISTRIBUTORS INC,HANKOOK,980079316,235/75R15X 109TH737,12,HANKOOK,4,388.56,1021359,10213594707,,
22,4876,"BOWLING GREEN, KY",AMERICAN TIRE DISTRIBUTORS INC,HANKOOK,980079303,225/55R17 97H H737,12,HANKOOK,4,498.28,1021400,10214004876,,
6,4703,"ALBUQUERQUE, NM",AMERICAN TIRE DISTRIBUTORS INC,HANKOOK,980138215,215/65R15 96T H735,12,HANKOOK,4,321.24,1021918,10219184703,,
30,4901,EASLEY SC,AMERICAN TIRE DISTRIBUTORS INC,HANKOOK,980079299,215/60R17 96H H737,12,HANKOOK,4,446.48,1021405,10214054901,,
10,4731,"OK CITY(NW),OK",AMERICAN TIRE DISTRIBUTORS INC,HANKOOK,980138209,205/75R14 95T H735,12,HANKOOK,1,66.94,1022041,10220414731,,
38,8193,"HAGERSTOWN, MD",AMERICAN TIRE DISTRIBUTORS INC,HANKOOK,85252,215/55R16X 97V H457,12,HANKOOK,5,400.45,1014373,10143738193,,
38,8193,"HAGERSTOWN, MD",AMERICAN TIRE DISTRIBUTORS INC,HANKOOK,980248106,235/65R17 104H H737,12,HANKOOK,1,128.45,1025071,10250718193,,
39,6693,"LANGHORNE, PA",AMERICAN TIRE DISTRIBUTORS INC,HANKOOK,980138228,225/70R15 100T H735,12,HANKOOK,4,335.84,1022045,10220456693,,
39,8160,"TEMPLE, PA",AMERICAN TIRE DISTRIBUTORS INC,HANKOOK,980079313,195/65R15 91H H737,12,HANKOOK,4,311.48,1021389,10213898160,,
38,6371,"WOODBRIDGE, VA",AMERICAN TIRE DISTRIBUTORS INC,HANKOOK,980079304,205/60R16 92H H737,12,HANKOOK,4,369.04,1021398,10213986371,,
2,6626,"SOUTHGATE, CA",AMERICAN TIRE DISTRIBUTORS INC,HANKOOK,980248153,225/50R17 94V H737,12,HANKOOK,1,132.85,1025067,10250676626,,
9,8176,"TOPEKA, KS",AMERICAN TIRE DISTRIBUTORS INC,HANKOOK,980079314,225/60R16 98H H737,12,HANKOOK,4,388.6,1021387,10213878176,,
23,8112,"CHATTANOOGA, TN",AMERICAN TIRE DISTRIBUTORS INC,HANKOOK,980248114,215/55R16XL 97H H735,12,HANKOOK,1,94.8,1025088,10250888112,,
30,6463,"ANDERSON, SC",AMERICAN TIRE DISTRIBUTORS INC,HANKOOK,980138215,215/65R15 96T H735,12,HANKOOK,1,80.31,1021918,10219186463,,
31,6448,"NEW PORT RICHEY, FL",AMERICAN TIRE DISTRIBUTORS INC,HANKOOK,980248106,235/65R17 104H H737,12,HANKOOK,1,128.45,1025071,10250716448,,
16,4985,"SPRINGFIELD (S), MO",AMERICAN TIRE DISTRIBUTORS INC,HANKOOK,980079311,205/65R16 95H H737,12,HANKOOK,4,385.16,1021391,10213914985,,
16,6377,"JONESBORO, AR",AMERICAN TIRE DISTRIBUTORS INC,HANKOOK,980138227,225/70R14 99T H735,12,HANKOOK,4,343.96,1021911,10219116377,,
1,6405,"YUBA CITY, CA",AMERICAN TIRE DISTRIBUTORS INC,HANKOOK,980138215,215/65R15 96T H735,12,HANKOOK,4,321.24,1021918,10219186405,,
31,6441,"LAKELAND (N),FL",AMERICAN TIRE DISTRIBUTORS INC,HANKOOK,980138230,225/75R15 102T H735,12,HANKOOK,4,306.28,1022046,10220466441,,
27,8152,"SOUTH POINT, OH",AMERICAN TIRE DISTRIBUTORS INC,HANKOOK,980138207,205/70R14 95T H735,12,HANKOOK,4,284.16,1022040,10220408152,,
12,4914,San Antonio N TX,AMERICAN TIRE DISTRIBUTORS INC,HANKOOK,980138230,225/75R15 102T H735,12,HANKOOK,4,306.28,1022046,10220464914,,
23,8112,"CHATTANOOGA, TN",AMERICAN TIRE DISTRIBUTORS INC,HANKOOK,980079289,205/65R15 94H H737,12,HANKOOK,4,334.6,1023464,10234648112,,
35,4872,COLUMBIA NE SC,AMERICAN TIRE DISTRIBUTORS INC,HANKOOK,980130283,285/45R22X 114H RH12,12,HANKOOK,1,208.33,1016510,10165104872,,
39,6567,"EASTON, PA",AMERICAN TIRE DISTRIBUTORS INC,HANKOOK,980079309,225/60R17 99H H737,12,HANKOOK,1,122.71,1021393,10213936567,,
14,8299,PLANO TX,AMERICAN TIRE DISTRIBUTORS INC,HANKOOK,980248106,235/65R17 104H H737,12,HANKOOK,1,128.45,1025071,10250718299,,
2,6616,"FULLERTON, CA",AMERICAN TIRE DISTRIBUTORS INC,HANKOOK,980248160,235/60R18X 107V H737,12,HANKOOK,1,151.46,1025079,10250796616,,
28,8166,"DULUTH, GA",AMERICAN TIRE DISTRIBUTORS INC,HANKOOK,85252,215/55R16X 97V H457,12,HANKOOK,1,80.09,1014373,10143738166,,
16,4985,"SPRINGFIELD (S), MO",AMERICAN TIRE DISTRIBUTORS INC,HANKOOK,980079304,205/60R16 92H H737,12,HANKOOK,1,92.26,1021398,10213984985,,
29,8202,"SAVANNAH, GA",AMERICAN TIRE DISTRIBUTORS INC,HANKOOK,980138210,205/75R15 97T H735,12,HANKOOK,4,287.56,1022043,10220438202,,
15,4843,PEARLAND TX,AMERICAN TIRE DISTRIBUTORS INC,HANKOOK,980248149,215/55R17 94V H737,12,HANKOOK,1,123.45,1025065,10250654843,,
27,6242,"DUBLIN, OH",AMERICAN TIRE DISTRIBUTORS INC,HANKOOK,980138196,185/75R14 89T H735,12,HANKOOK,4,241.64,1022038,10220386242,,
30,6348,"PINEVILLE, NC",AMERICAN TIRE DISTRIBUTORS INC,HANKOOK,85252,215/55R16X 97V H457,12,HANKOOK,4,320.36,1014373,10143736348,,
14,6265,"IRVING (N), TX",AMERICAN TIRE DISTRIBUTORS INC,HANKOOK,980079313,195/65R15 91H H737,12,HANKOOK,1,77.87,1021389,10213896265,,
31,4861,"ST PETERSBURG, FL",AMERICAN TIRE DISTRIBUTORS INC,HANKOOK,980138222,215/75R15 100T H735,12,HANKOOK,2,146.98,1022044,10220444861,,
17,4837,"DENHAM SPRINGS, LA",AMERICAN TIRE DISTRIBUTORS INC,HANKOOK,980138218,215/70R14 96T H735,12,HANKOOK,2,149.3,1021909,10219094837,,
35,8129,"WILMINGTON, NC",AMERICAN TIRE DISTRIBUTORS INC,HANKOOK,980138208,205/70R15 96T H735,12,HANKOOK,2,140.44,1022042,10220428129,,
32,6341,"SUNRISE, FL",AMERICAN TIRE DISTRIBUTORS INC,HANKOOK,980248106,235/65R17 104H H737,12,HANKOOK,1,128.45,1025071,10250716341,,
39,8160,"TEMPLE, PA",AMERICAN TIRE DISTRIBUTORS INC,HANKOOK,980138190,175/70R14 84T H735,12,HANKOOK,4,244.12,1021903,10219038160,,
9,6505,JEFFERSON CITY MO,AMERICAN TIRE DISTRIBUTORS INC,HANKOOK,980138209,205/75R14 95T H735,12,HANKOOK,4,267.76,1022041,10220416505,,
28,8166,"DULUTH, GA",AMERICAN TIRE DISTRIBUTORS INC,HANKOOK,980138209,205/75R14 95T H735,12,HANKOOK,3,206.13,1022041,10220418166,,
35,8218,"FAYETTEVILLE,NC",AMERICAN TIRE DISTRIBUTORS INC,HANKOOK,980248149,215/55R17 94V H737,12,HANKOOK,4,493.8,1025065,10250658218,,
6,8153,"EL PASO, TX",AMERICAN TIRE DISTRIBUTORS INC,HANKOOK,980138189,175/70R13 82T H735,12,HANKOOK,2,113.4,1022033,10220338153,,
27,6326,"REYNOLDSBURG, OH",AMERICAN TIRE DISTRIBUTORS INC,HANKOOK,980079313,195/65R15 91H H737,12,HANKOOK,4,318.96,1021389,10213896326,,
25,6313,"FT. WAYNE, IN",AMERICAN TIRE DISTRIBUTORS INC,HANKOOK,980248106,235/65R17 104H H737,12,HANKOOK,1,128.45,1025071,10250716313,,
14,8242,"DALLAS (E), TX",AMERICAN TIRE DISTRIBUTORS INC,HANKOOK,980138208,205/70R15 96T H735,12,HANKOOK,1,70.22,1022042,10220428242,,
31,6420,"CLEARWATER, FL",AMERICAN TIRE DISTRIBUTORS INC,HANKOOK,980138201,195/75R14 92T H735,12,HANKOOK,4,248.36,1022039,10220396420,,
14,6376,"ADDISON, TX",AMERICAN TIRE DISTRIBUTORS INC,HANKOOK,980138200,195/70R14 91T H735,12,HANKOOK,1,65.8,1021908,10219086376,,
14,6376,"ADDISON, TX",AMERICAN TIRE DISTRIBUTORS INC,HANKOOK,980248153,225/50R17 94V H737,12,HANKOOK,1,132.85,1025067,10250676376,,
5,4805,"BILLINGS, MT",AMERICAN TIRE DISTRIBUTORS INC,HANKOOK,980138190,175/70R14 84T H735,12,HANKOOK,1,62.96,1021903,10219034805,,
28,8203,MARIETTA GA,AMERICAN TIRE DISTRIBUTORS INC,HANKOOK,980138209,205/75R14 95T H735,12,HANKOOK,4,267.76,1022041,10220418203,,
12,8262,"SAN ANTONIO (N), TX",AMERICAN TIRE DISTRIBUTORS INC,HANKOOK,980138210,205/75R15 97T H735,12,HANKOOK,4,287.56,1022043,10220438262,,
2,4822,"MURRIETA, CA",AMERICAN TIRE DISTRIBUTORS INC,HANKOOK,980138200,195/70R14 91T H735,12,HANKOOK,1,65.8,1021908,10219084822,,
31,6387,PINELLAS PARK FL,AMERICAN TIRE DISTRIBUTORS INC,HANKOOK,980079301,225/50R18 95H H737,12,HANKOOK,4,552.52,1021403,10214036387,,
34,6402,"GREENSBORO, NC",AMERICAN TIRE DISTRIBUTORS INC,HANKOOK,980138196,185/75R14 89T H735,12,HANKOOK,4,241.64,1022038,10220386402,,
31,4998,"THE VILLAGES, FL",AMERICAN TIRE DISTRIBUTORS INC,HANKOOK,980248156,235/45R18 94V H737,12,HANKOOK,1,168.3,1025076,10250764998,,
1,4799,"CITRUS HEIGHTS, CA",AMERICAN TIRE DISTRIBUTORS INC,HANKOOK,980138207,205/70R14 95T H735,12,HANKOOK,4,284.16,1022040,10220404799,,
29,6204,"VALDOSTA, GA",AMERICAN TIRE DISTRIBUTORS INC,HANKOOK,980138208,205/70R15 96T H735,12,HANKOOK,1,70.22,1022042,10220426204,,
15,4843,PEARLAND TX,AMERICAN TIRE DISTRIBUTORS INC,HANKOOK,980079312,205/55R16 91H H737,12,HANKOOK,1,98.47,1021390,10213904843,,
27,6308,"COLUMBUS(W),OH",GOODYEAR TIRE & RUBBER CO,GOODYEAR,980008893,ST205/75R15D ENDUR,28,PREMIUM TRAILER,5,672.65,724-861-519,724-861-5196308,,
21,6304,"INDIANAPOLIS, IN",GOODYEAR TIRE & RUBBER CO,GOODYEAR,980008893,ST205/75R15D ENDUR,28,PREMIUM TRAILER,4,538.12,724-861-519,724-861-5196304,,
8,6344,"WINDSOR HEIGHTS, IA",GOODYEAR TIRE & RUBBER CO,GOODYEAR,980008891,ST205/75R14D ENDUR,28,PREMIUM TRAILER,4,523.08,724-864-519,724-864-5196344,,
17,4790,"PEARL, MS",GOODYEAR TIRE & RUBBER CO,GOODYEAR,980008891,ST205/75R14D ENDUR,28,PREMIUM TRAILER,4,523.08,724-864-519,724-864-5194790,,
31,4998,"THE VILLAGES, FL",GOODYEAR TIRE & RUBBER CO,GOODYEAR,980008889,ST235/80R16E ENDUR,28,PREMIUM TRAILER,4,711.88,724-858-519,724-858-5194998,,
31,8155,"GAINESVILLE, FL",GOODYEAR TIRE & RUBBER CO,GOODYEAR,980008893,ST205/75R15D ENDUR,28,PREMIUM TRAILER,4,538.12,724-861-519,724-861-5198155,,
29,8116,"JACKSONVILLE,FL",GOODYEAR TIRE & RUBBER CO,GOODYEAR,980008891,ST205/75R14D ENDUR,28,PREMIUM TRAILER,4,523.08,724-864-519,724-864-5198116,,
15,4702,"FRIENDSWOOD, TX",GOODYEAR TIRE & RUBBER CO,GOODYEAR,980008891,ST205/75R14D ENDUR,28,PREMIUM TRAILER,2,261.54,724-864-519,724-864-5194702,,
35,6570,"RALEIGH, NC",GOODYEAR TIRE & RUBBER CO,GOODYEAR,980008893,ST205/75R15D ENDUR,28,PREMIUM TRAILER,4,538.12,724-861-519,724-861-5196570,,
27,6572,"KNOXVILLE, TN",GOODYEAR TIRE & RUBBER CO,GOODYEAR,980008894,ST215/75R14D ENDUR,28,PREMIUM TRAILER,4,553.8,724-865-519,724-865-5196572,,
29,8202,"SAVANNAH, GA",GOODYEAR TIRE & RUBBER CO,GOODYEAR,980008893,ST205/75R15D ENDUR,28,PREMIUM TRAILER,4,538.12,724-861-519,724-861-5198202,,
34,6368,"CHESAPEAKE, VA",GOODYEAR TIRE & RUBBER CO,GOODYEAR,980008896,ST225/75R15E ENDUR,28,PREMIUM TRAILER,4,582.88,724-857-519,724-857-5196368,,
24,8213,"COLUMBUS, GA",GOODYEAR TIRE & RUBBER CO,GOODYEAR,980008896,ST225/75R15E ENDUR,28,PREMIUM TRAILER,4,582.88,724-857-519,724-857-5198213,,
4,6205,"YUMA, AZ",GOODYEAR TIRE & RUBBER CO,GOODYEAR,980008893,ST205/75R15D ENDUR,28,PREMIUM TRAILER,4,538.12,724-861-519,724-861-5196205,,
16,4808,SPRINGDALE AR,GOODYEAR TIRE & RUBBER CO,GOODYEAR,980008889,ST235/80R16E ENDUR,28,PREMIUM TRAILER,4,711.88,724-858-519,724-858-5194808,,
25,6658,"JACKSON, MI",GOODYEAR TIRE & RUBBER CO,GOODYEAR,980008896,ST225/75R15E ENDUR,28,PREMIUM TRAILER,4,582.88,724-857-519,724-857-5196658,,
17,8181,"ALEXANDRIA, LA",GOODYEAR TIRE & RUBBER CO,GOODYEAR,980008894,ST215/75R14D ENDUR,28,PREMIUM TRAILER,4,553.8,724-865-519,724-865-5198181,,
16,8296,"SPRINGFIELD, MO",GOODYEAR TIRE & RUBBER CO,GOODYEAR,980008891,ST205/75R14D ENDUR,28,PREMIUM TRAILER,5,653.85,724-864-519,724-864-5198296,,
24,6435,"TUSCALOOSA, AL",GOODYEAR TIRE & RUBBER CO,GOODYEAR,980008891,ST205/75R14D ENDUR,28,PREMIUM TRAILER,4,523.08,724-864-519,724-864-5196435,,
4,4830,"AVONDALE, AZ",GOODYEAR TIRE & RUBBER CO,GOODYEAR,980008891,ST205/75R14D ENDUR,28,PREMIUM TRAILER,4,523.08,724-864-519,724-864-5194830,,
13,8259,"AUSTIN, TX",GOODYEAR TIRE & RUBBER CO,GOODYEAR,980008896,ST225/75R15E ENDUR,28,PREMIUM TRAILER,4,582.88,724-857-519,724-857-5198259,,
17,6503,"HATTIESBURG, MS",GOODYEAR TIRE & RUBBER CO,GOODYEAR,980008896,ST225/75R15E ENDUR,28,PREMIUM TRAILER,4,582.88,724-857-519,724-857-5196503,,
12,8227,"SAN ANTONIO (NW), TX",GOODYEAR TIRE & RUBBER CO,GOODYEAR,980008889,ST235/80R16E ENDUR,28,PREMIUM TRAILER,4,711.88,724-858-519,724-858-5198227,,
25,6417,"HOLLAND, MI",GOODYEAR TIRE & RUBBER CO,GOODYEAR,980008893,ST205/75R15D ENDUR,28,PREMIUM TRAILER,4,538.12,724-861-519,724-861-5196417,,
22,8188,"LEXINGTON, KY",GOODYEAR TIRE & RUBBER CO,GOODYEAR,980008890,ST235/85R16E ENDUR,28,PREMIUM TRAILER,4,820.72,724-860-519,724-860-5198188,,
5,6379,"GREAT FALLS, MT",GOODYEAR TIRE & RUBBER CO,GOODYEAR,980008891,ST205/75R14D ENDUR,28,PREMIUM TRAILER,4,523.08,724-864-519,724-864-5196379,,
10,8241,"MIDWEST CITY, OK",GOODYEAR TIRE & RUBBER CO,GOODYEAR,980008891,ST205/75R14D ENDUR,28,PREMIUM TRAILER,2,261.54,724-864-519,724-864-5198241,,
21,8215,"SPRINGFIELD, IL",GOODYEAR TIRE & RUBBER CO,GOODYEAR,980008889,ST235/80R16E ENDUR,28,PREMIUM TRAILER,4,711.88,724-858-519,724-858-5198215,,
23,4740,"SOUTHAVEN, MS",GOODYEAR TIRE & RUBBER CO,GOODYEAR,980008893,ST205/75R15D ENDUR,28,PREMIUM TRAILER,4,538.12,724-861-519,724-861-5194740,,
28,4789,"SHARPSBURG, GA",GOODYEAR TIRE & RUBBER CO,GOODYEAR,980008893,ST205/75R15D ENDUR,28,PREMIUM TRAILER,4,538.12,724-861-519,724-861-5194789,,
