Store Number,NSW2 CONSOLE - QTY,NSW2 MARIO KART WLD - QTY,Total Estimated Preorder QTY,# of Associates Needed  for Dispense
1,28,57,85,1
2,3,23,26,1
3,16,34,50,1
4,13,37,50,1
5,17,39,56,1
7,13,35,48,1
8,9,14,23,1
9,3,11,14,1
10,4,19,23,1
11,5,26,31,1
12,16,38,54,1
13,4,17,21,1
14,4,24,28,1
15,2,9,11,1
16,7,28,35,1
17,6,19,25,1
18,2,2,4,1
19,4,24,28,1
20,2,11,13,1
21,12,29,41,1
22,4,18,22,1
23,4,10,14,1
24,8,18,26,1
25,6,10,16,1
26,15,42,57,1
27,2,3,5,1
28,4,8,12,1
29,15,40,55,1
30,9,11,20,1
31,1,7,8,1
32,2,12,14,1
33,2,4,6,1
34,4,10,14,1
35,19,50,69,1
36,11,30,41,1
37,8,19,27,1
38,2,4,6,1
39,2,8,10,1
40,2,23,25,1
41,16,41,57,1
42,1,5,6,1
43,17,31,48,1
44,3,3,6,1
45,18,41,59,1
46,5,14,19,1
47,4,8,12,1
48,5,6,11,1
49,0,6,6,1
50,1,4,5,1
51,8,18,26,1
52,10,23,33,1
54,13,29,42,1
55,2,0,2,1
56,3,7,10,1
57,0,0,0,0
58,11,40,51,1
59,17,43,60,1
60,10,24,34,1
61,14,35,49,1
62,4,7,11,1
63,1,7,8,1
64,2,6,8,1
65,5,11,16,1
66,5,8,13,1
67,3,8,11,1
68,2,5,7,1
69,22,52,74,1
70,7,18,25,1
71,2,7,9,1
72,5,27,32,1
73,8,22,30,1
74,1,6,7,1
75,11,23,34,1
76,4,8,12,1
77,12,25,37,1
78,6,22,28,1
79,12,27,39,1
80,12,30,42,1
81,2,3,5,1
82,11,20,31,1
83,0,11,11,1
85,14,34,48,1
86,15,34,49,1
87,2,10,12,1
88,2,9,11,1
89,6,12,18,1
90,2,14,16,1
91,0,3,3,1
92,3,8,11,1
93,6,15,21,1
94,14,29,43,1
95,6,17,23,1
96,15,27,42,1
97,3,9,12,1
98,3,7,10,1
99,9,24,33,1
100,37,107,144,2
101,9,35,44,1
102,0,1,1,1
103,9,37,46,1
104,9,23,32,1
105,12,24,36,1
106,2,4,6,1
107,8,12,20,1
108,9,21,30,1
109,4,15,19,1
110,31,68,99,2
111,3,5,8,1
112,9,21,30,1
113,7,12,19,1
114,7,10,17,1
115,0,4,4,1
116,0,0,0,0
117,2,5,7,1
118,2,6,8,1
119,5,20,25,1
120,9,20,29,1
121,3,7,10,1
122,10,18,28,1
123,2,3,5,1
124,10,19,29,1
125,13,37,50,1
126,11,15,26,1
127,4,7,11,1
128,14,24,38,1
129,3,16,19,1
130,6,26,32,1
131,3,19,22,1
132,1,3,4,1
133,0,4,4,1
134,3,3,6,1
135,0,5,5,1
136,2,7,9,1
137,14,26,40,1
138,14,32,46,1
139,4,9,13,1
140,8,38,46,1
141,16,38,54,1
143,11,17,28,1
144,20,48,68,1
145,0,5,5,1
146,9,10,19,1
147,9,23,32,1
148,1,16,17,1
149,1,6,7,1
150,2,10,12,1
151,1,14,15,1
152,14,27,41,1
153,3,10,13,1
154,14,38,52,2
155,3,6,9,1
157,12,29,41,1
158,5,13,18,1
159,14,32,46,1
160,3,5,8,1
161,3,10,13,1
162,0,0,0,0
163,1,19,20,1
164,4,10,14,1
165,4,9,13,1
166,2,10,12,1
167,2,6,8,1
168,21,50,71,1
169,1,7,8,1
170,2,11,13,1
171,1,9,10,1
172,18,38,56,1
173,4,10,14,1
174,17,36,53,1
175,9,27,36,1
176,1,6,7,1
177,6,24,30,1
178,4,7,11,1
179,16,36,52,1
180,3,13,16,1
181,4,7,11,1
182,1,4,5,1
183,0,1,1,1
184,23,54,77,2
185,12,22,34,1
186,6,16,22,1
188,18,43,61,1
189,3,14,17,1
190,8,22,30,1
192,17,43,60,1
194,19,43,62,1
195,12,28,40,1
196,9,34,43,1
197,7,20,27,1
198,4,9,13,1
199,4,15,19,1
200,12,32,44,1
201,16,45,61,1
202,6,27,33,1
203,4,5,9,1
204,9,17,26,1
205,2,11,13,1
206,10,43,53,1
207,3,6,9,1
209,0,0,0,0
210,4,0,4,1
211,6,8,14,1
212,16,42,58,1
213,12,22,34,1
214,3,6,9,1
216,10,41,51,1
217,13,36,49,1
218,4,8,12,1
219,15,34,49,1
220,17,45,62,1
221,18,45,63,2
222,6,14,20,1
224,8,16,24,1
225,2,7,9,1
226,0,4,4,1
227,9,10,19,1
228,14,33,47,1
229,2,10,12,1
230,0,0,0,0
231,11,23,34,1
232,0,4,4,1
233,2,14,16,1
234,18,54,72,1
236,2,6,8,1
237,10,20,30,1
238,3,12,15,1
239,2,5,7,1
240,5,13,18,1
242,3,18,21,1
243,20,41,61,1
244,1,4,5,1
246,4,12,16,1
247,3,3,6,1
248,3,13,16,1
249,14,29,43,1
250,1,7,8,1
251,6,18,24,1
252,4,14,18,1
253,8,27,35,1
254,3,11,14,1
256,26,59,85,2
257,4,13,17,1
258,5,32,37,1
259,15,33,48,1
260,15,31,46,1
261,8,15,23,1
262,10,27,37,1
264,16,44,60,1
265,14,24,38,1
266,13,37,50,1
267,8,25,33,1
268,4,17,21,1
269,14,31,45,1
271,1,4,5,1
272,23,57,80,2
273,1,12,13,1
274,0,0,0,0
275,4,20,24,1
276,3,9,12,1
277,20,44,64,1
278,13,28,41,1
279,2,4,6,1
280,2,9,11,1
281,1,4,5,1
282,10,24,34,1
283,4,14,18,1
284,22,40,62,2
285,14,29,43,1
286,8,23,31,1
287,3,25,28,1
288,1,7,8,1
289,0,0,0,0
290,3,9,12,1
292,9,25,34,1
293,4,7,11,1
294,7,21,28,1
295,11,35,46,1
296,4,12,16,1
297,19,47,66,1
298,6,16,22,1
299,20,49,69,1
300,6,13,19,1
301,7,31,38,1
302,6,17,23,1
303,1,3,4,1
304,8,36,44,1
305,1,3,4,1
306,10,27,37,1
307,14,27,41,1
308,8,28,36,1
309,9,23,32,1
310,3,9,12,1
311,1,2,3,1
312,2,8,10,1
313,14,34,48,1
314,4,19,23,1
315,5,21,26,1
316,3,21,24,1
317,8,10,18,1
318,3,9,12,1
319,15,42,57,1
320,0,0,0,0
321,5,23,28,1
322,19,40,59,1
323,3,1,4,1
324,1,6,7,1
325,8,16,24,1
326,0,0,0,0
328,8,29,37,1
329,9,24,33,1
330,10,33,43,1
331,14,31,45,1
332,19,36,55,1
333,6,20,26,1
334,4,9,13,1
335,14,30,44,1
336,4,8,12,1
337,2,4,6,1
338,2,5,7,1
339,0,0,0,0
340,1,2,3,1
341,0,0,0,0
342,2,6,8,1
343,8,22,30,1
344,1,9,10,1
345,4,14,18,1
346,9,15,24,1
347,2,6,8,1
348,4,7,11,1
350,4,13,17,1
351,17,37,54,1
352,0,0,0,0
353,3,4,7,1
354,1,8,9,1
355,13,32,45,1
356,10,24,34,1
357,3,7,10,1
358,6,19,25,1
359,24,57,81,2
360,4,7,11,1
361,14,41,55,1
362,1,3,4,1
363,3,12,15,1
364,0,7,7,1
365,10,27,37,1
366,7,22,29,1
368,1,5,6,1
369,1,8,9,1
370,0,1,1,1
371,15,31,46,1
372,5,16,21,1
373,2,5,7,1
374,13,26,39,1
375,10,31,41,1
376,14,28,42,1
378,0,3,3,1
379,14,36,50,1
381,12,42,54,1
382,4,18,22,1
383,2,11,13,1
384,9,22,31,1
385,0,0,0,0
386,7,6,13,1
387,0,3,3,1
388,4,26,30,1
389,17,39,56,1
390,4,9,13,1
391,9,23,32,1
392,3,26,29,1
393,9,27,36,1
394,8,16,24,1
395,26,60,86,2
396,15,39,54,1
397,27,59,86,2
398,10,40,50,1
399,14,41,55,1
400,23,51,74,1
401,3,9,12,1
402,9,18,27,1
403,2,4,6,1
404,13,41,54,1
405,3,20,23,1
406,17,43,60,1
407,23,46,69,1
408,13,32,45,1
409,3,6,9,1
410,8,28,36,1
411,0,0,0,0
412,3,13,16,1
413,3,20,23,1
414,8,22,30,1
415,9,19,28,1
416,14,40,54,1
417,6,15,21,1
418,1,2,3,1
419,1,4,5,1
420,10,23,33,1
421,15,27,42,1
422,7,9,16,1
423,15,31,46,1
424,8,14,22,1
425,0,9,9,1
426,14,31,45,1
427,9,36,45,1
428,9,18,27,1
429,20,39,59,1
430,6,23,29,1
431,8,24,32,1
432,4,6,10,1
433,9,20,29,1
434,16,37,53,1
435,8,23,31,1
436,4,10,14,1
437,9,18,27,1
438,2,2,4,1
440,2,3,5,1
442,10,24,34,1
443,3,8,11,1
444,21,39,60,1
445,14,26,40,1
446,0,0,0,0
447,4,20,24,1
448,5,11,16,1
449,9,24,33,1
450,9,20,29,1
451,16,36,52,1
452,19,50,69,1
453,0,0,0,0
454,3,9,12,1
456,23,50,73,1
457,14,28,42,1
458,2,14,16,1
459,16,35,51,1
461,13,34,47,1
462,19,40,59,1
463,5,14,19,1
464,20,46,66,1
465,6,28,34,1
466,1,4,5,1
467,11,34,45,1
468,7,20,27,1
469,11,18,29,1
470,18,40,58,1
471,9,19,28,1
472,25,47,72,1
473,0,0,0,0
475,25,68,93,2
476,0,5,5,1
477,10,25,35,1
478,0,0,0,0
479,8,24,32,1
480,0,0,0,0
481,13,29,42,1
482,4,6,10,1
483,8,24,32,1
484,18,43,61,1
485,2,4,6,1
486,4,17,21,1
488,1,12,13,1
489,9,17,26,1
490,16,26,42,1
491,20,43,63,1
492,4,20,24,1
493,9,15,24,1
494,16,38,54,1
495,8,17,25,1
497,13,30,43,1
498,1,1,2,1
499,11,30,41,1
500,30,69,99,2
501,5,21,26,1
502,2,14,16,1
503,0,0,0,0
504,9,24,33,1
505,2,5,7,1
506,1,9,10,1
507,8,28,36,1
508,7,23,30,1
510,13,33,46,1
511,12,29,41,1
512,28,64,92,1
513,6,17,23,1
514,9,24,33,1
515,5,12,17,1
516,4,13,17,1
517,14,37,51,1
518,14,30,44,1
519,9,19,28,1
520,15,44,59,1
521,9,18,27,1
522,11,27,38,1
523,4,8,12,1
524,3,3,6,1
526,15,31,46,1
527,6,21,27,1
528,15,26,41,1
529,14,36,50,1
530,5,11,16,1
531,18,40,58,1
532,18,41,59,1
533,10,25,35,1
535,24,53,77,1
536,14,34,48,1
537,26,57,83,1
538,17,38,55,1
539,6,11,17,1
540,2,11,13,1
541,26,52,78,2
542,11,28,39,1
543,9,18,27,1
544,13,38,51,1
545,0,0,0,0
546,16,38,54,1
547,16,39,55,1
548,18,44,62,1
549,9,26,35,1
550,3,3,6,1
551,8,20,28,1
552,9,15,24,1
553,14,29,43,1
554,35,71,106,2
555,5,17,22,1
556,6,10,16,1
557,7,29,36,1
558,15,29,44,1
559,18,41,59,1
560,18,36,54,1
561,0,3,3,1
562,9,20,29,1
563,19,52,71,1
564,15,38,53,1
565,1,9,10,1
566,10,19,29,1
567,5,10,15,1
568,4,15,19,1
569,5,13,18,1
571,21,44,65,1
572,6,14,20,1
573,18,42,60,1
574,16,34,50,1
575,20,66,86,1
576,21,40,61,1
577,26,66,92,2
578,18,62,80,2
579,16,38,54,1
580,17,32,49,1
581,9,24,33,1
582,16,31,47,1
583,5,18,23,1
584,14,29,43,1
585,14,51,65,1
586,13,24,37,1
587,5,23,28,1
588,10,22,32,1
589,13,40,53,1
590,16,32,48,1
591,10,19,29,1
592,20,41,61,1
593,3,15,18,1
594,11,20,31,1
595,27,60,87,1
596,4,11,15,1
598,18,38,56,1
599,13,37,50,1
600,3,8,11,1
601,18,35,53,1
602,20,37,57,1
603,13,34,47,1
604,16,32,48,1
605,10,30,40,1
606,9,21,30,1
608,20,64,84,1
609,9,26,35,1
610,8,17,25,1
611,14,19,33,1
612,9,24,33,1
613,22,48,70,1
614,17,31,48,1
615,18,42,60,1
616,4,17,21,1
617,0,0,0,0
618,17,31,48,1
619,6,27,33,1
620,13,27,40,1
621,7,15,22,1
622,22,53,75,1
623,16,42,58,1
624,9,16,25,1
625,5,14,19,1
626,0,0,0,0
627,2,10,12,1
628,18,48,66,1
629,7,11,18,1
630,14,29,43,1
631,18,36,54,1
632,11,22,33,1
633,4,19,23,1
634,9,23,32,1
635,13,35,48,1
636,5,14,19,1
637,6,18,24,1
638,8,21,29,1
639,11,33,44,1
640,14,42,56,1
641,11,29,40,1
642,5,12,17,1
643,11,27,38,1
644,9,28,37,1
645,13,25,38,1
646,4,12,16,1
647,4,14,18,1
648,25,62,87,2
649,17,36,53,1
651,14,32,46,1
652,5,24,29,1
653,7,19,26,1
655,6,32,38,1
656,10,28,38,1
657,16,45,61,2
658,11,32,43,1
659,16,39,55,1
660,6,23,29,1
661,19,39,58,1
662,16,29,45,1
663,13,40,53,1
664,5,29,34,1
665,6,16,22,1
666,11,30,41,1
667,7,22,29,1
668,8,31,39,1
669,17,42,59,1
670,17,24,41,1
671,20,43,63,1
672,25,55,80,2
673,18,47,65,1
674,20,45,65,1
675,4,13,17,1
676,14,33,47,1
677,4,18,22,1
678,10,27,37,1
680,14,43,57,1
681,7,13,20,1
682,28,53,81,1
683,4,21,25,1
684,3,22,25,1
685,19,41,60,1
686,4,8,12,1
687,19,28,47,1
688,14,43,57,1
689,15,52,67,1
690,17,37,54,1
691,11,22,33,1
692,16,35,51,1
693,0,0,0,0
694,14,33,47,1
695,9,31,40,1
696,7,19,26,1
697,24,56,80,1
698,17,39,56,1
699,13,39,52,1
700,2,8,10,1
701,18,35,53,1
702,14,32,46,1
703,16,42,58,1
705,23,49,72,1
706,24,49,73,1
707,1,2,3,1
708,9,10,19,1
709,19,43,62,1
710,12,41,53,1
711,9,30,39,1
712,3,19,22,1
713,5,17,22,1
714,0,1,1,1
715,15,31,46,1
716,2,9,11,1
718,14,39,53,1
719,23,57,80,2
720,16,42,58,1
721,20,41,61,1
722,18,35,53,1
723,7,21,28,1
724,13,33,46,1
725,24,69,93,1
726,3,10,13,1
727,6,18,24,1
728,4,15,19,1
729,14,29,43,1
730,4,12,16,1
731,3,0,3,1
733,7,16,23,1
734,9,37,46,1
735,3,15,18,1
736,4,19,23,1
737,11,21,32,1
738,0,12,12,1
739,11,23,34,1
740,6,18,24,1
741,16,38,54,1
742,17,44,61,1
743,21,43,64,1
744,19,44,63,1
745,12,20,32,1
746,19,38,57,1
748,8,21,29,1
749,10,25,35,1
750,5,11,16,1
751,4,15,19,1
752,20,49,69,1
753,17,37,54,1
754,15,36,51,1
755,15,44,59,1
756,4,13,17,1
757,7,15,22,1
758,4,7,11,1
759,4,7,11,1
760,0,0,0,0
761,2,8,10,1
762,5,14,19,1
764,5,15,20,1
765,16,30,46,1
766,4,22,26,1
767,3,30,33,1
768,15,46,61,1
769,11,25,36,1
770,2,13,15,1
771,18,40,58,1
772,10,39,49,1
773,4,11,15,1
774,9,23,32,1
775,14,30,44,1
776,9,25,34,1
777,11,23,34,1
778,9,23,32,1
779,13,44,57,1
780,16,33,49,1
781,7,28,35,1
782,7,8,15,1
783,3,5,8,1
784,9,10,19,1
785,0,0,0,0
786,16,32,48,1
787,10,21,31,1
788,0,2,2,1
789,17,34,51,1
790,4,7,11,1
791,6,18,24,1
792,0,0,0,0
793,4,16,20,1
794,6,20,26,1
795,0,5,5,1
796,17,39,56,1
797,10,25,35,1
798,1,11,12,1
799,7,15,22,1
800,14,29,43,1
801,3,11,14,1
802,8,25,33,1
803,0,8,8,1
804,4,18,22,1
805,18,48,66,1
806,18,37,55,1
807,15,36,51,1
808,8,40,48,1
809,3,22,25,1
810,10,33,43,1
811,3,7,10,1
812,4,10,14,1
813,10,12,22,1
814,4,10,14,1
815,2,18,20,1
816,6,8,14,1
817,31,69,100,3
818,10,27,37,1
819,23,48,71,1
820,9,19,28,1
821,6,34,40,1
822,6,23,29,1
823,7,11,18,1
824,18,43,61,1
825,4,12,16,1
826,4,20,24,1
827,5,20,25,1
828,19,52,71,1
829,15,32,47,1
830,4,11,15,1
833,4,6,10,1
834,0,1,1,1
835,17,39,56,1
836,18,46,64,1
837,2,2,4,1
838,17,35,52,1
839,10,19,29,1
841,0,0,0,0
842,14,33,47,1
843,1,5,6,1
844,16,36,52,1
845,0,0,0,0
846,4,11,15,1
847,9,15,24,1
848,10,21,31,1
849,20,46,66,1
850,19,38,57,1
851,0,5,5,1
852,14,32,46,1
853,18,43,61,1
854,8,21,29,1
855,11,21,32,1
856,18,39,57,1
857,16,44,60,1
858,2,13,15,1
859,15,30,45,1
860,20,48,68,1
861,13,34,47,1
862,8,29,37,1
863,2,3,5,1
864,7,18,25,1
865,26,61,87,1
866,18,37,55,1
867,13,13,26,1
868,7,38,45,1
869,8,20,28,1
870,13,31,44,1
871,0,0,0,0
872,17,39,56,1
873,7,8,15,1
874,2,7,9,1
875,9,14,23,1
876,5,7,12,1
877,19,41,60,1
878,11,43,54,1
879,9,16,25,1
880,19,45,64,1
881,16,32,48,1
882,2,3,5,1
884,15,34,49,1
885,4,10,14,1
886,10,20,30,1
887,9,18,27,1
888,5,10,15,1
889,8,17,25,1
890,49,98,147,2
891,9,26,35,1
892,24,55,79,2
893,0,0,0,0
894,20,42,62,1
895,1,7,8,1
896,21,52,73,1
897,4,12,16,1
898,0,0,0,0
899,14,27,41,1
900,0,9,9,1
901,14,28,42,1
902,4,26,30,1
903,5,15,20,1
904,12,27,39,1
905,16,47,63,1
906,6,20,26,1
907,5,23,28,1
908,30,63,93,2
909,8,20,28,1
910,10,28,38,1
911,12,18,30,1
912,9,21,30,1
913,5,17,22,1
914,3,8,11,1
915,18,38,56,1
916,14,30,44,1
917,1,3,4,1
918,4,23,27,1
919,18,43,61,1
921,2,10,12,1
922,16,32,48,1
923,32,67,99,2
924,4,10,14,1
925,13,29,42,1
927,6,8,14,1
928,37,100,137,2
929,17,48,65,1
930,4,12,16,1
931,18,36,54,1
932,14,27,41,1
933,11,22,33,1
934,9,22,31,1
935,14,28,42,1
936,8,36,44,1
937,22,48,70,1
938,4,14,18,1
939,13,32,45,1
940,14,28,42,1
941,14,47,61,1
942,28,78,106,2
943,34,68,102,2
944,22,50,72,1
945,14,29,43,1
947,17,36,53,1
948,17,45,62,1
950,10,25,35,1
951,0,0,0,0
952,2,10,12,1
953,22,50,72,1
954,1,3,4,1
955,30,67,97,2
956,11,29,40,1
957,4,9,13,1
958,12,31,43,1
959,9,19,28,1
960,13,27,40,1
961,11,16,27,1
962,4,10,14,1
963,15,35,50,1
964,32,68,100,2
965,9,14,23,1
966,4,4,8,1
967,17,40,57,1
968,20,46,66,1
969,14,33,47,1
970,14,33,47,1
971,4,6,10,1
972,13,29,42,1
973,13,37,50,1
974,17,52,69,1
975,0,30,30,1
976,0,2,2,1
977,4,10,14,1
978,2,9,11,1
979,8,18,26,1
980,17,36,53,1
981,4,16,20,1
982,9,29,38,1
984,21,66,87,1
985,4,14,18,1
986,5,13,18,1
987,9,29,38,1
988,23,65,88,2
989,14,30,44,1
990,23,59,82,2
991,9,21,30,1
992,10,30,40,1
993,4,11,15,1
994,16,57,73,1
995,14,34,48,1
996,0,0,0,0
999,19,45,64,1
1000,16,56,72,1
1001,10,32,42,1
1002,8,18,26,1
1003,11,33,44,1
1004,15,34,49,1
1005,15,25,40,1
1006,2,10,12,1
1007,9,14,23,1
1008,15,31,46,1
1009,13,35,48,1
1010,5,16,21,1
1011,16,36,52,1
1012,16,36,52,1
1013,7,14,21,1
1014,19,39,58,1
1015,27,65,92,2
1016,12,26,38,1
1017,5,14,19,1
1018,2,2,4,1
1019,5,22,27,1
1020,7,22,29,1
1021,10,22,32,1
1022,6,16,22,1
1023,9,23,32,1
1024,1,4,5,1
1025,1,12,13,1
1026,17,40,57,1
1027,21,42,63,1
1028,12,35,47,1
1029,9,16,25,1
1030,14,30,44,1
1032,18,35,53,1
1033,15,28,43,1
1034,14,37,51,1
1035,18,42,60,1
1036,16,40,56,1
1037,0,0,0,0
1038,5,15,20,1
1039,12,33,45,1
1040,22,43,65,1
1041,22,55,77,1
1042,18,39,57,1
1043,0,6,6,1
1044,13,27,40,1
1045,20,61,81,1
1046,0,0,0,0
1047,9,28,37,1
1048,8,27,35,1
1051,3,8,11,1
1052,1,3,4,1
1053,15,27,42,1
1054,3,12,15,1
1055,20,46,66,1
1056,9,28,37,1
1057,3,9,12,1
1058,9,25,34,1
1059,2,5,7,1
1060,21,49,70,1
1061,2,8,10,1
1062,21,54,75,1
1063,0,1,1,1
1064,14,34,48,1
1065,5,8,13,1
1066,9,25,34,1
1067,0,0,0,0
1068,9,31,40,1
1069,2,7,9,1
1070,5,23,28,1
1071,20,43,63,1
1072,3,10,13,1
1073,2,5,7,1
1074,4,7,11,1
1075,19,42,61,1
1076,10,21,31,1
1077,13,25,38,1
1079,19,34,53,1
1080,23,47,70,1
1081,30,63,93,2
1082,16,40,56,1
1083,18,36,54,1
1084,25,45,70,1
1085,19,41,60,2
1086,32,77,109,2
1087,18,40,58,1
1088,8,18,26,1
1089,10,23,33,1
1090,10,24,34,1
1091,6,13,19,1
1093,4,16,20,1
1094,10,25,35,1
1095,9,22,31,1
1096,14,29,43,1
1097,14,39,53,1
1098,4,13,17,1
1099,16,41,57,1
1100,0,4,4,1
1101,9,23,32,1
1102,4,8,12,1
1103,18,39,57,1
1104,15,40,55,1
1105,11,28,39,1
1106,0,1,1,1
1107,3,4,7,1
1108,0,2,2,1
1109,2,3,5,1
1110,2,3,5,1
1111,9,21,30,1
1112,4,16,20,1
1113,22,45,67,1
1114,0,4,4,1
1115,4,13,17,1
1116,7,12,19,1
1117,24,51,75,1
1118,20,40,60,1
1119,4,18,22,1
1120,18,52,70,1
1121,8,14,22,1
1122,7,15,22,1
1123,18,45,63,1
1124,9,18,27,1
1125,28,71,99,2
1126,10,25,35,1
1128,3,7,10,1
1129,27,52,79,1
1130,7,15,22,1
1131,9,19,28,1
1132,14,35,49,1
1133,14,16,30,1
1134,13,33,46,1
1135,5,14,19,1
1136,9,21,30,1
1137,15,28,43,1
1138,28,46,74,2
1139,14,41,55,1
1140,14,34,48,1
1141,19,40,59,1
1142,9,18,27,1
1143,0,5,5,1
1144,9,23,32,1
1146,13,25,38,1
1147,2,3,5,1
1148,14,33,47,1
1149,10,24,34,1
1150,15,40,55,1
1151,17,40,57,1
1152,0,0,0,0
1153,9,14,23,1
1154,5,11,16,1
1155,5,14,19,1
1156,23,64,87,2
1157,8,20,28,1
1158,3,14,17,1
1159,4,12,16,1
1160,19,49,68,2
1161,25,65,90,1
1162,6,22,28,1
1163,13,21,34,1
1164,9,32,41,1
1165,16,34,50,1
1166,1,8,9,1
1167,28,67,95,2
1168,2,9,11,1
1169,1,3,4,1
1170,12,28,40,1
1171,10,27,37,1
1172,16,43,59,1
1173,16,31,47,1
1174,0,1,1,1
1175,14,30,44,1
1176,13,43,56,1
1177,22,41,63,1
1178,17,48,65,1
1179,16,40,56,1
1180,18,41,59,1
1181,18,43,61,1
1182,18,42,60,1
1183,14,44,58,1
1184,11,28,39,1
1185,27,61,88,2
1186,2,6,8,1
1187,1,7,8,1
1188,16,44,60,1
1189,0,0,0,0
1190,16,29,45,1
1191,17,44,61,1
1192,4,6,10,1
1193,9,22,31,1
1194,18,48,66,1
1195,6,19,25,1
1196,3,2,5,1
1197,9,19,28,1
1198,24,69,93,2
1199,6,23,29,1
1200,22,40,62,1
1201,13,30,43,1
1202,15,41,56,1
1203,28,72,100,2
1204,14,27,41,1
1205,7,22,29,1
1206,9,29,38,1
1207,14,33,47,1
1209,17,37,54,1
1210,14,31,45,1
1211,4,15,19,1
1212,12,29,41,1
1213,21,45,66,1
1214,3,5,8,1
1215,18,46,64,1
1216,21,52,73,1
1217,8,18,26,1
1218,24,54,78,1
1219,10,26,36,1
1220,19,53,72,2
1221,18,42,60,1
1222,20,49,69,1
1223,11,22,33,1
1224,14,38,52,1
1225,13,34,47,1
1226,9,20,29,1
1227,14,35,49,1
1228,31,61,92,2
1229,11,23,34,1
1230,12,17,29,1
1231,21,48,69,1
1232,16,33,49,1
1233,13,27,40,1
1234,4,17,21,1
1235,11,25,36,1
1236,9,23,32,1
1237,8,24,32,1
1238,14,33,47,1
1239,14,30,44,1
1240,18,46,64,1
1241,20,55,75,1
1242,22,56,78,1
1243,12,25,37,1
1244,18,35,53,1
1245,19,49,68,1
1247,15,29,44,1
1248,11,17,28,1
1249,8,23,31,1
1252,18,40,58,1
1253,35,64,99,2
1254,15,33,48,1
1255,5,14,19,1
1256,17,57,74,2
1257,0,5,5,1
1259,14,28,42,1
1260,0,9,9,1
1261,14,30,44,1
1263,26,52,78,2
1264,5,26,31,1
1265,8,26,34,1
1266,11,18,29,1
1267,28,51,79,1
1268,8,10,18,1
1270,14,30,44,1
1271,9,12,21,1
1272,0,9,9,1
1273,24,60,84,2
1274,5,19,24,1
1275,15,26,41,1
1276,14,31,45,1
1277,5,7,12,1
1279,20,43,63,1
1280,21,45,66,1
1281,14,33,47,1
1282,3,11,14,1
1283,13,29,42,1
1284,14,32,46,1
1285,12,13,25,1
1286,10,22,32,1
1287,18,26,44,1
1288,10,25,35,1
1289,14,27,41,1
1290,14,32,46,1
1291,21,61,82,1
1292,20,40,60,1
1293,11,24,35,1
1294,14,28,42,1
1295,1,1,2,1
1296,17,32,49,1
1297,9,13,22,1
1298,13,33,46,1
1299,14,28,42,1
1300,17,33,50,1
1301,19,43,62,1
1302,7,21,28,1
1303,27,66,93,2
1304,17,44,61,1
1305,28,70,98,2
1306,18,43,61,1
1307,16,36,52,1
1308,19,47,66,2
1309,14,37,51,1
1310,11,36,47,1
1311,15,33,48,1
1312,9,23,32,1
1313,14,35,49,1
1314,9,35,44,1
1315,11,50,61,1
1316,6,16,22,1
1317,12,24,36,1
1318,20,51,71,1
1319,18,45,63,1
1320,19,44,63,1
1321,14,36,50,1
1322,18,40,58,1
1323,6,21,27,1
1324,14,65,79,2
1325,14,41,55,1
1326,9,26,35,1
1327,4,32,36,1
1328,2,10,12,1
1329,3,23,26,1
1330,14,37,51,1
1331,13,33,46,1
1332,13,25,38,1
1333,4,17,21,1
1334,0,7,7,1
1335,13,25,38,1
1336,9,18,27,1
1337,6,36,42,1
1338,9,23,32,1
1339,10,24,34,1
1340,5,24,29,1
1341,19,44,63,1
1342,12,19,31,1
1344,14,30,44,1
1345,6,12,18,1
1346,16,26,42,1
1347,10,28,38,1
1348,14,34,48,1
1349,18,44,62,1
1350,21,50,71,1
1351,16,29,45,1
1352,4,13,17,1
1353,11,34,45,1
1354,1,14,15,1
1355,9,31,40,1
1356,15,30,45,1
1357,1,12,13,1
1358,1,7,8,1
1359,12,22,34,1
1360,7,17,24,1
1361,12,35,47,1
1362,12,27,39,1
1363,6,14,20,1
1364,7,17,24,1
1365,10,33,43,1
1366,5,15,20,1
1367,20,44,64,1
1368,2,9,11,1
1369,5,12,17,1
1370,6,21,27,1
1371,14,34,48,1
1372,17,39,56,1
1373,17,52,69,1
1374,25,53,78,1
1375,5,15,20,1
1376,23,60,83,2
1377,21,43,64,1
1378,15,34,49,1
1379,14,26,40,1
1380,5,13,18,1
1381,10,29,39,1
1382,9,22,31,1
1383,8,22,30,1
1384,2,9,11,1
1385,16,39,55,1
1386,10,24,34,1
1387,15,46,61,1
1388,13,27,40,1
1389,9,19,28,1
1390,17,59,76,1
1391,15,31,46,1
1392,12,31,43,1
1393,3,10,13,1
1394,23,42,65,1
1395,8,19,27,1
1396,10,30,40,1
1397,15,44,59,1
1398,17,35,52,1
1399,8,23,31,1
1400,18,47,65,1
1401,28,56,84,2
1403,7,35,42,1
1404,12,34,46,1
1405,6,10,16,1
1406,15,35,50,1
1407,17,38,55,1
1408,9,23,32,1
1409,20,50,70,1
1410,13,35,48,1
1411,15,38,53,1
1412,12,41,53,1
1413,19,59,78,2
1414,6,11,17,1
1415,6,20,26,1
1416,9,18,27,1
1417,11,27,38,1
1418,18,53,71,1
1419,21,51,72,2
1420,28,52,80,1
1421,14,29,43,1
1422,9,23,32,1
1423,16,29,45,1
1424,16,31,47,1
1425,10,24,34,1
1426,22,51,73,1
1427,14,35,49,1
1428,19,47,66,1
1429,15,34,49,1
1430,23,44,67,1
1431,8,20,28,1
1432,14,32,46,1
1433,8,25,33,1
1434,15,35,50,1
1435,3,6,9,1
1436,13,34,47,1
1437,0,8,8,1
1438,26,70,96,1
1439,25,58,83,2
1440,28,71,99,2
1441,28,46,74,1
1442,0,1,1,1
1443,31,62,93,2
1444,18,40,58,1
1445,10,16,26,1
1446,12,30,42,1
1447,20,41,61,1
1448,21,39,60,1
1449,19,47,66,1
1450,5,24,29,1
1451,1,8,9,1
1452,17,34,51,1
1453,25,64,89,1
1454,11,42,53,1
1455,12,29,41,1
1456,3,8,11,1
1457,0,8,8,1
1458,24,47,71,1
1459,14,41,55,1
1460,4,29,33,1
1461,3,16,19,1
1462,2,8,10,1
1463,17,41,58,1
1464,14,42,56,1
1465,15,33,48,1
1466,12,27,39,1
1467,4,14,18,1
1468,0,14,14,1
1469,20,38,58,1
1470,7,30,37,1
1471,0,0,0,0
1472,17,35,52,1
1473,20,41,61,1
1474,4,47,51,1
1475,4,6,10,1
1476,27,66,93,2
1477,5,18,23,1
1478,19,41,60,1
1479,28,49,77,1
1480,4,16,20,1
1481,12,30,42,1
1482,14,32,46,1
1483,3,20,23,1
1485,7,29,36,1
1486,8,19,27,1
1487,14,38,52,1
1488,15,40,55,1
1489,16,35,51,1
1490,11,42,53,1
1491,14,29,43,1
1492,18,58,76,1
1493,1,7,8,1
1494,18,41,59,1
1495,16,43,59,1
1496,17,41,58,1
1497,5,26,31,1
1498,10,27,37,1
1499,3,13,16,1
1500,4,22,26,1
1501,12,29,41,1
1502,6,8,14,1
1503,19,58,77,1
1504,23,53,76,1
1505,10,42,52,1
1506,2,8,10,1
1507,15,31,46,1
1508,4,14,18,1
1509,1,12,13,1
1510,34,97,131,2
1511,16,39,55,1
1512,15,29,44,1
1513,14,32,46,1
1514,20,53,73,2
1515,13,36,49,1
1516,7,16,23,1
1517,8,24,32,1
1518,17,45,62,1
1519,14,31,45,1
1520,9,21,30,1
1521,15,34,49,1
1522,8,14,22,1
1523,27,60,87,2
1524,15,40,55,1
1525,16,50,66,1
1526,4,5,9,1
1527,10,35,45,1
1528,18,50,68,1
1529,33,76,109,2
1530,8,3,11,1
1531,12,40,52,1
1532,21,45,66,1
1533,18,42,60,1
1534,14,33,47,1
1535,19,51,70,1
1536,14,39,53,1
1537,11,26,37,1
1538,9,38,47,1
1539,18,46,64,1
1540,12,29,41,1
1541,24,64,88,2
1542,8,16,24,1
1543,5,20,25,1
1544,18,34,52,1
1545,15,36,51,1
1546,4,9,13,1
1547,16,42,58,1
1548,5,13,18,1
1549,26,53,79,1
1550,2,3,5,1
1551,15,43,58,1
1552,14,34,48,1
1553,28,47,75,2
1554,28,66,94,2
1555,28,64,92,3
1556,26,63,89,2
1557,15,44,59,1
1558,7,19,26,1
1559,18,48,66,1
1560,20,39,59,1
1561,5,19,24,1
1562,17,25,42,1
1563,19,56,75,2
1564,18,41,59,1
1565,10,13,23,1
1566,16,28,44,1
1567,5,35,40,1
1568,20,48,68,1
1569,11,27,38,1
1570,22,39,61,1
1571,10,35,45,1
1572,13,35,48,1
1573,4,17,21,1
1574,29,64,93,2
1575,13,34,47,1
1576,26,41,67,1
1577,20,38,58,1
1578,27,52,79,1
1579,5,15,20,1
1580,16,35,51,1
1581,15,40,55,1
1583,18,43,61,2
1584,19,53,72,1
1585,5,23,28,1
1586,16,45,61,2
1587,14,39,53,2
1588,19,38,57,2
1589,18,35,53,1
1590,33,70,103,2
1591,25,61,86,2
1592,8,16,24,1
1593,13,21,34,2
1594,24,59,83,2
1595,18,53,71,1
1596,16,42,58,1
1597,17,39,56,1
1598,19,40,59,1
1599,13,39,52,1
1600,21,53,74,2
1601,24,50,74,1
1602,17,37,54,1
1603,1,5,6,1
1604,17,39,56,1
1605,14,31,45,1
1606,26,51,77,2
1607,19,38,57,1
1608,14,30,44,1
1609,5,8,13,1
1610,14,37,51,1
1611,24,46,70,1
1612,29,61,90,1
1613,10,25,35,1
1614,8,26,34,1
1615,17,39,56,2
1616,2,11,13,1
1617,5,32,37,1
1618,17,55,72,1
1619,27,63,90,2
1620,2,5,7,1
1621,5,7,12,1
1622,14,34,48,1
1623,28,82,110,2
1624,20,39,59,2
1625,9,19,28,1
1626,17,42,59,1
1627,19,39,58,1
1628,15,30,45,1
1629,4,14,18,1
1630,7,9,16,1
1631,15,39,54,1
1632,7,35,42,1
1633,17,38,55,1
1634,5,17,22,1
1635,18,34,52,1
1636,19,45,64,1
1637,20,40,60,1
1638,2,3,5,1
1639,6,17,23,1
1640,19,45,64,1
1641,2,7,9,1
1642,13,39,52,1
1643,17,43,60,1
1644,18,48,66,1
1645,24,54,78,2
1646,15,40,55,1
1647,12,28,40,1
1648,14,33,47,1
1649,4,10,14,1
1650,17,35,52,1
1651,28,53,81,2
1652,9,24,33,1
1653,6,15,21,1
1654,12,25,37,1
1655,5,23,28,1
1656,12,34,46,1
1657,9,30,39,1
1658,4,8,12,1
1659,19,49,68,1
1660,19,41,60,2
1661,13,15,28,1
1662,19,38,57,1
1663,15,49,64,1
1664,15,31,46,1
1665,18,49,67,1
1666,17,45,62,1
1667,5,25,30,1
1668,17,38,55,1
1669,22,53,75,1
1670,20,50,70,1
1671,23,56,79,1
1672,4,10,14,1
1673,17,38,55,1
1674,18,43,61,1
1675,1,12,13,1
1676,6,18,24,1
1677,24,55,79,1
1678,8,27,35,1
1679,25,48,73,1
1680,32,68,100,2
1681,18,43,61,1
1682,5,6,11,1
1683,3,6,9,1
1684,10,16,26,1
1685,4,7,11,1
1686,32,64,96,2
1687,15,29,44,1
1688,15,28,43,1
1689,17,43,60,1
1690,17,33,50,1
1691,17,45,62,1
1692,22,45,67,2
1693,20,52,72,2
1694,18,36,54,1
1695,3,11,14,1
1696,3,17,20,1
1697,17,36,53,2
1698,26,63,89,2
1699,35,102,137,2
1700,26,59,85,2
1701,0,0,0,0
1702,18,45,63,1
1703,19,46,65,1
1704,21,42,63,2
1705,14,29,43,1
1707,13,33,46,1
1708,27,78,105,2
1709,3,20,23,1
1710,9,19,28,1
1711,10,20,30,1
1712,20,45,65,1
1713,5,15,20,1
1714,18,38,56,1
1715,11,20,31,1
1716,12,33,45,1
1717,13,31,44,1
1718,14,36,50,1
1719,8,27,35,1
1720,17,46,63,1
1721,12,35,47,1
1722,5,28,33,1
1723,21,52,73,1
1724,9,20,29,1
1726,15,37,52,1
1727,9,13,22,1
1728,23,51,74,2
1729,8,16,24,1
1730,5,15,20,1
1731,12,30,42,1
1732,0,4,4,1
1733,19,41,60,1
1734,18,42,60,1
1735,17,35,52,1
1736,16,39,55,1
1737,18,41,59,1
1738,10,24,34,1
1739,26,70,96,2
1740,13,34,47,1
1741,14,41,55,1
1742,26,47,73,1
1743,2,8,10,1
1744,26,57,83,2
1745,14,31,45,1
1746,24,61,85,1
1747,32,72,104,3
1748,19,29,48,1
1749,25,54,79,2
1750,15,37,52,1
1751,7,25,32,1
1752,30,58,88,2
1753,27,53,80,1
1754,23,60,83,2
1755,24,50,74,2
1756,25,59,84,2
1757,22,41,63,1
1758,14,27,41,1
1759,14,39,53,1
1760,15,30,45,2
1761,11,25,36,1
1762,33,61,94,2
1763,12,20,32,1
1764,19,59,78,1
1765,14,31,45,1
1766,16,35,51,1
1767,12,29,41,1
1768,40,101,141,2
1769,5,32,37,1
1770,32,63,95,2
1771,5,22,27,1
1772,10,29,39,1
1773,12,31,43,1
1774,17,38,55,1
1775,14,33,47,1
1776,17,39,56,2
1777,16,37,53,1
1778,0,11,11,1
1779,20,52,72,1
1780,22,51,73,1
1781,18,45,63,1
1782,20,51,71,1
1783,14,38,52,1
1784,31,59,90,1
1785,45,86,131,2
1786,15,44,59,1
1787,6,13,19,1
1788,27,86,113,2
1789,16,44,60,2
1790,22,51,73,1
1791,11,23,34,1
1792,7,14,21,1
1793,21,55,76,1
1794,19,54,73,2
1795,11,25,36,1
1796,33,98,131,2
1797,9,27,36,1
1798,6,27,33,1
1799,9,23,32,1
1800,21,52,73,1
1801,19,49,68,1
1802,17,37,54,1
1803,15,26,41,1
1804,20,51,71,1
1805,20,39,59,2
1806,12,33,45,1
1807,12,36,48,1
1808,3,6,9,1
1809,11,24,35,1
1810,44,103,147,3
1811,9,30,39,1
1812,14,36,50,1
1813,15,32,47,1
1814,27,48,75,1
1815,21,54,75,2
1816,7,24,31,1
1817,12,43,55,1
1819,18,43,61,1
1820,16,29,45,1
1821,14,34,48,1
1822,0,0,0,0
1823,19,45,64,1
1825,28,69,97,2
1826,20,49,69,2
1827,14,28,42,1
1828,20,43,63,1
1829,3,6,9,1
1830,20,41,61,1
1831,17,51,68,1
1832,20,54,74,2
1833,13,40,53,1
1834,23,45,68,2
1835,30,68,98,2
1836,16,48,64,1
1837,14,31,45,1
1838,16,29,45,1
1839,17,44,61,1
1840,18,44,62,2
1841,18,47,65,1
1842,21,48,69,1
1843,19,44,63,1
1844,26,49,75,2
1845,13,35,48,1
1846,3,16,19,1
1847,15,34,49,1
1848,13,32,45,1
1849,14,25,39,1
1850,22,49,71,2
1851,18,41,59,1
1852,35,65,100,2
1853,17,44,61,2
1854,0,0,0,0
1855,11,34,45,1
1856,26,74,100,2
1857,26,52,78,1
1858,4,5,9,1
1859,46,114,160,5
1860,24,48,72,1
1861,11,41,52,1
1862,39,90,129,3
1863,16,44,60,1
1864,15,45,60,1
1865,4,9,13,1
1866,11,9,20,1
1867,12,40,52,1
1868,24,59,83,1
1869,15,43,58,1
1870,14,37,51,1
1871,11,37,48,1
1872,18,40,58,1
1873,20,73,93,2
1874,10,21,31,1
1875,23,62,85,2
1876,14,35,49,1
1877,19,37,56,2
1878,30,70,100,2
1879,10,17,27,1
1880,12,30,42,1
1881,14,36,50,2
1882,16,30,46,1
1883,17,32,49,1
1884,32,69,101,2
1885,20,46,66,1
1886,21,63,84,1
1887,17,36,53,1
1888,30,71,101,2
1889,3,16,19,1
1890,13,31,44,1
1891,18,41,59,1
1892,25,60,85,2
1893,17,39,56,1
1894,20,51,71,1
1895,15,34,49,1
1896,21,56,77,2
1897,15,33,48,1
1898,16,36,52,1
1899,29,71,100,2
1900,7,33,40,1
1901,6,32,38,1
1902,32,72,104,2
1903,15,37,52,2
1904,25,62,87,2
1905,5,28,33,1
1906,20,41,61,1
1907,13,37,50,1
1908,16,49,65,1
1909,26,50,76,2
1910,3,19,22,1
1911,22,51,73,1
1912,15,42,57,2
1913,20,44,64,1
1914,19,46,65,2
1915,13,38,51,2
1916,15,45,60,1
1917,23,46,69,2
1918,35,68,103,2
1919,4,6,10,1
1920,19,39,58,1
1921,17,45,62,1
1922,34,65,99,2
1923,28,63,91,2
1924,7,28,35,1
1925,8,27,35,1
1926,15,35,50,1
1927,17,33,50,1
1928,16,33,49,1
1929,15,40,55,1
1930,22,61,83,2
1931,10,23,33,1
1932,6,32,38,1
1933,26,59,85,2
1934,3,6,9,1
1935,14,36,50,1
1936,3,25,28,1
1937,2,26,28,1
1938,34,67,101,2
1939,20,45,65,1
1940,28,55,83,2
1941,25,50,75,2
1942,23,53,76,1
1943,23,61,84,1
1945,9,13,22,1
1946,5,13,18,1
1947,3,6,9,1
1948,13,34,47,1
1949,19,43,62,1
1950,1,10,11,1
1951,7,29,36,1
1952,17,41,58,1
1953,10,21,31,1
1954,21,40,61,1
1955,21,42,63,1
1956,24,53,77,2
1957,5,16,21,1
1958,20,49,69,1
1959,25,58,83,2
1960,20,53,73,1
1961,16,48,64,2
1962,20,49,69,1
1963,15,38,53,2
1964,15,40,55,1
1965,19,38,57,1
1966,20,42,62,1
1967,27,79,106,2
1968,19,48,67,1
1969,12,41,53,1
1970,17,41,58,1
1971,22,42,64,1
1972,17,35,52,2
1973,19,43,62,1
1974,2,18,20,1
1975,14,33,47,1
1976,18,44,62,1
1977,25,62,87,1
1978,13,31,44,1
1979,7,17,24,1
1980,18,34,52,1
1981,23,53,76,1
1982,22,56,78,2
1983,23,51,74,2
1984,13,28,41,1
1985,17,41,58,1
1986,15,35,50,1
1987,22,46,68,1
1988,23,57,80,2
1989,19,44,63,2
1990,18,31,49,1
1991,28,72,100,2
1992,27,50,77,2
1993,22,53,75,1
1994,22,43,65,1
1995,16,64,80,1
1996,20,50,70,2
1997,18,57,75,1
1998,26,51,77,2
1999,15,38,53,1
2000,6,23,29,1
2001,22,58,80,2
2002,26,53,79,2
2003,25,61,86,1
2004,14,38,52,1
2005,20,41,61,1
2006,10,41,51,1
2007,16,45,61,1
2008,9,27,36,1
2009,17,33,50,1
2010,14,40,54,1
2012,17,40,57,1
2013,24,51,75,1
2014,2,12,14,1
2015,26,52,78,2
2016,3,6,9,1
2019,18,43,61,1
2020,4,13,17,1
2021,24,62,86,2
2022,22,47,69,2
2023,23,50,73,2
2024,15,28,43,1
2025,30,65,95,3
2026,0,0,0,0
2027,24,53,77,2
2028,32,77,109,3
2030,14,28,42,1
2031,24,51,75,2
2032,22,57,79,2
2033,10,19,29,1
2035,12,26,38,1
2036,26,51,77,2
2037,23,42,65,1
2038,36,66,102,2
2039,9,25,34,1
2040,23,41,64,1
2041,11,30,41,1
2043,0,0,0,0
2044,10,27,37,1
2045,17,45,62,1
2046,25,50,75,2
2047,9,23,32,1
2048,17,38,55,2
2049,26,52,78,2
2050,21,49,70,1
2051,14,34,48,1
2052,10,27,37,1
2053,3,11,14,1
2054,8,24,32,1
2055,21,53,74,1
2056,21,57,78,2
2057,10,21,31,1
2058,15,32,47,1
2059,22,52,74,1
2061,18,29,47,1
2062,12,26,38,1
2063,20,45,65,1
2064,21,42,63,1
2065,21,58,79,1
2066,13,34,47,1
2067,0,0,0,0
2068,33,70,103,2
2069,19,43,62,1
2070,0,0,0,0
2071,0,0,0,0
2072,0,0,0,0
2073,24,58,82,1
2074,0,0,0,0
2075,23,49,72,2
2077,20,48,68,2
2078,17,47,64,1
2079,15,34,49,1
2080,24,47,71,1
2081,18,49,67,1
2082,13,42,55,2
2083,13,32,45,1
2084,21,53,74,1
2085,0,0,0,0
2086,10,34,44,1
2087,26,48,74,1
2088,15,32,47,1
2089,20,48,68,1
2090,14,45,59,1
2091,66,152,218,4
2092,6,14,20,1
2093,15,36,51,1
2094,25,61,86,2
2095,15,36,51,1
2096,14,35,49,1
2097,9,25,34,1
2098,18,42,60,1
2099,20,37,57,2
2100,5,14,19,1
2101,25,51,76,1
2102,5,26,31,1
2103,35,67,102,2
2104,32,83,115,2
2105,20,46,66,1
2106,14,28,42,1
2107,17,40,57,1
2108,13,32,45,1
2109,10,28,38,1
2110,27,45,72,2
2111,13,31,44,1
2112,18,41,59,1
2113,24,62,86,1
2114,4,12,16,1
2115,17,41,58,1
2116,18,49,67,1
2117,14,25,39,1
2118,19,48,67,1
2119,24,53,77,2
2120,17,27,44,1
2121,14,35,49,1
2122,17,44,61,1
2123,10,27,37,1
2124,26,64,90,1
2125,15,43,58,1
2126,0,0,0,0
2127,23,50,73,1
2128,12,34,46,1
2129,13,29,42,1
2130,11,37,48,1
2131,9,24,33,1
2132,8,20,28,1
2133,26,70,96,2
2134,15,45,60,1
2135,10,27,37,1
2136,14,33,47,1
2137,15,43,58,1
2138,15,32,47,1
2139,36,85,121,2
2140,3,8,11,1
2141,24,59,83,1
2142,29,80,109,2
2143,0,13,13,1
2144,14,41,55,1
2145,35,77,112,2
2146,15,28,43,1
2147,18,37,55,1
2149,19,41,60,1
2150,39,97,136,3
2151,30,73,103,2
2152,22,56,78,2
2153,24,49,73,1
2154,23,63,86,2
2155,16,33,49,1
2156,16,31,47,1
2157,19,42,61,1
2158,16,44,60,1
2159,8,30,38,1
2160,4,17,21,1
2161,15,35,50,2
2163,25,47,72,1
2164,14,31,45,1
2166,21,67,88,2
2167,18,42,60,1
2169,24,54,78,2
2170,17,39,56,1
2174,33,74,107,2
2175,2,11,13,1
2176,16,50,66,1
2177,29,70,99,3
2178,3,7,10,1
2180,24,60,84,2
2181,26,50,76,2
2183,13,29,42,1
2184,19,53,72,1
2185,12,30,42,1
2187,23,54,77,1
2188,0,0,0,0
2189,16,30,46,1
2190,15,34,49,2
2191,14,27,41,1
2192,7,31,38,1
2193,19,44,63,1
2194,25,59,84,2
2195,16,42,58,1
2196,12,19,31,1
2197,21,43,64,1
2198,15,43,58,2
2199,15,36,51,1
2200,18,45,63,1
2201,33,82,115,2
2202,17,47,64,2
2204,28,48,76,1
2205,19,54,73,2
2206,17,43,60,2
2207,16,48,64,1
2208,11,32,43,1
2209,12,41,53,1
2210,26,51,77,1
2211,21,51,72,1
2213,20,49,69,1
2214,10,26,36,1
2215,15,31,46,1
2218,17,44,61,2
2221,23,52,75,1
2222,32,61,93,2
2223,21,53,74,1
2224,26,63,89,2
2225,23,57,80,1
2227,14,44,58,1
2228,14,38,52,1
2230,19,41,60,1
2231,22,45,67,1
2232,16,49,65,1
2233,33,78,111,2
2234,15,36,51,1
2236,17,33,50,1
2237,20,40,60,1
2238,16,33,49,1
2239,24,55,79,1
2240,0,0,0,0
2241,11,32,43,1
2242,28,52,80,2
2243,24,44,68,1
2244,19,39,58,1
2245,24,52,76,2
2247,14,39,53,1
2248,17,44,61,1
2249,27,59,86,1
2250,28,45,73,1
2251,16,39,55,2
2252,24,68,92,2
2253,17,57,74,2
2254,3,25,28,1
2255,20,44,64,1
2256,10,20,30,1
2257,18,37,55,1
2258,15,43,58,1
2259,25,52,77,1
2261,17,40,57,1
2262,9,34,43,1
2263,17,42,59,1
2264,23,52,75,1
2265,25,54,79,2
2266,27,63,90,2
2267,15,42,57,1
2269,19,43,62,1
2270,2,19,21,1
2271,6,24,30,1
2272,9,19,28,1
2273,18,37,55,1
2274,17,35,52,1
2275,10,23,33,1
2276,15,38,53,1
2277,14,29,43,1
2278,19,47,66,1
2279,23,48,71,1
2280,26,52,78,2
2281,28,60,88,2
2282,33,63,96,2
2283,22,56,78,2
2284,28,68,96,2
2285,18,39,57,1
2286,34,70,104,2
2287,19,41,60,1
2288,18,42,60,2
2289,7,30,37,1
2291,32,88,120,3
2292,18,40,58,2
2293,9,18,27,1
2294,20,48,68,1
2295,17,35,52,1
2297,23,47,70,2
2299,28,65,93,1
2300,25,68,93,2
2302,0,0,0,0
2306,8,25,33,1
2307,31,62,93,2
2308,0,0,0,0
2309,21,61,82,2
2310,22,44,66,1
2311,7,36,43,1
2312,14,37,51,1
2313,18,44,62,2
2314,0,0,0,0
2315,15,33,48,1
2316,23,52,75,1
2317,16,47,63,1
2318,16,44,60,1
2319,15,33,48,1
2320,7,19,26,1
2321,0,0,0,0
2322,4,14,18,1
2323,27,52,79,1
2325,28,68,96,2
2326,15,33,48,1
2329,10,24,34,1
2330,28,64,92,2
2331,19,52,71,1
2332,18,43,61,1
2333,12,25,37,1
2334,14,52,66,1
2335,14,43,57,1
2336,18,56,74,2
2337,10,21,31,1
2338,23,54,77,2
2339,18,47,65,1
2340,22,50,72,1
2341,35,66,101,2
2346,0,0,0,0
2348,9,26,35,1
2350,10,20,30,1
2351,14,34,48,1
2352,19,40,59,1
2354,28,46,74,1
2355,21,52,73,1
2357,34,84,118,2
2358,10,19,29,1
2359,16,41,57,1
2361,21,58,79,2
2362,18,42,60,1
2365,18,29,47,1
2366,25,80,105,2
2367,7,18,25,1
2368,19,48,67,2
2369,19,38,57,1
2370,11,44,55,1
2371,34,76,110,2
2373,21,49,70,1
2385,21,71,92,2
2386,20,46,66,1
2387,23,50,73,1
2388,8,15,23,1
2398,10,36,46,1
2399,29,72,101,2
2400,18,45,63,1
2401,24,41,65,2
2402,12,23,35,1
2403,21,58,79,1
2404,15,28,43,1
2405,24,73,97,2
2412,18,44,62,1
2417,14,35,49,1
2418,10,29,39,1
2419,17,48,65,1
2420,20,44,64,1
2421,14,26,40,1
2422,12,26,38,1
2423,0,0,0,0
2424,4,8,12,1
2426,32,59,91,1
2427,15,41,56,1
2428,6,13,19,1
2429,14,36,50,1
2432,14,38,52,1
2434,17,26,43,1
2435,25,69,94,2
2436,24,49,73,1
2437,20,38,58,1
2438,22,61,83,1
2439,19,35,54,1
2440,8,30,38,1
2441,10,29,39,1
2443,19,41,60,1
2444,17,36,53,1
2445,28,72,100,2
2446,23,58,81,1
2447,15,43,58,1
2448,21,52,73,1
2449,0,0,0,0
2450,25,63,88,2
2452,17,30,47,1
2453,8,24,32,1
2455,14,24,38,1
2457,17,33,50,1
2458,17,42,59,2
2459,18,36,54,1
2460,15,32,47,1
2463,13,31,44,1
2464,19,49,68,2
2469,9,30,39,1
2471,16,36,52,1
2472,16,54,70,1
2473,0,0,0,0
2474,8,17,25,1
2475,14,28,42,1
2476,23,46,69,1
2477,16,50,66,1
2479,35,66,101,3
2480,13,37,50,1
2481,16,29,45,1
2482,23,58,81,2
2483,27,49,76,1
2484,6,19,25,1
2485,7,20,27,1
2490,17,43,60,1
2491,9,25,34,1
2492,3,9,12,1
2493,17,44,61,2
2494,17,36,53,2
2495,17,40,57,3
2496,14,37,51,1
2497,23,55,78,1
2501,0,0,0,0
2502,14,36,50,1
2503,24,42,66,1
2504,22,58,80,2
2505,16,42,58,1
2506,17,41,58,1
2507,18,57,75,2
2508,32,59,91,1
2509,10,8,18,1
2510,9,12,21,1
2511,28,82,110,2
2512,27,53,80,1
2513,10,24,34,1
2514,9,20,29,1
2515,25,60,85,1
2516,34,69,103,2
2517,42,86,128,3
2518,27,62,89,1
2519,17,34,51,1
2520,10,25,35,1
2522,6,23,29,1
2523,26,39,65,2
2526,29,56,85,2
2527,15,34,49,1
2528,14,35,49,1
2529,18,61,79,1
2530,12,32,44,1
2531,25,80,105,2
2532,18,36,54,1
2533,13,33,46,1
2534,9,27,36,1
2535,19,36,55,1
2536,16,34,50,1
2537,14,37,51,1
2538,17,47,64,1
2539,25,51,76,1
2540,14,19,33,1
2541,15,36,51,1
2542,5,16,21,1
2543,15,41,56,1
2544,20,61,81,1
2545,13,17,30,1
2546,28,52,80,2
2547,14,28,42,1
2548,1,12,13,1
2549,23,57,80,2
2550,28,53,81,2
2551,28,52,80,1
2553,18,48,66,2
2554,19,55,74,1
2555,17,38,55,1
2556,19,44,63,2
2557,27,58,85,3
2558,17,34,51,1
2559,25,48,73,2
2560,14,37,51,1
2561,18,43,61,1
2562,1,3,4,1
2563,2,11,13,1
2564,4,15,19,1
2565,9,23,32,1
2566,22,40,62,1
2567,22,51,73,1
2568,31,55,86,2
2571,15,41,56,1
2572,10,28,38,2
2574,15,52,67,1
2575,14,32,46,1
2576,19,45,64,1
2577,15,45,60,1
2579,1,6,7,1
2580,5,15,20,1
2581,30,64,94,2
2582,16,43,59,1
2583,25,52,77,2
2584,14,28,42,1
2585,35,74,109,2
2586,24,62,86,1
2587,25,53,78,2
2588,17,45,62,1
2591,22,53,75,1
2592,21,57,78,1
2593,34,77,111,2
2594,33,78,111,2
2595,28,75,103,2
2596,21,48,69,1
2597,12,36,48,1
2598,17,42,59,2
2599,18,51,69,1
2600,9,35,44,1
2603,18,44,62,1
2604,17,36,53,1
2605,6,27,33,1
2607,1,6,7,1
2608,2,6,8,1
2609,25,50,75,2
2610,9,22,31,1
2611,14,27,41,1
2612,26,58,84,2
2613,10,20,30,1
2614,16,49,65,1
2615,17,29,46,1
2616,27,57,84,1
2617,2,6,8,1
2618,26,51,77,2
2619,21,66,87,2
2620,15,34,49,1
2621,16,37,53,2
2626,3,16,19,1
2627,11,30,41,1
2628,34,85,119,2
2629,20,46,66,1
2630,3,11,14,1
2631,22,47,69,1
2633,17,40,57,1
2634,4,14,18,1
2636,27,44,71,2
2637,27,70,97,2
2638,14,27,41,1
2639,14,29,43,1
2640,28,50,78,1
2641,25,88,113,2
2642,26,55,81,1
2643,15,33,48,1
2644,17,32,49,1
2645,3,14,17,1
2646,4,14,18,1
2647,9,31,40,1
2648,27,51,78,2
2649,15,33,48,1
2650,16,42,58,1
2651,17,42,59,1
2652,1,8,9,1
2653,2,13,15,1
2654,2,5,7,1
2656,11,23,34,1
2658,18,49,67,1
2659,14,46,60,1
2660,17,41,58,1
2662,7,19,26,1
2663,14,30,44,1
2664,5,12,17,1
2665,23,33,56,1
2667,17,51,68,1
2668,19,48,67,1
2671,17,49,66,1
2672,3,7,10,1
2674,8,18,26,1
2678,25,48,73,1
2679,16,42,58,1
2681,14,23,37,1
2682,13,33,46,1
2683,10,31,41,1
2684,5,8,13,1
2687,11,32,43,1
2688,19,48,67,1
2690,17,40,57,1
2691,16,49,65,1
2692,31,64,95,2
2693,17,39,56,1
2694,13,35,48,1
2695,30,79,109,2
2696,2,4,6,1
2697,15,46,61,2
2700,27,58,85,2
2702,13,34,47,1
2703,8,19,27,1
2704,8,19,27,1
2705,10,18,28,1
2706,16,34,50,1
2708,24,75,99,3
2710,0,0,0,0
2711,0,0,0,0
2712,16,37,53,1
2713,10,27,37,1
2714,4,18,22,1
2715,13,35,48,1
2716,20,45,65,1
2717,9,20,29,1
2718,0,0,0,0
2719,30,58,88,2
2720,8,25,33,1
2721,0,0,0,0
2722,0,0,0,0
2723,4,12,16,1
2724,13,35,48,1
2725,28,62,90,2
2726,30,86,116,2
2727,19,44,63,1
2728,11,26,37,1
2729,20,52,72,1
2730,4,12,16,1
2732,15,29,44,1
2733,8,24,32,1
2734,12,27,39,1
2735,17,45,62,2
2739,3,8,11,1
2740,18,53,71,1
2747,12,26,38,1
2748,6,11,17,1
2749,9,26,35,1
2751,21,60,81,2
2752,16,34,50,1
2753,2,10,12,1
2754,3,6,9,1
2755,9,25,34,1
2756,25,70,95,2
2757,15,37,52,1
2758,8,23,31,1
2760,1,3,4,1
2761,11,10,21,1
2762,9,22,31,1
2763,17,44,61,1
2764,20,42,62,1
2765,9,18,27,1
2766,14,41,55,1
2767,22,47,69,1
2768,21,53,74,1
2769,10,27,37,1
2771,9,23,32,1
2772,9,20,29,1
2774,16,31,47,1
2777,18,40,58,1
2778,9,27,36,1
2780,25,50,75,1
2781,19,42,61,1
2782,6,13,19,2
2783,11,34,45,1
2784,5,9,14,1
2785,17,42,59,1
2786,18,51,69,1
2787,12,44,56,1
2788,17,42,59,1
2789,13,44,57,1
2790,15,31,46,1
2791,16,30,46,1
2792,5,9,14,1
2793,14,43,57,1
2794,4,23,27,1
2795,9,31,40,1
2796,15,39,54,1
2797,17,33,50,1
2799,17,46,63,1
2803,20,39,59,1
2804,17,44,61,1
2805,2,12,14,1
2806,18,39,57,1
2807,10,21,31,1
2808,20,47,67,1
2809,7,23,30,1
2810,2,2,4,1
2811,12,35,47,1
2812,20,38,58,1
2813,14,30,44,1
2814,42,97,139,3
2815,26,51,77,1
2816,15,40,55,1
2817,14,39,53,1
2818,18,50,68,1
2819,8,18,26,1
2820,1,14,15,1
2821,23,53,76,1
2822,10,24,34,1
2823,16,36,52,1
2825,24,49,73,1
2827,17,42,59,1
2828,27,49,76,1
2830,18,33,51,1
2831,4,24,28,1
2832,9,16,25,1
2833,4,14,18,1
2834,22,38,60,1
2836,18,36,54,1
2838,23,55,78,1
2841,24,60,84,2
2842,21,53,74,2
2843,8,24,32,1
2844,22,64,86,2
2845,9,20,29,1
2846,12,25,37,1
2847,22,60,82,1
2849,6,17,23,1
2850,9,29,38,1
2852,9,23,32,1
2853,15,25,40,1
2854,19,42,61,1
2855,12,43,55,1
2856,9,18,27,1
2857,24,46,70,1
2859,24,48,72,1
2860,18,45,63,1
2861,17,33,50,1
2862,19,45,64,1
2864,23,60,83,1
2865,18,47,65,1
2866,15,41,56,1
2867,18,36,54,1
2869,27,70,97,2
2871,17,44,61,1
2872,24,46,70,1
2873,16,43,59,1
2874,18,53,71,1
2881,38,83,121,2
2882,18,34,52,1
2883,15,34,49,1
2884,18,51,69,1
2885,13,35,48,1
2886,49,100,149,3
2888,21,51,72,1
2889,15,29,44,1
2890,16,29,45,1
2891,10,40,50,1
2892,17,46,63,1
2893,2,14,16,1
2894,2,8,10,1
2897,16,44,60,1
2898,18,31,49,1
2899,18,46,64,1
2900,18,46,64,1
2901,12,28,40,1
2902,22,48,70,1
2903,18,42,60,1
2904,18,31,49,1
2905,27,48,75,1
2906,22,63,85,1
2908,7,18,25,1
2909,10,19,29,1
2910,15,29,44,1
2911,11,25,36,1
2912,36,68,104,2
2913,9,16,25,1
2914,17,38,55,1
2915,28,50,78,1
2916,27,49,76,1
2917,34,68,102,2
2918,8,27,35,1
2920,17,38,55,1
2921,24,73,97,1
2922,21,44,65,1
2923,16,42,58,1
2924,20,41,61,1
2925,13,37,50,2
2926,8,28,36,1
2927,35,73,108,3
2928,16,46,62,1
2929,16,38,54,1
2931,9,25,34,1
2932,22,54,76,1
2933,9,33,42,1
2934,2,6,8,1
2935,1,13,14,1
2937,5,22,27,1
2938,9,25,34,1
2939,9,18,27,1
2941,13,36,49,1
2945,11,38,49,1
2946,24,62,86,2
2947,27,51,78,2
2948,23,48,71,2
2950,21,36,57,2
2951,11,31,42,1
2952,28,67,95,2
2953,14,44,58,1
2954,35,80,115,2
2955,13,29,42,1
2956,27,58,85,1
2957,6,19,25,1
2958,21,64,85,2
2959,36,65,101,2
2962,16,45,61,1
2963,23,52,75,2
2964,24,60,84,1
2965,24,61,85,2
2966,17,70,87,2
2967,26,77,103,2
2968,9,18,27,1
2973,10,30,40,1
2978,13,33,46,1
2980,25,61,86,1
2985,14,42,56,2
2986,17,42,59,1
2987,28,50,78,2
2988,9,23,32,1
2989,12,28,40,1
2990,9,15,24,1
2991,34,67,101,2
2992,19,39,58,1
2993,18,38,56,1
2994,0,0,0,0
2996,10,33,43,1
3004,33,62,95,2
3014,14,28,42,1
3017,20,44,64,1
3018,19,41,60,1
3035,25,64,89,2
3044,8,24,32,1
3053,25,48,73,1
3055,8,22,30,1
3056,17,43,60,2
3057,10,35,45,1
3058,15,36,51,1
3059,4,9,13,1
3060,0,6,6,1
3061,18,34,52,1
3067,15,43,58,1
3075,13,27,40,1
3077,17,45,62,1
3078,16,40,56,1
3081,15,41,56,2
3087,24,46,70,2
3088,13,23,36,1
3093,19,57,76,1
3102,15,28,43,1
3103,9,17,26,1
3106,20,45,65,1
3107,10,24,34,1
3112,15,36,51,1
3114,33,74,107,2
3118,18,36,54,1
3119,9,23,32,1
3136,24,53,77,1
3137,9,19,28,1
3150,18,30,48,1
3151,11,30,41,1
3159,43,88,131,2
3163,23,52,75,1
3167,8,17,25,1
3169,13,42,55,1
3170,15,25,40,1
3177,11,23,34,1
3180,0,0,0,0
3182,18,33,51,1
3188,16,27,43,1
3191,9,18,27,1
3192,14,29,43,1
3197,13,22,35,1
3200,24,48,72,1
3201,9,28,37,1
3205,10,22,32,1
3206,9,26,35,1
3207,25,48,73,1
3208,24,59,83,1
3209,16,46,62,1
3210,14,33,47,1
3212,24,72,96,2
3213,20,49,69,1
3214,10,31,41,1
3215,20,51,71,2
3216,13,35,48,1
3217,8,16,24,1
3218,20,41,61,1
3219,21,50,71,1
3220,25,50,75,2
3221,9,18,27,1
3222,16,33,49,1
3223,16,39,55,1
3224,15,32,47,1
3225,11,36,47,1
3226,24,55,79,2
3227,16,40,56,1
3228,12,32,44,1
3229,1,7,8,1
3230,15,28,43,1
3231,6,12,18,1
3232,27,63,90,1
3233,7,22,29,1
3234,5,20,25,1
3235,28,61,89,2
3236,27,64,91,2
3237,16,43,59,1
3239,29,64,93,2
3241,17,36,53,1
3243,22,48,70,1
3245,3,12,15,1
3247,14,27,41,1
3248,26,46,72,2
3250,16,32,48,1
3251,14,27,41,1
3252,18,32,50,1
3253,9,19,28,1
3254,15,34,49,1
3255,10,31,41,1
3258,19,48,67,1
3259,17,46,63,1
3260,9,20,29,1
3261,31,64,95,2
3262,3,31,34,1
3265,24,47,71,1
3266,17,28,45,1
3267,19,41,60,1
3268,2,15,17,1
3269,2,7,9,1
3270,6,18,24,1
3271,9,25,34,1
3273,11,36,47,1
3274,11,26,37,1
3276,23,47,70,2
3277,11,27,38,1
3278,16,35,51,1
3279,17,28,45,1
3280,17,41,58,1
3281,14,28,42,1
3282,13,29,42,1
3283,16,45,61,1
3284,13,27,40,1
3285,9,22,31,1
3286,12,27,39,1
3288,9,13,22,1
3289,11,23,34,1
3290,0,0,0,0
3291,14,46,60,1
3292,34,71,105,2
3293,15,44,59,1
3294,20,49,69,1
3295,10,26,36,1
3296,18,44,62,1
3297,19,46,65,1
3298,15,32,47,1
3300,4,32,36,1
3301,36,77,113,2
3302,19,43,62,1
3303,0,0,0,0
3304,5,23,28,1
3305,11,19,30,1
3307,7,16,23,1
3308,19,40,59,1
3309,11,33,44,1
3310,18,43,61,1
3311,13,30,43,1
3313,20,50,70,1
3319,19,37,56,1
3320,22,52,74,1
3322,17,36,53,1
3324,15,33,48,1
3328,15,40,55,1
3329,5,25,30,1
3331,7,14,21,1
3332,22,47,69,1
3334,6,10,16,1
3336,24,47,71,1
3337,23,47,70,2
3339,17,43,60,1
3342,17,32,49,1
3344,15,35,50,1
3347,15,39,54,1
3348,11,24,35,1
3349,14,29,43,1
3350,15,39,54,1
3351,26,67,93,2
3352,19,40,59,2
3360,22,52,74,2
3362,12,28,40,1
3363,15,33,48,1
3364,17,41,58,1
3366,22,68,90,2
3367,10,20,30,1
3370,18,39,57,1
3371,17,27,44,1
3372,13,31,44,1
3379,15,30,45,1
3380,20,42,62,1
3381,4,9,13,1
3382,6,32,38,1
3383,11,36,47,1
3384,3,12,15,1
3386,9,21,30,1
3387,14,33,47,1
3388,12,28,40,1
3389,14,26,40,1
3390,19,44,63,1
3391,16,34,50,1
3394,2,6,8,1
3395,5,18,23,1
3397,17,32,49,1
3400,34,65,99,2
3401,5,17,22,1
3402,9,28,37,1
3403,22,48,70,1
3404,24,53,77,1
3406,14,33,47,1
3407,26,53,79,1
3408,17,32,49,1
3409,17,38,55,1
3412,11,27,38,1
3415,9,29,38,1
3417,10,26,36,1
3418,21,55,76,2
3420,35,74,109,2
3422,20,52,72,1
3423,14,31,45,1
3425,14,46,60,1
3427,2,5,7,1
3428,5,8,13,1
3429,11,25,36,1
3430,9,19,28,1
3431,14,30,44,1
3432,9,19,28,1
3433,10,30,40,1
3434,15,29,44,1
3435,17,51,68,1
3436,14,42,56,1
3439,18,43,61,1
3443,34,65,99,2
3445,16,43,59,1
3447,18,39,57,1
3453,26,51,77,1
3454,24,46,70,1
3455,14,35,49,2
3458,10,20,30,1
3459,11,32,43,1
3460,15,44,59,1
3461,15,37,52,1
3462,24,52,76,1
3463,18,36,54,1
3464,35,67,102,3
3465,17,38,55,1
3469,50,110,160,3
3471,14,51,65,1
3472,19,44,63,1
3473,20,43,63,1
3474,18,39,57,1
3475,27,60,87,1
3476,28,59,87,1
3477,24,50,74,2
3478,0,0,0,0
3480,6,25,31,1
3481,13,31,44,1
3482,9,35,44,1
3483,6,19,25,1
3484,8,26,34,1
3485,4,21,25,1
3486,23,44,67,1
3487,28,62,90,1
3488,15,32,47,1
3489,10,30,40,1
3490,26,45,71,1
3491,24,49,73,1
3492,19,46,65,1
3493,27,45,72,2
3494,25,58,83,2
3495,16,44,60,1
3497,8,19,27,1
3498,15,33,48,1
3499,12,29,41,1
3500,20,45,65,1
3501,15,34,49,1
3502,19,45,64,1
3503,14,32,46,1
3505,8,35,43,1
3510,15,31,46,1
3511,23,54,77,2
3513,27,44,71,1
3514,6,26,32,1
3515,10,27,37,1
3516,33,75,108,3
3518,22,50,72,1
3520,52,108,160,3
3522,30,82,112,3
3523,32,62,94,2
3525,20,64,84,1
3526,15,27,42,1
3527,17,44,61,1
3528,3,5,8,1
3529,13,44,57,1
3531,22,52,74,2
3533,21,53,74,2
3534,9,21,30,1
3535,21,54,75,1
3537,16,46,62,1
3538,18,50,68,1
3541,26,53,79,1
3543,35,67,102,2
3545,15,38,53,1
3546,21,57,78,2
3548,25,76,101,2
3549,15,33,48,1
3560,25,63,88,2
3561,14,30,44,1
3562,27,60,87,2
3563,24,53,77,1
3564,9,23,32,1
3566,16,49,65,1
3567,19,37,56,1
3568,27,60,87,2
3569,24,61,85,2
3570,19,42,61,1
3571,15,45,60,1
3572,24,53,77,2
3573,24,46,70,1
3580,15,39,54,1
3581,8,24,32,1
3582,24,60,84,2
3583,18,53,71,1
3584,23,53,76,2
3585,18,51,69,2
3587,23,48,71,2
3588,17,44,61,1
3589,21,72,93,2
3590,4,32,36,1
3591,14,33,47,1
3595,14,33,47,1
3596,14,32,46,1
3597,16,30,46,1
3598,28,48,76,1
3601,15,44,59,1
3602,12,33,45,1
3607,8,18,26,1
3608,18,38,56,1
3609,9,31,40,1
3611,10,28,38,1
3612,12,29,41,1
3616,4,14,18,1
3620,33,70,103,2
3621,26,49,75,1
3623,14,31,45,1
3624,17,39,56,2
3625,14,32,46,1
3626,20,46,66,1
3627,17,42,59,1
3630,17,37,54,1
3631,16,31,47,1
3632,3,12,15,1
3633,14,34,48,1
3634,9,24,33,1
3639,28,47,75,1
3640,25,52,77,2
3641,9,25,34,1
3643,3,8,11,1
3644,10,30,40,1
3645,6,45,51,1
3648,18,37,55,1
3650,16,41,57,2
3652,26,44,70,2
3658,12,32,44,1
3659,15,42,57,1
3660,14,30,44,1
3693,0,0,0,0
3700,19,49,68,1
3701,4,13,17,1
3702,20,41,61,1
3705,19,47,66,1
3708,19,49,68,2
3709,15,25,40,1
3710,15,41,56,1
3712,19,49,68,2
3716,0,0,0,0
3717,8,33,41,1
3720,13,43,56,1
3722,26,56,82,2
3725,27,50,77,1
3726,21,60,81,1
3728,17,41,58,1
3729,22,42,64,1
3730,18,36,54,1
3731,18,43,61,1
3732,27,58,85,2
3733,15,31,46,1
3734,5,12,17,1
3738,20,47,67,1
3739,18,42,60,1
3741,16,33,49,1
3742,10,24,34,1
3747,11,25,36,1
3748,20,41,61,1
3749,15,41,56,1
3750,18,38,56,1
3751,29,68,97,1
3754,0,3,3,1
3757,17,44,61,1
3758,2,6,8,1
3760,3,12,15,1
3761,6,13,19,1
3762,23,64,87,2
3763,23,55,78,1
3764,4,25,29,1
3765,9,26,35,1
3768,9,14,23,1
3770,2,4,6,1
3771,30,63,93,1
3772,3,11,14,1
3773,16,35,51,1
3774,12,44,56,1
3777,17,44,61,1
3778,4,16,20,1
3780,17,39,56,1
3781,13,32,45,1
3782,29,86,115,2
3783,13,26,39,1
3784,17,41,58,1
3785,9,16,25,1
3786,17,46,63,2
3789,17,37,54,1
3790,17,40,57,1
3791,8,21,29,1
3792,19,43,62,1
3794,32,64,96,2
3795,50,112,162,2
3796,42,86,128,3
3799,22,42,64,1
3801,23,58,81,1
3802,27,58,85,2
3803,17,40,57,1
3804,18,34,52,1
3805,4,17,21,1
3806,7,15,22,1
3807,3,4,7,1
3809,8,16,24,1
3810,9,33,42,1
3812,18,40,58,1
3823,21,43,64,1
3824,16,40,56,1
3825,11,25,36,1
3826,9,25,34,1
3827,24,61,85,1
3828,2,14,16,1
3829,18,40,58,1
3830,11,31,42,1
3831,9,26,35,1
3833,28,57,85,1
3835,22,38,60,1
3837,11,31,42,1
3838,28,62,90,2
3840,13,35,48,1
3842,17,42,59,1
3843,9,23,32,1
3847,3,14,17,1
3848,27,59,86,1
3850,22,49,71,1
3851,19,44,63,1
3852,5,17,22,1
3853,4,9,13,1
3857,27,52,79,1
3858,17,28,45,1
3860,15,29,44,1
3861,26,62,88,2
3864,5,24,29,1
3867,19,45,64,1
3868,9,24,33,1
3869,15,29,44,1
3872,13,31,44,1
3874,17,43,60,1
3875,3,6,9,1
3876,11,23,34,1
3877,9,22,31,1
3883,0,0,0,0
3884,15,41,56,1
3886,18,47,65,1
3887,6,23,29,1
3888,32,77,109,2
3889,16,34,50,1
3891,23,71,94,2
3893,24,40,64,1
3894,21,51,72,2
3896,15,35,50,1
3897,16,62,78,1
3912,26,46,72,1
3947,19,47,66,2
4049,13,25,38,1
4055,16,31,47,1
4063,4,11,15,1
4064,17,29,46,1
4065,13,43,56,1
4068,25,64,89,1
4101,14,32,46,1
4102,10,19,29,1
4103,7,14,21,1
4108,18,47,65,1
4111,19,51,70,1
4112,16,47,63,1
4115,13,38,51,1
4118,14,31,45,1
4129,9,20,29,1
4130,22,41,63,1
4131,11,26,37,1
4132,24,53,77,2
4137,21,59,80,2
4144,9,19,28,1
4153,17,42,59,1
4156,2,10,12,1
4161,27,56,83,2
4162,13,29,42,1
4163,24,51,75,1
4164,6,17,23,1
4165,9,24,33,1
4166,6,17,23,1
4168,12,26,38,1
4171,17,33,50,2
4176,26,45,71,1
4183,17,32,49,1
4185,14,35,49,1
4187,3,18,21,1
4191,5,22,27,1
4194,9,26,35,1
4195,14,28,42,1
4200,9,27,36,1
4201,8,22,30,1
4202,13,33,46,1
4203,6,13,19,1
4208,9,37,46,1
4209,4,13,17,1
4215,7,17,24,1
4216,15,31,46,1
4219,19,57,76,2
4221,35,80,115,3
4223,18,41,59,1
4224,18,41,59,1
4226,5,16,21,1
4230,18,41,59,1
4231,10,28,38,1
4232,15,24,39,1
4235,18,40,58,1
4237,14,27,41,1
4238,14,30,44,1
4239,17,42,59,1
4240,19,35,54,1
4241,2,26,28,1
4243,23,49,72,1
4244,0,9,9,1
4246,3,7,10,1
4247,2,14,16,1
4249,3,4,7,1
4250,17,33,50,1
4252,14,35,49,1
4253,2,10,12,1
4255,24,64,88,2
4256,16,36,52,1
4257,14,34,48,1
4258,11,31,42,1
4259,4,13,17,1
4260,20,54,74,1
4262,16,28,44,1
4272,26,64,90,1
4273,19,39,58,1
4274,21,50,71,2
4276,20,57,77,2
4277,15,31,46,1
4278,9,27,36,1
4279,16,35,51,1
4281,2,3,5,1
4283,14,28,42,1
4284,21,39,60,1
4285,16,36,52,1
4286,29,70,99,2
4288,17,38,55,1
4295,9,10,19,1
4298,19,39,58,1
4299,17,43,60,1
4303,35,69,104,2
4309,13,29,42,1
4317,11,35,46,2
4318,13,27,40,1
4321,12,30,42,1
4322,5,9,14,1
4323,8,20,28,1
4325,11,36,47,1
4330,9,24,33,1
4332,44,112,156,3
4333,14,27,41,1
4334,18,42,60,1
4335,20,48,68,1
4336,16,35,51,1
4337,9,16,25,1
4340,19,37,56,2
4341,2,1,3,1
4348,14,28,42,1
4350,4,13,17,1
4352,22,47,69,1
4355,5,13,18,1
4356,29,72,101,2
4358,17,45,62,1
4359,0,0,0,0
4365,33,84,117,2
4368,20,41,61,1
4370,9,23,32,1
4372,4,14,18,1
4374,1,13,14,1
4377,5,13,18,1
4378,2,8,10,1
4381,7,17,24,1
4383,34,79,113,2
4384,11,27,38,1
4387,30,79,109,2
4389,9,23,32,1
4392,15,41,56,2
4393,16,42,58,2
4394,19,42,61,1
4395,13,37,50,1
4399,17,37,54,1
4403,17,43,60,1
4404,16,39,55,1
4405,17,44,61,1
4407,9,21,30,1
4409,9,24,33,1
4410,15,29,44,1
4412,13,27,40,1
4414,6,13,19,1
4416,16,34,50,1
4417,19,36,55,1
4420,5,17,22,1
4423,21,50,71,1
4424,27,51,78,2
4427,10,24,34,1
4428,17,32,49,1
4430,28,62,90,2
4435,17,30,47,1
4436,14,35,49,1
4438,49,127,176,3
4439,10,32,42,1
4440,18,33,51,1
4444,12,36,48,1
4446,11,24,35,1
4450,17,33,50,1
4451,26,69,95,2
4456,22,62,84,2
4457,2,4,6,1
4458,17,45,62,1
4459,4,14,18,1
4460,10,23,33,1
4461,8,18,26,1
4471,0,0,0,0
4472,4,17,21,1
4474,0,0,0,0
4475,22,49,71,1
4476,17,43,60,1
4477,12,33,45,1
4479,18,51,69,1
4482,15,42,57,1
4483,16,34,50,1
4484,18,32,50,1
4487,16,30,46,1
4488,17,32,49,2
4497,9,21,30,1
4499,9,28,37,1
4501,10,15,25,1
4503,17,34,51,1
4506,10,29,39,1
4508,13,26,39,1
4509,10,24,34,1
4511,10,26,36,1
4512,24,43,67,1
4514,9,21,30,1
4520,14,40,54,1
4521,12,35,47,1
4526,21,61,82,1
4529,18,44,62,1
4531,26,58,84,1
4533,9,15,24,1
4538,23,38,61,2
4540,11,28,39,1
4543,2,2,4,1
4553,22,42,64,1
4554,17,43,60,1
4556,10,21,31,1
4557,16,28,44,1
4558,11,24,35,1
4564,9,24,33,1
4567,21,51,72,1
4568,4,12,16,1
4569,0,0,0,0
4570,11,26,37,1
4574,16,48,64,1
4581,9,21,30,1
4583,11,30,41,1
4588,23,50,73,1
4590,15,26,41,1
4593,15,31,46,1
4594,7,20,27,1
4597,19,62,81,1
4599,19,49,68,1
4600,17,33,50,1
4601,19,45,64,1
4606,0,0,0,0
4609,11,42,53,1
4611,10,24,34,1
4612,15,36,51,1
4615,13,31,44,1
4616,9,23,32,1
4623,14,26,40,1
4627,23,54,77,1
4631,24,62,86,1
4635,14,31,45,1
4636,3,12,15,1
4637,13,35,48,1
4638,11,35,46,1
4639,11,19,30,1
4641,11,43,54,1
4643,15,33,48,1
4644,18,40,58,1
4653,11,33,44,1
4660,25,59,84,1
4664,14,29,43,1
4677,13,33,46,1
4678,14,37,51,1
4679,8,18,26,1
4681,14,32,46,1
4682,15,42,57,1
4683,8,19,27,1
4687,17,40,57,1
4689,10,42,52,1
4690,16,39,55,1
4695,9,27,36,1
4696,14,27,41,1
4697,10,32,42,1
4699,8,22,30,1
4734,12,43,55,1
4849,3,15,18,1
4865,14,32,46,1
5003,1,6,7,1
5012,26,63,89,2
5022,13,25,38,1
5023,41,77,118,3
5025,17,45,62,1
5027,22,57,79,2
5028,14,38,52,1
5029,14,38,52,1
5030,18,58,76,2
5031,24,61,85,2
5032,22,48,70,2
5033,2,18,20,1
5034,20,33,53,1
5035,17,37,54,1
5036,18,49,67,1
5037,17,27,44,1
5039,18,43,61,1
5040,27,50,77,1
5041,24,50,74,2
5044,4,10,14,1
5045,19,45,64,1
5046,18,43,61,1
5047,17,36,53,1
5048,27,59,86,2
5049,22,48,70,2
5051,19,46,65,1
5054,18,37,55,1
5055,11,30,41,1
5056,15,31,46,1
5057,13,38,51,1
5058,11,37,48,1
5060,26,50,76,1
5063,15,43,58,1
5064,11,37,48,1
5065,13,32,45,1
5066,26,51,77,2
5070,26,47,73,2
5071,4,29,33,1
5072,34,70,104,3
5073,25,51,76,1
5075,14,42,56,2
5076,18,36,54,1
5077,17,40,57,1
5078,23,44,67,1
5079,12,24,36,1
5080,15,32,47,1
5082,34,65,99,1
5085,16,39,55,1
5087,15,36,51,1
5088,16,32,48,1
5089,16,32,48,1
5090,17,43,60,1
5091,23,65,88,1
5092,14,43,57,1
5095,33,81,114,2
5096,15,32,47,2
5097,12,36,48,1
5099,17,43,60,1
5101,10,22,32,1
5103,28,50,78,1
5104,15,41,56,1
5105,15,35,50,1
5111,28,55,83,2
5113,14,25,39,1
5115,20,44,64,1
5116,19,41,60,1
5117,15,36,51,1
5118,17,43,60,1
5123,30,71,101,2
5124,17,34,51,1
5126,4,19,23,1
5127,15,31,46,1
5129,33,71,104,2
5130,17,42,59,1
5131,25,52,77,1
5133,14,29,43,2
5134,21,59,80,2
5136,16,36,52,2
5137,26,57,83,2
5139,16,41,57,2
5140,33,69,102,3
5141,19,57,76,2
5142,32,77,109,2
5144,13,42,55,1
5145,15,35,50,1
5146,14,32,46,1
5147,17,50,67,1
5150,25,56,81,1
5151,14,32,46,1
5152,16,35,51,1
5154,47,103,150,4
5155,14,34,48,1
5156,23,57,80,2
5157,10,24,34,1
5159,4,19,23,1
5160,24,54,78,2
5162,16,42,58,2
5165,21,45,66,1
5166,7,8,15,1
5167,26,61,87,2
5168,6,12,18,1
5170,3,5,8,1
5172,2,6,8,1
5173,17,41,58,1
5174,7,23,30,1
5175,8,36,44,1
5178,15,44,59,1
5184,20,52,72,1
5185,20,52,72,1
5186,20,52,72,1
5189,19,38,57,1
5190,19,59,78,1
5191,17,40,57,1
5192,11,33,44,1
5193,23,64,87,2
5196,5,16,21,1
5197,11,35,46,1
5199,16,33,49,1
5200,23,58,81,2
5201,16,42,58,1
5202,35,66,101,2
5203,9,22,31,1
5210,10,27,37,1
5211,16,43,59,1
5214,37,90,127,2
5215,18,41,59,2
5216,0,28,28,1
5218,9,27,36,1
5219,11,24,35,1
5220,14,35,49,1
5227,25,52,77,2
5228,18,35,53,1
5229,0,0,0,0
5231,18,36,54,2
5232,1,9,10,1
5233,20,62,82,2
5234,31,75,106,2
5235,25,61,86,2
5236,15,28,43,1
5239,20,48,68,1
5240,18,42,60,1
5241,21,46,67,1
5242,23,64,87,1
5244,11,22,33,1
5245,19,43,62,2
5246,3,5,8,1
5247,16,37,53,1
5250,22,49,71,1
5251,11,27,38,1
5252,16,36,52,1
5253,11,26,37,1
5254,23,62,85,1
5260,31,70,101,2
5261,15,38,53,1
5262,11,23,34,1
5263,14,29,43,1
5264,9,20,29,1
5266,14,40,54,1
5270,28,57,85,1
5272,18,53,71,1
5273,6,22,28,1
5274,0,0,0,0
5275,26,59,85,1
5276,17,36,53,1
5278,27,62,89,2
5280,11,41,52,1
5281,30,65,95,1
5282,0,0,0,0
5285,10,26,36,1
5287,17,38,55,1
5288,12,26,38,1
5292,15,35,50,1
5293,43,86,129,2
5294,22,61,83,1
5295,27,61,88,2
5296,13,33,46,1
5298,9,26,35,1
5299,28,87,115,2
5300,27,55,82,2
5301,9,34,43,1
5303,9,18,27,1
5305,40,89,129,3
5307,15,35,50,1
5309,12,19,31,1
5311,14,42,56,1
5312,14,32,46,1
5313,14,35,49,1
5316,25,53,78,1
5317,25,59,84,2
5319,3,31,34,1
5320,10,27,37,1
5325,13,43,56,1
5326,16,39,55,1
5329,10,25,35,1
5330,15,33,48,1
5331,19,38,57,1
5334,26,52,78,2
5335,15,36,51,2
5337,21,61,82,2
5338,27,62,89,2
5340,25,52,77,1
5341,15,40,55,1
5342,16,47,63,1
5343,14,45,59,1
5345,13,32,45,1
5346,10,34,44,1
5347,18,38,56,1
5348,3,17,20,1
5350,23,44,67,1
5352,18,35,53,1
5355,5,15,20,1
5356,9,14,23,1
5358,11,24,35,1
5359,16,36,52,1
5360,5,13,18,1
5361,23,53,76,1
5363,13,24,37,1
5368,18,39,57,1
5369,21,51,72,1
5370,20,38,58,1
5373,22,50,72,1
5374,9,23,32,1
5376,5,12,17,1
5379,13,35,48,1
5381,16,38,54,1
5382,27,63,90,2
5384,11,29,40,1
5385,7,36,43,1
5386,12,32,44,1
5387,10,26,36,1
5388,20,56,76,2
5389,14,32,46,1
5390,13,46,59,1
5391,20,40,60,1
5392,4,9,13,1
5394,25,48,73,2
5396,20,48,68,2
5397,14,30,44,1
5398,11,30,41,1
5399,9,25,34,1
5402,23,42,65,2
5403,16,35,51,1
5409,16,31,47,1
5410,15,33,48,1
5411,9,29,38,1
5414,19,51,70,1
5416,16,35,51,1
5417,16,41,57,1
5418,18,33,51,1
5419,11,16,27,1
5420,48,92,140,2
5422,3,2,5,1
5424,14,26,40,1
5425,26,55,81,2
5428,19,49,68,1
5429,26,59,85,1
5430,24,50,74,1
5432,12,38,50,1
5433,1,7,8,1
5434,28,44,72,2
5435,34,61,95,3
5436,17,45,62,1
5438,14,32,46,1
5439,11,40,51,1
5440,34,80,114,2
5441,11,27,38,1
5442,16,33,49,1
5443,23,64,87,2
5444,4,12,16,1
5445,10,23,33,1
5446,10,24,34,1
5447,53,97,150,2
5448,18,43,61,1
5449,22,35,57,1
5450,17,49,66,1
5455,21,48,69,1
5458,3,9,12,1
5460,8,28,36,1
5461,27,49,76,1
5462,26,56,82,2
5463,12,30,42,1
5466,28,79,107,2
5469,13,30,43,1
5470,8,25,33,1
5471,13,30,43,1
5472,28,52,80,1
5476,20,63,83,1
5477,14,29,43,1
5479,20,51,71,2
5480,31,77,108,2
5481,12,36,48,1
5482,2,8,10,1
5483,16,39,55,1
5485,25,53,78,2
5486,14,33,47,1
5487,14,30,44,1
5488,17,44,61,1
5489,4,9,13,1
5491,17,39,56,1
5492,1,7,8,1
5494,28,57,85,1
5495,14,33,47,1
5497,3,36,39,1
5498,6,13,19,1
5499,22,53,75,1
5612,27,55,82,2
5616,17,39,56,1
5617,31,68,99,2
5626,19,51,70,1
5628,33,63,96,2
5629,16,41,57,2
5632,9,32,41,1
5641,7,24,31,1
5644,23,58,81,2
5649,16,35,51,1
5667,17,43,60,1
5668,13,34,47,1
5669,18,42,60,1
5671,20,51,71,1
5672,10,29,39,1
5673,13,36,49,1
5676,14,26,40,1
5686,43,92,135,3
5701,13,27,40,2
5703,19,50,69,1
5705,9,16,25,1
5706,12,23,35,1
5707,20,50,70,1
5709,11,25,36,1
5710,15,43,58,2
5713,23,46,69,1
5717,37,79,116,2
5727,18,41,59,1
5728,15,30,45,1
5731,10,22,32,1
5732,16,43,59,1
5735,16,37,53,1
5743,16,40,56,1
5745,17,46,63,1
5747,13,28,41,1
5748,14,50,64,1
5751,16,40,56,2
5752,46,79,125,2
5753,16,42,58,1
5761,17,44,61,1
5763,23,55,78,1
5764,20,36,56,1
5766,7,16,23,1
5768,17,36,53,1
5772,13,28,41,1
5777,10,32,42,1
5779,11,24,35,1
5786,9,24,33,1
5787,7,19,26,1
5793,0,0,0,0
5795,16,33,49,1
5797,4,11,15,1
5799,12,25,37,1
5802,0,0,0,0
5803,0,0,0,0
5806,7,23,30,1
5807,33,56,89,2
5808,10,21,31,1
5809,19,45,64,1
5810,12,25,37,1
5812,8,15,23,1
5814,11,34,45,1
5823,18,31,49,1
5835,5,19,24,1
5839,13,35,48,1
5841,21,49,70,1
5842,23,63,86,1
5843,14,34,48,1
5844,27,52,79,1
5845,16,40,56,1
5847,12,25,37,1
5848,15,31,46,2
5851,10,23,33,1
5853,11,27,38,1
5854,25,57,82,1
5857,17,43,60,1
5858,21,41,62,1
5859,16,26,42,1
5861,14,37,51,1
5864,9,18,27,1
5866,15,40,55,1
5867,33,81,114,3
5869,9,24,33,1
5871,12,40,52,1
5872,11,21,32,1
5874,15,43,58,2
5879,13,34,47,1
5880,17,42,59,2
5881,18,33,51,1
5882,17,39,56,1
5883,21,49,70,1
5884,26,51,77,2
5886,18,41,59,2
5888,17,46,63,1
5889,15,30,45,1
5890,11,19,30,1
5891,26,50,76,2
5893,27,44,71,1
5894,18,40,58,1
5898,27,48,75,2
5911,6,17,23,1
5912,16,34,50,1
5922,12,25,37,1
5927,14,21,35,1
5929,14,32,46,1
5930,17,33,50,2
5932,16,43,59,1
5935,34,72,106,2
5936,22,41,63,1
5938,14,43,57,2
5944,18,43,61,1
5947,19,40,59,1
5956,15,31,46,2
5957,19,42,61,1
5959,27,67,94,2
5964,11,37,48,1
5965,15,41,56,1
5968,21,46,67,1
5969,18,43,61,1
5976,16,43,59,1
5977,16,33,49,1
5987,15,38,53,1
5992,15,35,50,1
5996,26,50,76,2
6173,9,24,33,1
6190,13,29,42,1
6286,13,33,46,1
6300,19,48,67,1
6370,7,27,34,1
6392,3,14,17,1
6394,16,28,44,1
6395,5,15,20,1
6397,25,46,71,1
6467,2,27,29,1
6469,2,14,16,1
6476,17,23,40,1
6477,16,39,55,1
6480,16,33,49,1
6576,9,19,28,1
6579,19,44,63,1
6789,15,33,48,1
6807,4,27,31,1
6878,14,33,47,1
6879,16,29,45,1
6887,6,17,23,1
6898,14,32,46,1
6929,14,34,48,1
6930,0,0,0,0
6931,15,33,48,1
6932,8,15,23,1
6951,1,7,8,1
6952,10,21,31,1
6958,14,33,47,1
6963,21,42,63,1
6964,4,15,19,1
6978,16,39,55,1
6998,17,31,48,1
7009,5,14,19,1
7020,10,26,36,1
7032,16,32,48,1
7087,9,24,33,1
7129,0,3,3,1
7156,14,28,42,1
7178,14,26,40,1
7179,10,31,41,1
7181,2,11,13,1
7185,9,34,43,1
7188,4,12,16,1
7194,4,13,17,1
7199,8,23,31,1
7238,3,4,7,1
7243,0,0,0,0
7245,0,4,4,1
7246,3,5,8,1
7247,1,10,11,1
7249,2,5,7,1
7280,8,18,26,1
7281,10,19,29,1
7290,9,26,35,1
7294,14,30,44,1
7301,9,24,33,1
7324,11,26,37,1
7326,16,33,49,1
8331,33,75,108,2
8930,7,23,30,1