layouts,Spice Only,49-1,,2019,2/10/19,Grocery/Spices/Updated022619/,_C49_Spice_Only_Effective_02102019_Planogram_Updated_02262019.pdf,"""6666&#44;""",2/10/19,2/26/19,N
layouts,Office Furniture,32,,2019,4/15/19,1-NewFolderStructure/C032_Office_Furniture/Effective_03152019/,_C32_Effective_03152019_Planogram_updated_4-9-19.pdf,"""4742&#44;6244&#44;8268&#44;8277&#44;""",4/16/19,4/16/19,N
layouts,Restaurant Supplies,53,,2019,5/5/19,1-NewFolderStructure/C053_Restaurant_Supplies/Cat_53_Effective_05052019/,_C53_Effective_05052019_Planogram_updated042619.pdf,"""4702&#44;4721&#44;4744&#44;6311&#44;6321&#44;6418&#44;6609&#44;6631&#44;6685&#44;""",4/29/19,4/29/19,N
layouts,Restaurant Supplies,53,,2019,5/5/19,1-NewFolderStructure/C053_Restaurant_Supplies/C53_Effective_05052019/,_C53_Effective_05052019_Planogram_updated052319.pdf,"""4774&#44;""",5/23/19,5/23/19,N
layouts,Office Furniture,32,,2019,5/16/19,1-NewFolderStructure/C032_Office_Furniture/Effective_05162019/,_C32_Effective_05162019_Planogram.pdf,"""8209&#44;4969&#44;4808&#44;""",5/16/19,5/16/19,N
layouts,Restaurant Supplies,53,,2019,6/2/19,1-NewFolderStructure/C053_Restaurant_Supplies/Cat_53_Effective_06022019/,_C53_Effective_0602019_Planogram_updated042619.pdf,"""6369&#44;6428&#44;""",4/29/19,4/29/19,N
layouts,Restaurant Supplies,53,,2019,6/24/19,1-NewFolderStructure/C053_Restaurant_Supplies/C53_Effective_06242019/,_C53_Effective_06242019_Planogram_updated_06-18-19.pdf,"""4925&#44;""",6/19/19,6/18/19,N
layouts,Spice Only,49-1,,2019,7/1/19,1-NewFolderStructure/C049_Spices_Nuts/Cat_49_Spices_Only_Effective_07_01_2019/,_C49_Spice_Only_Effective_07012019.pdf,"""4925&#44;""",6/28/19,6/28/19,N
layouts,Restaurant Supplies,53,,2019,8/11/19,1-NewFolderStructure/C053_Restaurant_Supplies/C53_Effective_08112019_Planogram_updated_07-02-19/,_C53_Effective_08112019_Planogram_updated_07-02-19.pdf,"""6503&#44;""",8/6/19,7/2/19,N
layouts,Restaurant Supplies,53,,2019,8/23/19,1-NewFolderStructure/C053_Restaurant_Supplies/C53_Effective_082319/,_C53_Effective_08232019_Planogram_updated_08-13-19.pdf,"""4713&#44;4761&#44;4783&#44;4795&#44;4839&#44;4905&#44;4906&#44;4911&#44;6238&#44;6244&#44;6255&#44;6265&#44;6267&#44;6342&#44;6372&#44;6376&#44;6381&#44;6482&#44;6779&#44;6781&#44;7189&#44;7676&#44;8177&#44;8210&#44;8224&#44;8226&#44;8239&#44;8241&#44;8242&#44;8268&#44;8269&#44;8270&#44;8279&#44;8282&#44;8289&#44;8299&#44;""",8/19/19,8/13/19,N
layouts,Office Furniture,32,,2019,8/23/19,1-NewFolderStructure/C032_Office_Furniture/C32_Effective082319_Updated082719/,_C32_Effective082319_Planogram_Updated082719.pdf,"""4783&#44;4795&#44;4905&#44;4906&#44;4911&#44;6255&#44;6265&#44;6342&#44;6372&#44;6376&#44;6381&#44;6482&#44;6781&#44;7676&#44;8210&#44;8226&#44;8242&#44;8270&#44;8279&#44;8282&#44;""",8/28/19,8/27/19,N
layouts,Restaurant Supplies,53,,2019,9/27/19,1-NewFolderStructure/C053_Restaurant_Supplies/C53_Effective_092719/,_C53_Effective_09272019_Planogram_updated_09-25-19.pdf,"""4109&#44;4703&#44;4732&#44;4742&#44;4743&#44;4763&#44;4764&#44;4769&#44;4775&#44;4778&#44;4790&#44;4795&#44;4829&#44;4830&#44;4837&#44;4839&#44;4843&#44;4850&#44;4871&#44;4874&#44;4905&#44;4915&#44;4926&#44;4948&#44;6205&#44;6213&#44;6220&#44;6238&#44;6244&#44;6245&#44;6255&#44;6265&#44;6304&#44;6313&#44;6314&#44;6325&#44;6336&#44;6342&#44;6350&#44;6351&#44;6372&#44;6381&#44;6424&#44;6437&#44;6482&#44;6521&#44;6527&#44;6575&#44;6604&#44;6605&#44;6606&#44;6608&#44;6632&#44;6634&#44;6650&#44;6657&#44;6692&#44;6779&#44;6781&#44;7676&#44;8114&#44;8117&#44;8133&#44;8135&#44;8138&#44;8168&#44;8169&#44;8181&#44;8197&#44;8221&#44;8224&#44;8226&#44;8237&#44;8239&#44;8241&#44;8242&#44;8248&#44;8259&#44;8261&#44;8269&#44;8270&#44;8271&#44;8273&#44;8277&#44;8279&#44;8282&#44;8286&#44;8289&#44;8299&#44;""",9/30/19,9/30/19,N
layouts,Restaurant Supplies,53,,2019,9/30/19,1-NewFolderStructure/C053_Restaurant_Supplies/C53_Effective_093019/,_C53_Effective_09302019_Planogram_updated_09-26-19.pdf,"""4783&#44;4906&#44;4911&#44;4974&#44;4983&#44;6257&#44;6261&#44;6267&#44;6334&#44;6376&#44;6382&#44;6485&#44;6489&#44;7189&#44;8128&#44;8174&#44;8177&#44;8210&#44;8215&#44;8268&#44;8298&#44;""",9/27/19,9/27/19,N
layouts,Restaurant Supplies,53,,2019,10/6/19,1-NewFolderStructure/C053_Restaurant_Supplies/C53_Effective_100619/,_C53_Effective_10062019_Planogram_updated_09-20-19.pdf,"""4707&#44;4713&#44;4718&#44;4720&#44;4730&#44;4750&#44;4786&#44;4791&#44;4805&#44;4820&#44;4840&#44;4846&#44;4847&#44;4870&#44;4879&#44;4920&#44;4936&#44;4942&#44;6188&#44;6204&#44;6228&#44;6247&#44;6259&#44;6275&#44;6302&#44;6305&#44;6317&#44;6322&#44;6327&#44;6328&#44;6331&#44;6338&#44;6339&#44;6345&#44;6349&#44;6358&#44;6360&#44;6363&#44;6367&#44;6379&#44;6384&#44;6388&#44;6404&#44;6421&#44;6426&#44;6444&#44;6453&#44;6464&#44;6505&#44;6506&#44;6582&#44;6677&#44;6678&#44;6679&#44;6682&#44;6683&#44;6686&#44;7658&#44;8115&#44;8116&#44;8120&#44;8151&#44;8155&#44;8163&#44;8176&#44;8184&#44;8189&#44;8192&#44;8202&#44;8207&#44;8208&#44;8243&#44;8245&#44;8252&#44;8253&#44;8254&#44;8281&#44;8293&#44;""",9/20/19,9/20/19,N
layouts,Office Furniture,32,,2019,10/6/19,1-NewFolderStructure/C032_Office_Furniture/PR_C32_Effective_100619_Updated_100819/,_C32_EFFECTIVE_100619_UPDATED_100819.pdf,"""6680&#44;""",10/9/19,10/9/19,N
layouts,Office Furniture,32,,2019,10/6/19,1-NewFolderStructure/C032_Office_Furniture/PR_C32_effective1010619_Updated_101519/,_C32_EFFECTIVE_100619_UPDATED_101519.pdf,"""6225&#44;6270&#44;6689&#44;6690&#44;""",10/16/19,10/16/19,N
layouts,Office Furniture,32,,2019,10/6/19,1-NewFolderStructure/C032_Office_Furniture/PR_C32_EFFECTIVE_100619_UPDATED_101719/,_C32_EFFECTIVE_100619_UPDATED_101719.pdf,"""6543&#44;""",10/18/19,10/18/19,N
layouts,Restaurant Supplies,53,,2019,10/7/19,1-NewFolderStructure/C053_Restaurant_Supplies/C53_Effective_100719/,_C53_Effective_10072019_Planogram_updated_09-30-19.pdf,"""4969&#44;8209&#44;""",10/3/19,10/3/19,N
layouts,Meat and Seafood,"""72&#44;76&#44;93""",,2019,11/4/19,1-NewFolderStructure/C076_C072_C079_C093_Fresh_Meat_Seafood_Prepared_Foods/C72_C76_C79_C93_Effective_110419_Planogram_Updated_111219/,_C72_C76_C79_C93_Effective_110419_Planogram_Updated_111219.pdf,"""4755&#44;6410&#44;""",11/12/19,11/12/19,N
layouts,Coffee and Breakfast,41,,2019,11/4/19,1-NewFolderStructure/C041_Coffee_Breakfast/C41_EFFECTIVE_110419_UPDATED_11182019/,_C41_Effective_11042019_Planogram_Updated_11182019.pdf,"""4925&#44;""",11/18/19,11/18/19,N
layouts,Office Furniture,32,,2019,12/2/19,1-NewFolderStructure/C032_Office_Furniture/C32_Effective_120219_Updated_121219/,_C32_Effective120219_Planogram_Updated121319.pdf,"""4731&#44;4761&#44;4839&#44;4920&#44;6267&#44;6342&#44;6350&#44;6779&#44;7189&#44;8117&#44;8224&#44;8239&#44;8241&#44;8269&#44;8289&#44;""",12/12/19,12/12/19,N
layouts,Deli,57,,2020,1/6/20,1-NewFolderStructure/C057_Deli/C57_Effective_01062020_Planogram_Update_12-30-2019/,_C57_Effective_01062020_Planogram_Update_12-30-2019.pdf,"""4109&#44;4702&#44;4703&#44;4704&#44;4707&#44;4709&#44;4710&#44;4711&#44;4712&#44;4713&#44;4718&#44;4720&#44;4721&#44;4722&#44;4724&#44;4728&#44;4729&#44;4730&#44;4731&#44;4732&#44;4735&#44;4736&#44;4738&#44;4739&#44;4740&#44;4741&#44;4742&#44;4743&#44;4745&#44;4749&#44;4750&#44;4755&#44;4761&#44;4763&#44;4764&#44;4767&#44;4768&#44;4770&#44;4771&#44;4772&#44;4774&#44;4776&#44;4777&#44;4778&#44;4780&#44;4781&#44;4782&#44;4783&#44;4784&#44;4785&#44;4786&#44;4787&#44;4789&#44;4791&#44;4794&#44;4795&#44;4797&#44;4798&#44;4799&#44;4801&#44;4802&#44;4804&#44;4805&#44;4808&#44;4815&#44;4816&#44;4817&#44;4818&#44;4819&#44;4820&#44;4822&#44;4824&#44;4825&#44;4828&#44;4829&#44;4830&#44;4831&#44;4836&#44;4837&#44;4839&#44;4840&#44;4843&#44;4846&#44;4847&#44;4850&#44;4851&#44;4852&#44;4853&#44;4857&#44;4859&#44;4861&#44;4866&#44;4870&#44;4871&#44;4872&#44;4873&#44;4874&#44;4875&#44;4876&#44;4878&#44;4879&#44;4901&#44;4905&#44;4908&#44;4911&#44;4914&#44;4915&#44;4917&#44;4920&#44;4925&#44;4926&#44;4930&#44;4933&#44;4936&#44;4938&#44;4939&#44;4942&#44;4944&#44;4946&#44;4947&#44;4948&#44;4950&#44;4952&#44;4958&#44;4961&#44;4962&#44;4963&#44;4969&#44;4972&#44;4973&#44;4982&#44;4983&#44;4987&#44;4989&#44;4990&#44;4991&#44;4992&#44;4994&#44;4996&#44;4998&#44;4999&#44;6181&#44;6188&#44;6189&#44;6201&#44;6202&#44;6203&#44;6204&#44;6205&#44;6212&#44;6213&#44;6216&#44;6217&#44;6218&#44;6219&#44;6220&#44;6225&#44;6228&#44;6235&#44;6236&#44;6238&#44;6240&#44;6244&#44;6245&#44;6246&#44;6247&#44;6249&#44;6251&#44;6252&#44;6254&#44;6256&#44;6257&#44;6259&#44;6260&#44;6261&#44;6267&#44;6269&#44;6270&#44;6275&#44;6302&#44;6304&#44;6305&#44;6307&#44;6308&#44;6309&#44;6310&#44;6311&#44;6312&#44;6313&#44;6314&#44;6315&#44;6319&#44;6320&#44;6321&#44;6322&#44;6324&#44;6325&#44;6326&#44;6327&#44;6328&#44;6329&#44;6330&#44;6331&#44;6333&#44;6334&#44;6335&#44;6336&#44;6338&#44;6339&#44;6341&#44;6342&#44;6343&#44;6344&#44;6345&#44;6347&#44;6348&#44;6349&#44;6350&#44;6351&#44;6352&#44;6353&#44;6354&#44;6355&#44;6356&#44;6357&#44;6358&#44;6359&#44;6360&#44;6361&#44;6363&#44;6364&#44;6365&#44;6366&#44;6367&#44;6368&#44;6369&#44;6371&#44;6372&#44;6373&#44;6375&#44;6377&#44;6378&#44;6379&#44;6380&#44;6381&#44;6382&#44;6383&#44;6384&#44;6385&#44;6386&#44;6387&#44;6388&#44;6401&#44;6402&#44;6403&#44;6404&#44;6405&#44;6406&#44;6407&#44;6408&#44;6409&#44;6410&#44;6412&#44;6413&#44;6414&#44;6415&#44;6417&#44;6418&#44;6419&#44;6420&#44;6421&#44;6423&#44;6424&#44;6425&#44;6426&#44;6427&#44;6428&#44;6429&#44;6430&#44;6431&#44;6432&#44;6433&#44;6434&#44;6435&#44;6436&#44;6437&#44;6439&#44;6440&#44;6441&#44;6443&#44;6444&#44;6445&#44;6448&#44;6449&#44;6450&#44;6452&#44;6453&#44;6454&#44;6455&#44;6456&#44;6458&#44;6460&#44;6461&#44;6462&#44;6463&#44;6471&#44;6472&#44;6479&#44;6482&#44;6485&#44;6487&#44;6489&#44;6501&#44;6502&#44;6503&#44;6505&#44;6506&#44;6507&#44;6509&#44;6510&#44;6512&#44;6514&#44;6517&#44;6518&#44;6520&#44;6521&#44;6524&#44;6527&#44;6528&#44;6533&#44;6535&#44;6536&#44;6539&#44;6540&#44;6543&#44;6547&#44;6549&#44;6556&#44;6562&#44;6565&#44;6567&#44;6568&#44;6569&#44;6570&#44;6571&#44;6572&#44;6573&#44;6575&#44;6582&#44;6605&#44;6606&#44;6608&#44;6609&#44;6610&#44;6612&#44;6613&#44;6614&#44;6615&#44;6616&#44;6617&#44;6619&#44;6620&#44;6621&#44;6622&#44;6624&#44;6626&#44;6628&#44;6630&#44;6631&#44;6632&#44;6633&#44;6634&#44;6635&#44;6636&#44;6637&#44;6643&#44;6644&#44;6646&#44;6650&#44;6651&#44;6652&#44;6653&#44;6655&#44;6657&#44;6658&#44;6659&#44;6660&#44;6661&#44;6662&#44;6663&#44;6664&#44;6666&#44;6667&#44;6670&#44;6671&#44;6672&#44;6673&#44;6674&#44;6675&#44;6676&#44;6677&#44;6678&#44;6679&#44;6680&#44;6682&#44;6683&#44;6684&#44;6685&#44;6686&#44;6689&#44;6690&#44;6692&#44;6693&#44;6779&#44;6781&#44;6976&#44;6979&#44;7658&#44;7676&#44;8102&#44;8104&#44;8106&#44;8107&#44;8111&#44;8112&#44;8114&#44;8115&#44;8116&#44;8117&#44;8119&#44;8120&#44;8123&#44;8125&#44;8126&#44;8128&#44;8129&#44;8130&#44;8132&#44;8133&#44;8134&#44;8135&#44;8136&#44;8138&#44;8139&#44;8141&#44;8142&#44;8144&#44;8145&#44;8146&#44;8147&#44;8149&#44;8150&#44;8151&#44;8152&#44;8153&#44;8155&#44;8156&#44;8157&#44;8158&#44;8160&#44;8162&#44;8163&#44;8164&#44;8165&#44;8166&#44;8167&#44;8168&#44;8169&#44;8172&#44;8173&#44;8174&#44;8175&#44;8176&#44;8177&#44;8180&#44;8181&#44;8182&#44;8183&#44;8184&#44;8185&#44;8186&#44;8188&#44;8189&#44;8190&#44;8191&#44;8192&#44;8193&#44;8194&#44;8196&#44;8197&#44;8201&#44;8202&#44;8203&#44;8205&#44;8207&#44;8208&#44;8209&#44;8210&#44;8211&#44;8213&#44;8215&#44;8218&#44;8219&#44;8220&#44;8221&#44;8222&#44;8223&#44;8224&#44;8225&#44;8226&#44;8227&#44;8228&#44;8236&#44;8237&#44;8239&#44;8241&#44;8242&#44;8243&#44;8244&#44;8245&#44;8246&#44;8247&#44;8248&#44;8251&#44;8252&#44;8253&#44;8254&#44;8256&#44;8257&#44;8259&#44;8261&#44;8262&#44;8263&#44;8264&#44;8265&#44;8266&#44;8267&#44;8268&#44;8269&#44;8270&#44;8271&#44;8272&#44;8273&#44;8274&#44;8275&#44;8276&#44;8277&#44;8278&#44;8279&#44;8280&#44;8281&#44;8282&#44;8283&#44;8284&#44;8285&#44;8286&#44;8287&#44;8288&#44;8289&#44;8290&#44;8291&#44;8292&#44;8293&#44;8294&#44;8295&#44;8296&#44;8299&#44;""",1/2/20,12/30/19,N
layouts,Deli,57,,2020,1/6/20,1-NewFolderStructure/C057_Deli/C57_Effective_01062020_Planogram_Update_01-03-2020/,_C57_Effective_01062020_Planogram_Update_12-30-2019.pdf,"""4808&#44;4969&#44;8209&#44;""",1/6/20,1/3/20,N
layouts,Automotive,10,,2020,1/6/20,1-NewFolderStructure/C010_Automotive/C10_Effective01062020_Updated_01162020/,_C10_Effective_01062020.pdf,"""8138&#44;""",1/16/20,1/16/20,N
layouts,Deli,57,,2020,1/6/20,1-NewFolderStructure/C057_Deli/C57_Effective_01062020_Planogram_Update_01-22-2019/,_C57_Effective_01062020_Planogram_Update_01-22-2019.pdf,"""4724&#44;""",1/27/20,1/27/20,N
layouts,Deli,57,,2020,1/6/20,1-NewFolderStructure/C057_Deli/C57_Effective_01062020_Planogram_Update_02-07-2020/,_C57_Effective_01062020_Planogram_Update_02-07-2020.pdf,"""4775&#44;4790&#44;4955&#44;4985&#44;6457&#44;""",2/10/20,2/10/20,N
layouts,Automotive,10,,2020,2/2/20,1-NewFolderStructure/C010_Automotive/C10_Effective_02022020_Planogram_Updated_01_24_20/,_C10_Effective_020220_Planogram_Updated_012420.pdf,"""4709&#44;4735&#44;4736&#44;4755&#44;4787&#44;4815&#44;4822&#44;4824&#44;4873&#44;4973&#44;4974&#44;4983&#44;6240&#44;6246&#44;6254&#44;6257&#44;6267&#44;6309&#44;6310&#44;6311&#44;6312&#44;6320&#44;6321&#44;6324&#44;6334&#44;6376&#44;6378&#44;6382&#44;6405&#44;6410&#44;6427&#44;6433&#44;6436&#44;6455&#44;6474&#44;6485&#44;6487&#44;6501&#44;6514&#44;6535&#44;6609&#44;6610&#44;6612&#44;6613&#44;6614&#44;6616&#44;6619&#44;6622&#44;6624&#44;6643&#44;6867&#44;8128&#44;8149&#44;8158&#44;8162&#44;8164&#44;8167&#44;8174&#44;8177&#44;8185&#44;8190&#44;8210&#44;8215&#44;8238&#44;8297&#44;8298&#44;""",1/31/20,1/31/20,N
layouts,Automotive,10,,2020,2/3/20,1-NewFolderStructure/C010_Automotive/C10_effective_0203_Club6674/,_C10_Planogram_Effective_02032020.pdf,"""6674&#44;""",1/29/20,1/29/20,N
layouts,Meat and Seafood,"""72&#44;76&#44;93""",,2020,2/3/20,1-NewFolderStructure/C076_C072_C079_C093_Fresh_Meat_Seafood_Prepared_Foods/C72_C76_C79_C93_Effective_02032020_Planogram_Updated_01312020/,_C72_C76_C79_C93_Effective_02032020_Planogram_Updated_01312020.pdf,"""6414&#44;""",2/3/20,2/3/20,N
layouts,Automotive,10,,2020,3/1/20,1-NewFolderStructure/C010_Automotive/C10_Effective_03012020_Planogram_Updated_02_21_20/,_C10_Effective_030120_Planogram_Updated_022120.pdf,"""4741&#44;4761&#44;4768&#44;4770&#44;4777&#44;4853&#44;4875&#44;4906&#44;4911&#44;4938&#44;4985&#44;4987&#44;4999&#44;6181&#44;6212&#44;6219&#44;6252&#44;6259&#44;6261&#44;6344&#44;6345&#44;6385&#44;6408&#44;6413&#44;6415&#44;6418&#44;6425&#44;6430&#44;6432&#44;6461&#44;6472&#44;6489&#44;6510&#44;6549&#44;6565&#44;6568&#44;6630&#44;6631&#44;6633&#44;6684&#44;6685&#44;6979&#44;7189&#44;8125&#44;8146&#44;8147&#44;8165&#44;8172&#44;8182&#44;8183&#44;8251&#44;8263&#44;8268&#44;8272&#44;8296&#44;""",2/17/20,2/17/20,N
layouts,Bakery Tables,"""37&#44;77""",,2020,3/1/20,1-NewFolderStructure/C037_C077_Bakery_Tables/C37_77_Bakery_Tables_Effective_03012020_Updated_02172020/,_C77_C37_Bakery_Tables_Effective_03012020_Planogram_Updated_02172020.pdf,"""4741&#44;4761&#44;4768&#44;4770&#44;4777&#44;4853&#44;4875&#44;4906&#44;4911&#44;4938&#44;4985&#44;4987&#44;4999&#44;6181&#44;6212&#44;6219&#44;6252&#44;6259&#44;6261&#44;6344&#44;6408&#44;6413&#44;6415&#44;6418&#44;6425&#44;6472&#44;6489&#44;6549&#44;6565&#44;6630&#44;6631&#44;6633&#44;6635&#44;6684&#44;6685&#44;6979&#44;7189&#44;8125&#44;8146&#44;8147&#44;8165&#44;8172&#44;8182&#44;8183&#44;8251&#44;8263&#44;8268&#44;8272&#44;8296&#44;""",2/17/20,2/17/20,N
layouts,Bakery Pallets,"""37-4&#44;77-4""",,2020,3/1/20,1-NewFolderStructure/C037_C077_Bakery_Pallets/C37_77_Bakery_Pallets_Effective_03012020_Updated_02172020/,_C77_C37_Bakery_Pallets_Effective_03012020_Planogram_Updated_02172020.pdf,"""4741&#44;4761&#44;4768&#44;4770&#44;4777&#44;4853&#44;4875&#44;4906&#44;4911&#44;4938&#44;4985&#44;4987&#44;4999&#44;6181&#44;6212&#44;6219&#44;6252&#44;6259&#44;6261&#44;6344&#44;6385&#44;6408&#44;6413&#44;6415&#44;6418&#44;6425&#44;6430&#44;6432&#44;6461&#44;6472&#44;6489&#44;6510&#44;6549&#44;6565&#44;6568&#44;6630&#44;6631&#44;6633&#44;6635&#44;6684&#44;6685&#44;6979&#44;7189&#44;8125&#44;8146&#44;8147&#44;8165&#44;8172&#44;8182&#44;8183&#44;8251&#44;8263&#44;8268&#44;8272&#44;8296&#44;""",2/17/20,2/17/20,N
layouts,Automotive,10,,2020,3/1/20,1-NewFolderStructure/C010_Automotive/C10_Effective_03012020_Updated_02_27_20/,_C10_Effective_030120_Planogram_Updated_022720.pdf,"""4808&#44;4969&#44;8209&#44;6635&#44;""",2/27/20,2/27/20,N
layouts,Bakery Tables,"""37&#44;77""",,2020,3/2/20,1-NewFolderStructure/C037_C077_Bakery_Tables/C37_77_Bakery_Tables_Effective_03022020_Updated_02212020/,_C77_C37_Bakery_Tables_Effective_03022020_Planogram_Updated_02212020.pdf,"""4109&#44;4702&#44;4703&#44;4704&#44;4707&#44;4709&#44;4710&#44;4711&#44;4712&#44;4713&#44;4718&#44;4720&#44;4721&#44;4722&#44;4724&#44;4728&#44;4729&#44;4730&#44;4731&#44;4732&#44;4735&#44;4736&#44;4738&#44;4739&#44;4740&#44;4742&#44;4743&#44;4745&#44;4749&#44;4750&#44;4755&#44;4763&#44;4764&#44;4767&#44;4769&#44;4771&#44;4772&#44;4774&#44;4775&#44;4776&#44;4778&#44;4780&#44;4781&#44;4782&#44;4783&#44;4784&#44;4785&#44;4786&#44;4787&#44;4789&#44;4790&#44;4791&#44;4794&#44;4795&#44;4797&#44;4798&#44;4799&#44;4801&#44;4802&#44;4804&#44;4805&#44;4808&#44;4815&#44;4816&#44;4817&#44;4818&#44;4819&#44;4820&#44;4822&#44;4824&#44;4825&#44;4828&#44;4829&#44;4830&#44;4831&#44;4836&#44;4837&#44;4839&#44;4840&#44;4843&#44;4846&#44;4847&#44;4850&#44;4851&#44;4852&#44;4855&#44;4857&#44;4859&#44;4860&#44;4861&#44;4866&#44;4870&#44;4871&#44;4872&#44;4873&#44;4874&#44;4876&#44;4878&#44;4879&#44;4901&#44;4905&#44;4908&#44;4914&#44;4915&#44;4917&#44;4920&#44;4926&#44;4933&#44;4936&#44;4939&#44;4942&#44;4944&#44;4946&#44;4947&#44;4948&#44;4950&#44;4952&#44;4955&#44;4958&#44;4961&#44;4962&#44;4963&#44;4969&#44;4972&#44;4973&#44;4974&#44;4982&#44;4983&#44;4989&#44;4990&#44;4991&#44;4992&#44;4994&#44;4996&#44;4998&#44;6188&#44;6189&#44;6201&#44;6202&#44;6203&#44;6204&#44;6205&#44;6213&#44;6216&#44;6217&#44;6218&#44;6220&#44;6225&#44;6228&#44;6235&#44;6236&#44;6238&#44;6239&#44;6240&#44;6242&#44;6244&#44;6245&#44;6246&#44;6247&#44;6249&#44;6251&#44;6254&#44;6255&#44;6256&#44;6257&#44;6260&#44;6262&#44;6265&#44;6267&#44;6269&#44;6270&#44;6275&#44;6302&#44;6304&#44;6305&#44;6307&#44;6308&#44;6309&#44;6310&#44;6311&#44;6312&#44;6313&#44;6314&#44;6315&#44;6319&#44;6320&#44;6321&#44;6322&#44;6324&#44;6325&#44;6326&#44;6327&#44;6328&#44;6329&#44;6330&#44;6331&#44;6332&#44;6333&#44;6334&#44;6335&#44;6336&#44;6338&#44;6339&#44;6341&#44;6342&#44;6343&#44;6347&#44;6349&#44;6350&#44;6351&#44;6352&#44;6353&#44;6354&#44;6355&#44;6356&#44;6357&#44;6358&#44;6359&#44;6360&#44;6361&#44;6363&#44;6364&#44;6365&#44;6366&#44;6367&#44;6368&#44;6369&#44;6371&#44;6372&#44;6373&#44;6375&#44;6376&#44;6378&#44;6379&#44;6380&#44;6381&#44;6382&#44;6383&#44;6384&#44;6386&#44;6387&#44;6388&#44;6401&#44;6402&#44;6403&#44;6404&#44;6405&#44;6406&#44;6407&#44;6409&#44;6410&#44;6412&#44;6414&#44;6417&#44;6419&#44;6420&#44;6421&#44;6422&#44;6423&#44;6424&#44;6426&#44;6427&#44;6428&#44;6429&#44;6431&#44;6433&#44;6434&#44;6435&#44;6436&#44;6437&#44;6439&#44;6440&#44;6441&#44;6443&#44;6444&#44;6445&#44;6448&#44;6449&#44;6450&#44;6452&#44;6453&#44;6454&#44;6455&#44;6456&#44;6457&#44;6458&#44;6460&#44;6462&#44;6463&#44;6464&#44;6474&#44;6479&#44;6482&#44;6485&#44;6487&#44;6501&#44;6502&#44;6503&#44;6505&#44;6506&#44;6507&#44;6509&#44;6512&#44;6517&#44;6518&#44;6520&#44;6521&#44;6524&#44;6527&#44;6528&#44;6535&#44;6536&#44;6539&#44;6540&#44;6543&#44;6547&#44;6556&#44;6562&#44;6569&#44;6570&#44;6571&#44;6572&#44;6573&#44;6575&#44;6581&#44;6582&#44;6605&#44;6606&#44;6608&#44;6609&#44;6610&#44;6612&#44;6613&#44;6614&#44;6615&#44;6616&#44;6617&#44;6619&#44;6620&#44;6621&#44;6622&#44;6624&#44;6626&#44;6628&#44;6632&#44;6634&#44;6636&#44;6637&#44;6643&#44;6644&#44;6646&#44;6650&#44;6651&#44;6652&#44;6653&#44;6655&#44;6657&#44;6658&#44;6659&#44;6660&#44;6661&#44;6662&#44;6663&#44;6664&#44;6666&#44;6667&#44;6670&#44;6671&#44;6672&#44;6673&#44;6674&#44;6675&#44;6676&#44;6677&#44;6678&#44;6679&#44;6680&#44;6682&#44;6683&#44;6686&#44;6689&#44;6690&#44;6692&#44;6693&#44;6779&#44;6781&#44;6867&#44;6976&#44;7658&#44;7676&#44;8102&#44;8104&#44;8106&#44;8107&#44;8111&#44;8112&#44;8114&#44;8115&#44;8116&#44;8117&#44;8119&#44;8120&#44;8123&#44;8126&#44;8128&#44;8129&#44;8130&#44;8132&#44;8133&#44;8134&#44;8135&#44;8136&#44;8138&#44;8139&#44;8142&#44;8144&#44;8145&#44;8149&#44;8150&#44;8151&#44;8152&#44;8153&#44;8155&#44;8156&#44;8157&#44;8158&#44;8160&#44;8161&#44;8162&#44;8163&#44;8164&#44;8166&#44;8167&#44;8168&#44;8169&#44;8173&#44;8174&#44;8175&#44;8176&#44;8177&#44;8180&#44;8181&#44;8184&#44;8185&#44;8186&#44;8188&#44;8189&#44;8190&#44;8191&#44;8192&#44;8193&#44;8194&#44;8196&#44;8197&#44;8201&#44;8202&#44;8203&#44;8205&#44;8208&#44;8209&#44;8210&#44;8211&#44;8213&#44;8215&#44;8218&#44;8219&#44;8220&#44;8221&#44;8222&#44;8223&#44;8224&#44;8225&#44;8226&#44;8227&#44;8228&#44;8236&#44;8237&#44;8238&#44;8239&#44;8241&#44;8242&#44;8243&#44;8244&#44;8245&#44;8246&#44;8247&#44;8248&#44;8250&#44;8252&#44;8253&#44;8254&#44;8256&#44;8257&#44;8259&#44;8261&#44;8262&#44;8264&#44;8265&#44;8266&#44;8267&#44;8269&#44;8270&#44;8271&#44;8273&#44;8274&#44;8275&#44;8276&#44;8277&#44;8278&#44;8279&#44;8280&#44;8281&#44;8282&#44;8283&#44;8284&#44;8285&#44;8286&#44;8287&#44;8288&#44;8289&#44;8290&#44;8291&#44;8292&#44;8293&#44;8294&#44;8295&#44;8297&#44;8298&#44;8299&#44;""",2/24/20,2/24/20,N
layouts,Bakery Dessert,"""37-2&#44;77-2""",,2020,3/2/20,1-NewFolderStructure/C037_C077_Bakery_Dessert/C37_77_Bakery_Dessert_Effective_03022020_Updated_02212020/,_C77_C37_Dessert_Effective_03022020_Planogram_Updated_02212020.pdf,"""4109&#44;4702&#44;4703&#44;4704&#44;4707&#44;4709&#44;4710&#44;4711&#44;4712&#44;4713&#44;4718&#44;4720&#44;4721&#44;4722&#44;4724&#44;4728&#44;4729&#44;4730&#44;4731&#44;4732&#44;4735&#44;4736&#44;4738&#44;4739&#44;4740&#44;4741&#44;4742&#44;4743&#44;4745&#44;4749&#44;4750&#44;4755&#44;4761&#44;4763&#44;4764&#44;4767&#44;4768&#44;4769&#44;4770&#44;4771&#44;4772&#44;4774&#44;4775&#44;4776&#44;4777&#44;4778&#44;4780&#44;4781&#44;4782&#44;4783&#44;4784&#44;4785&#44;4786&#44;4787&#44;4789&#44;4790&#44;4791&#44;4794&#44;4795&#44;4797&#44;4798&#44;4799&#44;4801&#44;4802&#44;4804&#44;4805&#44;4808&#44;4815&#44;4816&#44;4817&#44;4818&#44;4819&#44;4820&#44;4822&#44;4824&#44;4825&#44;4828&#44;4829&#44;4830&#44;4831&#44;4836&#44;4837&#44;4839&#44;4840&#44;4843&#44;4846&#44;4847&#44;4850&#44;4851&#44;4852&#44;4853&#44;4855&#44;4857&#44;4859&#44;4860&#44;4861&#44;4866&#44;4870&#44;4872&#44;4873&#44;4874&#44;4875&#44;4876&#44;4878&#44;4879&#44;4901&#44;4905&#44;4906&#44;4911&#44;4914&#44;4915&#44;4917&#44;4920&#44;4925&#44;4926&#44;4933&#44;4936&#44;4939&#44;4942&#44;4944&#44;4946&#44;4947&#44;4948&#44;4950&#44;4952&#44;4955&#44;4958&#44;4961&#44;4962&#44;4963&#44;4969&#44;4972&#44;4973&#44;4974&#44;4982&#44;4983&#44;4985&#44;4987&#44;4989&#44;4990&#44;4991&#44;4992&#44;4994&#44;4996&#44;4998&#44;4999&#44;6181&#44;6188&#44;6189&#44;6201&#44;6202&#44;6203&#44;6204&#44;6205&#44;6212&#44;6213&#44;6216&#44;6217&#44;6218&#44;6219&#44;6220&#44;6225&#44;6228&#44;6235&#44;6236&#44;6238&#44;6239&#44;6240&#44;6242&#44;6244&#44;6245&#44;6246&#44;6247&#44;6249&#44;6251&#44;6252&#44;6254&#44;6255&#44;6256&#44;6257&#44;6259&#44;6260&#44;6261&#44;6262&#44;6265&#44;6267&#44;6269&#44;6270&#44;6275&#44;6302&#44;6304&#44;6305&#44;6307&#44;6308&#44;6309&#44;6310&#44;6311&#44;6312&#44;6313&#44;6314&#44;6315&#44;6317&#44;6319&#44;6320&#44;6321&#44;6322&#44;6324&#44;6325&#44;6326&#44;6327&#44;6328&#44;6329&#44;6330&#44;6331&#44;6332&#44;6333&#44;6334&#44;6335&#44;6336&#44;6338&#44;6339&#44;6341&#44;6342&#44;6343&#44;6344&#44;6345&#44;6347&#44;6348&#44;6349&#44;6350&#44;6351&#44;6352&#44;6353&#44;6354&#44;6355&#44;6356&#44;6357&#44;6358&#44;6359&#44;6360&#44;6361&#44;6363&#44;6364&#44;6365&#44;6366&#44;6367&#44;6368&#44;6369&#44;6371&#44;6372&#44;6373&#44;6375&#44;6376&#44;6378&#44;6379&#44;6380&#44;6381&#44;6382&#44;6383&#44;6384&#44;6386&#44;6387&#44;6388&#44;6401&#44;6402&#44;6403&#44;6404&#44;6405&#44;6406&#44;6407&#44;6408&#44;6409&#44;6410&#44;6412&#44;6413&#44;6414&#44;6415&#44;6418&#44;6419&#44;6420&#44;6421&#44;6422&#44;6423&#44;6425&#44;6426&#44;6427&#44;6428&#44;6429&#44;6431&#44;6433&#44;6434&#44;6435&#44;6436&#44;6437&#44;6439&#44;6440&#44;6441&#44;6443&#44;6444&#44;6445&#44;6448&#44;6449&#44;6450&#44;6452&#44;6453&#44;6454&#44;6455&#44;6456&#44;6457&#44;6458&#44;6460&#44;6462&#44;6463&#44;6464&#44;6472&#44;6474&#44;6479&#44;6482&#44;6485&#44;6487&#44;6489&#44;6501&#44;6502&#44;6503&#44;6505&#44;6506&#44;6507&#44;6509&#44;6512&#44;6517&#44;6518&#44;6520&#44;6521&#44;6524&#44;6527&#44;6528&#44;6535&#44;6536&#44;6539&#44;6540&#44;6543&#44;6547&#44;6549&#44;6562&#44;6565&#44;6569&#44;6570&#44;6571&#44;6572&#44;6573&#44;6575&#44;6581&#44;6582&#44;6604&#44;6605&#44;6606&#44;6608&#44;6609&#44;6610&#44;6612&#44;6613&#44;6614&#44;6615&#44;6616&#44;6617&#44;6619&#44;6620&#44;6621&#44;6622&#44;6624&#44;6626&#44;6628&#44;6630&#44;6631&#44;6632&#44;6633&#44;6634&#44;6635&#44;6636&#44;6637&#44;6643&#44;6644&#44;6646&#44;6650&#44;6651&#44;6652&#44;6653&#44;6655&#44;6657&#44;6658&#44;6659&#44;6660&#44;6661&#44;6662&#44;6663&#44;6664&#44;6666&#44;6667&#44;6670&#44;6671&#44;6672&#44;6673&#44;6674&#44;6675&#44;6676&#44;6677&#44;6678&#44;6679&#44;6680&#44;6682&#44;6683&#44;6684&#44;6685&#44;6686&#44;6689&#44;6690&#44;6692&#44;6693&#44;6779&#44;6781&#44;6867&#44;6976&#44;6979&#44;7189&#44;7658&#44;7676&#44;8102&#44;8104&#44;8106&#44;8107&#44;8111&#44;8112&#44;8114&#44;8115&#44;8116&#44;8117&#44;8119&#44;8120&#44;8123&#44;8125&#44;8126&#44;8128&#44;8129&#44;8130&#44;8132&#44;8133&#44;8134&#44;8135&#44;8136&#44;8138&#44;8139&#44;8141&#44;8142&#44;8144&#44;8145&#44;8146&#44;8147&#44;8149&#44;8150&#44;8151&#44;8152&#44;8153&#44;8155&#44;8156&#44;8157&#44;8158&#44;8160&#44;8161&#44;8162&#44;8163&#44;8164&#44;8165&#44;8166&#44;8167&#44;8168&#44;8169&#44;8172&#44;8173&#44;8174&#44;8175&#44;8176&#44;8177&#44;8181&#44;8182&#44;8183&#44;8184&#44;8185&#44;8186&#44;8188&#44;8190&#44;8191&#44;8192&#44;8193&#44;8194&#44;8196&#44;8197&#44;8201&#44;8202&#44;8203&#44;8205&#44;8207&#44;8208&#44;8209&#44;8210&#44;8211&#44;8213&#44;8215&#44;8218&#44;8219&#44;8220&#44;8221&#44;8222&#44;8223&#44;8224&#44;8225&#44;8226&#44;8227&#44;8228&#44;8236&#44;8237&#44;8238&#44;8239&#44;8241&#44;8242&#44;8243&#44;8244&#44;8245&#44;8246&#44;8247&#44;8248&#44;8250&#44;8251&#44;8252&#44;8253&#44;8254&#44;8256&#44;8257&#44;8259&#44;8261&#44;8262&#44;8263&#44;8264&#44;8265&#44;8266&#44;8267&#44;8268&#44;8269&#44;8270&#44;8271&#44;8272&#44;8273&#44;8274&#44;8275&#44;8276&#44;8277&#44;8278&#44;8279&#44;8280&#44;8281&#44;8282&#44;8283&#44;8284&#44;8285&#44;8286&#44;8287&#44;8288&#44;8289&#44;8290&#44;8291&#44;8292&#44;8293&#44;8294&#44;8295&#44;8296&#44;8297&#44;8298&#44;8299&#44;""",2/24/20,2/24/20,N
layouts,Cake Case,"""37-3&#44;77-3""",,2020,3/2/20,1-NewFolderStructure/C037_C077_Cake_Case/C37_77_Bakery_Cake_Effective_03022020_Updated_02212020/,_C77_C37_Cake_Effective_03022020_Planogram_Updated_02212020.pdf,"""4109&#44;4702&#44;4703&#44;4704&#44;4707&#44;4709&#44;4710&#44;4711&#44;4712&#44;4713&#44;4718&#44;4720&#44;4721&#44;4722&#44;4724&#44;4728&#44;4729&#44;4730&#44;4731&#44;4732&#44;4735&#44;4736&#44;4738&#44;4739&#44;4740&#44;4741&#44;4742&#44;4743&#44;4745&#44;4749&#44;4750&#44;4755&#44;4761&#44;4763&#44;4764&#44;4767&#44;4768&#44;4769&#44;4770&#44;4771&#44;4772&#44;4774&#44;4775&#44;4776&#44;4777&#44;4778&#44;4780&#44;4781&#44;4782&#44;4783&#44;4784&#44;4785&#44;4786&#44;4787&#44;4789&#44;4790&#44;4791&#44;4794&#44;4795&#44;4797&#44;4798&#44;4799&#44;4801&#44;4802&#44;4804&#44;4805&#44;4808&#44;4815&#44;4816&#44;4817&#44;4818&#44;4819&#44;4820&#44;4822&#44;4824&#44;4825&#44;4828&#44;4829&#44;4830&#44;4831&#44;4836&#44;4837&#44;4839&#44;4840&#44;4843&#44;4846&#44;4847&#44;4850&#44;4851&#44;4852&#44;4853&#44;4855&#44;4857&#44;4859&#44;4860&#44;4861&#44;4866&#44;4870&#44;4872&#44;4873&#44;4874&#44;4875&#44;4876&#44;4878&#44;4879&#44;4901&#44;4905&#44;4906&#44;4911&#44;4914&#44;4915&#44;4917&#44;4920&#44;4925&#44;4926&#44;4933&#44;4936&#44;4938&#44;4939&#44;4942&#44;4944&#44;4946&#44;4947&#44;4948&#44;4950&#44;4952&#44;4955&#44;4958&#44;4961&#44;4962&#44;4963&#44;4969&#44;4972&#44;4973&#44;4974&#44;4982&#44;4983&#44;4985&#44;4987&#44;4989&#44;4990&#44;4991&#44;4992&#44;4994&#44;4996&#44;4998&#44;4999&#44;6181&#44;6188&#44;6189&#44;6201&#44;6202&#44;6203&#44;6204&#44;6205&#44;6212&#44;6213&#44;6216&#44;6217&#44;6218&#44;6219&#44;6220&#44;6225&#44;6228&#44;6235&#44;6236&#44;6238&#44;6239&#44;6240&#44;6242&#44;6244&#44;6245&#44;6246&#44;6247&#44;6249&#44;6251&#44;6252&#44;6254&#44;6255&#44;6256&#44;6257&#44;6259&#44;6260&#44;6261&#44;6262&#44;6265&#44;6267&#44;6269&#44;6270&#44;6275&#44;6302&#44;6304&#44;6305&#44;6307&#44;6308&#44;6309&#44;6310&#44;6311&#44;6312&#44;6313&#44;6314&#44;6315&#44;6317&#44;6319&#44;6320&#44;6321&#44;6322&#44;6324&#44;6325&#44;6326&#44;6327&#44;6328&#44;6329&#44;6330&#44;6331&#44;6332&#44;6333&#44;6334&#44;6335&#44;6336&#44;6338&#44;6339&#44;6341&#44;6342&#44;6343&#44;6344&#44;6345&#44;6347&#44;6348&#44;6349&#44;6350&#44;6351&#44;6352&#44;6353&#44;6354&#44;6355&#44;6356&#44;6357&#44;6358&#44;6359&#44;6360&#44;6361&#44;6363&#44;6364&#44;6365&#44;6366&#44;6367&#44;6368&#44;6369&#44;6371&#44;6372&#44;6373&#44;6375&#44;6376&#44;6378&#44;6379&#44;6380&#44;6381&#44;6382&#44;6383&#44;6384&#44;6386&#44;6387&#44;6388&#44;6401&#44;6402&#44;6403&#44;6404&#44;6405&#44;6406&#44;6407&#44;6408&#44;6409&#44;6410&#44;6412&#44;6413&#44;6414&#44;6415&#44;6418&#44;6419&#44;6420&#44;6421&#44;6422&#44;6423&#44;6425&#44;6426&#44;6427&#44;6428&#44;6429&#44;6431&#44;6433&#44;6434&#44;6435&#44;6436&#44;6437&#44;6439&#44;6440&#44;6441&#44;6443&#44;6444&#44;6445&#44;6448&#44;6449&#44;6450&#44;6452&#44;6453&#44;6454&#44;6455&#44;6456&#44;6457&#44;6458&#44;6460&#44;6462&#44;6463&#44;6464&#44;6472&#44;6474&#44;6479&#44;6482&#44;6485&#44;6487&#44;6489&#44;6501&#44;6502&#44;6503&#44;6505&#44;6506&#44;6507&#44;6509&#44;6512&#44;6517&#44;6518&#44;6520&#44;6521&#44;6524&#44;6527&#44;6528&#44;6535&#44;6536&#44;6539&#44;6540&#44;6543&#44;6547&#44;6549&#44;6562&#44;6565&#44;6569&#44;6570&#44;6571&#44;6572&#44;6573&#44;6575&#44;6581&#44;6582&#44;6604&#44;6605&#44;6606&#44;6608&#44;6609&#44;6610&#44;6612&#44;6613&#44;6614&#44;6615&#44;6616&#44;6617&#44;6619&#44;6620&#44;6621&#44;6622&#44;6624&#44;6626&#44;6628&#44;6630&#44;6631&#44;6632&#44;6633&#44;6634&#44;6635&#44;6636&#44;6637&#44;6643&#44;6644&#44;6646&#44;6650&#44;6651&#44;6652&#44;6653&#44;6655&#44;6657&#44;6658&#44;6659&#44;6660&#44;6661&#44;6662&#44;6663&#44;6664&#44;6666&#44;6667&#44;6670&#44;6671&#44;6672&#44;6673&#44;6674&#44;6675&#44;6676&#44;6677&#44;6678&#44;6679&#44;6680&#44;6682&#44;6683&#44;6684&#44;6685&#44;6686&#44;6689&#44;6690&#44;6692&#44;6693&#44;6779&#44;6781&#44;6867&#44;6976&#44;6979&#44;7189&#44;7658&#44;7676&#44;8102&#44;8104&#44;8106&#44;8107&#44;8111&#44;8112&#44;8114&#44;8115&#44;8116&#44;8117&#44;8119&#44;8120&#44;8123&#44;8125&#44;8126&#44;8128&#44;8129&#44;8130&#44;8132&#44;8133&#44;8134&#44;8135&#44;8136&#44;8138&#44;8139&#44;8141&#44;8142&#44;8144&#44;8145&#44;8146&#44;8147&#44;8149&#44;8150&#44;8151&#44;8152&#44;8153&#44;8155&#44;8156&#44;8157&#44;8158&#44;8160&#44;8161&#44;8162&#44;8163&#44;8164&#44;8165&#44;8166&#44;8167&#44;8168&#44;8169&#44;8172&#44;8173&#44;8174&#44;8175&#44;8176&#44;8177&#44;8181&#44;8182&#44;8183&#44;8184&#44;8185&#44;8186&#44;8188&#44;8190&#44;8191&#44;8192&#44;8193&#44;8194&#44;8196&#44;8197&#44;8201&#44;8202&#44;8203&#44;8205&#44;8207&#44;8208&#44;8209&#44;8210&#44;8211&#44;8213&#44;8215&#44;8218&#44;8219&#44;8220&#44;8221&#44;8222&#44;8223&#44;8224&#44;8225&#44;8226&#44;8227&#44;8228&#44;8236&#44;8237&#44;8238&#44;8239&#44;8241&#44;8242&#44;8243&#44;8244&#44;8245&#44;8246&#44;8247&#44;8248&#44;8250&#44;8251&#44;8252&#44;8253&#44;8254&#44;8256&#44;8257&#44;8259&#44;8261&#44;8262&#44;8263&#44;8264&#44;8265&#44;8266&#44;8267&#44;8268&#44;8269&#44;8270&#44;8271&#44;8272&#44;8273&#44;8274&#44;8275&#44;8276&#44;8277&#44;8278&#44;8279&#44;8280&#44;8281&#44;8282&#44;8283&#44;8284&#44;8285&#44;8286&#44;8287&#44;8288&#44;8289&#44;8290&#44;8291&#44;8292&#44;8293&#44;8294&#44;8295&#44;8296&#44;8297&#44;8298&#44;8299&#44;""",2/24/20,2/24/20,N
layouts,Bakery Pallets,"""37-4&#44;77-4""",,2020,3/2/20,1-NewFolderStructure/C037_C077_Bakery_Pallets/C37_77_Bakery_Pallets_Effective_03022020_Updated_02212020/,_C77_C37_Bakery_Pallets_Effective_03022020_Planogram_Updated_02212020.pdf,"""4109&#44;4702&#44;4703&#44;4704&#44;4707&#44;4709&#44;4710&#44;4711&#44;4712&#44;4713&#44;4718&#44;4720&#44;4721&#44;4722&#44;4724&#44;4728&#44;4729&#44;4730&#44;4731&#44;4732&#44;4736&#44;4738&#44;4739&#44;4740&#44;4742&#44;4743&#44;4745&#44;4749&#44;4750&#44;4755&#44;4763&#44;4764&#44;4767&#44;4769&#44;4771&#44;4772&#44;4774&#44;4775&#44;4776&#44;4778&#44;4780&#44;4781&#44;4782&#44;4783&#44;4784&#44;4785&#44;4786&#44;4787&#44;4789&#44;4790&#44;4791&#44;4794&#44;4795&#44;4797&#44;4798&#44;4799&#44;4801&#44;4802&#44;4804&#44;4805&#44;4808&#44;4815&#44;4816&#44;4817&#44;4818&#44;4819&#44;4820&#44;4822&#44;4824&#44;4825&#44;4828&#44;4829&#44;4830&#44;4831&#44;4836&#44;4837&#44;4839&#44;4840&#44;4843&#44;4846&#44;4847&#44;4850&#44;4851&#44;4852&#44;4855&#44;4857&#44;4859&#44;4860&#44;4861&#44;4866&#44;4870&#44;4872&#44;4873&#44;4874&#44;4876&#44;4878&#44;4879&#44;4901&#44;4905&#44;4914&#44;4915&#44;4917&#44;4920&#44;4926&#44;4930&#44;4933&#44;4936&#44;4939&#44;4942&#44;4944&#44;4946&#44;4947&#44;4948&#44;4950&#44;4952&#44;4955&#44;4958&#44;4961&#44;4962&#44;4963&#44;4969&#44;4972&#44;4973&#44;4974&#44;4983&#44;4989&#44;4990&#44;4991&#44;4992&#44;4994&#44;4996&#44;4998&#44;6188&#44;6189&#44;6201&#44;6202&#44;6203&#44;6204&#44;6205&#44;6213&#44;6216&#44;6217&#44;6218&#44;6220&#44;6225&#44;6228&#44;6235&#44;6236&#44;6238&#44;6239&#44;6240&#44;6242&#44;6244&#44;6245&#44;6246&#44;6247&#44;6249&#44;6251&#44;6254&#44;6255&#44;6256&#44;6257&#44;6260&#44;6262&#44;6265&#44;6267&#44;6269&#44;6270&#44;6275&#44;6302&#44;6304&#44;6305&#44;6307&#44;6308&#44;6309&#44;6310&#44;6311&#44;6312&#44;6313&#44;6314&#44;6315&#44;6317&#44;6319&#44;6320&#44;6321&#44;6322&#44;6325&#44;6326&#44;6327&#44;6328&#44;6329&#44;6330&#44;6331&#44;6332&#44;6333&#44;6334&#44;6335&#44;6336&#44;6338&#44;6339&#44;6341&#44;6342&#44;6343&#44;6347&#44;6348&#44;6349&#44;6350&#44;6351&#44;6352&#44;6353&#44;6354&#44;6355&#44;6356&#44;6357&#44;6358&#44;6359&#44;6360&#44;6361&#44;6363&#44;6364&#44;6365&#44;6366&#44;6367&#44;6368&#44;6369&#44;6371&#44;6372&#44;6373&#44;6375&#44;6376&#44;6378&#44;6379&#44;6380&#44;6381&#44;6382&#44;6383&#44;6384&#44;6386&#44;6387&#44;6388&#44;6401&#44;6402&#44;6403&#44;6404&#44;6405&#44;6406&#44;6407&#44;6409&#44;6410&#44;6414&#44;6419&#44;6420&#44;6421&#44;6422&#44;6423&#44;6427&#44;6429&#44;6431&#44;6433&#44;6434&#44;6435&#44;6436&#44;6437&#44;6439&#44;6440&#44;6441&#44;6443&#44;6444&#44;6445&#44;6448&#44;6449&#44;6450&#44;6452&#44;6453&#44;6454&#44;6455&#44;6456&#44;6457&#44;6458&#44;6460&#44;6462&#44;6463&#44;6464&#44;6471&#44;6474&#44;6479&#44;6482&#44;6485&#44;6487&#44;6501&#44;6502&#44;6503&#44;6505&#44;6506&#44;6507&#44;6509&#44;6512&#44;6514&#44;6517&#44;6518&#44;6520&#44;6521&#44;6524&#44;6527&#44;6528&#44;6533&#44;6535&#44;6536&#44;6539&#44;6540&#44;6543&#44;6547&#44;6562&#44;6569&#44;6570&#44;6571&#44;6572&#44;6573&#44;6575&#44;6581&#44;6582&#44;6604&#44;6605&#44;6606&#44;6608&#44;6609&#44;6610&#44;6612&#44;6613&#44;6614&#44;6615&#44;6616&#44;6617&#44;6619&#44;6620&#44;6621&#44;6622&#44;6624&#44;6626&#44;6628&#44;6632&#44;6634&#44;6636&#44;6637&#44;6643&#44;6644&#44;6646&#44;6650&#44;6651&#44;6652&#44;6653&#44;6655&#44;6657&#44;6658&#44;6659&#44;6660&#44;6661&#44;6662&#44;6663&#44;6664&#44;6666&#44;6667&#44;6670&#44;6671&#44;6672&#44;6673&#44;6674&#44;6675&#44;6676&#44;6677&#44;6678&#44;6679&#44;6680&#44;6682&#44;6683&#44;6686&#44;6689&#44;6690&#44;6692&#44;6693&#44;6779&#44;6781&#44;6867&#44;6976&#44;7658&#44;7676&#44;8102&#44;8104&#44;8106&#44;8107&#44;8111&#44;8112&#44;8114&#44;8115&#44;8116&#44;8119&#44;8120&#44;8123&#44;8126&#44;8128&#44;8129&#44;8130&#44;8132&#44;8133&#44;8134&#44;8135&#44;8136&#44;8138&#44;8139&#44;8141&#44;8142&#44;8144&#44;8145&#44;8149&#44;8150&#44;8151&#44;8152&#44;8153&#44;8155&#44;8156&#44;8157&#44;8158&#44;8160&#44;8161&#44;8162&#44;8163&#44;8164&#44;8166&#44;8167&#44;8168&#44;8169&#44;8173&#44;8174&#44;8175&#44;8176&#44;8177&#44;8181&#44;8184&#44;8185&#44;8186&#44;8188&#44;8190&#44;8191&#44;8192&#44;8193&#44;8194&#44;8196&#44;8197&#44;8201&#44;8202&#44;8203&#44;8205&#44;8207&#44;8208&#44;8209&#44;8210&#44;8211&#44;8213&#44;8215&#44;8218&#44;8219&#44;8220&#44;8221&#44;8222&#44;8223&#44;8224&#44;8225&#44;8226&#44;8228&#44;8236&#44;8237&#44;8238&#44;8239&#44;8241&#44;8242&#44;8243&#44;8244&#44;8245&#44;8246&#44;8247&#44;8248&#44;8250&#44;8252&#44;8253&#44;8254&#44;8256&#44;8257&#44;8259&#44;8261&#44;8262&#44;8264&#44;8265&#44;8266&#44;8267&#44;8269&#44;8270&#44;8271&#44;8273&#44;8274&#44;8275&#44;8276&#44;8277&#44;8278&#44;8279&#44;8280&#44;8281&#44;8282&#44;8283&#44;8284&#44;8285&#44;8286&#44;8287&#44;8288&#44;8289&#44;8290&#44;8291&#44;8292&#44;8293&#44;8294&#44;8295&#44;8297&#44;8298&#44;8299&#44;""",2/24/20,2/24/20,N
layouts,Bakery Pallets,"""37-4&#44;77-4""",,2020,3/2/20,1-NewFolderStructure/C037_C077_Bakery_Pallets/C37_77_Bakery_Pallets_Effective_03022020_Updated_02262020/,_C77_C37_Bakery_Pallets_Effective_03022020_Planogram_Updated_02262020.pdf,"""4735&#44;""",2/24/20,2/24/20,N
layouts,Café Grab and Go,79-3,,2020,3/2/20,1-NewFolderStructure/C079_Cafe_Grab_n_Go/C79_Cafe_Grab_and_Go_Effective_03022020/,_C79_Cafe_Grab_and_Go_Effective_03022020.pdf,"""4109&#44;4702&#44;4703&#44;4704&#44;4707&#44;4709&#44;4710&#44;4711&#44;4712&#44;4713&#44;4718&#44;4720&#44;4721&#44;4722&#44;4728&#44;4729&#44;4730&#44;4731&#44;4732&#44;4735&#44;4736&#44;4738&#44;4739&#44;4740&#44;4741&#44;4742&#44;4745&#44;4749&#44;4750&#44;4755&#44;4761&#44;4763&#44;4764&#44;4767&#44;4768&#44;4769&#44;4770&#44;4771&#44;4772&#44;4774&#44;4775&#44;4777&#44;4778&#44;4780&#44;4781&#44;4782&#44;4783&#44;4784&#44;4785&#44;4786&#44;4787&#44;4790&#44;4791&#44;4794&#44;4795&#44;4797&#44;4798&#44;4799&#44;4801&#44;4804&#44;4805&#44;4808&#44;4815&#44;4816&#44;4818&#44;4819&#44;4820&#44;4822&#44;4824&#44;4825&#44;4828&#44;4829&#44;4830&#44;4831&#44;4837&#44;4839&#44;4840&#44;4843&#44;4846&#44;4847&#44;4850&#44;4851&#44;4852&#44;4853&#44;4855&#44;4857&#44;4859&#44;4860&#44;4861&#44;4870&#44;4871&#44;4872&#44;4873&#44;4874&#44;4875&#44;4876&#44;4878&#44;4879&#44;4901&#44;4905&#44;4906&#44;4908&#44;4911&#44;4914&#44;4915&#44;4917&#44;4920&#44;4926&#44;4930&#44;4933&#44;4936&#44;4938&#44;4939&#44;4942&#44;4944&#44;4946&#44;4947&#44;4948&#44;4950&#44;4952&#44;4955&#44;4958&#44;4961&#44;4962&#44;4963&#44;4969&#44;4972&#44;4973&#44;4974&#44;4982&#44;4983&#44;4985&#44;4987&#44;4991&#44;4992&#44;4994&#44;4996&#44;4998&#44;4999&#44;6181&#44;6188&#44;6189&#44;6201&#44;6202&#44;6203&#44;6204&#44;6205&#44;6212&#44;6213&#44;6216&#44;6217&#44;6218&#44;6219&#44;6220&#44;6228&#44;6235&#44;6236&#44;6238&#44;6239&#44;6240&#44;6242&#44;6244&#44;6245&#44;6246&#44;6247&#44;6249&#44;6251&#44;6252&#44;6254&#44;6255&#44;6256&#44;6257&#44;6259&#44;6260&#44;6261&#44;6262&#44;6265&#44;6267&#44;6269&#44;6275&#44;6302&#44;6304&#44;6305&#44;6307&#44;6308&#44;6309&#44;6310&#44;6311&#44;6312&#44;6313&#44;6314&#44;6315&#44;6317&#44;6319&#44;6320&#44;6321&#44;6322&#44;6324&#44;6325&#44;6326&#44;6327&#44;6328&#44;6329&#44;6330&#44;6331&#44;6332&#44;6333&#44;6334&#44;6335&#44;6336&#44;6338&#44;6339&#44;6341&#44;6342&#44;6343&#44;6344&#44;6345&#44;6347&#44;6348&#44;6349&#44;6350&#44;6351&#44;6352&#44;6353&#44;6354&#44;6355&#44;6356&#44;6357&#44;6358&#44;6359&#44;6360&#44;6363&#44;6364&#44;6365&#44;6366&#44;6367&#44;6368&#44;6369&#44;6371&#44;6372&#44;6373&#44;6375&#44;6376&#44;6377&#44;6379&#44;6380&#44;6381&#44;6382&#44;6383&#44;6384&#44;6385&#44;6386&#44;6387&#44;6388&#44;6401&#44;6402&#44;6403&#44;6405&#44;6406&#44;6407&#44;6408&#44;6409&#44;6410&#44;6412&#44;6413&#44;6414&#44;6415&#44;6417&#44;6418&#44;6419&#44;6420&#44;6421&#44;6422&#44;6423&#44;6424&#44;6425&#44;6426&#44;6427&#44;6428&#44;6429&#44;6430&#44;6431&#44;6432&#44;6433&#44;6434&#44;6436&#44;6437&#44;6439&#44;6441&#44;6443&#44;6444&#44;6445&#44;6448&#44;6450&#44;6452&#44;6453&#44;6454&#44;6456&#44;6457&#44;6458&#44;6460&#44;6461&#44;6462&#44;6463&#44;6464&#44;6471&#44;6472&#44;6482&#44;6485&#44;6487&#44;6489&#44;6501&#44;6502&#44;6503&#44;6505&#44;6507&#44;6509&#44;6510&#44;6512&#44;6514&#44;6517&#44;6518&#44;6520&#44;6521&#44;6524&#44;6527&#44;6528&#44;6533&#44;6535&#44;6539&#44;6540&#44;6547&#44;6549&#44;6556&#44;6562&#44;6565&#44;6567&#44;6568&#44;6569&#44;6570&#44;6571&#44;6572&#44;6573&#44;6575&#44;6582&#44;6604&#44;6605&#44;6606&#44;6608&#44;6609&#44;6610&#44;6612&#44;6613&#44;6614&#44;6615&#44;6616&#44;6617&#44;6619&#44;6620&#44;6621&#44;6622&#44;6624&#44;6626&#44;6628&#44;6630&#44;6631&#44;6632&#44;6633&#44;6634&#44;6635&#44;6636&#44;6637&#44;6643&#44;6644&#44;6646&#44;6650&#44;6651&#44;6652&#44;6653&#44;6655&#44;6657&#44;6658&#44;6659&#44;6660&#44;6661&#44;6662&#44;6666&#44;6667&#44;6670&#44;6671&#44;6672&#44;6673&#44;6674&#44;6675&#44;6676&#44;6677&#44;6678&#44;6679&#44;6682&#44;6683&#44;6684&#44;6685&#44;6686&#44;6692&#44;6693&#44;6779&#44;6781&#44;6867&#44;6976&#44;6979&#44;7189&#44;7658&#44;7676&#44;8104&#44;8111&#44;8112&#44;8114&#44;8115&#44;8116&#44;8117&#44;8119&#44;8120&#44;8123&#44;8125&#44;8126&#44;8128&#44;8129&#44;8130&#44;8132&#44;8133&#44;8134&#44;8135&#44;8136&#44;8138&#44;8139&#44;8141&#44;8142&#44;8144&#44;8145&#44;8146&#44;8147&#44;8149&#44;8150&#44;8152&#44;8153&#44;8155&#44;8156&#44;8157&#44;8158&#44;8160&#44;8161&#44;8162&#44;8163&#44;8164&#44;8165&#44;8166&#44;8167&#44;8168&#44;8169&#44;8172&#44;8173&#44;8174&#44;8175&#44;8176&#44;8177&#44;8181&#44;8182&#44;8183&#44;8184&#44;8185&#44;8186&#44;8188&#44;8189&#44;8190&#44;8193&#44;8194&#44;8197&#44;8201&#44;8203&#44;8205&#44;8207&#44;8208&#44;8209&#44;8210&#44;8211&#44;8215&#44;8218&#44;8219&#44;8220&#44;8221&#44;8222&#44;8223&#44;8224&#44;8225&#44;8226&#44;8227&#44;8228&#44;8236&#44;8237&#44;8238&#44;8239&#44;8241&#44;8242&#44;8243&#44;8244&#44;8245&#44;8246&#44;8250&#44;8251&#44;8252&#44;8253&#44;8254&#44;8256&#44;8257&#44;8259&#44;8261&#44;8262&#44;8263&#44;8264&#44;8265&#44;8266&#44;8267&#44;8268&#44;8269&#44;8270&#44;8271&#44;8272&#44;8273&#44;8274&#44;8275&#44;8276&#44;8277&#44;8278&#44;8279&#44;8280&#44;8281&#44;8282&#44;8283&#44;8284&#44;8285&#44;8286&#44;8287&#44;8288&#44;8289&#44;8290&#44;8292&#44;8293&#44;8294&#44;8295&#44;8296&#44;8297&#44;8298&#44;8299&#44;""",2/24/20,2/24/20,N
layouts,Meat and Seafood,"""72&#44;76&#44;93""",,2020,3/2/20,1-NewFolderStructure/C076_C072_C093_Fresh_Meat_Seafood/C72_C76_C79_C93_Effective_03022020_Planogram_Updated_02242020/,_C72_C76_C79_C93_Effective_03022020_Planogram_Updated_02242020.pdf,"""4109&#44;4702&#44;4703&#44;4704&#44;4707&#44;4710&#44;4711&#44;4712&#44;4713&#44;4718&#44;4720&#44;4721&#44;4722&#44;4724&#44;4728&#44;4729&#44;4730&#44;4731&#44;4732&#44;4735&#44;4736&#44;4738&#44;4740&#44;4741&#44;4742&#44;4743&#44;4745&#44;4749&#44;4750&#44;4761&#44;4763&#44;4764&#44;4767&#44;4768&#44;4769&#44;4770&#44;4771&#44;4772&#44;4774&#44;4775&#44;4776&#44;4777&#44;4778&#44;4780&#44;4781&#44;4782&#44;4783&#44;4784&#44;4785&#44;4786&#44;4787&#44;4789&#44;4790&#44;4791&#44;4794&#44;4797&#44;4798&#44;4799&#44;4801&#44;4802&#44;4804&#44;4805&#44;4815&#44;4816&#44;4817&#44;4818&#44;4819&#44;4820&#44;4822&#44;4824&#44;4825&#44;4828&#44;4829&#44;4830&#44;4831&#44;4836&#44;4837&#44;4839&#44;4840&#44;4843&#44;4846&#44;4847&#44;4850&#44;4851&#44;4852&#44;4853&#44;4857&#44;4859&#44;4860&#44;4861&#44;4866&#44;4870&#44;4871&#44;4872&#44;4873&#44;4874&#44;4875&#44;4876&#44;4878&#44;4879&#44;4901&#44;4906&#44;4908&#44;4911&#44;4914&#44;4915&#44;4917&#44;4920&#44;4926&#44;4930&#44;4933&#44;4936&#44;4938&#44;4939&#44;4942&#44;4944&#44;4946&#44;4947&#44;4948&#44;4950&#44;4952&#44;4955&#44;4958&#44;4961&#44;4962&#44;4963&#44;4972&#44;4973&#44;4974&#44;4983&#44;4985&#44;4987&#44;4989&#44;4990&#44;4991&#44;4992&#44;4994&#44;4996&#44;4998&#44;4999&#44;6188&#44;6189&#44;6201&#44;6202&#44;6203&#44;6204&#44;6205&#44;6212&#44;6213&#44;6216&#44;6217&#44;6218&#44;6219&#44;6220&#44;6225&#44;6228&#44;6235&#44;6236&#44;6238&#44;6239&#44;6240&#44;6242&#44;6244&#44;6245&#44;6246&#44;6247&#44;6249&#44;6251&#44;6252&#44;6254&#44;6255&#44;6256&#44;6257&#44;6259&#44;6260&#44;6261&#44;6262&#44;6265&#44;6267&#44;6269&#44;6270&#44;6275&#44;6302&#44;6304&#44;6305&#44;6307&#44;6308&#44;6309&#44;6310&#44;6311&#44;6312&#44;6313&#44;6314&#44;6315&#44;6317&#44;6319&#44;6320&#44;6321&#44;6322&#44;6324&#44;6325&#44;6326&#44;6327&#44;6328&#44;6329&#44;6330&#44;6331&#44;6332&#44;6333&#44;6334&#44;6336&#44;6338&#44;6339&#44;6341&#44;6342&#44;6343&#44;6344&#44;6345&#44;6347&#44;6348&#44;6349&#44;6350&#44;6351&#44;6352&#44;6353&#44;6354&#44;6355&#44;6356&#44;6357&#44;6358&#44;6359&#44;6361&#44;6363&#44;6364&#44;6365&#44;6366&#44;6367&#44;6368&#44;6369&#44;6371&#44;6372&#44;6373&#44;6375&#44;6376&#44;6377&#44;6378&#44;6379&#44;6380&#44;6381&#44;6382&#44;6383&#44;6384&#44;6385&#44;6386&#44;6387&#44;6388&#44;6401&#44;6402&#44;6403&#44;6404&#44;6405&#44;6406&#44;6407&#44;6408&#44;6412&#44;6413&#44;6417&#44;6418&#44;6419&#44;6420&#44;6421&#44;6422&#44;6423&#44;6424&#44;6425&#44;6426&#44;6427&#44;6428&#44;6429&#44;6430&#44;6431&#44;6432&#44;6433&#44;6434&#44;6435&#44;6436&#44;6437&#44;6439&#44;6440&#44;6441&#44;6443&#44;6444&#44;6445&#44;6448&#44;6449&#44;6450&#44;6452&#44;6453&#44;6454&#44;6455&#44;6456&#44;6457&#44;6458&#44;6460&#44;6461&#44;6462&#44;6463&#44;6464&#44;6471&#44;6472&#44;6474&#44;6479&#44;6482&#44;6485&#44;6487&#44;6489&#44;6501&#44;6502&#44;6503&#44;6505&#44;6506&#44;6507&#44;6509&#44;6510&#44;6512&#44;6514&#44;6517&#44;6518&#44;6521&#44;6527&#44;6528&#44;6533&#44;6535&#44;6536&#44;6539&#44;6543&#44;6547&#44;6549&#44;6556&#44;6562&#44;6567&#44;6568&#44;6569&#44;6570&#44;6571&#44;6573&#44;6575&#44;6581&#44;6582&#44;6604&#44;6605&#44;6606&#44;6608&#44;6609&#44;6610&#44;6612&#44;6613&#44;6614&#44;6615&#44;6616&#44;6617&#44;6619&#44;6620&#44;6621&#44;6622&#44;6624&#44;6626&#44;6628&#44;6630&#44;6631&#44;6632&#44;6633&#44;6634&#44;6635&#44;6646&#44;6650&#44;6651&#44;6652&#44;6653&#44;6655&#44;6657&#44;6658&#44;6659&#44;6660&#44;6661&#44;6662&#44;6663&#44;6664&#44;6666&#44;6667&#44;6670&#44;6671&#44;6672&#44;6673&#44;6674&#44;6675&#44;6676&#44;6677&#44;6678&#44;6679&#44;6680&#44;6682&#44;6683&#44;6684&#44;6685&#44;6686&#44;6689&#44;6690&#44;6692&#44;6693&#44;6779&#44;6781&#44;6867&#44;6976&#44;6979&#44;7189&#44;7658&#44;7676&#44;8102&#44;8104&#44;8107&#44;8111&#44;8112&#44;8114&#44;8115&#44;8116&#44;8117&#44;8119&#44;8120&#44;8123&#44;8125&#44;8126&#44;8128&#44;8129&#44;8130&#44;8132&#44;8133&#44;8134&#44;8135&#44;8136&#44;8142&#44;8144&#44;8145&#44;8146&#44;8147&#44;8150&#44;8151&#44;8152&#44;8153&#44;8155&#44;8156&#44;8157&#44;8160&#44;8161&#44;8162&#44;8163&#44;8164&#44;8165&#44;8166&#44;8167&#44;8168&#44;8169&#44;8172&#44;8173&#44;8174&#44;8175&#44;8176&#44;8177&#44;8180&#44;8182&#44;8183&#44;8184&#44;8185&#44;8186&#44;8188&#44;8189&#44;8190&#44;8191&#44;8192&#44;8193&#44;8194&#44;8196&#44;8197&#44;8202&#44;8203&#44;8205&#44;8207&#44;8208&#44;8210&#44;8211&#44;8215&#44;8219&#44;8220&#44;8221&#44;8222&#44;8223&#44;8224&#44;8226&#44;8227&#44;8228&#44;8237&#44;8238&#44;8239&#44;8241&#44;8242&#44;8243&#44;8244&#44;8245&#44;8246&#44;8247&#44;8248&#44;8250&#44;8251&#44;8252&#44;8253&#44;8254&#44;8256&#44;8257&#44;8259&#44;8261&#44;8262&#44;8263&#44;8265&#44;8266&#44;8267&#44;8268&#44;8269&#44;8270&#44;8271&#44;8272&#44;8273&#44;8274&#44;8275&#44;8276&#44;8277&#44;8278&#44;8279&#44;8280&#44;8281&#44;8282&#44;8284&#44;8285&#44;8286&#44;8287&#44;8288&#44;8289&#44;8290&#44;8291&#44;8292&#44;8293&#44;8294&#44;8295&#44;8296&#44;8297&#44;8299&#44;""",2/25/20,2/25/20,N
layouts,Bakery Tables,"""37&#44;77""",,2020,3/2/20,1-NewFolderStructure/C037_C077_Bakery_Tables/C37_77_Bakery_Tables_Effective_03022020_Updated_02272020/,_C77_C37_Bakery_Tables_Effective_03022020_Planogram_Updated_02272020.pdf,"""8141&#44;""",2/27/20,2/27/20,N
layouts,Café Grab and Go,79-3,,2020,3/2/20,1-NewFolderStructure/C079_Cafe_Grab_n_Go/C79_Cafe_Grab_and_Go_Effective_03022020_Update_02262020/,_C79_Cafe_Grab_and_Go_Effective_03022020_Update_02262020.pdf,"""4724&#44;4776&#44;4789&#44;4802&#44;4817&#44;4836&#44;4989&#44;4990&#44;6361&#44;6435&#44;6440&#44;6506&#44;8102&#44;8106&#44;8107&#44;8151&#44;8192&#44;8196&#44;8213&#44;8247&#44;""",2/27/20,2/27/20,N
layouts,Bakery Pallets,"""37-4&#44;77-4""",,2020,3/2/20,1-NewFolderStructure/C037_C077_Bakery_Pallets/C37_77_Bakery_Pallets_Effective_03022020_Updated_02282020/,_C77_C37_Bakery_Pallets_Effective_03022020_Planogram_Updated_02272020.pdf,"""6345&#44;6428&#44;""",2/28/20,2/28/20,N
layouts,Meat and Seafood,"""72&#44;76&#44;93""",,2020,3/2/20,1-NewFolderStructure/C076_C072_C093_Fresh_Meat_Seafood/C72_C76_C93_Effective_03022020_Planogram_Updated_02282020/,_C72_C76_C93_Effective_03022020_Planogram_Updated_02282020.pdf,"""4709&#44;4739&#44;4795&#44;4855&#44;4905&#44;4982&#44;6335&#44;6360&#44;6415&#44;6520&#44;6565&#44;6636&#44;6644&#44;8106&#44;8138&#44;8139&#44;8141&#44;8149&#44;8181&#44;8201&#44;8225&#44;8236&#44;8264&#44;""",2/28/20,2/28/20,N
layouts,Café Grab and Go,79-3,,2020,3/2/20,1-NewFolderStructure/C079_Cafe_Grab_n_Go/C79_Cafe_Grab_and_Go_Effective_03022020_Update_02282020/,_C79_Cafe_Grab_and_Go_Effective_03022020_Update_02282020.pdf,"""6536&#44;6581&#44;6663&#44;6664&#44;8191&#44;8248&#44;8291&#44;""",2/28/20,2/28/20,N
layouts,Bakery Tables,"""37&#44;77""",,2020,3/2/20,1-NewFolderStructure/C037_C077_Bakery_Tables/C37_77_Bakery_Tables_Effective_03022020_Updated_03022020/,_C77_C37_Bakery_Tables_Effective_03022020_Planogram_Updated_03022020.pdf,"""6567&#44;6604&#44;""",3/2/20,3/2/20,N
layouts,Bakery Pallets,"""37-4&#44;77-4""",,2020,3/2/20,1-NewFolderStructure/C037_C077_Bakery_Pallets/C37_77_Bakery_Pallets_Effective_03022020_Updated_03022020/,_C77_C37_Bakery_Pallets_Effective_0302020_Planogram_Updated_03022020.pdf,"""4871&#44;4908&#44;4930&#44;6377&#44;6385&#44;6417&#44;6426&#44;6430&#44;6432&#44;6471&#44;6510&#44;6514&#44;6533&#44;6556&#44;6568&#44;8180&#44;8189&#44;""",3/2/20,3/2/20,N
layouts,Café Grab and Go,79-3,,2020,3/2/20,1-NewFolderStructure/C079_Cafe_Grab_n_Go/C79_Cafe_Grab_n_Go_Effective_03022020_Update_03042020/,_C79_Cafe _Grab_and_Go_Effective_03022020_Update_03042020.pdf,"""6474&#44;8202&#44;""",3/4/20,3/4/20,N
layouts,Meat and Seafood,"""72&#44;76&#44;93""",,2020,3/2/20,1-NewFolderStructure/C076_C072_C093_Fresh_Meat_Seafood/C72_C76_C79_C93_Effective_03022020_Planogram_Updated_03062020/,_C72_C76_C79_C93_Effective_03022020_Planogram_Updated_03062020.pdf,"""4808&#44;4925&#44;4969&#44;6409&#44;6540&#44;6572&#44;6637&#44;6643&#44;8158&#44;8209&#44;8213&#44;8225&#44;8283&#44;8298&#44;""",3/6/20,3/6/20,N
layouts,Café Grab and Go,79-3,,2020,3/2/20,1-NewFolderStructure/C079_Cafe_Grab_n_Go/C79_Cafe_Grab_and_Go_Effective_03022020_Update_03062020/,_C79_Cafe _Grab_and_Go_Effective_03022020_Update_03062020.pdf,"""4743&#44;""",3/6/20,3/6/20,N
layouts,HMS,79-2,,2020,3/2/20,1-NewFolderStructure/C079_HMS/C79_HMS_Effective_03022020_Update_03092020/,_C79_HMS_Effective_03022020_Update_03092020.pdf,"""4866&#44;6225&#44;6270&#44;6543&#44;6680&#44;6689&#44;6690&#44;""",3/10/20,3/10/20,N
layouts,Bakery Tables,"""37&#44;77""",,2020,3/2/20,1-NewFolderStructure/C037_C077_Bakery_Tables/C37_77_Bakery_Tables_Effective_03022020_Updated_03122020/,_C77_C37_Bakery_Tables_Effective_03022020_Planogram_Updated_03122020.pdf,"""4925&#44;6317&#44;6345&#44;6348&#44;6414&#44;8207&#44;""",3/12/20,3/12/20,N
layouts,Bakery Dessert,"""37-2&#44;77-2""",,2020,3/2/20,1-NewFolderStructure/C037_C077_Bakery_Dessert/C37_77_Bakery_Dessert_Effective_03022020_Updated_03122020/,_C77_C37_Dessert_Effective_03022020_Planogram_Updated_03122020.pdf,"""4938&#44;""",3/12/20,3/12/20,N
layouts,Bakery Pallets,"""37-4&#44;77-4""",,2020,3/2/20,1-NewFolderStructure/C037_C077_Bakery_Pallets/C37_77_Bakery_Pallets_Effective_03022020_Updated_03122020/,_C77_C37_Bakery_Pallets_Effective_03022020_Planogram_Updated_03122020.pdf,"""6424&#44;6461&#44;6510&#44;8117&#44;8227&#44;""",3/12/20,3/12/20,N
layouts,HMS,79-2,,2020,3/2/20,1-NewFolderStructure/C079_HMS/C79_HMS_Effective_03022020_Update_03132020/,_C79_HMS_Effective_03022020_Update_03132020.pdf,"""4109&#44;4702&#44;4703&#44;4704&#44;4707&#44;4709&#44;4710&#44;4711&#44;4712&#44;4713&#44;4718&#44;4720&#44;4721&#44;4722&#44;4724&#44;4728&#44;4729&#44;4730&#44;4731&#44;4732&#44;4735&#44;4736&#44;4738&#44;4739&#44;4740&#44;4741&#44;4742&#44;4743&#44;4745&#44;4749&#44;4750&#44;4755&#44;4761&#44;4763&#44;4764&#44;4767&#44;4768&#44;4769&#44;4770&#44;4771&#44;4772&#44;4774&#44;4775&#44;4776&#44;4777&#44;4778&#44;4780&#44;4781&#44;4782&#44;4783&#44;4784&#44;4785&#44;4786&#44;4787&#44;4789&#44;4790&#44;4791&#44;4794&#44;4795&#44;4797&#44;4798&#44;4799&#44;4801&#44;4802&#44;4804&#44;4805&#44;4808&#44;4815&#44;4816&#44;4817&#44;4818&#44;4819&#44;4820&#44;4822&#44;4824&#44;4825&#44;4828&#44;4829&#44;4830&#44;4831&#44;4836&#44;4837&#44;4839&#44;4840&#44;4843&#44;4846&#44;4847&#44;4850&#44;4851&#44;4852&#44;4853&#44;4855&#44;4857&#44;4859&#44;4860&#44;4861&#44;4870&#44;4871&#44;4872&#44;4874&#44;4875&#44;4876&#44;4878&#44;4879&#44;4901&#44;4905&#44;4906&#44;4908&#44;4911&#44;4914&#44;4915&#44;4917&#44;4920&#44;4925&#44;4926&#44;4930&#44;4933&#44;4936&#44;4938&#44;4939&#44;4942&#44;4944&#44;4946&#44;4947&#44;4948&#44;4950&#44;4952&#44;4955&#44;4958&#44;4961&#44;4962&#44;4963&#44;4972&#44;4973&#44;4974&#44;4982&#44;4983&#44;4985&#44;4987&#44;4989&#44;4990&#44;4991&#44;4992&#44;4994&#44;4996&#44;4998&#44;4999&#44;6181&#44;6188&#44;6189&#44;6201&#44;6202&#44;6203&#44;6204&#44;6205&#44;6212&#44;6213&#44;6216&#44;6217&#44;6218&#44;6219&#44;6220&#44;6228&#44;6235&#44;6236&#44;6238&#44;6239&#44;6240&#44;6242&#44;6244&#44;6245&#44;6246&#44;6247&#44;6249&#44;6251&#44;6252&#44;6254&#44;6255&#44;6256&#44;6257&#44;6259&#44;6260&#44;6261&#44;6262&#44;6265&#44;6267&#44;6269&#44;6275&#44;6302&#44;6304&#44;6305&#44;6307&#44;6308&#44;6309&#44;6310&#44;6311&#44;6312&#44;6313&#44;6314&#44;6315&#44;6317&#44;6319&#44;6320&#44;6321&#44;6322&#44;6324&#44;6325&#44;6326&#44;6327&#44;6328&#44;6329&#44;6330&#44;6331&#44;6332&#44;6333&#44;6334&#44;6335&#44;6336&#44;6338&#44;6339&#44;6341&#44;6342&#44;6343&#44;6344&#44;6345&#44;6347&#44;6348&#44;6349&#44;6350&#44;6351&#44;6352&#44;6353&#44;6354&#44;6355&#44;6356&#44;6357&#44;6358&#44;6359&#44;6360&#44;6361&#44;6363&#44;6364&#44;6365&#44;6366&#44;6367&#44;6368&#44;6369&#44;6371&#44;6372&#44;6373&#44;6375&#44;6377&#44;6378&#44;6379&#44;6380&#44;6381&#44;6382&#44;6383&#44;6384&#44;6385&#44;6386&#44;6387&#44;6388&#44;6401&#44;6402&#44;6403&#44;6404&#44;6405&#44;6406&#44;6407&#44;6408&#44;6409&#44;6410&#44;6412&#44;6413&#44;6414&#44;6415&#44;6417&#44;6418&#44;6419&#44;6420&#44;6421&#44;6422&#44;6423&#44;6424&#44;6425&#44;6426&#44;6427&#44;6428&#44;6429&#44;6430&#44;6431&#44;6432&#44;6433&#44;6434&#44;6435&#44;6436&#44;6437&#44;6439&#44;6440&#44;6441&#44;6443&#44;6444&#44;6445&#44;6448&#44;6449&#44;6450&#44;6452&#44;6453&#44;6454&#44;6455&#44;6456&#44;6457&#44;6458&#44;6460&#44;6461&#44;6462&#44;6463&#44;6464&#44;6471&#44;6472&#44;6474&#44;6479&#44;6482&#44;6485&#44;6487&#44;6489&#44;6501&#44;6502&#44;6503&#44;6505&#44;6506&#44;6507&#44;6509&#44;6510&#44;6512&#44;6514&#44;6517&#44;6518&#44;6520&#44;6521&#44;6524&#44;6527&#44;6528&#44;6533&#44;6535&#44;6536&#44;6539&#44;6540&#44;6547&#44;6549&#44;6556&#44;6562&#44;6565&#44;6567&#44;6568&#44;6569&#44;6570&#44;6571&#44;6572&#44;6573&#44;6575&#44;6581&#44;6582&#44;6604&#44;6605&#44;6606&#44;6608&#44;6609&#44;6610&#44;6612&#44;6613&#44;6614&#44;6615&#44;6616&#44;6617&#44;6619&#44;6620&#44;6621&#44;6622&#44;6624&#44;6626&#44;6628&#44;6630&#44;6631&#44;6632&#44;6633&#44;6634&#44;6635&#44;6636&#44;6637&#44;6643&#44;6644&#44;6646&#44;6650&#44;6651&#44;6652&#44;6653&#44;6655&#44;6657&#44;6658&#44;6659&#44;6660&#44;6661&#44;6662&#44;6663&#44;6664&#44;6666&#44;6667&#44;6670&#44;6671&#44;6672&#44;6673&#44;6674&#44;6675&#44;6676&#44;6677&#44;6678&#44;6679&#44;6682&#44;6683&#44;6684&#44;6685&#44;6686&#44;6692&#44;6779&#44;6781&#44;6976&#44;6979&#44;7189&#44;7658&#44;7676&#44;8102&#44;8104&#44;8106&#44;8107&#44;8111&#44;8112&#44;8114&#44;8115&#44;8116&#44;8117&#44;8119&#44;8120&#44;8123&#44;8125&#44;8126&#44;8128&#44;8129&#44;8130&#44;8132&#44;8133&#44;8134&#44;8135&#44;8136&#44;8138&#44;8139&#44;8141&#44;8142&#44;8144&#44;8145&#44;8146&#44;8147&#44;8149&#44;8150&#44;8151&#44;8152&#44;8153&#44;8155&#44;8156&#44;8157&#44;8158&#44;8160&#44;8161&#44;8162&#44;8163&#44;8164&#44;8165&#44;8166&#44;8167&#44;8168&#44;8169&#44;8172&#44;8173&#44;8174&#44;8175&#44;8176&#44;8177&#44;8180&#44;8181&#44;8182&#44;8183&#44;8184&#44;8185&#44;8186&#44;8188&#44;8189&#44;8190&#44;8191&#44;8192&#44;8193&#44;8194&#44;8196&#44;8197&#44;8201&#44;8202&#44;8203&#44;8205&#44;8207&#44;8208&#44;8209&#44;8210&#44;8211&#44;8213&#44;8215&#44;8218&#44;8219&#44;8220&#44;8221&#44;8222&#44;8223&#44;8224&#44;8225&#44;8226&#44;8227&#44;8228&#44;8236&#44;8237&#44;8238&#44;8239&#44;8241&#44;8242&#44;8243&#44;8244&#44;8245&#44;8246&#44;8247&#44;8248&#44;8250&#44;8251&#44;8252&#44;8253&#44;8254&#44;8256&#44;8257&#44;8259&#44;8261&#44;8262&#44;8263&#44;8264&#44;8265&#44;8266&#44;8267&#44;8268&#44;8269&#44;8270&#44;8271&#44;8272&#44;8273&#44;8274&#44;8275&#44;8276&#44;8277&#44;8278&#44;8279&#44;8280&#44;8281&#44;8282&#44;8283&#44;8284&#44;8285&#44;8286&#44;8287&#44;8288&#44;8289&#44;8290&#44;8291&#44;8292&#44;8293&#44;8294&#44;8295&#44;8296&#44;8297&#44;8298&#44;8299&#44;""",3/16/20,3/16/20,N
layouts,HMS,79-2,,2020,3/2/20,1-NewFolderStructure/C079_HMS/C79_HMS_Effective_03022020_Update_03192020/,_C79_HMS_Effective_03022020_Update_03192020.pdf,"""4969&#44;6376&#44;""",3/20/20,3/20/20,Y
layouts,HMS,79-2,,2020,3/2/20,1-NewFolderStructure/C079_HMS/C79_HMS_Effective_03022020_Update_03242020/,_C79_HMS_Effective_03022020_Update_03242020.pdf,"""4873&#44;""",4/1/20,3/24/20,N
layouts,HMS,79-2,,2020,3/2/20,1-NewFolderStructure/C079_HMS/C79_HMS_Effective_03022020_Update_03272020/,_C79_HMS_Effective_03022020_Update_03272020.pdf,"""6867&#44;""",3/27/20,3/27/20,Y
layouts,Deli,57,,2020,3/16/20,1-NewFolderStructure/C057_Deli/C57_Effective_03152020_Planogram_Update_02-28-2020/,_C57_Effective_03152020_Planogram_Update_02-28-2020.pdf,"""4109&#44;4702&#44;4703&#44;4704&#44;4707&#44;4709&#44;4710&#44;4711&#44;4712&#44;4713&#44;4718&#44;4720&#44;4721&#44;4722&#44;4724&#44;4728&#44;4729&#44;4730&#44;4731&#44;4732&#44;4735&#44;4736&#44;4738&#44;4739&#44;4740&#44;4741&#44;4742&#44;4743&#44;4745&#44;4749&#44;4750&#44;4755&#44;4761&#44;4763&#44;4764&#44;4767&#44;4768&#44;4770&#44;4771&#44;4772&#44;4774&#44;4775&#44;4776&#44;4777&#44;4778&#44;4780&#44;4781&#44;4782&#44;4783&#44;4784&#44;4785&#44;4786&#44;4787&#44;4789&#44;4790&#44;4791&#44;4794&#44;4795&#44;4797&#44;4798&#44;4799&#44;4801&#44;4802&#44;4804&#44;4805&#44;4808&#44;4815&#44;4816&#44;4817&#44;4818&#44;4819&#44;4820&#44;4822&#44;4824&#44;4825&#44;4828&#44;4829&#44;4830&#44;4831&#44;4836&#44;4837&#44;4839&#44;4840&#44;4843&#44;4846&#44;4847&#44;4850&#44;4851&#44;4852&#44;4853&#44;4857&#44;4859&#44;4861&#44;4866&#44;4870&#44;4871&#44;4872&#44;4873&#44;4874&#44;4875&#44;4876&#44;4878&#44;4879&#44;4901&#44;4905&#44;4908&#44;4914&#44;4915&#44;4917&#44;4920&#44;4925&#44;4926&#44;4930&#44;4933&#44;4936&#44;4938&#44;4939&#44;4942&#44;4944&#44;4946&#44;4947&#44;4948&#44;4950&#44;4952&#44;4955&#44;4958&#44;4961&#44;4962&#44;4963&#44;4972&#44;4973&#44;4982&#44;4983&#44;4985&#44;4987&#44;4989&#44;4990&#44;4991&#44;4992&#44;4994&#44;4996&#44;4998&#44;4999&#44;6181&#44;6188&#44;6189&#44;6201&#44;6202&#44;6203&#44;6204&#44;6205&#44;6212&#44;6213&#44;6216&#44;6217&#44;6218&#44;6219&#44;6220&#44;6225&#44;6228&#44;6235&#44;6236&#44;6238&#44;6240&#44;6244&#44;6245&#44;6246&#44;6247&#44;6249&#44;6251&#44;6252&#44;6254&#44;6256&#44;6257&#44;6259&#44;6260&#44;6261&#44;6267&#44;6269&#44;6270&#44;6275&#44;6302&#44;6304&#44;6305&#44;6307&#44;6308&#44;6309&#44;6310&#44;6311&#44;6312&#44;6313&#44;6314&#44;6315&#44;6319&#44;6320&#44;6321&#44;6322&#44;6324&#44;6325&#44;6326&#44;6327&#44;6328&#44;6329&#44;6330&#44;6331&#44;6333&#44;6334&#44;6335&#44;6336&#44;6338&#44;6339&#44;6341&#44;6342&#44;6343&#44;6344&#44;6345&#44;6347&#44;6348&#44;6349&#44;6350&#44;6351&#44;6352&#44;6353&#44;6354&#44;6355&#44;6356&#44;6357&#44;6358&#44;6359&#44;6360&#44;6361&#44;6363&#44;6364&#44;6365&#44;6366&#44;6367&#44;6368&#44;6369&#44;6371&#44;6372&#44;6373&#44;6375&#44;6377&#44;6378&#44;6379&#44;6380&#44;6381&#44;6382&#44;6383&#44;6384&#44;6385&#44;6386&#44;6387&#44;6388&#44;6401&#44;6402&#44;6403&#44;6404&#44;6405&#44;6406&#44;6407&#44;6408&#44;6409&#44;6410&#44;6412&#44;6413&#44;6414&#44;6415&#44;6417&#44;6418&#44;6419&#44;6420&#44;6421&#44;6423&#44;6424&#44;6425&#44;6426&#44;6427&#44;6428&#44;6429&#44;6430&#44;6431&#44;6432&#44;6433&#44;6434&#44;6435&#44;6436&#44;6437&#44;6439&#44;6440&#44;6441&#44;6443&#44;6444&#44;6445&#44;6448&#44;6449&#44;6450&#44;6452&#44;6453&#44;6454&#44;6455&#44;6456&#44;6457&#44;6458&#44;6460&#44;6461&#44;6462&#44;6463&#44;6471&#44;6472&#44;6479&#44;6482&#44;6485&#44;6487&#44;6489&#44;6501&#44;6502&#44;6503&#44;6505&#44;6506&#44;6507&#44;6509&#44;6510&#44;6512&#44;6514&#44;6517&#44;6518&#44;6520&#44;6521&#44;6524&#44;6527&#44;6528&#44;6533&#44;6535&#44;6536&#44;6539&#44;6540&#44;6543&#44;6547&#44;6549&#44;6556&#44;6562&#44;6565&#44;6567&#44;6568&#44;6569&#44;6570&#44;6571&#44;6572&#44;6573&#44;6575&#44;6582&#44;6604&#44;6605&#44;6606&#44;6608&#44;6609&#44;6610&#44;6612&#44;6613&#44;6614&#44;6615&#44;6616&#44;6617&#44;6619&#44;6620&#44;6621&#44;6622&#44;6624&#44;6626&#44;6628&#44;6630&#44;6631&#44;6632&#44;6633&#44;6634&#44;6635&#44;6636&#44;6637&#44;6643&#44;6644&#44;6646&#44;6650&#44;6651&#44;6652&#44;6653&#44;6655&#44;6657&#44;6658&#44;6659&#44;6660&#44;6661&#44;6662&#44;6663&#44;6664&#44;6666&#44;6667&#44;6670&#44;6671&#44;6672&#44;6673&#44;6674&#44;6675&#44;6676&#44;6677&#44;6678&#44;6679&#44;6680&#44;6682&#44;6683&#44;6684&#44;6685&#44;6686&#44;6689&#44;6690&#44;6692&#44;6693&#44;6779&#44;6781&#44;6976&#44;6979&#44;7658&#44;7676&#44;8102&#44;8104&#44;8106&#44;8107&#44;8111&#44;8112&#44;8114&#44;8115&#44;8116&#44;8117&#44;8119&#44;8120&#44;8123&#44;8125&#44;8126&#44;8128&#44;8129&#44;8130&#44;8132&#44;8133&#44;8134&#44;8135&#44;8136&#44;8138&#44;8139&#44;8141&#44;8142&#44;8144&#44;8145&#44;8146&#44;8147&#44;8149&#44;8150&#44;8151&#44;8152&#44;8153&#44;8155&#44;8156&#44;8157&#44;8158&#44;8160&#44;8162&#44;8163&#44;8164&#44;8165&#44;8166&#44;8167&#44;8168&#44;8169&#44;8172&#44;8173&#44;8174&#44;8175&#44;8176&#44;8177&#44;8180&#44;8181&#44;8182&#44;8183&#44;8184&#44;8185&#44;8186&#44;8188&#44;8189&#44;8190&#44;8191&#44;8192&#44;8193&#44;8194&#44;8196&#44;8197&#44;8201&#44;8202&#44;8203&#44;8205&#44;8207&#44;8208&#44;8209&#44;8210&#44;8211&#44;8213&#44;8215&#44;8218&#44;8219&#44;8220&#44;8221&#44;8222&#44;8223&#44;8224&#44;8225&#44;8226&#44;8227&#44;8228&#44;8236&#44;8237&#44;8239&#44;8241&#44;8242&#44;8243&#44;8244&#44;8245&#44;8246&#44;8247&#44;8248&#44;8251&#44;8252&#44;8253&#44;8254&#44;8256&#44;8257&#44;8259&#44;8261&#44;8262&#44;8263&#44;8264&#44;8265&#44;8266&#44;8267&#44;8268&#44;8269&#44;8270&#44;8271&#44;8272&#44;8273&#44;8274&#44;8275&#44;8276&#44;8277&#44;8278&#44;8279&#44;8280&#44;8281&#44;8282&#44;8283&#44;8284&#44;8285&#44;8286&#44;8287&#44;8288&#44;8289&#44;8290&#44;8291&#44;8292&#44;8293&#44;8294&#44;8295&#44;8296&#44;8299&#44;""",3/2/20,3/2/20,N
layouts,Deli,57,,2020,3/16/20,1-NewFolderStructure/C057_Deli/C57_Effective_03162020_Planogram_Update_03-09-2020/,_C57_Effective_03162020_Planogram_Update_03-09-2020.pdf,"""4969&#44;""",3/9/20,3/9/20,N
layouts,Deli,57,,2020,3/16/20,1-NewFolderStructure/C057_Deli/C57_Effective_03162020_Planogram_Update_02-25-2020/,_C57_Effective_03162020_Planogram_Update_02-25-2020.pdf,"""4784&#44;4786&#44;4846&#44;6330&#44;6347&#44;6379&#44;6385&#44;6605&#44;6633&#44;8160&#44;8191&#44;8226&#44;8237&#44;8241&#44;8252&#44;8270&#44;""",3/16/20,3/16/20,N
layouts,Deli,57,,2020,3/16/20,1-NewFolderStructure/C057_Deli/C57_Effective_03162020_Planogram_Update_03-13-2020/,_C57_Effective_03162020_Planogram_Update_03-13-2020.pdf,"""4743&#44;6251&#44;6257&#44;6619&#44;6630&#44;8117&#44;8149&#44;8210&#44;8248&#44;8268&#44;8269&#44;8297&#44;""",3/16/20,3/16/20,N
layouts,Deli,57,,2020,3/16/20,1-NewFolderStructure/C057_Deli/C57_Effective_03162020_Planogram_Update_03312020/,_C57_Effective_03162020_Planogram_Update_03-30-2020.pdf,"""4769&#44;4855&#44;4860&#44;4906&#44;4974&#44;6239&#44;6242&#44;6255&#44;6262&#44;6265&#44;6317&#44;6332&#44;6376&#44;6422&#44;6464&#44;6474&#44;6581&#44;7189&#44;8161&#44;8238&#44;8250&#44;8297&#44;8298&#44;""",4/1/20,4/1/20,Y
layouts,Deli,57,,2020,3/16/20,1-NewFolderStructure/C057_Deli/C57_Effective_03162020_Update_04102020/,_C57_Effective_03162020_Planogram_Update_04-10-2020.pdf,"""4911&#44;6867&#44;""",4/8/20,4/8/20,Y
layouts,Deli,57,,2020,3/16/20,1-NewFolderStructure/C057_Deli/C57_Effective_03162020_Planogram_Update_04-10-2020/,_C57_Effective_03162020_Planogram_Update_04-10-2020.pdf,"""4873&#44;4911&#44;4947&#44;6259&#44;6308&#44;6517&#44;6604&#44;6643&#44;6867&#44;""",4/14/20,4/10/20,Y
layouts,Automotive,10,,2020,4/6/20,1-NewFolderStructure/C010_Automotive/C10_Effective_04062020_Updated_03262020/,_C10_Effective_040620_Planogram_Updated_032620.pdf,"""4709&#44;4735&#44;4736&#44;4755&#44;4787&#44;4815&#44;4822&#44;4824&#44;4873&#44;4973&#44;4974&#44;4983&#44;6240&#44;6246&#44;6254&#44;6257&#44;6267&#44;6309&#44;6310&#44;6311&#44;6312&#44;6320&#44;6321&#44;6324&#44;6334&#44;6376&#44;6378&#44;6382&#44;6405&#44;6410&#44;6427&#44;6433&#44;6436&#44;6455&#44;6474&#44;6485&#44;6487&#44;6501&#44;6514&#44;6535&#44;6609&#44;6610&#44;6613&#44;6614&#44;6616&#44;6619&#44;6622&#44;6624&#44;6643&#44;6867&#44;8128&#44;8149&#44;8158&#44;8162&#44;8164&#44;8167&#44;8174&#44;8177&#44;8185&#44;8190&#44;8210&#44;8215&#44;8238&#44;8297&#44;8298&#44;""",4/2/20,3/26/20,Y
layouts,HMS,79-2,,2020,4/6/20,1-NewFolderStructure/C079_HMS/C79_HMS_Effective_04062020/,_C79_HMS_Effective_04062020.pdf,"""4704&#44;4707&#44;4709&#44;4710&#44;4711&#44;4712&#44;4713&#44;4718&#44;4722&#44;4724&#44;4728&#44;4729&#44;4730&#44;4732&#44;4735&#44;4736&#44;4739&#44;4740&#44;4741&#44;4745&#44;4749&#44;4750&#44;4755&#44;4770&#44;4771&#44;4772&#44;4774&#44;4775&#44;4776&#44;4777&#44;4778&#44;4780&#44;4781&#44;4785&#44;4786&#44;4787&#44;4789&#44;4790&#44;4791&#44;4794&#44;4797&#44;4798&#44;4801&#44;4804&#44;4805&#44;4815&#44;4816&#44;4817&#44;4818&#44;4819&#44;4820&#44;4822&#44;4824&#44;4828&#44;4829&#44;4830&#44;4831&#44;4836&#44;4837&#44;4839&#44;4840&#44;4846&#44;4847&#44;4851&#44;4853&#44;4855&#44;4857&#44;4859&#44;4860&#44;4866&#44;4870&#44;4871&#44;4872&#44;4874&#44;4875&#44;4876&#44;4878&#44;4879&#44;4901&#44;4908&#44;4917&#44;4920&#44;4925&#44;4926&#44;4930&#44;4936&#44;4938&#44;4939&#44;4944&#44;4946&#44;4947&#44;4950&#44;4952&#44;4962&#44;4963&#44;4972&#44;4973&#44;4982&#44;4983&#44;4985&#44;4987&#44;4989&#44;4990&#44;4991&#44;4992&#44;4994&#44;4996&#44;4998&#44;4999&#44;6181&#44;6188&#44;6189&#44;6201&#44;6203&#44;6204&#44;6212&#44;6216&#44;6217&#44;6218&#44;6219&#44;6220&#44;6225&#44;6236&#44;6238&#44;6239&#44;6240&#44;6242&#44;6246&#44;6247&#44;6249&#44;6251&#44;6252&#44;6254&#44;6256&#44;6257&#44;6259&#44;6260&#44;6267&#44;6270&#44;6275&#44;6302&#44;6304&#44;6305&#44;6307&#44;6308&#44;6309&#44;6310&#44;6311&#44;6312&#44;6313&#44;6314&#44;6315&#44;6317&#44;6319&#44;6320&#44;6321&#44;6322&#44;6324&#44;6325&#44;6326&#44;6327&#44;6328&#44;6329&#44;6330&#44;6331&#44;6332&#44;6333&#44;6334&#44;6335&#44;6338&#44;6339&#44;6341&#44;6342&#44;6343&#44;6344&#44;6345&#44;6348&#44;6349&#44;6351&#44;6352&#44;6353&#44;6354&#44;6355&#44;6356&#44;6357&#44;6358&#44;6359&#44;6360&#44;6361&#44;6363&#44;6364&#44;6365&#44;6366&#44;6367&#44;6368&#44;6369&#44;6371&#44;6373&#44;6375&#44;6377&#44;6378&#44;6379&#44;6380&#44;6382&#44;6383&#44;6384&#44;6385&#44;6386&#44;6387&#44;6388&#44;6401&#44;6402&#44;6403&#44;6404&#44;6405&#44;6406&#44;6407&#44;6408&#44;6409&#44;6410&#44;6412&#44;6413&#44;6414&#44;6415&#44;6417&#44;6418&#44;6419&#44;6420&#44;6421&#44;6423&#44;6424&#44;6425&#44;6426&#44;6427&#44;6428&#44;6429&#44;6430&#44;6431&#44;6432&#44;6433&#44;6434&#44;6435&#44;6436&#44;6437&#44;6440&#44;6441&#44;6443&#44;6444&#44;6445&#44;6448&#44;6449&#44;6450&#44;6452&#44;6453&#44;6454&#44;6455&#44;6456&#44;6457&#44;6458&#44;6460&#44;6461&#44;6462&#44;6463&#44;6464&#44;6472&#44;6474&#44;6479&#44;6482&#44;6485&#44;6487&#44;6489&#44;6501&#44;6503&#44;6505&#44;6506&#44;6507&#44;6509&#44;6510&#44;6512&#44;6514&#44;6517&#44;6518&#44;6520&#44;6521&#44;6524&#44;6527&#44;6528&#44;6533&#44;6535&#44;6536&#44;6539&#44;6540&#44;6543&#44;6547&#44;6549&#44;6556&#44;6562&#44;6565&#44;6567&#44;6568&#44;6569&#44;6570&#44;6571&#44;6572&#44;6573&#44;6575&#44;6581&#44;6582&#44;6609&#44;6610&#44;6612&#44;6613&#44;6614&#44;6615&#44;6616&#44;6617&#44;6619&#44;6620&#44;6621&#44;6622&#44;6624&#44;6626&#44;6628&#44;6630&#44;6631&#44;6633&#44;6634&#44;6635&#44;6636&#44;6637&#44;6643&#44;6644&#44;6646&#44;6650&#44;6651&#44;6652&#44;6653&#44;6655&#44;6657&#44;6658&#44;6660&#44;6661&#44;6662&#44;6663&#44;6664&#44;6666&#44;6670&#44;6671&#44;6673&#44;6674&#44;6675&#44;6676&#44;6677&#44;6678&#44;6679&#44;6680&#44;6682&#44;6683&#44;6684&#44;6685&#44;6686&#44;6689&#44;6690&#44;6867&#44;6976&#44;6979&#44;7658&#44;8102&#44;8104&#44;8106&#44;8107&#44;8111&#44;8112&#44;8114&#44;8115&#44;8116&#44;8119&#44;8120&#44;8123&#44;8125&#44;8128&#44;8129&#44;8130&#44;8132&#44;8133&#44;8134&#44;8135&#44;8136&#44;8138&#44;8139&#44;8141&#44;8142&#44;8144&#44;8145&#44;8146&#44;8147&#44;8149&#44;8150&#44;8151&#44;8152&#44;8155&#44;8157&#44;8158&#44;8160&#44;8161&#44;8162&#44;8163&#44;8164&#44;8165&#44;8166&#44;8167&#44;8168&#44;8169&#44;8172&#44;8173&#44;8174&#44;8175&#44;8176&#44;8177&#44;8180&#44;8181&#44;8182&#44;8183&#44;8184&#44;8185&#44;8186&#44;8188&#44;8189&#44;8190&#44;8191&#44;8192&#44;8193&#44;8194&#44;8196&#44;8197&#44;8201&#44;8202&#44;8203&#44;8205&#44;8207&#44;8208&#44;8211&#44;8213&#44;8215&#44;8218&#44;8219&#44;8220&#44;8221&#44;8222&#44;8223&#44;8225&#44;8228&#44;8236&#44;8237&#44;8238&#44;8242&#44;8243&#44;8245&#44;8247&#44;8251&#44;8252&#44;8253&#44;8254&#44;8256&#44;8257&#44;8261&#44;8263&#44;8266&#44;8271&#44;8272&#44;8275&#44;8276&#44;8278&#44;8281&#44;8282&#44;8283&#44;8285&#44;8287&#44;8290&#44;8291&#44;8292&#44;8293&#44;8294&#44;8296&#44;8297&#44;8298&#44;4109&#44;4702&#44;4703&#44;4720&#44;4721&#44;4738&#44;4763&#44;4764&#44;4767&#44;4769&#44;4782&#44;4784&#44;4799&#44;4802&#44;4843&#44;4850&#44;4852&#44;4861&#44;4914&#44;4915&#44;4933&#44;4942&#44;4955&#44;4958&#44;6202&#44;6205&#44;6213&#44;6228&#44;6235&#44;6245&#44;6262&#44;6269&#44;6336&#44;6347&#44;6422&#44;6471&#44;6502&#44;6604&#44;6605&#44;6606&#44;6608&#44;6632&#44;6659&#44;6667&#44;6672&#44;6692&#44;8126&#44;8153&#44;8156&#44;8227&#44;8244&#44;8246&#44;8250&#44;8259&#44;8262&#44;8264&#44;8265&#44;8267&#44;8273&#44;8274&#44;8280&#44;8284&#44;8286&#44;""",4/2/20,4/1/20,Y
layouts,Café Grab and Go,79-3,,2020,4/6/20,1-NewFolderStructure/C079_Cafe_Grab_n_Go/C79_Cafe_Grab_and_Go_Effective_04062020/,_C79_Cafe_Grab_and_Go_Effective_04062020.pdf,"""4704&#44;4707&#44;4709&#44;4710&#44;4711&#44;4712&#44;4713&#44;4718&#44;4722&#44;4724&#44;4728&#44;4729&#44;4730&#44;4731&#44;4732&#44;4735&#44;4736&#44;4740&#44;4741&#44;4742&#44;4743&#44;4745&#44;4749&#44;4750&#44;4755&#44;4761&#44;4768&#44;4770&#44;4771&#44;4772&#44;4774&#44;4775&#44;4776&#44;4777&#44;4778&#44;4780&#44;4781&#44;4783&#44;4785&#44;4786&#44;4787&#44;4789&#44;4790&#44;4791&#44;4794&#44;4795&#44;4797&#44;4798&#44;4801&#44;4808&#44;4815&#44;4816&#44;4818&#44;4819&#44;4822&#44;4824&#44;4825&#44;4828&#44;4829&#44;4830&#44;4831&#44;4836&#44;4839&#44;4840&#44;4846&#44;4847&#44;4851&#44;4853&#44;4855&#44;4857&#44;4859&#44;4860&#44;4870&#44;4871&#44;4872&#44;4874&#44;4875&#44;4876&#44;4878&#44;4879&#44;4901&#44;4905&#44;4906&#44;4908&#44;4911&#44;4917&#44;4920&#44;4925&#44;4926&#44;4930&#44;4936&#44;4939&#44;4944&#44;4946&#44;4947&#44;4950&#44;4952&#44;4962&#44;4963&#44;4969&#44;4972&#44;4973&#44;4974&#44;4982&#44;4983&#44;4985&#44;4987&#44;4990&#44;4991&#44;4992&#44;4994&#44;4996&#44;4998&#44;4999&#44;6181&#44;6188&#44;6189&#44;6201&#44;6203&#44;6212&#44;6216&#44;6217&#44;6218&#44;6219&#44;6220&#44;6236&#44;6238&#44;6239&#44;6240&#44;6242&#44;6246&#44;6247&#44;6249&#44;6251&#44;6252&#44;6254&#44;6256&#44;6257&#44;6259&#44;6260&#44;6261&#44;6265&#44;6267&#44;6275&#44;6302&#44;6304&#44;6305&#44;6307&#44;6308&#44;6309&#44;6310&#44;6311&#44;6312&#44;6313&#44;6314&#44;6315&#44;6317&#44;6319&#44;6320&#44;6321&#44;6322&#44;6324&#44;6325&#44;6326&#44;6327&#44;6328&#44;6329&#44;6330&#44;6331&#44;6332&#44;6333&#44;6334&#44;6335&#44;6338&#44;6339&#44;6341&#44;6342&#44;6343&#44;6344&#44;6345&#44;6348&#44;6349&#44;6350&#44;6351&#44;6352&#44;6353&#44;6354&#44;6355&#44;6356&#44;6357&#44;6358&#44;6359&#44;6360&#44;6363&#44;6364&#44;6365&#44;6366&#44;6367&#44;6368&#44;6369&#44;6371&#44;6372&#44;6373&#44;6375&#44;6376&#44;6377&#44;6379&#44;6380&#44;6381&#44;6382&#44;6383&#44;6384&#44;6385&#44;6386&#44;6387&#44;6388&#44;6401&#44;6402&#44;6403&#44;6405&#44;6406&#44;6407&#44;6408&#44;6409&#44;6410&#44;6412&#44;6413&#44;6414&#44;6415&#44;6417&#44;6418&#44;6419&#44;6420&#44;6421&#44;6423&#44;6424&#44;6425&#44;6426&#44;6427&#44;6428&#44;6429&#44;6430&#44;6431&#44;6432&#44;6433&#44;6434&#44;6435&#44;6436&#44;6437&#44;6440&#44;6441&#44;6443&#44;6444&#44;6445&#44;6448&#44;6450&#44;6452&#44;6453&#44;6454&#44;6456&#44;6457&#44;6458&#44;6460&#44;6461&#44;6462&#44;6463&#44;6464&#44;6472&#44;6474&#44;6482&#44;6485&#44;6487&#44;6489&#44;6501&#44;6505&#44;6507&#44;6512&#44;6514&#44;6517&#44;6518&#44;6520&#44;6521&#44;6524&#44;6528&#44;6533&#44;6535&#44;6536&#44;6539&#44;6540&#44;6547&#44;6549&#44;6556&#44;6562&#44;6565&#44;6567&#44;6568&#44;6569&#44;6570&#44;6571&#44;6572&#44;6573&#44;6575&#44;6581&#44;6582&#44;6609&#44;6610&#44;6612&#44;6613&#44;6614&#44;6615&#44;6616&#44;6617&#44;6619&#44;6620&#44;6621&#44;6622&#44;6624&#44;6626&#44;6628&#44;6630&#44;6631&#44;6633&#44;6634&#44;6635&#44;6636&#44;6637&#44;6643&#44;6650&#44;6651&#44;6652&#44;6653&#44;6655&#44;6657&#44;6658&#44;6660&#44;6661&#44;6662&#44;6663&#44;6664&#44;6666&#44;6670&#44;6671&#44;6673&#44;6674&#44;6675&#44;6676&#44;6677&#44;6678&#44;6679&#44;6682&#44;6683&#44;6684&#44;6685&#44;6686&#44;6693&#44;6781&#44;6867&#44;6976&#44;6979&#44;7189&#44;7658&#44;7676&#44;8104&#44;8107&#44;8111&#44;8116&#44;8117&#44;8120&#44;8123&#44;8125&#44;8128&#44;8129&#44;8130&#44;8132&#44;8133&#44;8134&#44;8135&#44;8136&#44;8138&#44;8139&#44;8141&#44;8142&#44;8144&#44;8145&#44;8146&#44;8147&#44;8149&#44;8150&#44;8152&#44;8155&#44;8157&#44;8158&#44;8160&#44;8161&#44;8162&#44;8163&#44;8164&#44;8165&#44;8166&#44;8167&#44;8168&#44;8169&#44;8172&#44;8173&#44;8174&#44;8175&#44;8176&#44;8177&#44;8180&#44;8181&#44;8182&#44;8183&#44;8184&#44;8185&#44;8186&#44;8188&#44;8189&#44;8190&#44;8191&#44;8193&#44;8194&#44;8196&#44;8197&#44;8201&#44;8203&#44;8205&#44;8207&#44;8208&#44;8209&#44;8210&#44;8211&#44;8215&#44;8218&#44;8219&#44;8220&#44;8221&#44;8222&#44;8223&#44;8224&#44;8225&#44;8226&#44;8228&#44;8237&#44;8238&#44;8239&#44;8241&#44;8242&#44;8243&#44;8245&#44;8247&#44;8248&#44;8251&#44;8252&#44;8253&#44;8254&#44;8256&#44;8257&#44;8261&#44;8263&#44;8266&#44;8268&#44;8269&#44;8270&#44;8271&#44;8272&#44;8275&#44;8276&#44;8277&#44;8279&#44;8281&#44;8282&#44;8283&#44;8285&#44;8287&#44;8289&#44;8290&#44;8291&#44;8292&#44;8293&#44;8294&#44;8296&#44;8297&#44;8298&#44;8299&#44;4702&#44;4703&#44;4720&#44;4721&#44;4738&#44;4763&#44;4764&#44;4767&#44;4769&#44;4782&#44;4784&#44;4799&#44;4802&#44;4843&#44;4850&#44;4852&#44;4861&#44;4914&#44;4915&#44;4933&#44;4942&#44;4948&#44;4955&#44;4958&#44;4961&#44;6202&#44;6205&#44;6213&#44;6228&#44;6235&#44;6244&#44;6245&#44;6255&#44;6262&#44;6269&#44;6336&#44;6347&#44;6422&#44;6439&#44;6471&#44;6502&#44;6604&#44;6605&#44;6606&#44;6608&#44;6632&#44;6659&#44;6667&#44;6672&#44;6692&#44;6779&#44;8126&#44;8153&#44;8156&#44;8227&#44;8244&#44;8246&#44;8250&#44;8259&#44;8262&#44;8264&#44;8267&#44;8273&#44;8274&#44;8280&#44;8284&#44;8286&#44;8288&#44;8295&#44;""",4/2/20,4/1/20,Y
layouts,HMS,79-2,,2020,4/6/20,1-NewFolderStructure/C079_HMS/C79_HMS_Effective_04062020_Update_04202020/,_C79_HMS_Effective_04062020_Update_04202020.pdf,"""4768&#44;4906&#44;""",4/21/20,4/2/20,Y
layouts,HMS,79-2,,2020,4/6/20,1-NewFolderStructure/C079_HMS/C79_HMS_Effective_04062020_Update_04032020/,_C79_HMS_Effective_04062020_Update_04032020.pdf,"""6261&#44;""",4/6/20,4/6/20,Y
layouts,Café Grab and Go,79-3,,2020,4/6/20,1-NewFolderStructure/C079_Cafe_Grab_n_Go/C79_Cafe_Grab_and_Go_Effective_04062020_Updated_04062020/,_C79_Cafe_Grab_and_Go_Effective_04062020_Update_04032020.pdf,"""4109&#44;4739&#44;4804&#44;4805&#44;4817&#44;4820&#44;4837&#44;4873&#44;4989&#44;6204&#44;6361&#44;6503&#44;6506&#44;6509&#44;6527&#44;6644&#44;6646&#44;8102&#44;8106&#44;8112&#44;8114&#44;8115&#44;8119&#44;8151&#44;8192&#44;8202&#44;8213&#44;8236&#44;8265&#44;8278&#44;""",4/6/20,4/6/20,Y
layouts,HMS,79-2,,2020,4/6/20,1-NewFolderStructure/C079_HMS/C79_HMS_Effective_04062020_Update_04072020/,_C79_HMS_Effective_04062020_Update_04072020.pdf,"""4873&#44;""",4/7/20,4/7/20,Y
layouts,HMS,79-2,,2020,4/6/20,1-NewFolderStructure/C079_HMS/C79_HMS_Effective_04062020_Updated_04062020/,_C79_HMS_Effective_04062020_Update_04062020.pdf,"""4731&#44;4742&#44;4743&#44;4761&#44;4783&#44;4795&#44;4808&#44;4825&#44;4905&#44;4911&#44;4948&#44;4961&#44;4969&#44;6244&#44;6255&#44;6265&#44;6350&#44;6372&#44;6376&#44;6381&#44;6439&#44;6779&#44;6781&#44;7189&#44;7676&#44;8117&#44;8209&#44;8224&#44;8226&#44;8239&#44;8241&#44;8248&#44;8268&#44;8269&#44;8270&#44;8277&#44;8279&#44;8288&#44;8289&#44;8295&#44;8299&#44;""",4/7/20,4/7/20,Y
layouts,HMS,79-2,,2020,4/6/20,1-NewFolderStructure/C079_HMS/C79_HMS_Effective_04062020_Update_04102020/,_C79_HMS_Effective_04062020_Update_04102020.pdf,"""4761&#44;4974&#44;6345&#44;6867&#44;""",4/14/20,4/10/20,Y
layouts,HMS,79-2,,2020,4/6/20,1-NewFolderStructure/C079_HMS/C79_HMS_Effective_04062020_Update_04172020/,_C79_HMS_Effective_04062020_Update_04172020.pdf,"""6212&#44;6257&#44;6428&#44;6489&#44;6671&#44;""",4/6/20,4/17/20,Y
layouts,HMS,79-2,,2020,4/6/20,1-NewFolderStructure/C079_HMS/C79_HMS_Effective_04062020_Update_04212020/,_C79_HMS_Effective_04062020_Update_04212020.pdf,"""6635&#44;""",4/21/20,4/21/20,Y
layouts,Café Grab and Go,79-3,,2020,4/6/20,1-NewFolderStructure/C079_Cafe_Grab_n_Go/C79_Cafe_Grab_and_Go_Effective_04062020_Update_04212020/,_C79_Cafe_Grab_and_Go_Effective_04062020_Update_04212020.pdf,"""6212&#44;""",4/21/20,4/21/20,Y
layouts,HMS,79-2,,2020,4/6/20,1-NewFolderStructure/C079_HMS/C79_HMS_Effective_04062020_Update_04222020/,_C79_HMS_Effective_04062020_Update_04222020.pdf,"""8210&#44;""",4/23/20,4/22/20,Y
layouts,HMS,79-2,,2020,4/6/20,1-NewFolderStructure/C079_HMS/C79_HMS_Effective_04062020_Update_04242020/,_C79_HMS_Effective_04062020_Update_04242020.pdf,"""4911&#44;6510&#44;7189&#44;8158&#44;""",4/24/20,4/24/20,Y
layouts,Café Grab and Go,79-3,,2020,4/6/20,1-NewFolderStructure/C079_Cafe_Grab_n_Go/C79_Cafe_Grab_and_Go_Effective_04062020_Update_04212020/,_C79_Cafe_Grab_and_Go_Effective_04062020_Update_04242020.pdf,"""4938&#44;6510&#44;""",4/24/20,4/24/20,Y
layouts,Bakery Tables,"""37&#44;77""",,2020,4/19/20,1-NewFolderStructure/C037_C077_Bakery_Tables/C37_77_Bakery_Tables_Effective_04192020_Updated_03312020/,_C77_C37_Bakery_Tables_Effective_04192020_Planogram_Updated_03312020.pdf,"""4109&#44;4702&#44;4703&#44;4720&#44;4721&#44;4738&#44;4763&#44;4764&#44;4767&#44;4769&#44;4782&#44;4784&#44;4799&#44;4802&#44;4843&#44;4850&#44;4852&#44;4861&#44;4914&#44;4915&#44;4933&#44;4942&#44;4948&#44;4955&#44;4958&#44;4961&#44;6202&#44;6205&#44;6213&#44;6228&#44;6235&#44;6244&#44;6245&#44;6255&#44;6262&#44;6269&#44;6336&#44;6347&#44;6422&#44;6439&#44;6502&#44;6604&#44;6605&#44;6606&#44;6608&#44;6632&#44;6659&#44;6667&#44;6672&#44;6692&#44;6779&#44;8126&#44;8153&#44;8156&#44;8227&#44;8244&#44;8246&#44;8250&#44;8259&#44;8262&#44;8264&#44;8265&#44;8267&#44;8273&#44;8274&#44;8280&#44;8284&#44;8286&#44;8288&#44;8295&#44;""",5/6/20,3/31/20,N
layouts,Bakery Pallets,"""37-4&#44;77-4""",,2020,4/19/20,1-NewFolderStructure/C037_C077_Bakery_Pallets/C37_77_Bakery_Pallets_Effective_04192020_Updated_03312020/,_C77_C37_Bakery_Pallets_Effective_0419020_Planogram_Updated_03312020.pdf,"""4109&#44;4702&#44;4703&#44;4720&#44;4721&#44;4738&#44;4763&#44;4764&#44;4767&#44;4769&#44;4782&#44;4784&#44;4799&#44;4802&#44;4843&#44;4850&#44;4852&#44;4861&#44;4914&#44;4915&#44;4933&#44;4942&#44;4948&#44;4955&#44;4958&#44;4961&#44;6202&#44;6205&#44;6213&#44;6228&#44;6235&#44;6244&#44;6245&#44;6255&#44;6262&#44;6269&#44;6336&#44;6347&#44;6422&#44;6439&#44;6471&#44;6502&#44;6604&#44;6605&#44;6606&#44;6608&#44;6632&#44;6659&#44;6667&#44;6672&#44;6692&#44;6779&#44;8126&#44;8153&#44;8156&#44;8227&#44;8244&#44;8246&#44;8250&#44;8259&#44;8262&#44;8264&#44;8265&#44;8267&#44;8273&#44;8274&#44;8280&#44;8284&#44;8286&#44;8288&#44;8295&#44;""",4/29/20,3/31/20,N
layouts,Automotive,10,,2020,4/19/20,1-NewFolderStructure/C010_Automotive/C10_Effective_04192020_Planogram_Updated_04_06_20/,_C10_Effective_041920_Planogram_Updated_040620.pdf,"""4109&#44;4702&#44;4703&#44;4720&#44;4721&#44;4738&#44;4763&#44;4764&#44;4767&#44;4769&#44;4784&#44;4799&#44;4802&#44;4843&#44;4850&#44;4852&#44;4861&#44;4914&#44;4915&#44;4933&#44;4942&#44;4948&#44;4955&#44;4958&#44;4961&#44;6202&#44;6205&#44;6213&#44;6228&#44;6244&#44;6245&#44;6255&#44;6262&#44;6269&#44;6336&#44;6347&#44;6422&#44;6439&#44;6471&#44;6502&#44;6604&#44;6605&#44;6606&#44;6608&#44;6632&#44;6659&#44;6667&#44;6672&#44;6692&#44;6779&#44;8126&#44;8153&#44;8156&#44;8227&#44;8244&#44;8246&#44;8250&#44;8259&#44;8262&#44;8264&#44;8265&#44;8267&#44;8273&#44;8274&#44;8280&#44;8284&#44;8286&#44;8288&#44;8295&#44;""",4/16/20,4/6/20,N
layouts,Mobile Phones,74,,2020,4/20/20,1-NewFolderStructure/C074_NoContract_UnlockedPhones/C74_EFFECTIVE_04202020_UPDATED_04022020/,_C74_EFFECTIVE_04202020_UPDATED_04022020.pdf,"""4109&#44;4702&#44;4703&#44;4704&#44;4707&#44;4709&#44;4710&#44;4711&#44;4712&#44;4713&#44;4718&#44;4720&#44;4721&#44;4722&#44;4724&#44;4728&#44;4729&#44;4730&#44;4731&#44;4732&#44;4735&#44;4736&#44;4738&#44;4739&#44;4740&#44;4741&#44;4742&#44;4743&#44;4745&#44;4749&#44;4750&#44;4755&#44;4761&#44;4763&#44;4764&#44;4767&#44;4768&#44;4769&#44;4770&#44;4771&#44;4772&#44;4774&#44;4775&#44;4776&#44;4777&#44;4778&#44;4780&#44;4781&#44;4782&#44;4783&#44;4784&#44;4785&#44;4786&#44;4787&#44;4789&#44;4790&#44;4791&#44;4794&#44;4795&#44;4797&#44;4798&#44;4799&#44;4801&#44;4802&#44;4804&#44;4805&#44;4808&#44;4815&#44;4816&#44;4817&#44;4818&#44;4819&#44;4820&#44;4822&#44;4824&#44;4825&#44;4828&#44;4829&#44;4830&#44;4831&#44;4836&#44;4837&#44;4839&#44;4840&#44;4843&#44;4846&#44;4847&#44;4850&#44;4851&#44;4852&#44;4853&#44;4855&#44;4857&#44;4859&#44;4860&#44;4861&#44;4870&#44;4871&#44;4872&#44;4873&#44;4874&#44;4875&#44;4876&#44;4878&#44;4879&#44;4901&#44;4905&#44;4906&#44;4908&#44;4911&#44;4914&#44;4915&#44;4917&#44;4920&#44;4926&#44;4930&#44;4933&#44;4936&#44;4938&#44;4939&#44;4942&#44;4944&#44;4946&#44;4947&#44;4948&#44;4950&#44;4952&#44;4955&#44;4958&#44;4961&#44;4962&#44;4963&#44;4969&#44;4972&#44;4973&#44;4974&#44;4982&#44;4983&#44;4985&#44;4987&#44;4989&#44;4990&#44;4991&#44;4992&#44;4994&#44;4996&#44;4998&#44;6181&#44;6188&#44;6189&#44;6201&#44;6202&#44;6203&#44;6204&#44;6205&#44;6212&#44;6213&#44;6216&#44;6217&#44;6218&#44;6219&#44;6220&#44;6228&#44;6235&#44;6236&#44;6238&#44;6239&#44;6240&#44;6242&#44;6244&#44;6245&#44;6246&#44;6247&#44;6249&#44;6251&#44;6252&#44;6254&#44;6255&#44;6256&#44;6257&#44;6259&#44;6260&#44;6261&#44;6262&#44;6265&#44;6267&#44;6269&#44;6275&#44;6302&#44;6304&#44;6305&#44;6307&#44;6308&#44;6309&#44;6310&#44;6311&#44;6312&#44;6313&#44;6314&#44;6315&#44;6317&#44;6319&#44;6320&#44;6321&#44;6322&#44;6324&#44;6325&#44;6326&#44;6327&#44;6328&#44;6329&#44;6330&#44;6331&#44;6332&#44;6333&#44;6334&#44;6335&#44;6336&#44;6338&#44;6339&#44;6341&#44;6342&#44;6343&#44;6344&#44;6345&#44;6347&#44;6348&#44;6349&#44;6350&#44;6351&#44;6352&#44;6353&#44;6354&#44;6355&#44;6356&#44;6357&#44;6358&#44;6359&#44;6360&#44;6361&#44;6363&#44;6364&#44;6365&#44;6366&#44;6367&#44;6368&#44;6369&#44;6371&#44;6372&#44;6373&#44;6375&#44;6376&#44;6377&#44;6378&#44;6379&#44;6380&#44;6381&#44;6382&#44;6383&#44;6384&#44;6385&#44;6386&#44;6387&#44;6388&#44;6401&#44;6402&#44;6403&#44;6404&#44;6405&#44;6406&#44;6407&#44;6408&#44;6409&#44;6410&#44;6412&#44;6414&#44;6415&#44;6417&#44;6418&#44;6419&#44;6420&#44;6421&#44;6422&#44;6423&#44;6424&#44;6426&#44;6427&#44;6428&#44;6429&#44;6430&#44;6431&#44;6432&#44;6433&#44;6434&#44;6435&#44;6436&#44;6437&#44;6439&#44;6440&#44;6441&#44;6443&#44;6444&#44;6445&#44;6448&#44;6449&#44;6450&#44;6452&#44;6453&#44;6454&#44;6455&#44;6456&#44;6457&#44;6458&#44;6460&#44;6461&#44;6463&#44;6464&#44;6471&#44;6472&#44;6474&#44;6482&#44;6485&#44;6487&#44;6489&#44;6501&#44;6502&#44;6503&#44;6505&#44;6506&#44;6507&#44;6509&#44;6510&#44;6512&#44;6514&#44;6517&#44;6518&#44;6520&#44;6521&#44;6524&#44;6527&#44;6528&#44;6533&#44;6536&#44;6540&#44;6547&#44;6549&#44;6556&#44;6562&#44;6565&#44;6567&#44;6568&#44;6569&#44;6570&#44;6571&#44;6572&#44;6573&#44;6575&#44;6581&#44;6582&#44;6604&#44;6605&#44;6606&#44;6608&#44;6609&#44;6610&#44;6612&#44;6613&#44;6614&#44;6615&#44;6616&#44;6617&#44;6619&#44;6620&#44;6621&#44;6622&#44;6624&#44;6626&#44;6628&#44;6630&#44;6631&#44;6632&#44;6633&#44;6634&#44;6635&#44;6636&#44;6637&#44;6643&#44;6644&#44;6646&#44;6650&#44;6651&#44;6652&#44;6653&#44;6655&#44;6657&#44;6658&#44;6659&#44;6660&#44;6661&#44;6662&#44;6663&#44;6664&#44;6666&#44;6667&#44;6670&#44;6671&#44;6672&#44;6673&#44;6674&#44;6675&#44;6676&#44;6677&#44;6678&#44;6679&#44;6682&#44;6683&#44;6684&#44;6685&#44;6686&#44;6692&#44;6693&#44;6779&#44;6781&#44;6867&#44;6976&#44;6979&#44;7189&#44;7658&#44;7676&#44;8102&#44;8104&#44;8106&#44;8107&#44;8111&#44;8112&#44;8114&#44;8115&#44;8116&#44;8117&#44;8119&#44;8120&#44;8123&#44;8125&#44;8126&#44;8128&#44;8129&#44;8130&#44;8132&#44;8133&#44;8134&#44;8135&#44;8136&#44;8138&#44;8139&#44;8141&#44;8142&#44;8144&#44;8145&#44;8146&#44;8147&#44;8149&#44;8150&#44;8151&#44;8152&#44;8153&#44;8155&#44;8156&#44;8157&#44;8158&#44;8160&#44;8161&#44;8162&#44;8163&#44;8164&#44;8165&#44;8166&#44;8167&#44;8168&#44;8169&#44;8172&#44;8173&#44;8174&#44;8175&#44;8176&#44;8177&#44;8180&#44;8181&#44;8182&#44;8183&#44;8184&#44;8185&#44;8186&#44;8188&#44;8189&#44;8190&#44;8191&#44;8192&#44;8193&#44;8194&#44;8196&#44;8197&#44;8201&#44;8202&#44;8203&#44;8205&#44;8207&#44;8208&#44;8209&#44;8210&#44;8211&#44;8213&#44;8215&#44;8218&#44;8219&#44;8220&#44;8221&#44;8222&#44;8223&#44;8224&#44;8225&#44;8226&#44;8227&#44;8228&#44;8236&#44;8237&#44;8238&#44;8239&#44;8241&#44;8242&#44;8243&#44;8244&#44;8245&#44;8246&#44;8247&#44;8248&#44;8250&#44;8251&#44;8252&#44;8253&#44;8254&#44;8256&#44;8257&#44;8259&#44;8261&#44;8262&#44;8263&#44;8264&#44;8265&#44;8266&#44;8267&#44;8268&#44;8269&#44;8270&#44;8271&#44;8272&#44;8273&#44;8274&#44;8275&#44;8276&#44;8277&#44;8278&#44;8279&#44;8280&#44;8281&#44;8282&#44;8283&#44;8284&#44;8285&#44;8286&#44;8287&#44;8288&#44;8289&#44;8290&#44;8291&#44;8292&#44;8293&#44;8294&#44;8295&#44;8296&#44;8297&#44;8298&#44;8299&#44;""",4/20/20,4/2/20,N
layouts,Deli,57,,2020,5/1/20,1-NewFolderStructure/C057_Deli/C57_Effective_05012020_Planogram_Update_04-09-2020/,_C57_Effective_05012020_Planogram_Update_04-09-2020.pdf,"""4915&#44;4936&#44;6205&#44;6213&#44;6322&#44;6405&#44;6408&#44;6425&#44;6430&#44;6549&#44;6679&#44;8186&#44;8263&#44;8295&#44;""",4/23/20,4/9/20,Y
layouts,Café Grab and Go,79-3,,2020,5/4/20,1-NewFolderStructure/C079_Cafe_Grab_n_Go/C79_GNG_Effective_05042020_Updated/,_C79_Cafe_Grab_and_Go_Effective_05042020.pdf,"""6345&#44;""",4/28/20,4/27/20,N
layouts,Deli,57,,2020,5/4/20,1-NewFolderStructure/C057_Deli/C57_Effective_05042020_Planogram_Update_04-27-2020/,_C57_Effective_05042020_Planogram_Update_04-27-2020.pdf,"""4109&#44;4702&#44;4703&#44;4704&#44;4707&#44;4709&#44;4710&#44;4711&#44;4712&#44;4713&#44;4718&#44;4720&#44;4721&#44;4722&#44;4724&#44;4728&#44;4729&#44;4730&#44;4731&#44;4732&#44;4735&#44;4736&#44;4738&#44;4739&#44;4740&#44;4741&#44;4742&#44;4743&#44;4745&#44;4749&#44;4750&#44;4755&#44;4761&#44;4763&#44;4764&#44;4767&#44;4768&#44;4769&#44;4770&#44;4771&#44;4774&#44;4775&#44;4776&#44;4777&#44;4778&#44;4780&#44;4781&#44;4782&#44;4783&#44;4784&#44;4785&#44;4786&#44;4787&#44;4789&#44;4790&#44;4791&#44;4794&#44;4795&#44;4797&#44;4798&#44;4799&#44;4801&#44;4802&#44;4804&#44;4805&#44;4808&#44;4815&#44;4816&#44;4817&#44;4818&#44;4819&#44;4820&#44;4822&#44;4824&#44;4825&#44;4828&#44;4829&#44;4830&#44;4831&#44;4836&#44;4837&#44;4839&#44;4840&#44;4843&#44;4846&#44;4847&#44;4850&#44;4851&#44;4852&#44;4853&#44;4855&#44;4857&#44;4859&#44;4860&#44;4861&#44;4866&#44;4870&#44;4871&#44;4872&#44;4873&#44;4874&#44;4875&#44;4876&#44;4878&#44;4879&#44;4901&#44;4905&#44;4906&#44;4908&#44;4911&#44;4914&#44;4915&#44;4917&#44;4920&#44;4925&#44;4926&#44;4930&#44;4933&#44;4936&#44;4938&#44;4939&#44;4942&#44;4944&#44;4946&#44;4947&#44;4948&#44;4950&#44;4952&#44;4955&#44;4958&#44;4961&#44;4962&#44;4963&#44;4972&#44;4973&#44;4974&#44;4982&#44;4983&#44;4985&#44;4987&#44;4989&#44;4990&#44;4991&#44;4992&#44;4994&#44;4996&#44;4998&#44;4999&#44;6181&#44;6188&#44;6189&#44;6201&#44;6202&#44;6203&#44;6204&#44;6205&#44;6212&#44;6213&#44;6216&#44;6217&#44;6218&#44;6219&#44;6220&#44;6225&#44;6228&#44;6235&#44;6236&#44;6238&#44;6239&#44;6240&#44;6242&#44;6244&#44;6245&#44;6246&#44;6247&#44;6249&#44;6251&#44;6252&#44;6254&#44;6255&#44;6256&#44;6257&#44;6259&#44;6260&#44;6261&#44;6262&#44;6265&#44;6267&#44;6269&#44;6270&#44;6275&#44;6302&#44;6304&#44;6305&#44;6307&#44;6308&#44;6309&#44;6310&#44;6311&#44;6312&#44;6313&#44;6314&#44;6315&#44;6317&#44;6319&#44;6320&#44;6321&#44;6322&#44;6324&#44;6325&#44;6326&#44;6327&#44;6328&#44;6329&#44;6330&#44;6331&#44;6332&#44;6333&#44;6334&#44;6335&#44;6336&#44;6338&#44;6339&#44;6341&#44;6342&#44;6343&#44;6344&#44;6345&#44;6347&#44;6348&#44;6349&#44;6350&#44;6351&#44;6352&#44;6353&#44;6354&#44;6355&#44;6356&#44;6357&#44;6358&#44;6359&#44;6360&#44;6361&#44;6363&#44;6364&#44;6365&#44;6366&#44;6367&#44;6368&#44;6369&#44;6371&#44;6372&#44;6373&#44;6375&#44;6376&#44;6377&#44;6378&#44;6379&#44;6380&#44;6381&#44;6382&#44;6383&#44;6384&#44;6385&#44;6386&#44;6387&#44;6388&#44;6401&#44;6402&#44;6403&#44;6404&#44;6405&#44;6406&#44;6407&#44;6408&#44;6409&#44;6410&#44;6412&#44;6413&#44;6414&#44;6415&#44;6417&#44;6418&#44;6419&#44;6420&#44;6421&#44;6422&#44;6423&#44;6424&#44;6425&#44;6426&#44;6427&#44;6428&#44;6429&#44;6430&#44;6431&#44;6432&#44;6433&#44;6434&#44;6435&#44;6436&#44;6437&#44;6439&#44;6440&#44;6441&#44;6443&#44;6444&#44;6445&#44;6448&#44;6449&#44;6450&#44;6452&#44;6453&#44;6454&#44;6455&#44;6456&#44;6457&#44;6458&#44;6460&#44;6461&#44;6462&#44;6463&#44;6464&#44;6471&#44;6472&#44;6474&#44;6479&#44;6482&#44;6485&#44;6487&#44;6489&#44;6501&#44;6502&#44;6503&#44;6505&#44;6506&#44;6507&#44;6509&#44;6510&#44;6512&#44;6514&#44;6517&#44;6518&#44;6520&#44;6521&#44;6524&#44;6527&#44;6528&#44;6533&#44;6535&#44;6536&#44;6539&#44;6540&#44;6543&#44;6547&#44;6549&#44;6556&#44;6562&#44;6565&#44;6567&#44;6568&#44;6569&#44;6570&#44;6571&#44;6572&#44;6573&#44;6575&#44;6581&#44;6582&#44;6604&#44;6605&#44;6606&#44;6608&#44;6609&#44;6610&#44;6612&#44;6613&#44;6614&#44;6615&#44;6616&#44;6617&#44;6619&#44;6620&#44;6621&#44;6622&#44;6624&#44;6626&#44;6628&#44;6630&#44;6631&#44;6632&#44;6633&#44;6634&#44;6635&#44;6636&#44;6637&#44;6643&#44;6644&#44;6646&#44;6650&#44;6651&#44;6652&#44;6653&#44;6655&#44;6657&#44;6658&#44;6659&#44;6660&#44;6661&#44;6662&#44;6663&#44;6664&#44;6666&#44;6667&#44;6670&#44;6671&#44;6672&#44;6673&#44;6674&#44;6675&#44;6676&#44;6677&#44;6678&#44;6679&#44;6680&#44;6682&#44;6683&#44;6684&#44;6685&#44;6686&#44;6689&#44;6690&#44;6692&#44;6693&#44;6779&#44;6781&#44;6867&#44;6976&#44;6979&#44;7189&#44;7658&#44;7676&#44;8102&#44;8104&#44;8106&#44;8107&#44;8111&#44;8112&#44;8114&#44;8115&#44;8116&#44;8117&#44;8119&#44;8120&#44;8123&#44;8125&#44;8126&#44;8128&#44;8129&#44;8130&#44;8132&#44;8133&#44;8134&#44;8135&#44;8136&#44;8138&#44;8139&#44;8141&#44;8142&#44;8144&#44;8145&#44;8146&#44;8147&#44;8149&#44;8150&#44;8151&#44;8152&#44;8153&#44;8155&#44;8157&#44;8158&#44;8160&#44;8161&#44;8162&#44;8163&#44;8164&#44;8165&#44;8166&#44;8167&#44;8168&#44;8169&#44;8172&#44;8173&#44;8174&#44;8175&#44;8176&#44;8177&#44;8180&#44;8181&#44;8182&#44;8183&#44;8184&#44;8185&#44;8186&#44;8188&#44;8189&#44;8190&#44;8191&#44;8192&#44;8193&#44;8194&#44;8196&#44;8197&#44;8201&#44;8202&#44;8203&#44;8205&#44;8207&#44;8208&#44;8209&#44;8210&#44;8211&#44;8213&#44;8215&#44;8218&#44;8219&#44;8220&#44;8221&#44;8222&#44;8223&#44;8224&#44;8225&#44;8226&#44;8227&#44;8228&#44;8236&#44;8237&#44;8238&#44;8239&#44;8241&#44;8242&#44;8243&#44;8244&#44;8245&#44;8246&#44;8247&#44;8248&#44;8250&#44;8251&#44;8252&#44;8253&#44;8254&#44;8256&#44;8257&#44;8259&#44;8261&#44;8262&#44;8263&#44;8264&#44;8265&#44;8266&#44;8267&#44;8268&#44;8269&#44;8270&#44;8271&#44;8272&#44;8273&#44;8274&#44;8275&#44;8276&#44;8277&#44;8278&#44;8279&#44;8280&#44;8281&#44;8282&#44;8283&#44;8284&#44;8285&#44;8286&#44;8287&#44;8288&#44;8289&#44;8290&#44;8291&#44;8292&#44;8293&#44;8294&#44;8295&#44;8296&#44;8297&#44;8298&#44;8299&#44;""",4/30/20,4/28/20,Y
layouts,Sushi,79,,2020,5/4/20,1-NewFolderStructure/C079_Sushi/C79_Sushi_Effective_05042020/,_C79_Sushi_Effective_05042020.pdf,"""4704&#44;4718&#44;4722&#44;4735&#44;4743&#44;4749&#44;4767&#44;4771&#44;4772&#44;4778&#44;4794&#44;4801&#44;4825&#44;4829&#44;4831&#44;4837&#44;4839&#44;4861&#44;4873&#44;4874&#44;4911&#44;4926&#44;4938&#44;4944&#44;4946&#44;4958&#44;4972&#44;4974&#44;6181&#44;6189&#44;6202&#44;6212&#44;6213&#44;6216&#44;6238&#44;6244&#44;6245&#44;6252&#44;6267&#44;6313&#44;6315&#44;6319&#44;6328&#44;6335&#44;6342&#44;6343&#44;6351&#44;6372&#44;6376&#44;6382&#44;6384&#44;6402&#44;6408&#44;6409&#44;6418&#44;6419&#44;6428&#44;6443&#44;6444&#44;6489&#44;6501&#44;6524&#44;6527&#44;6575&#44;6612&#44;6613&#44;6615&#44;6621&#44;6630&#44;6637&#44;6643&#44;6652&#44;6655&#44;6657&#44;6658&#44;6659&#44;6661&#44;6663&#44;6667&#44;6670&#44;6671&#44;6676&#44;6686&#44;6779&#44;6976&#44;7676&#44;8112&#44;8129&#44;8138&#44;8158&#44;8164&#44;8173&#44;8174&#44;8182&#44;8193&#44;8197&#44;8205&#44;8213&#44;8215&#44;8220&#44;8237&#44;8243&#44;8248&#44;8262&#44;8263&#44;8267&#44;8271&#44;8277&#44;8294&#44;8298&#44;""",5/1/20,4/28/20,Y
layouts,HMS,79-2,,2020,5/4/20,1-NewFolderStructure/C079_HMS/C79_HMS_Effective_05042020/,_C79_HMS_Effective_05042020.pdf,"""4109&#44;4702&#44;4703&#44;4704&#44;4707&#44;4709&#44;4710&#44;4711&#44;4712&#44;4713&#44;4718&#44;4720&#44;4721&#44;4722&#44;4724&#44;4728&#44;4729&#44;4730&#44;4731&#44;4732&#44;4735&#44;4736&#44;4738&#44;4739&#44;4740&#44;4741&#44;4742&#44;4743&#44;4745&#44;4749&#44;4750&#44;4755&#44;4761&#44;4763&#44;4764&#44;4767&#44;4768&#44;4769&#44;4770&#44;4771&#44;4772&#44;4774&#44;4775&#44;4776&#44;4777&#44;4778&#44;4780&#44;4781&#44;4782&#44;4783&#44;4784&#44;4785&#44;4786&#44;4787&#44;4789&#44;4790&#44;4791&#44;4794&#44;4795&#44;4797&#44;4798&#44;4799&#44;4801&#44;4802&#44;4804&#44;4805&#44;4815&#44;4816&#44;4817&#44;4818&#44;4819&#44;4820&#44;4822&#44;4824&#44;4825&#44;4828&#44;4829&#44;4830&#44;4831&#44;4836&#44;4837&#44;4839&#44;4840&#44;4843&#44;4846&#44;4847&#44;4850&#44;4851&#44;4852&#44;4853&#44;4855&#44;4857&#44;4859&#44;4860&#44;4861&#44;4866&#44;4870&#44;4871&#44;4872&#44;4873&#44;4874&#44;4875&#44;4876&#44;4878&#44;4879&#44;4901&#44;4905&#44;4906&#44;4908&#44;4914&#44;4915&#44;4917&#44;4920&#44;4925&#44;4926&#44;4930&#44;4933&#44;4936&#44;4938&#44;4939&#44;4942&#44;4944&#44;4946&#44;4947&#44;4948&#44;4950&#44;4952&#44;4955&#44;4958&#44;4961&#44;4962&#44;4963&#44;4969&#44;4972&#44;4973&#44;4974&#44;4982&#44;4983&#44;4985&#44;4987&#44;4989&#44;4990&#44;4991&#44;4992&#44;4994&#44;4996&#44;4998&#44;4999&#44;6181&#44;6188&#44;6189&#44;6201&#44;6202&#44;6203&#44;6204&#44;6205&#44;6212&#44;6213&#44;6216&#44;6217&#44;6218&#44;6219&#44;6220&#44;6225&#44;6228&#44;6235&#44;6236&#44;6238&#44;6239&#44;6240&#44;6242&#44;6244&#44;6245&#44;6247&#44;6249&#44;6251&#44;6252&#44;6254&#44;6255&#44;6256&#44;6257&#44;6259&#44;6260&#44;6261&#44;6262&#44;6265&#44;6267&#44;6269&#44;6270&#44;6275&#44;6302&#44;6304&#44;6305&#44;6307&#44;6308&#44;6309&#44;6310&#44;6311&#44;6312&#44;6313&#44;6314&#44;6315&#44;6317&#44;6319&#44;6320&#44;6321&#44;6322&#44;6324&#44;6325&#44;6326&#44;6327&#44;6328&#44;6329&#44;6330&#44;6331&#44;6332&#44;6333&#44;6334&#44;6335&#44;6336&#44;6338&#44;6339&#44;6341&#44;6342&#44;6343&#44;6344&#44;6345&#44;6347&#44;6348&#44;6349&#44;6350&#44;6351&#44;6352&#44;6353&#44;6354&#44;6355&#44;6356&#44;6357&#44;6358&#44;6359&#44;6360&#44;6361&#44;6363&#44;6364&#44;6365&#44;6366&#44;6367&#44;6368&#44;6369&#44;6371&#44;6372&#44;6373&#44;6375&#44;6376&#44;6377&#44;6378&#44;6379&#44;6380&#44;6381&#44;6382&#44;6383&#44;6384&#44;6385&#44;6386&#44;6387&#44;6388&#44;6401&#44;6402&#44;6403&#44;6404&#44;6405&#44;6406&#44;6407&#44;6408&#44;6409&#44;6410&#44;6412&#44;6413&#44;6414&#44;6415&#44;6417&#44;6418&#44;6419&#44;6420&#44;6421&#44;6422&#44;6423&#44;6424&#44;6425&#44;6426&#44;6427&#44;6428&#44;6429&#44;6430&#44;6431&#44;6432&#44;6433&#44;6434&#44;6435&#44;6436&#44;6437&#44;6439&#44;6440&#44;6441&#44;6443&#44;6444&#44;6445&#44;6448&#44;6449&#44;6450&#44;6452&#44;6453&#44;6454&#44;6455&#44;6456&#44;6457&#44;6458&#44;6460&#44;6461&#44;6462&#44;6463&#44;6464&#44;6471&#44;6472&#44;6474&#44;6479&#44;6482&#44;6485&#44;6487&#44;6489&#44;6501&#44;6502&#44;6503&#44;6505&#44;6506&#44;6507&#44;6509&#44;6510&#44;6512&#44;6514&#44;6517&#44;6518&#44;6520&#44;6521&#44;6524&#44;6527&#44;6528&#44;6533&#44;6535&#44;6536&#44;6539&#44;6540&#44;6543&#44;6547&#44;6549&#44;6562&#44;6565&#44;6567&#44;6568&#44;6569&#44;6570&#44;6571&#44;6572&#44;6573&#44;6575&#44;6581&#44;6582&#44;6604&#44;6605&#44;6606&#44;6608&#44;6609&#44;6610&#44;6612&#44;6613&#44;6614&#44;6615&#44;6616&#44;6617&#44;6619&#44;6620&#44;6621&#44;6622&#44;6624&#44;6626&#44;6628&#44;6630&#44;6631&#44;6632&#44;6633&#44;6634&#44;6635&#44;6636&#44;6637&#44;6643&#44;6644&#44;6646&#44;6650&#44;6651&#44;6652&#44;6653&#44;6655&#44;6657&#44;6658&#44;6659&#44;6660&#44;6661&#44;6662&#44;6663&#44;6664&#44;6666&#44;6667&#44;6670&#44;6671&#44;6672&#44;6673&#44;6674&#44;6675&#44;6676&#44;6677&#44;6678&#44;6679&#44;6680&#44;6682&#44;6683&#44;6684&#44;6685&#44;6686&#44;6689&#44;6690&#44;6692&#44;6779&#44;6781&#44;6867&#44;6976&#44;6979&#44;7189&#44;7658&#44;7676&#44;8102&#44;8104&#44;8106&#44;8107&#44;8111&#44;8112&#44;8114&#44;8116&#44;8117&#44;8119&#44;8120&#44;8123&#44;8125&#44;8126&#44;8128&#44;8129&#44;8130&#44;8132&#44;8133&#44;8134&#44;8135&#44;8136&#44;8138&#44;8139&#44;8141&#44;8142&#44;8144&#44;8145&#44;8146&#44;8147&#44;8149&#44;8150&#44;8151&#44;8152&#44;8153&#44;8155&#44;8156&#44;8157&#44;8158&#44;8160&#44;8161&#44;8162&#44;8163&#44;8164&#44;8165&#44;8166&#44;8167&#44;8168&#44;8169&#44;8172&#44;8173&#44;8174&#44;8175&#44;8176&#44;8177&#44;8180&#44;8181&#44;8182&#44;8183&#44;8184&#44;8185&#44;8186&#44;8188&#44;8189&#44;8190&#44;8191&#44;8192&#44;8193&#44;8194&#44;8196&#44;8197&#44;8201&#44;8202&#44;8203&#44;8205&#44;8207&#44;8208&#44;8210&#44;8211&#44;8213&#44;8215&#44;8218&#44;8219&#44;8220&#44;8221&#44;8222&#44;8223&#44;8224&#44;8225&#44;8226&#44;8227&#44;8228&#44;8236&#44;8237&#44;8238&#44;8239&#44;8241&#44;8242&#44;8243&#44;8244&#44;8245&#44;8246&#44;8247&#44;8248&#44;8250&#44;8251&#44;8252&#44;8253&#44;8254&#44;8256&#44;8257&#44;8259&#44;8261&#44;8262&#44;8263&#44;8264&#44;8265&#44;8266&#44;8267&#44;8268&#44;8269&#44;8270&#44;8271&#44;8272&#44;8273&#44;8274&#44;8275&#44;8276&#44;8277&#44;8278&#44;8279&#44;8280&#44;8281&#44;8282&#44;8283&#44;8284&#44;8285&#44;8286&#44;8287&#44;8288&#44;8289&#44;8290&#44;8291&#44;8292&#44;8293&#44;8294&#44;8295&#44;8296&#44;8297&#44;8298&#44;8299&#44;""",5/1/20,4/28/20,Y
layouts,Café Grab and Go,79-3,,2020,5/4/20,1-NewFolderStructure/C079_Cafe_Grab_n_Go/C79_Cafe_Grab_and_Go_Effective_05042020/,_C79_Cafe_Grab_and_Go_Effective_05042020.pdf,"""4109&#44;4702&#44;4703&#44;4704&#44;4707&#44;4709&#44;4710&#44;4711&#44;4712&#44;4713&#44;4718&#44;4720&#44;4721&#44;4722&#44;4724&#44;4728&#44;4729&#44;4730&#44;4731&#44;4732&#44;4735&#44;4736&#44;4738&#44;4739&#44;4740&#44;4741&#44;4742&#44;4743&#44;4745&#44;4749&#44;4750&#44;4755&#44;4761&#44;4763&#44;4764&#44;4767&#44;4768&#44;4769&#44;4770&#44;4771&#44;4772&#44;4774&#44;4775&#44;4776&#44;4777&#44;4778&#44;4780&#44;4781&#44;4782&#44;4783&#44;4784&#44;4785&#44;4786&#44;4787&#44;4789&#44;4790&#44;4791&#44;4794&#44;4795&#44;4797&#44;4798&#44;4799&#44;4801&#44;4802&#44;4804&#44;4805&#44;4808&#44;4815&#44;4816&#44;4817&#44;4818&#44;4819&#44;4820&#44;4822&#44;4824&#44;4825&#44;4828&#44;4829&#44;4830&#44;4831&#44;4836&#44;4837&#44;4839&#44;4840&#44;4843&#44;4846&#44;4847&#44;4850&#44;4851&#44;4852&#44;4853&#44;4855&#44;4857&#44;4859&#44;4860&#44;4861&#44;4870&#44;4871&#44;4872&#44;4873&#44;4874&#44;4875&#44;4876&#44;4878&#44;4879&#44;4901&#44;4905&#44;4906&#44;4908&#44;4911&#44;4914&#44;4915&#44;4917&#44;4920&#44;4925&#44;4926&#44;4930&#44;4933&#44;4936&#44;4938&#44;4939&#44;4942&#44;4944&#44;4946&#44;4947&#44;4948&#44;4950&#44;4952&#44;4955&#44;4958&#44;4961&#44;4962&#44;4963&#44;4969&#44;4972&#44;4973&#44;4974&#44;4982&#44;4983&#44;4985&#44;4987&#44;4989&#44;4990&#44;4991&#44;4992&#44;4994&#44;4996&#44;4998&#44;4999&#44;6181&#44;6188&#44;6189&#44;6201&#44;6202&#44;6203&#44;6204&#44;6205&#44;6212&#44;6213&#44;6216&#44;6217&#44;6218&#44;6219&#44;6220&#44;6228&#44;6235&#44;6236&#44;6238&#44;6239&#44;6240&#44;6242&#44;6244&#44;6245&#44;6246&#44;6247&#44;6249&#44;6251&#44;6252&#44;6254&#44;6255&#44;6256&#44;6257&#44;6259&#44;6260&#44;6262&#44;6265&#44;6267&#44;6269&#44;6275&#44;6302&#44;6304&#44;6305&#44;6307&#44;6308&#44;6309&#44;6310&#44;6311&#44;6312&#44;6313&#44;6314&#44;6315&#44;6317&#44;6319&#44;6320&#44;6321&#44;6322&#44;6324&#44;6325&#44;6326&#44;6327&#44;6328&#44;6329&#44;6330&#44;6331&#44;6332&#44;6333&#44;6334&#44;6335&#44;6336&#44;6338&#44;6339&#44;6341&#44;6342&#44;6343&#44;6344&#44;6345&#44;6347&#44;6348&#44;6349&#44;6350&#44;6351&#44;6352&#44;6353&#44;6354&#44;6355&#44;6356&#44;6357&#44;6358&#44;6359&#44;6360&#44;6361&#44;6363&#44;6364&#44;6365&#44;6366&#44;6367&#44;6368&#44;6369&#44;6371&#44;6372&#44;6373&#44;6375&#44;6376&#44;6377&#44;6379&#44;6380&#44;6381&#44;6382&#44;6383&#44;6384&#44;6385&#44;6386&#44;6387&#44;6388&#44;6401&#44;6402&#44;6403&#44;6405&#44;6406&#44;6407&#44;6408&#44;6409&#44;6410&#44;6412&#44;6413&#44;6414&#44;6415&#44;6417&#44;6418&#44;6419&#44;6420&#44;6421&#44;6422&#44;6423&#44;6424&#44;6425&#44;6426&#44;6427&#44;6428&#44;6429&#44;6430&#44;6431&#44;6432&#44;6433&#44;6434&#44;6435&#44;6436&#44;6437&#44;6439&#44;6440&#44;6441&#44;6443&#44;6444&#44;6445&#44;6448&#44;6450&#44;6452&#44;6453&#44;6454&#44;6456&#44;6457&#44;6458&#44;6460&#44;6461&#44;6462&#44;6463&#44;6464&#44;6471&#44;6472&#44;6474&#44;6482&#44;6485&#44;6487&#44;6489&#44;6501&#44;6502&#44;6503&#44;6505&#44;6506&#44;6507&#44;6509&#44;6510&#44;6512&#44;6514&#44;6517&#44;6518&#44;6520&#44;6521&#44;6524&#44;6527&#44;6528&#44;6533&#44;6535&#44;6536&#44;6539&#44;6540&#44;6547&#44;6549&#44;6556&#44;6562&#44;6565&#44;6567&#44;6568&#44;6569&#44;6570&#44;6571&#44;6572&#44;6573&#44;6575&#44;6581&#44;6582&#44;6604&#44;6605&#44;6606&#44;6608&#44;6609&#44;6610&#44;6612&#44;6613&#44;6614&#44;6615&#44;6616&#44;6617&#44;6619&#44;6620&#44;6621&#44;6622&#44;6624&#44;6626&#44;6628&#44;6630&#44;6631&#44;6632&#44;6633&#44;6634&#44;6635&#44;6636&#44;6637&#44;6643&#44;6644&#44;6646&#44;6650&#44;6651&#44;6652&#44;6653&#44;6655&#44;6657&#44;6658&#44;6659&#44;6660&#44;6661&#44;6662&#44;6663&#44;6664&#44;6666&#44;6667&#44;6670&#44;6671&#44;6672&#44;6673&#44;6674&#44;6675&#44;6676&#44;6677&#44;6678&#44;6679&#44;6682&#44;6683&#44;6684&#44;6685&#44;6686&#44;6692&#44;6693&#44;6779&#44;6781&#44;6867&#44;6976&#44;6979&#44;7189&#44;7658&#44;7676&#44;8102&#44;8104&#44;8106&#44;8107&#44;8111&#44;8112&#44;8114&#44;8115&#44;8116&#44;8117&#44;8119&#44;8120&#44;8123&#44;8125&#44;8126&#44;8128&#44;8129&#44;8130&#44;8132&#44;8133&#44;8134&#44;8135&#44;8136&#44;8138&#44;8139&#44;8141&#44;8142&#44;8144&#44;8145&#44;8146&#44;8147&#44;8149&#44;8150&#44;8151&#44;8152&#44;8153&#44;8155&#44;8156&#44;8157&#44;8158&#44;8160&#44;8161&#44;8162&#44;8163&#44;8164&#44;8165&#44;8166&#44;8167&#44;8168&#44;8169&#44;8172&#44;8173&#44;8174&#44;8175&#44;8176&#44;8177&#44;8180&#44;8181&#44;8182&#44;8183&#44;8184&#44;8185&#44;8186&#44;8188&#44;8189&#44;8190&#44;8191&#44;8192&#44;8193&#44;8194&#44;8196&#44;8197&#44;8201&#44;8202&#44;8203&#44;8205&#44;8207&#44;8208&#44;8209&#44;8210&#44;8211&#44;8213&#44;8215&#44;8218&#44;8219&#44;8220&#44;8221&#44;8222&#44;8223&#44;8224&#44;8225&#44;8226&#44;8227&#44;8228&#44;8236&#44;8237&#44;8238&#44;8239&#44;8241&#44;8242&#44;8243&#44;8244&#44;8245&#44;8246&#44;8247&#44;8248&#44;8250&#44;8251&#44;8252&#44;8253&#44;8254&#44;8256&#44;8257&#44;8259&#44;8261&#44;8262&#44;8263&#44;8264&#44;8265&#44;8266&#44;8267&#44;8268&#44;8269&#44;8270&#44;8271&#44;8272&#44;8273&#44;8274&#44;8275&#44;8276&#44;8277&#44;8278&#44;8279&#44;8280&#44;8281&#44;8282&#44;8283&#44;8284&#44;8285&#44;8286&#44;8287&#44;8288&#44;8289&#44;8290&#44;8291&#44;8292&#44;8293&#44;8294&#44;8295&#44;8296&#44;8297&#44;8298&#44;8299&#44;""",5/1/20,4/28/20,Y
layouts,Bakery Dessert,"""37-2&#44;77-2""",,2020,5/4/20,1-NewFolderStructure/C037_C077_Bakery_Dessert/C37_77_Desert_Effective_05042020_Updated_04302020/,_C77_C37_Cake.pdf,"""4109&#44;4702&#44;4703&#44;4704&#44;4707&#44;4709&#44;4710&#44;4711&#44;4712&#44;4713&#44;4718&#44;4720&#44;4721&#44;4722&#44;4724&#44;4728&#44;4729&#44;4730&#44;4731&#44;4732&#44;4735&#44;4736&#44;4738&#44;4739&#44;4740&#44;4741&#44;4742&#44;4743&#44;4745&#44;4749&#44;4750&#44;4755&#44;4761&#44;4763&#44;4764&#44;4767&#44;4768&#44;4769&#44;4770&#44;4771&#44;4772&#44;4774&#44;4775&#44;4776&#44;4777&#44;4778&#44;4780&#44;4781&#44;4782&#44;4783&#44;4784&#44;4785&#44;4786&#44;4787&#44;4789&#44;4790&#44;4791&#44;4794&#44;4795&#44;4797&#44;4798&#44;4799&#44;4801&#44;4802&#44;4804&#44;4805&#44;4808&#44;4815&#44;4816&#44;4817&#44;4818&#44;4819&#44;4820&#44;4822&#44;4824&#44;4825&#44;4828&#44;4829&#44;4830&#44;4831&#44;4836&#44;4837&#44;4839&#44;4840&#44;4843&#44;4846&#44;4847&#44;4850&#44;4851&#44;4852&#44;4853&#44;4855&#44;4857&#44;4859&#44;4860&#44;4861&#44;4866&#44;4870&#44;4872&#44;4873&#44;4874&#44;4875&#44;4876&#44;4878&#44;4879&#44;4901&#44;4905&#44;4906&#44;4911&#44;4914&#44;4915&#44;4917&#44;4920&#44;4925&#44;4926&#44;4933&#44;4936&#44;4938&#44;4939&#44;4942&#44;4944&#44;4946&#44;4947&#44;4948&#44;4950&#44;4952&#44;4955&#44;4958&#44;4961&#44;4962&#44;4963&#44;4969&#44;4972&#44;4973&#44;4974&#44;4982&#44;4983&#44;4985&#44;4987&#44;4989&#44;4990&#44;4991&#44;4992&#44;4994&#44;4996&#44;4998&#44;4999&#44;6181&#44;6188&#44;6189&#44;6201&#44;6202&#44;6203&#44;6204&#44;6205&#44;6212&#44;6213&#44;6216&#44;6217&#44;6218&#44;6219&#44;6220&#44;6225&#44;6228&#44;6235&#44;6236&#44;6238&#44;6239&#44;6240&#44;6242&#44;6244&#44;6245&#44;6246&#44;6247&#44;6249&#44;6251&#44;6252&#44;6254&#44;6255&#44;6256&#44;6257&#44;6259&#44;6260&#44;6261&#44;6262&#44;6265&#44;6267&#44;6269&#44;6270&#44;6275&#44;6302&#44;6304&#44;6305&#44;6307&#44;6308&#44;6309&#44;6310&#44;6311&#44;6312&#44;6313&#44;6314&#44;6315&#44;6317&#44;6319&#44;6320&#44;6321&#44;6322&#44;6324&#44;6325&#44;6326&#44;6327&#44;6328&#44;6329&#44;6330&#44;6331&#44;6332&#44;6333&#44;6334&#44;6335&#44;6336&#44;6338&#44;6339&#44;6341&#44;6342&#44;6343&#44;6344&#44;6345&#44;6347&#44;6348&#44;6349&#44;6350&#44;6351&#44;6352&#44;6353&#44;6354&#44;6355&#44;6356&#44;6357&#44;6358&#44;6359&#44;6360&#44;6361&#44;6363&#44;6364&#44;6365&#44;6366&#44;6367&#44;6368&#44;6369&#44;6371&#44;6372&#44;6373&#44;6375&#44;6376&#44;6378&#44;6379&#44;6380&#44;6381&#44;6382&#44;6383&#44;6384&#44;6386&#44;6387&#44;6388&#44;6401&#44;6402&#44;6403&#44;6404&#44;6405&#44;6406&#44;6407&#44;6408&#44;6409&#44;6410&#44;6412&#44;6413&#44;6414&#44;6415&#44;6418&#44;6419&#44;6420&#44;6421&#44;6422&#44;6423&#44;6425&#44;6426&#44;6427&#44;6428&#44;6429&#44;6431&#44;6433&#44;6434&#44;6435&#44;6436&#44;6437&#44;6439&#44;6440&#44;6441&#44;6443&#44;6444&#44;6445&#44;6448&#44;6449&#44;6450&#44;6452&#44;6453&#44;6454&#44;6455&#44;6456&#44;6457&#44;6458&#44;6460&#44;6462&#44;6463&#44;6464&#44;6472&#44;6474&#44;6479&#44;6482&#44;6485&#44;6487&#44;6489&#44;6501&#44;6502&#44;6503&#44;6505&#44;6506&#44;6507&#44;6509&#44;6512&#44;6517&#44;6518&#44;6520&#44;6521&#44;6524&#44;6527&#44;6528&#44;6535&#44;6536&#44;6539&#44;6540&#44;6543&#44;6547&#44;6549&#44;6562&#44;6565&#44;6569&#44;6570&#44;6571&#44;6572&#44;6573&#44;6575&#44;6581&#44;6582&#44;6604&#44;6605&#44;6606&#44;6608&#44;6609&#44;6610&#44;6612&#44;6613&#44;6614&#44;6615&#44;6616&#44;6617&#44;6619&#44;6620&#44;6621&#44;6622&#44;6624&#44;6626&#44;6628&#44;6630&#44;6631&#44;6632&#44;6633&#44;6634&#44;6635&#44;6636&#44;6637&#44;6643&#44;6644&#44;6646&#44;6650&#44;6651&#44;6652&#44;6653&#44;6655&#44;6657&#44;6658&#44;6659&#44;6660&#44;6661&#44;6662&#44;6663&#44;6664&#44;6666&#44;6667&#44;6670&#44;6671&#44;6672&#44;6673&#44;6674&#44;6675&#44;6676&#44;6677&#44;6678&#44;6679&#44;6680&#44;6682&#44;6683&#44;6684&#44;6685&#44;6686&#44;6689&#44;6690&#44;6692&#44;6693&#44;6779&#44;6781&#44;6867&#44;6976&#44;6979&#44;7189&#44;7658&#44;7676&#44;8102&#44;8104&#44;8106&#44;8107&#44;8111&#44;8112&#44;8114&#44;8115&#44;8116&#44;8117&#44;8119&#44;8120&#44;8123&#44;8125&#44;8126&#44;8128&#44;8129&#44;8130&#44;8132&#44;8133&#44;8134&#44;8135&#44;8136&#44;8138&#44;8139&#44;8141&#44;8142&#44;8144&#44;8145&#44;8146&#44;8147&#44;8149&#44;8150&#44;8151&#44;8152&#44;8153&#44;8155&#44;8156&#44;8157&#44;8158&#44;8160&#44;8161&#44;8162&#44;8163&#44;8164&#44;8165&#44;8166&#44;8167&#44;8168&#44;8169&#44;8172&#44;8173&#44;8174&#44;8175&#44;8176&#44;8177&#44;8181&#44;8182&#44;8183&#44;8184&#44;8185&#44;8186&#44;8188&#44;8190&#44;8191&#44;8192&#44;8193&#44;8194&#44;8196&#44;8197&#44;8201&#44;8202&#44;8203&#44;8205&#44;8207&#44;8208&#44;8209&#44;8210&#44;8211&#44;8213&#44;8215&#44;8218&#44;8219&#44;8220&#44;8221&#44;8222&#44;8223&#44;8224&#44;8225&#44;8226&#44;8227&#44;8228&#44;8236&#44;8237&#44;8238&#44;8239&#44;8241&#44;8242&#44;8243&#44;8244&#44;8245&#44;8246&#44;8247&#44;8248&#44;8250&#44;8251&#44;8252&#44;8253&#44;8254&#44;8256&#44;8257&#44;8259&#44;8261&#44;8262&#44;8263&#44;8264&#44;8265&#44;8266&#44;8267&#44;8268&#44;8269&#44;8270&#44;8271&#44;8272&#44;8273&#44;8274&#44;8275&#44;8276&#44;8277&#44;8278&#44;8279&#44;8280&#44;8281&#44;8282&#44;8283&#44;8284&#44;8285&#44;8286&#44;8287&#44;8288&#44;8289&#44;8290&#44;8291&#44;8292&#44;8293&#44;8294&#44;8295&#44;8296&#44;8297&#44;8298&#44;8299&#44;""",5/1/20,4/30/20,Y
layouts,Cake Case,"""37-3&#44;77-3""",,2020,5/4/20,1-NewFolderStructure/C037_C077_Cake_Case/C37_77_Cake_Effective_05042020_Updated_04302020/,_C77_C37_Cake.pdf,"""4109&#44;4702&#44;4703&#44;4704&#44;4707&#44;4709&#44;4710&#44;4711&#44;4712&#44;4713&#44;4718&#44;4720&#44;4721&#44;4722&#44;4724&#44;4728&#44;4729&#44;4730&#44;4731&#44;4732&#44;4735&#44;4736&#44;4738&#44;4739&#44;4740&#44;4741&#44;4742&#44;4743&#44;4745&#44;4749&#44;4750&#44;4755&#44;4761&#44;4763&#44;4764&#44;4767&#44;4768&#44;4769&#44;4770&#44;4771&#44;4772&#44;4774&#44;4775&#44;4776&#44;4777&#44;4778&#44;4780&#44;4781&#44;4782&#44;4783&#44;4784&#44;4785&#44;4786&#44;4787&#44;4789&#44;4790&#44;4791&#44;4794&#44;4795&#44;4797&#44;4798&#44;4799&#44;4801&#44;4802&#44;4804&#44;4805&#44;4808&#44;4815&#44;4816&#44;4817&#44;4818&#44;4819&#44;4820&#44;4822&#44;4824&#44;4825&#44;4828&#44;4829&#44;4830&#44;4831&#44;4836&#44;4837&#44;4839&#44;4840&#44;4843&#44;4846&#44;4847&#44;4850&#44;4851&#44;4852&#44;4853&#44;4855&#44;4857&#44;4859&#44;4860&#44;4861&#44;4866&#44;4870&#44;4872&#44;4873&#44;4874&#44;4875&#44;4876&#44;4878&#44;4879&#44;4901&#44;4905&#44;4906&#44;4911&#44;4914&#44;4915&#44;4917&#44;4920&#44;4925&#44;4926&#44;4933&#44;4936&#44;4938&#44;4939&#44;4942&#44;4944&#44;4946&#44;4947&#44;4948&#44;4950&#44;4952&#44;4955&#44;4958&#44;4961&#44;4962&#44;4963&#44;4969&#44;4972&#44;4973&#44;4974&#44;4982&#44;4983&#44;4985&#44;4987&#44;4989&#44;4990&#44;4991&#44;4992&#44;4994&#44;4996&#44;4998&#44;4999&#44;6181&#44;6188&#44;6189&#44;6201&#44;6202&#44;6203&#44;6204&#44;6205&#44;6212&#44;6213&#44;6216&#44;6217&#44;6218&#44;6219&#44;6220&#44;6225&#44;6228&#44;6235&#44;6236&#44;6238&#44;6239&#44;6240&#44;6242&#44;6244&#44;6245&#44;6246&#44;6247&#44;6249&#44;6251&#44;6252&#44;6254&#44;6255&#44;6256&#44;6257&#44;6259&#44;6260&#44;6261&#44;6262&#44;6265&#44;6267&#44;6269&#44;6270&#44;6275&#44;6302&#44;6304&#44;6305&#44;6307&#44;6308&#44;6309&#44;6310&#44;6311&#44;6312&#44;6313&#44;6314&#44;6315&#44;6317&#44;6319&#44;6320&#44;6321&#44;6322&#44;6324&#44;6325&#44;6326&#44;6327&#44;6328&#44;6329&#44;6330&#44;6331&#44;6332&#44;6333&#44;6334&#44;6335&#44;6336&#44;6338&#44;6339&#44;6341&#44;6342&#44;6343&#44;6344&#44;6345&#44;6347&#44;6348&#44;6349&#44;6350&#44;6351&#44;6352&#44;6353&#44;6354&#44;6355&#44;6356&#44;6357&#44;6358&#44;6359&#44;6360&#44;6361&#44;6363&#44;6364&#44;6365&#44;6366&#44;6367&#44;6368&#44;6369&#44;6371&#44;6372&#44;6373&#44;6375&#44;6376&#44;6378&#44;6379&#44;6380&#44;6381&#44;6382&#44;6383&#44;6384&#44;6386&#44;6387&#44;6388&#44;6401&#44;6402&#44;6403&#44;6404&#44;6405&#44;6406&#44;6407&#44;6408&#44;6409&#44;6410&#44;6412&#44;6413&#44;6414&#44;6415&#44;6418&#44;6419&#44;6420&#44;6421&#44;6422&#44;6423&#44;6425&#44;6426&#44;6427&#44;6428&#44;6429&#44;6431&#44;6433&#44;6434&#44;6435&#44;6436&#44;6437&#44;6439&#44;6440&#44;6441&#44;6443&#44;6444&#44;6445&#44;6448&#44;6449&#44;6450&#44;6452&#44;6453&#44;6454&#44;6455&#44;6456&#44;6457&#44;6458&#44;6460&#44;6462&#44;6463&#44;6464&#44;6472&#44;6474&#44;6479&#44;6482&#44;6485&#44;6487&#44;6489&#44;6501&#44;6502&#44;6503&#44;6505&#44;6506&#44;6507&#44;6509&#44;6512&#44;6517&#44;6518&#44;6520&#44;6521&#44;6524&#44;6527&#44;6528&#44;6535&#44;6536&#44;6539&#44;6540&#44;6543&#44;6547&#44;6549&#44;6562&#44;6565&#44;6569&#44;6570&#44;6571&#44;6572&#44;6573&#44;6575&#44;6581&#44;6582&#44;6604&#44;6605&#44;6606&#44;6608&#44;6609&#44;6610&#44;6612&#44;6613&#44;6614&#44;6615&#44;6616&#44;6617&#44;6619&#44;6620&#44;6621&#44;6622&#44;6624&#44;6626&#44;6628&#44;6630&#44;6631&#44;6632&#44;6633&#44;6634&#44;6635&#44;6636&#44;6637&#44;6643&#44;6644&#44;6646&#44;6650&#44;6651&#44;6652&#44;6653&#44;6655&#44;6657&#44;6658&#44;6659&#44;6660&#44;6661&#44;6662&#44;6663&#44;6664&#44;6666&#44;6667&#44;6670&#44;6671&#44;6672&#44;6673&#44;6674&#44;6675&#44;6676&#44;6677&#44;6678&#44;6679&#44;6680&#44;6682&#44;6683&#44;6684&#44;6685&#44;6686&#44;6689&#44;6690&#44;6692&#44;6693&#44;6779&#44;6781&#44;6867&#44;6976&#44;6979&#44;7189&#44;7658&#44;7676&#44;8102&#44;8104&#44;8106&#44;8107&#44;8111&#44;8112&#44;8114&#44;8115&#44;8116&#44;8117&#44;8119&#44;8120&#44;8123&#44;8125&#44;8126&#44;8128&#44;8129&#44;8130&#44;8132&#44;8133&#44;8134&#44;8135&#44;8136&#44;8138&#44;8139&#44;8141&#44;8142&#44;8144&#44;8145&#44;8146&#44;8147&#44;8149&#44;8150&#44;8151&#44;8152&#44;8153&#44;8155&#44;8156&#44;8157&#44;8158&#44;8160&#44;8161&#44;8162&#44;8163&#44;8164&#44;8165&#44;8166&#44;8167&#44;8168&#44;8169&#44;8172&#44;8173&#44;8174&#44;8175&#44;8176&#44;8177&#44;8181&#44;8182&#44;8183&#44;8184&#44;8185&#44;8186&#44;8188&#44;8190&#44;8191&#44;8192&#44;8193&#44;8194&#44;8196&#44;8197&#44;8201&#44;8202&#44;8203&#44;8205&#44;8207&#44;8208&#44;8209&#44;8210&#44;8211&#44;8213&#44;8215&#44;8218&#44;8219&#44;8220&#44;8221&#44;8222&#44;8223&#44;8224&#44;8225&#44;8226&#44;8227&#44;8228&#44;8236&#44;8237&#44;8238&#44;8239&#44;8241&#44;8242&#44;8243&#44;8244&#44;8245&#44;8246&#44;8247&#44;8248&#44;8250&#44;8251&#44;8252&#44;8253&#44;8254&#44;8256&#44;8257&#44;8259&#44;8261&#44;8262&#44;8263&#44;8264&#44;8265&#44;8266&#44;8267&#44;8268&#44;8269&#44;8270&#44;8271&#44;8272&#44;8273&#44;8274&#44;8275&#44;8276&#44;8277&#44;8278&#44;8279&#44;8280&#44;8281&#44;8282&#44;8283&#44;8284&#44;8285&#44;8286&#44;8287&#44;8288&#44;8289&#44;8290&#44;8291&#44;8292&#44;8293&#44;8294&#44;8295&#44;8296&#44;8297&#44;8298&#44;8299&#44;""",5/1/20,4/30/20,Y
layouts,Deli,57,,2020,5/4/20,1-NewFolderStructure/C057_Deli/C57_Effective_05042020_Planogram_Update_05-01-2020/,_C57_Effective_05042020_Planogram_Update_05-01-2020.pdf,"""4772&#44;4969&#44;""",5/6/20,5/1/20,Y
layouts,HMS,79-2,,2020,5/4/20,1-NewFolderStructure/C079_HMS/C79_HMS_Effective_05042020_Update_05012020/,_C79_HMS_Effective_05042020_Update_05012020.pdf,"""4808&#44;4911&#44;8115&#44;8209&#44;""",5/4/20,5/1/20,Y
layouts,HMS,79-2,,2020,5/4/20,1-NewFolderStructure/C079_HMS/C79_HMS_Effective_05042020_Update_05042020/,_C79_HMS_Effective_05042020_Update_05042020.pdf,"""6556&#44;""",5/4/20,5/4/20,Y
layouts,HMS,79-2,,2020,5/4/20,1-NewFolderStructure/C079_HMS/C79_HMS_Effective_05042020_Update_05082020/,_C79_HMS_Effective_05042020_Update_05082020.pdf,"""6673&#44;8268&#44;""",5/11/20,5/4/20,Y
layouts,Café Grab and Go,79-3,,2020,5/4/20,1-NewFolderStructure/C079_Cafe_Grab_n_Go/C79_Cafe_Grab_and_Go_Effective_05042020_Update_05082020/,_C79_Cafe_Grab_and_Go_Effective_05042020_Update_05082020.pdf,"""6261&#44;""",5/11/20,5/4/20,N
layouts,Meat and Seafood,"""72&#44;76&#44;93""",,2020,5/4/20,1-NewFolderStructure/C076_C072_C093_Fresh_Meat_Seafood/C72_C76_C79_C93_Effective_05042020_Updated_05052020/,_C72_C76_C79_C93_Effective_05042020_Planogram_Updated_04302020.pdf,"""4109&#44;4702&#44;4703&#44;4704&#44;4707&#44;4709&#44;4710&#44;4711&#44;4712&#44;4713&#44;4718&#44;4720&#44;4721&#44;4722&#44;4724&#44;4728&#44;4729&#44;4730&#44;4731&#44;4732&#44;4735&#44;4736&#44;4738&#44;4739&#44;4740&#44;4741&#44;4742&#44;4743&#44;4745&#44;4749&#44;4750&#44;4755&#44;4761&#44;4763&#44;4764&#44;4767&#44;4768&#44;4769&#44;4770&#44;4771&#44;4772&#44;4774&#44;4775&#44;4776&#44;4777&#44;4778&#44;4780&#44;4781&#44;4782&#44;4783&#44;4784&#44;4785&#44;4786&#44;4787&#44;4789&#44;4790&#44;4791&#44;4794&#44;4795&#44;4797&#44;4798&#44;4799&#44;4801&#44;4802&#44;4804&#44;4805&#44;4808&#44;4815&#44;4816&#44;4817&#44;4818&#44;4819&#44;4820&#44;4822&#44;4824&#44;4825&#44;4828&#44;4829&#44;4830&#44;4831&#44;4836&#44;4837&#44;4839&#44;4840&#44;4843&#44;4846&#44;4847&#44;4850&#44;4851&#44;4852&#44;4853&#44;4855&#44;4857&#44;4859&#44;4860&#44;4861&#44;4866&#44;4870&#44;4871&#44;4872&#44;4873&#44;4874&#44;4875&#44;4876&#44;4878&#44;4879&#44;4901&#44;4905&#44;4906&#44;4908&#44;4911&#44;4914&#44;4915&#44;4917&#44;4920&#44;4925&#44;4926&#44;4930&#44;4933&#44;4936&#44;4938&#44;4939&#44;4942&#44;4944&#44;4946&#44;4947&#44;4948&#44;4950&#44;4952&#44;4958&#44;4961&#44;4962&#44;4963&#44;4969&#44;4972&#44;4973&#44;4974&#44;4982&#44;4983&#44;4985&#44;4987&#44;4989&#44;4990&#44;4991&#44;4992&#44;4994&#44;4996&#44;4998&#44;4999&#44;6181&#44;6188&#44;6189&#44;6201&#44;6202&#44;6203&#44;6204&#44;6205&#44;6212&#44;6213&#44;6216&#44;6217&#44;6218&#44;6219&#44;6220&#44;6228&#44;6235&#44;6236&#44;6238&#44;6239&#44;6240&#44;6242&#44;6244&#44;6245&#44;6246&#44;6247&#44;6249&#44;6251&#44;6252&#44;6254&#44;6255&#44;6256&#44;6257&#44;6259&#44;6260&#44;6261&#44;6262&#44;6265&#44;6267&#44;6269&#44;6270&#44;6275&#44;6302&#44;6304&#44;6305&#44;6307&#44;6308&#44;6309&#44;6310&#44;6311&#44;6312&#44;6313&#44;6314&#44;6315&#44;6317&#44;6319&#44;6320&#44;6321&#44;6322&#44;6324&#44;6325&#44;6326&#44;6327&#44;6328&#44;6329&#44;6330&#44;6331&#44;6332&#44;6333&#44;6334&#44;6335&#44;6336&#44;6338&#44;6339&#44;6341&#44;6342&#44;6343&#44;6344&#44;6345&#44;6347&#44;6348&#44;6349&#44;6350&#44;6351&#44;6352&#44;6353&#44;6354&#44;6355&#44;6356&#44;6357&#44;6358&#44;6359&#44;6360&#44;6361&#44;6363&#44;6364&#44;6365&#44;6366&#44;6367&#44;6368&#44;6369&#44;6371&#44;6372&#44;6373&#44;6375&#44;6376&#44;6377&#44;6378&#44;6379&#44;6380&#44;6381&#44;6382&#44;6383&#44;6384&#44;6385&#44;6386&#44;6387&#44;6388&#44;6401&#44;6402&#44;6403&#44;6404&#44;6405&#44;6406&#44;6407&#44;6408&#44;6409&#44;6410&#44;6412&#44;6413&#44;6414&#44;6415&#44;6417&#44;6418&#44;6419&#44;6420&#44;6421&#44;6422&#44;6423&#44;6424&#44;6425&#44;6426&#44;6427&#44;6428&#44;6429&#44;6430&#44;6431&#44;6432&#44;6433&#44;6434&#44;6435&#44;6436&#44;6437&#44;6439&#44;6440&#44;6441&#44;6443&#44;6444&#44;6445&#44;6448&#44;6449&#44;6450&#44;6452&#44;6453&#44;6454&#44;6455&#44;6456&#44;6457&#44;6458&#44;6460&#44;6461&#44;6462&#44;6463&#44;6464&#44;6471&#44;6472&#44;6474&#44;6479&#44;6482&#44;6485&#44;6487&#44;6489&#44;6501&#44;6502&#44;6503&#44;6505&#44;6506&#44;6507&#44;6509&#44;6510&#44;6512&#44;6514&#44;6517&#44;6518&#44;6520&#44;6521&#44;6524&#44;6527&#44;6528&#44;6533&#44;6535&#44;6536&#44;6539&#44;6540&#44;6547&#44;6549&#44;6556&#44;6562&#44;6565&#44;6567&#44;6568&#44;6569&#44;6570&#44;6571&#44;6572&#44;6573&#44;6575&#44;6581&#44;6582&#44;6604&#44;6605&#44;6606&#44;6608&#44;6609&#44;6610&#44;6612&#44;6613&#44;6614&#44;6615&#44;6616&#44;6617&#44;6619&#44;6620&#44;6621&#44;6622&#44;6624&#44;6626&#44;6628&#44;6630&#44;6631&#44;6632&#44;6633&#44;6634&#44;6635&#44;6636&#44;6637&#44;6643&#44;6644&#44;6646&#44;6650&#44;6651&#44;6652&#44;6653&#44;6655&#44;6657&#44;6658&#44;6659&#44;6660&#44;6661&#44;6662&#44;6663&#44;6664&#44;6666&#44;6667&#44;6670&#44;6671&#44;6672&#44;6673&#44;6674&#44;6675&#44;6676&#44;6677&#44;6678&#44;6679&#44;6680&#44;6682&#44;6683&#44;6684&#44;6685&#44;6686&#44;6690&#44;6692&#44;6693&#44;6779&#44;6781&#44;6867&#44;6976&#44;6979&#44;7189&#44;7658&#44;7676&#44;8102&#44;8104&#44;8106&#44;8107&#44;8111&#44;8112&#44;8114&#44;8115&#44;8116&#44;8117&#44;8119&#44;8120&#44;8123&#44;8125&#44;8126&#44;8128&#44;8129&#44;8130&#44;8132&#44;8133&#44;8134&#44;8135&#44;8136&#44;8138&#44;8139&#44;8141&#44;8142&#44;8144&#44;8145&#44;8146&#44;8147&#44;8149&#44;8150&#44;8151&#44;8152&#44;8153&#44;8155&#44;8156&#44;8157&#44;8158&#44;8160&#44;8161&#44;8162&#44;8163&#44;8164&#44;8165&#44;8166&#44;8167&#44;8168&#44;8169&#44;8172&#44;8173&#44;8174&#44;8175&#44;8176&#44;8177&#44;8180&#44;8181&#44;8182&#44;8183&#44;8184&#44;8185&#44;8186&#44;8188&#44;8189&#44;8190&#44;8191&#44;8192&#44;8193&#44;8194&#44;8196&#44;8197&#44;8201&#44;8202&#44;8203&#44;8205&#44;8207&#44;8208&#44;8209&#44;8210&#44;8211&#44;8213&#44;8215&#44;8218&#44;8219&#44;8220&#44;8221&#44;8222&#44;8223&#44;8224&#44;8225&#44;8226&#44;8227&#44;8228&#44;8236&#44;8237&#44;8238&#44;8239&#44;8241&#44;8242&#44;8243&#44;8244&#44;8245&#44;8246&#44;8247&#44;8248&#44;8250&#44;8251&#44;8252&#44;8253&#44;8254&#44;8256&#44;8257&#44;8259&#44;8261&#44;8262&#44;8263&#44;8264&#44;8265&#44;8266&#44;8267&#44;8268&#44;8269&#44;8270&#44;8271&#44;8272&#44;8273&#44;8274&#44;8275&#44;8276&#44;8277&#44;8278&#44;8279&#44;8280&#44;8281&#44;8282&#44;8283&#44;8284&#44;8285&#44;8286&#44;8287&#44;8288&#44;8289&#44;8290&#44;8291&#44;8292&#44;8293&#44;8294&#44;8295&#44;8296&#44;8297&#44;8298&#44;8299&#44;""",5/8/20,5/5/20,Y
layouts,HMS,79-2,,2020,5/4/20,1-NewFolderStructure/C079_HMS/C79_HMS_Effective_05042020_Update_05072020/,_C79_HMS_Effective_05042020_Update_05072020.pdf,"""6267&#44;""",5/8/20,5/7/20,Y
layouts,Café Grab and Go,79-3,,2020,5/4/20,1-NewFolderStructure/C079_Cafe_Grab_n_Go/C79_Cafe_Grab_and_Go_Effective_05042020_Update_05072020/,_C79_Cage_Grab_and_Go_Effective_05042020_Update_05072020.pdf,"""6426&#44;""",5/8/20,5/7/20,Y
layouts,HMS,79-2,,2020,5/4/20,1-NewFolderStructure/C079_HMS/C79_HMS_Effective_05042020_Update_05182020/,_C79_HMS_Effective_05042020_Update_05182020.pdf,"""6246&#44;""",5/18/20,5/18/20,Y
layouts,HMS,79-2,,2020,5/4/20,1-NewFolderStructure/C079_HMS/C79_HMS_Effective_05042020_Update_05202020/,_C79_HMS_Effective_05042020_Update_05202020.pdf,"""8268&#44;""",5/20/20,5/20/20,Y
layouts,HMS,79-2,,2020,5/4/20,1-NewFolderStructure/C079_HMS/C79_HMS_Effective_05042020_Update_05212020/,_C79_HMS_Effective_05042020_Update_05212020.pdf,"""8139&#44;""",5/22/20,5/21/20,Y
layouts,HMS,79-2,,2020,5/4/20,1-NewFolderStructure/C079_HMS/C79_HMS_Effective_05042020_Update_05202020/,_C79_HMS_Effective_05042020_Update_05202020.pdf,"""8268&#44;""",5/22/20,5/21/20,Y
layouts,Automotive,10,,2020,5/31/20,1-NewFolderStructure/C010_Automotive/C10_Effective_05312020_Planogram_Updated_04_30_20/,_C10_Effective_053120_Planogram_Updated_043020.pdf,"""4720&#44;4738&#44;4767&#44;4777&#44;4799&#44;4802&#44;4852&#44;4914&#44;4933&#44;4942&#44;6228&#44;6244&#44;6255&#44;6632&#44;6659&#44;6664&#44;6667&#44;6779&#44;""",5/26/20,5/22/20,N
layouts,Deli,57,,2020,5/31/20,1-NewFolderStructure/C057_Deli/C57_Effective_05312020_Planogram_Update_05-22-2020/,_C57_Effective_05312020_Planogram_Update_05-22-2020.pdf,"""4720&#44;4738&#44;4767&#44;4777&#44;4799&#44;4802&#44;4852&#44;4914&#44;4933&#44;4942&#44;6228&#44;6244&#44;6255&#44;6632&#44;6659&#44;6664&#44;6667&#44;6779&#44;""",5/26/20,5/22/20,N
layouts,HMS,79-2,,2020,5/31/20,1-NewFolderStructure/C079_HMS/C79_HMS_Effective_05312020/,_C79_HMS_Effective_05312020.pdf,"""4720&#44;4738&#44;4767&#44;4777&#44;4799&#44;4802&#44;4852&#44;4914&#44;4933&#44;4942&#44;6244&#44;6255&#44;6632&#44;6659&#44;6664&#44;6667&#44;6779&#44;""",5/26/20,5/22/20,N
layouts,Café Grab and Go,79-3,,2020,5/31/20,1-NewFolderStructure/C079_Cafe_Grab_n_Go/C79_Cafe_Grab_and_Go_Effective_05312020/,_C79_Cafe_Grab_and_Go_Effective_05312020.pdf,"""4852&#44;4933&#44;""",5/26/20,5/22/20,N
layouts,Bakery Tables,"""37&#44;77""",,2020,5/31/20,1-NewFolderStructure/C037_C077_Bakery_Tables/C37_77_Bakery_Tables_Effective_05312020_Updated_05222020/,_C77_C37_Bakery_Tables_Effective_05312020_Planogram_Updated_05272020.pdf,"""4720&#44;4738&#44;4767&#44;4777&#44;4799&#44;4802&#44;4852&#44;4914&#44;4933&#44;4942&#44;6228&#44;6244&#44;6255&#44;6632&#44;6659&#44;6664&#44;6667&#44;6779&#44;""",5/27/20,5/27/20,N
layouts,Bakery Pallets,"""37-4&#44;77-4""",,2020,5/31/20,1-NewFolderStructure/C037_C077_Bakery_Pallets/C37_77_Bakery_Pallets_Effective_05312020_Updated_05222020/,_C77_C37_Bakery_Pallets_Effective_05312020_Planogram_Updated_05282020.pdf,"""4720&#44;4738&#44;4767&#44;4777&#44;4799&#44;4802&#44;4852&#44;4914&#44;4933&#44;4942&#44;6228&#44;6244&#44;6255&#44;6632&#44;6659&#44;6664&#44;6667&#44;6779&#44;""",5/27/20,5/27/20,N
layouts,Bakery Tables,"""37&#44;77""",,2020,6/1/20,1-NewFolderStructure/C037_C077_Bakery_Tables/C37_C77_Bakery_Tables_Effective_06012020_Updated_05222020/,_C77_C37_Bakery_Tables_Effective_06012020_Planogram_Updated_05222020.pdf,"""4109&#44;4702&#44;4703&#44;4704&#44;4707&#44;4709&#44;4710&#44;4711&#44;4712&#44;4713&#44;4718&#44;4721&#44;4722&#44;4728&#44;4729&#44;4730&#44;4731&#44;4732&#44;4735&#44;4736&#44;4739&#44;4742&#44;4743&#44;4745&#44;4750&#44;4755&#44;4761&#44;4763&#44;4764&#44;4768&#44;4769&#44;4770&#44;4771&#44;4772&#44;4774&#44;4780&#44;4782&#44;4783&#44;4784&#44;4785&#44;4786&#44;4787&#44;4789&#44;4791&#44;4794&#44;4795&#44;4797&#44;4798&#44;4801&#44;4804&#44;4805&#44;4808&#44;4815&#44;4816&#44;4818&#44;4819&#44;4820&#44;4822&#44;4824&#44;4828&#44;4829&#44;4830&#44;4831&#44;4836&#44;4839&#44;4840&#44;4843&#44;4846&#44;4847&#44;4850&#44;4851&#44;4853&#44;4855&#44;4857&#44;4859&#44;4860&#44;4861&#44;4866&#44;4870&#44;4872&#44;4873&#44;4875&#44;4876&#44;4878&#44;4879&#44;4901&#44;4905&#44;4906&#44;4908&#44;4911&#44;4915&#44;4917&#44;4920&#44;4926&#44;4936&#44;4938&#44;4939&#44;4946&#44;4947&#44;4948&#44;4950&#44;4952&#44;4955&#44;4958&#44;4961&#44;4963&#44;4969&#44;4972&#44;4973&#44;4974&#44;4983&#44;4985&#44;4987&#44;4989&#44;4991&#44;4992&#44;4994&#44;4996&#44;4998&#44;4999&#44;6181&#44;6188&#44;6189&#44;6201&#44;6202&#44;6203&#44;6204&#44;6205&#44;6212&#44;6213&#44;6216&#44;6217&#44;6218&#44;6219&#44;6225&#44;6235&#44;6236&#44;6238&#44;6239&#44;6240&#44;6245&#44;6246&#44;6247&#44;6251&#44;6252&#44;6254&#44;6257&#44;6259&#44;6261&#44;6262&#44;6265&#44;6267&#44;6269&#44;6270&#44;6275&#44;6302&#44;6304&#44;6305&#44;6309&#44;6310&#44;6311&#44;6312&#44;6313&#44;6314&#44;6315&#44;6317&#44;6320&#44;6321&#44;6322&#44;6324&#44;6325&#44;6327&#44;6328&#44;6330&#44;6331&#44;6332&#44;6333&#44;6334&#44;6335&#44;6336&#44;6338&#44;6339&#44;6341&#44;6342&#44;6343&#44;6344&#44;6345&#44;6347&#44;6348&#44;6349&#44;6350&#44;6351&#44;6352&#44;6353&#44;6354&#44;6355&#44;6356&#44;6357&#44;6358&#44;6360&#44;6363&#44;6364&#44;6365&#44;6366&#44;6367&#44;6368&#44;6369&#44;6371&#44;6372&#44;6373&#44;6376&#44;6378&#44;6379&#44;6380&#44;6381&#44;6382&#44;6383&#44;6384&#44;6385&#44;6386&#44;6387&#44;6388&#44;6401&#44;6402&#44;6403&#44;6404&#44;6405&#44;6406&#44;6408&#44;6409&#44;6410&#44;6413&#44;6414&#44;6415&#44;6418&#44;6420&#44;6421&#44;6422&#44;6423&#44;6424&#44;6425&#44;6426&#44;6427&#44;6428&#44;6430&#44;6431&#44;6433&#44;6434&#44;6436&#44;6437&#44;6439&#44;6440&#44;6441&#44;6443&#44;6444&#44;6445&#44;6448&#44;6450&#44;6452&#44;6453&#44;6455&#44;6456&#44;6457&#44;6458&#44;6460&#44;6462&#44;6463&#44;6464&#44;6472&#44;6474&#44;6482&#44;6485&#44;6487&#44;6489&#44;6501&#44;6502&#44;6505&#44;6506&#44;6509&#44;6517&#44;6518&#44;6520&#44;6524&#44;6528&#44;6535&#44;6536&#44;6539&#44;6540&#44;6543&#44;6547&#44;6549&#44;6556&#44;6565&#44;6569&#44;6570&#44;6571&#44;6572&#44;6573&#44;6575&#44;6581&#44;6582&#44;6604&#44;6605&#44;6606&#44;6608&#44;6609&#44;6610&#44;6612&#44;6613&#44;6614&#44;6615&#44;6616&#44;6617&#44;6619&#44;6620&#44;6621&#44;6622&#44;6624&#44;6626&#44;6628&#44;6630&#44;6631&#44;6633&#44;6634&#44;6635&#44;6636&#44;6637&#44;6643&#44;6644&#44;6646&#44;6650&#44;6651&#44;6652&#44;6653&#44;6655&#44;6670&#44;6671&#44;6672&#44;6673&#44;6674&#44;6675&#44;6676&#44;6677&#44;6678&#44;6679&#44;6680&#44;6682&#44;6683&#44;6684&#44;6685&#44;6686&#44;6689&#44;6690&#44;6692&#44;6693&#44;6781&#44;6867&#44;6976&#44;6979&#44;7189&#44;7658&#44;7676&#44;8106&#44;8111&#44;8112&#44;8115&#44;8116&#44;8117&#44;8120&#44;8123&#44;8125&#44;8126&#44;8128&#44;8129&#44;8130&#44;8132&#44;8133&#44;8135&#44;8136&#44;8138&#44;8141&#44;8142&#44;8144&#44;8145&#44;8146&#44;8147&#44;8149&#44;8150&#44;8151&#44;8152&#44;8153&#44;8155&#44;8156&#44;8157&#44;8158&#44;8160&#44;8161&#44;8162&#44;8163&#44;8164&#44;8165&#44;8166&#44;8167&#44;8168&#44;8169&#44;8172&#44;8173&#44;8174&#44;8175&#44;8176&#44;8177&#44;8182&#44;8183&#44;8184&#44;8185&#44;8186&#44;8188&#44;8189&#44;8190&#44;8191&#44;8192&#44;8193&#44;8194&#44;8197&#44;8201&#44;8202&#44;8203&#44;8205&#44;8207&#44;8208&#44;8209&#44;8210&#44;8211&#44;8213&#44;8215&#44;8218&#44;8219&#44;8220&#44;8222&#44;8223&#44;8224&#44;8225&#44;8226&#44;8227&#44;8228&#44;8238&#44;8239&#44;8241&#44;8242&#44;8243&#44;8244&#44;8245&#44;8246&#44;8248&#44;8250&#44;8251&#44;8252&#44;8253&#44;8254&#44;8256&#44;8257&#44;8259&#44;8262&#44;8263&#44;8264&#44;8265&#44;8267&#44;8268&#44;8269&#44;8270&#44;8272&#44;8273&#44;8274&#44;8275&#44;8276&#44;8277&#44;8278&#44;8279&#44;8280&#44;8281&#44;8282&#44;8283&#44;8284&#44;8285&#44;8286&#44;8287&#44;8288&#44;8289&#44;8290&#44;8293&#44;8294&#44;8295&#44;8296&#44;8297&#44;8298&#44;8299&#44;""",5/28/20,5/22/20,Y
layouts,Bakery Dessert,"""37-2&#44;77-2""",,2020,6/1/20,1-NewFolderStructure/C037_C077_Bakery_Dessert/C037_C077_BDDC_Effective 06012020_Updated_05222020/,_C77_C37_Effective_06012020_Updated_05222020.pdf,"""4109&#44;4702&#44;4703&#44;4704&#44;4707&#44;4709&#44;4710&#44;4711&#44;4712&#44;4713&#44;4718&#44;4720&#44;4721&#44;4722&#44;4724&#44;4728&#44;4729&#44;4730&#44;4731&#44;4732&#44;4735&#44;4736&#44;4738&#44;4739&#44;4740&#44;4742&#44;4743&#44;4745&#44;4749&#44;4750&#44;4755&#44;4761&#44;4763&#44;4764&#44;4767&#44;4768&#44;4769&#44;4770&#44;4771&#44;4772&#44;4774&#44;4775&#44;4776&#44;4777&#44;4778&#44;4780&#44;4781&#44;4782&#44;4783&#44;4784&#44;4785&#44;4786&#44;4787&#44;4789&#44;4790&#44;4791&#44;4794&#44;4795&#44;4797&#44;4798&#44;4799&#44;4801&#44;4802&#44;4804&#44;4805&#44;4808&#44;4816&#44;4817&#44;4818&#44;4819&#44;4820&#44;4822&#44;4824&#44;4825&#44;4828&#44;4829&#44;4830&#44;4831&#44;4836&#44;4837&#44;4839&#44;4840&#44;4843&#44;4846&#44;4847&#44;4850&#44;4851&#44;4852&#44;4853&#44;4855&#44;4857&#44;4859&#44;4860&#44;4861&#44;4866&#44;4870&#44;4872&#44;4873&#44;4874&#44;4875&#44;4876&#44;4878&#44;4879&#44;4901&#44;4905&#44;4906&#44;4911&#44;4914&#44;4915&#44;4917&#44;4920&#44;4925&#44;4926&#44;4933&#44;4936&#44;4938&#44;4939&#44;4942&#44;4944&#44;4946&#44;4947&#44;4948&#44;4950&#44;4952&#44;4955&#44;4958&#44;4961&#44;4962&#44;4963&#44;4969&#44;4972&#44;4973&#44;4974&#44;4982&#44;4983&#44;4985&#44;4987&#44;4989&#44;4990&#44;4991&#44;4992&#44;4994&#44;4996&#44;4998&#44;4999&#44;6181&#44;6188&#44;6189&#44;6201&#44;6202&#44;6203&#44;6204&#44;6205&#44;6212&#44;6213&#44;6216&#44;6217&#44;6218&#44;6219&#44;6220&#44;6225&#44;6228&#44;6235&#44;6236&#44;6238&#44;6239&#44;6240&#44;6242&#44;6244&#44;6245&#44;6246&#44;6247&#44;6249&#44;6251&#44;6252&#44;6254&#44;6255&#44;6256&#44;6257&#44;6259&#44;6260&#44;6261&#44;6262&#44;6265&#44;6267&#44;6269&#44;6270&#44;6275&#44;6302&#44;6304&#44;6305&#44;6307&#44;6308&#44;6309&#44;6310&#44;6311&#44;6312&#44;6313&#44;6314&#44;6315&#44;6317&#44;6319&#44;6320&#44;6321&#44;6322&#44;6324&#44;6325&#44;6326&#44;6327&#44;6328&#44;6329&#44;6330&#44;6331&#44;6332&#44;6333&#44;6334&#44;6335&#44;6336&#44;6338&#44;6339&#44;6341&#44;6342&#44;6343&#44;6344&#44;6345&#44;6347&#44;6348&#44;6349&#44;6350&#44;6351&#44;6352&#44;6353&#44;6354&#44;6355&#44;6356&#44;6357&#44;6358&#44;6359&#44;6360&#44;6361&#44;6363&#44;6364&#44;6365&#44;6366&#44;6367&#44;6368&#44;6369&#44;6371&#44;6372&#44;6373&#44;6375&#44;6376&#44;6378&#44;6379&#44;6380&#44;6381&#44;6382&#44;6383&#44;6384&#44;6386&#44;6387&#44;6388&#44;6401&#44;6402&#44;6403&#44;6404&#44;6405&#44;6406&#44;6407&#44;6408&#44;6409&#44;6410&#44;6412&#44;6413&#44;6414&#44;6415&#44;6418&#44;6419&#44;6420&#44;6421&#44;6422&#44;6423&#44;6425&#44;6426&#44;6427&#44;6428&#44;6429&#44;6431&#44;6433&#44;6434&#44;6435&#44;6436&#44;6437&#44;6439&#44;6440&#44;6441&#44;6443&#44;6444&#44;6445&#44;6448&#44;6449&#44;6450&#44;6452&#44;6453&#44;6454&#44;6455&#44;6456&#44;6457&#44;6458&#44;6460&#44;6462&#44;6463&#44;6464&#44;6472&#44;6474&#44;6479&#44;6482&#44;6485&#44;6487&#44;6489&#44;6501&#44;6502&#44;6503&#44;6505&#44;6506&#44;6507&#44;6509&#44;6512&#44;6517&#44;6518&#44;6520&#44;6521&#44;6524&#44;6527&#44;6528&#44;6535&#44;6536&#44;6539&#44;6540&#44;6543&#44;6547&#44;6549&#44;6562&#44;6565&#44;6569&#44;6570&#44;6571&#44;6572&#44;6573&#44;6575&#44;6581&#44;6582&#44;6604&#44;6605&#44;6606&#44;6608&#44;6609&#44;6610&#44;6612&#44;6613&#44;6614&#44;6615&#44;6616&#44;6617&#44;6619&#44;6620&#44;6621&#44;6622&#44;6624&#44;6626&#44;6628&#44;6630&#44;6631&#44;6632&#44;6633&#44;6634&#44;6635&#44;6636&#44;6637&#44;6643&#44;6644&#44;6646&#44;6650&#44;6651&#44;6652&#44;6653&#44;6655&#44;6657&#44;6658&#44;6659&#44;6660&#44;6661&#44;6662&#44;6663&#44;6664&#44;6666&#44;6667&#44;6670&#44;6671&#44;6672&#44;6673&#44;6674&#44;6675&#44;6676&#44;6677&#44;6678&#44;6679&#44;6680&#44;6682&#44;6683&#44;6684&#44;6685&#44;6686&#44;6689&#44;6690&#44;6692&#44;6693&#44;6781&#44;6867&#44;6976&#44;6979&#44;7189&#44;7658&#44;7676&#44;8102&#44;8104&#44;8106&#44;8107&#44;8111&#44;8112&#44;8114&#44;8115&#44;8116&#44;8117&#44;8119&#44;8120&#44;8123&#44;8125&#44;8126&#44;8128&#44;8129&#44;8130&#44;8132&#44;8133&#44;8134&#44;8135&#44;8136&#44;8138&#44;8139&#44;8141&#44;8142&#44;8144&#44;8145&#44;8146&#44;8147&#44;8149&#44;8150&#44;8151&#44;8152&#44;8153&#44;8155&#44;8156&#44;8157&#44;8158&#44;8160&#44;8161&#44;8162&#44;8163&#44;8164&#44;8165&#44;8166&#44;8167&#44;8168&#44;8169&#44;8172&#44;8173&#44;8174&#44;8175&#44;8176&#44;8177&#44;8181&#44;8182&#44;8183&#44;8184&#44;8185&#44;8186&#44;8188&#44;8190&#44;8191&#44;8192&#44;8193&#44;8194&#44;8196&#44;8197&#44;8201&#44;8202&#44;8203&#44;8205&#44;8207&#44;8208&#44;8209&#44;8210&#44;8211&#44;8213&#44;8215&#44;8218&#44;8219&#44;8220&#44;8221&#44;8222&#44;8223&#44;8224&#44;8225&#44;8226&#44;8227&#44;8228&#44;8236&#44;8237&#44;8238&#44;8239&#44;8241&#44;8242&#44;8243&#44;8244&#44;8245&#44;8246&#44;8247&#44;8248&#44;8250&#44;8251&#44;8252&#44;8253&#44;8254&#44;8256&#44;8257&#44;8259&#44;8261&#44;8262&#44;8263&#44;8264&#44;8265&#44;8266&#44;8267&#44;8268&#44;8269&#44;8270&#44;8271&#44;8272&#44;8273&#44;8274&#44;8275&#44;8276&#44;8277&#44;8278&#44;8279&#44;8280&#44;8281&#44;8282&#44;8283&#44;8284&#44;8285&#44;8286&#44;8287&#44;8288&#44;8289&#44;8290&#44;8291&#44;8292&#44;8293&#44;8294&#44;8295&#44;8296&#44;8297&#44;8298&#44;8299&#44;""",5/28/20,5/22/20,Y
layouts,Cake Case,"""37-3&#44;77-3""",,2020,6/1/20,1-NewFolderStructure/C037_C077_Cake_Case/C037_C077_CC_Effective_06012020_Uploaded_05222020/,_C77_C37_Effective_06012020_Updated_05222020.pdf,"""4109&#44;4702&#44;4703&#44;4704&#44;4707&#44;4709&#44;4710&#44;4711&#44;4712&#44;4713&#44;4718&#44;4720&#44;4721&#44;4722&#44;4724&#44;4728&#44;4729&#44;4730&#44;4731&#44;4732&#44;4735&#44;4736&#44;4738&#44;4739&#44;4740&#44;4741&#44;4742&#44;4743&#44;4745&#44;4749&#44;4750&#44;4755&#44;4761&#44;4763&#44;4764&#44;4767&#44;4768&#44;4769&#44;4770&#44;4771&#44;4772&#44;4774&#44;4775&#44;4776&#44;4777&#44;4778&#44;4780&#44;4781&#44;4782&#44;4783&#44;4784&#44;4785&#44;4786&#44;4787&#44;4789&#44;4790&#44;4791&#44;4794&#44;4795&#44;4797&#44;4798&#44;4799&#44;4801&#44;4802&#44;4804&#44;4805&#44;4808&#44;4815&#44;4816&#44;4817&#44;4818&#44;4819&#44;4820&#44;4822&#44;4824&#44;4825&#44;4828&#44;4829&#44;4830&#44;4831&#44;4836&#44;4837&#44;4839&#44;4840&#44;4843&#44;4846&#44;4847&#44;4850&#44;4851&#44;4852&#44;4853&#44;4855&#44;4857&#44;4859&#44;4860&#44;4861&#44;4866&#44;4870&#44;4872&#44;4873&#44;4874&#44;4875&#44;4876&#44;4878&#44;4879&#44;4901&#44;4905&#44;4906&#44;4911&#44;4914&#44;4915&#44;4917&#44;4920&#44;4925&#44;4926&#44;4933&#44;4936&#44;4938&#44;4939&#44;4942&#44;4944&#44;4946&#44;4947&#44;4948&#44;4950&#44;4952&#44;4955&#44;4958&#44;4961&#44;4962&#44;4963&#44;4969&#44;4972&#44;4973&#44;4974&#44;4982&#44;4983&#44;4985&#44;4987&#44;4989&#44;4990&#44;4991&#44;4992&#44;4994&#44;4996&#44;4998&#44;4999&#44;6181&#44;6188&#44;6189&#44;6201&#44;6202&#44;6203&#44;6204&#44;6205&#44;6212&#44;6213&#44;6216&#44;6217&#44;6218&#44;6219&#44;6220&#44;6225&#44;6228&#44;6235&#44;6236&#44;6238&#44;6239&#44;6240&#44;6242&#44;6244&#44;6245&#44;6246&#44;6247&#44;6249&#44;6251&#44;6252&#44;6254&#44;6255&#44;6256&#44;6257&#44;6259&#44;6260&#44;6261&#44;6262&#44;6265&#44;6267&#44;6269&#44;6270&#44;6275&#44;6302&#44;6304&#44;6305&#44;6307&#44;6308&#44;6309&#44;6310&#44;6311&#44;6312&#44;6313&#44;6314&#44;6315&#44;6317&#44;6319&#44;6320&#44;6321&#44;6322&#44;6324&#44;6325&#44;6326&#44;6327&#44;6328&#44;6329&#44;6330&#44;6331&#44;6332&#44;6333&#44;6334&#44;6335&#44;6336&#44;6338&#44;6339&#44;6341&#44;6342&#44;6343&#44;6344&#44;6345&#44;6347&#44;6348&#44;6349&#44;6350&#44;6351&#44;6352&#44;6353&#44;6354&#44;6355&#44;6356&#44;6357&#44;6358&#44;6359&#44;6360&#44;6361&#44;6363&#44;6364&#44;6365&#44;6366&#44;6367&#44;6368&#44;6369&#44;6371&#44;6372&#44;6373&#44;6375&#44;6376&#44;6378&#44;6379&#44;6380&#44;6381&#44;6382&#44;6383&#44;6384&#44;6386&#44;6387&#44;6388&#44;6401&#44;6402&#44;6403&#44;6404&#44;6405&#44;6406&#44;6407&#44;6408&#44;6409&#44;6410&#44;6412&#44;6413&#44;6414&#44;6415&#44;6418&#44;6419&#44;6420&#44;6421&#44;6422&#44;6423&#44;6425&#44;6426&#44;6427&#44;6428&#44;6429&#44;6431&#44;6433&#44;6434&#44;6435&#44;6436&#44;6437&#44;6439&#44;6440&#44;6441&#44;6443&#44;6444&#44;6445&#44;6448&#44;6449&#44;6450&#44;6452&#44;6453&#44;6454&#44;6455&#44;6456&#44;6457&#44;6458&#44;6460&#44;6462&#44;6463&#44;6464&#44;6472&#44;6474&#44;6479&#44;6482&#44;6485&#44;6487&#44;6489&#44;6501&#44;6502&#44;6503&#44;6505&#44;6506&#44;6507&#44;6509&#44;6512&#44;6517&#44;6518&#44;6520&#44;6521&#44;6524&#44;6527&#44;6528&#44;6535&#44;6536&#44;6539&#44;6540&#44;6543&#44;6547&#44;6549&#44;6562&#44;6565&#44;6569&#44;6570&#44;6571&#44;6572&#44;6573&#44;6575&#44;6581&#44;6582&#44;6604&#44;6605&#44;6606&#44;6608&#44;6609&#44;6610&#44;6612&#44;6613&#44;6614&#44;6615&#44;6616&#44;6617&#44;6619&#44;6620&#44;6621&#44;6622&#44;6624&#44;6626&#44;6628&#44;6630&#44;6631&#44;6632&#44;6633&#44;6634&#44;6635&#44;6636&#44;6637&#44;6643&#44;6644&#44;6646&#44;6650&#44;6651&#44;6652&#44;6653&#44;6655&#44;6657&#44;6658&#44;6659&#44;6660&#44;6661&#44;6662&#44;6663&#44;6664&#44;6666&#44;6667&#44;6670&#44;6671&#44;6672&#44;6673&#44;6674&#44;6675&#44;6676&#44;6677&#44;6678&#44;6679&#44;6680&#44;6682&#44;6683&#44;6684&#44;6685&#44;6686&#44;6689&#44;6690&#44;6692&#44;6693&#44;6779&#44;6781&#44;6867&#44;6976&#44;6979&#44;7189&#44;7658&#44;7676&#44;8102&#44;8104&#44;8106&#44;8107&#44;8111&#44;8112&#44;8114&#44;8115&#44;8116&#44;8117&#44;8119&#44;8120&#44;8123&#44;8125&#44;8126&#44;8128&#44;8129&#44;8130&#44;8132&#44;8133&#44;8134&#44;8135&#44;8136&#44;8138&#44;8139&#44;8141&#44;8142&#44;8144&#44;8145&#44;8146&#44;8147&#44;8149&#44;8150&#44;8151&#44;8152&#44;8153&#44;8155&#44;8156&#44;8157&#44;8158&#44;8160&#44;8161&#44;8162&#44;8163&#44;8164&#44;8165&#44;8166&#44;8167&#44;8168&#44;8169&#44;8172&#44;8173&#44;8174&#44;8175&#44;8176&#44;8177&#44;8181&#44;8182&#44;8183&#44;8184&#44;8185&#44;8186&#44;8188&#44;8190&#44;8191&#44;8192&#44;8193&#44;8194&#44;8196&#44;8197&#44;8201&#44;8202&#44;8203&#44;8205&#44;8207&#44;8208&#44;8209&#44;8210&#44;8211&#44;8213&#44;8215&#44;8218&#44;8219&#44;8220&#44;8221&#44;8222&#44;8223&#44;8224&#44;8225&#44;8226&#44;8227&#44;8228&#44;8236&#44;8237&#44;8238&#44;8239&#44;8241&#44;8242&#44;8243&#44;8244&#44;8245&#44;8246&#44;8247&#44;8248&#44;8250&#44;8251&#44;8252&#44;8253&#44;8254&#44;8256&#44;8257&#44;8259&#44;8261&#44;8262&#44;8263&#44;8264&#44;8265&#44;8266&#44;8267&#44;8268&#44;8269&#44;8270&#44;8271&#44;8272&#44;8273&#44;8274&#44;8275&#44;8276&#44;8277&#44;8278&#44;8279&#44;8280&#44;8281&#44;8282&#44;8283&#44;8284&#44;8285&#44;8286&#44;8287&#44;8288&#44;8289&#44;8290&#44;8291&#44;8292&#44;8293&#44;8294&#44;8295&#44;8296&#44;8297&#44;8298&#44;8299&#44;""",5/28/20,5/22/20,Y
layouts,Bakery Pallets,"""37-4&#44;77-4""",,2020,6/1/20,1-NewFolderStructure/C037_C077_Bakery_Pallets/C37_C77_Bakery_Pallets_Effective_06012020_Updated_05222020/,_C77_C37_Bakery_Pallets_Effective_06012020_Planogram_Updated_05282020.pdf,"""4109&#44;4702&#44;4703&#44;4704&#44;4707&#44;4709&#44;4710&#44;4711&#44;4712&#44;4713&#44;4718&#44;4721&#44;4722&#44;4728&#44;4729&#44;4730&#44;4731&#44;4732&#44;4735&#44;4736&#44;4739&#44;4741&#44;4742&#44;4743&#44;4745&#44;4750&#44;4755&#44;4761&#44;4763&#44;4764&#44;4768&#44;4769&#44;4770&#44;4771&#44;4772&#44;4774&#44;4780&#44;4782&#44;4783&#44;4784&#44;4785&#44;4786&#44;4787&#44;4789&#44;4791&#44;4794&#44;4795&#44;4797&#44;4798&#44;4801&#44;4804&#44;4805&#44;4808&#44;4815&#44;4816&#44;4818&#44;4819&#44;4820&#44;4822&#44;4824&#44;4828&#44;4829&#44;4830&#44;4831&#44;4836&#44;4839&#44;4840&#44;4843&#44;4846&#44;4847&#44;4850&#44;4851&#44;4853&#44;4855&#44;4857&#44;4859&#44;4860&#44;4861&#44;4866&#44;4870&#44;4872&#44;4873&#44;4875&#44;4876&#44;4878&#44;4879&#44;4901&#44;4905&#44;4906&#44;4908&#44;4911&#44;4915&#44;4917&#44;4920&#44;4926&#44;4936&#44;4938&#44;4939&#44;4946&#44;4947&#44;4948&#44;4950&#44;4952&#44;4955&#44;4958&#44;4961&#44;4963&#44;4969&#44;4972&#44;4973&#44;4974&#44;4983&#44;4985&#44;4987&#44;4989&#44;4991&#44;4992&#44;4994&#44;4996&#44;4998&#44;4999&#44;6181&#44;6188&#44;6189&#44;6201&#44;6202&#44;6203&#44;6204&#44;6205&#44;6212&#44;6213&#44;6216&#44;6217&#44;6218&#44;6219&#44;6225&#44;6235&#44;6236&#44;6238&#44;6239&#44;6240&#44;6245&#44;6246&#44;6247&#44;6251&#44;6252&#44;6254&#44;6257&#44;6259&#44;6261&#44;6262&#44;6265&#44;6267&#44;6269&#44;6270&#44;6275&#44;6302&#44;6304&#44;6305&#44;6309&#44;6310&#44;6311&#44;6312&#44;6313&#44;6314&#44;6315&#44;6317&#44;6320&#44;6321&#44;6322&#44;6325&#44;6327&#44;6328&#44;6330&#44;6331&#44;6332&#44;6333&#44;6334&#44;6335&#44;6336&#44;6338&#44;6339&#44;6341&#44;6342&#44;6343&#44;6344&#44;6345&#44;6347&#44;6348&#44;6349&#44;6350&#44;6351&#44;6352&#44;6353&#44;6354&#44;6355&#44;6356&#44;6357&#44;6358&#44;6360&#44;6363&#44;6364&#44;6365&#44;6366&#44;6367&#44;6368&#44;6369&#44;6371&#44;6372&#44;6373&#44;6376&#44;6378&#44;6379&#44;6380&#44;6381&#44;6382&#44;6383&#44;6384&#44;6385&#44;6386&#44;6387&#44;6388&#44;6401&#44;6402&#44;6403&#44;6404&#44;6405&#44;6406&#44;6408&#44;6409&#44;6410&#44;6413&#44;6414&#44;6415&#44;6418&#44;6420&#44;6421&#44;6422&#44;6423&#44;6424&#44;6425&#44;6426&#44;6427&#44;6428&#44;6430&#44;6431&#44;6432&#44;6433&#44;6434&#44;6436&#44;6437&#44;6439&#44;6440&#44;6441&#44;6443&#44;6444&#44;6445&#44;6448&#44;6450&#44;6452&#44;6453&#44;6455&#44;6456&#44;6457&#44;6458&#44;6460&#44;6461&#44;6462&#44;6463&#44;6464&#44;6471&#44;6472&#44;6474&#44;6482&#44;6485&#44;6487&#44;6489&#44;6501&#44;6502&#44;6505&#44;6506&#44;6509&#44;6510&#44;6514&#44;6517&#44;6518&#44;6520&#44;6524&#44;6528&#44;6533&#44;6535&#44;6536&#44;6539&#44;6540&#44;6543&#44;6547&#44;6549&#44;6556&#44;6565&#44;6568&#44;6569&#44;6570&#44;6571&#44;6572&#44;6573&#44;6575&#44;6581&#44;6582&#44;6604&#44;6605&#44;6606&#44;6608&#44;6609&#44;6610&#44;6612&#44;6613&#44;6614&#44;6615&#44;6616&#44;6617&#44;6619&#44;6620&#44;6621&#44;6622&#44;6624&#44;6626&#44;6628&#44;6630&#44;6631&#44;6633&#44;6634&#44;6635&#44;6636&#44;6637&#44;6643&#44;6644&#44;6646&#44;6650&#44;6651&#44;6652&#44;6653&#44;6655&#44;6670&#44;6671&#44;6672&#44;6673&#44;6674&#44;6675&#44;6676&#44;6677&#44;6678&#44;6679&#44;6680&#44;6682&#44;6683&#44;6684&#44;6685&#44;6686&#44;6689&#44;6690&#44;6692&#44;6693&#44;6781&#44;6867&#44;6976&#44;6979&#44;7189&#44;7658&#44;7676&#44;8106&#44;8111&#44;8112&#44;8115&#44;8116&#44;8117&#44;8120&#44;8123&#44;8125&#44;8126&#44;8128&#44;8129&#44;8130&#44;8132&#44;8133&#44;8135&#44;8136&#44;8138&#44;8141&#44;8142&#44;8144&#44;8145&#44;8146&#44;8147&#44;8149&#44;8150&#44;8151&#44;8152&#44;8153&#44;8155&#44;8156&#44;8157&#44;8158&#44;8160&#44;8161&#44;8162&#44;8163&#44;8164&#44;8165&#44;8166&#44;8167&#44;8168&#44;8169&#44;8172&#44;8173&#44;8174&#44;8175&#44;8176&#44;8177&#44;8182&#44;8183&#44;8184&#44;8185&#44;8186&#44;8188&#44;8189&#44;8190&#44;8191&#44;8192&#44;8193&#44;8194&#44;8197&#44;8201&#44;8202&#44;8203&#44;8205&#44;8207&#44;8208&#44;8209&#44;8210&#44;8211&#44;8213&#44;8215&#44;8218&#44;8219&#44;8220&#44;8222&#44;8223&#44;8224&#44;8225&#44;8226&#44;8227&#44;8228&#44;8238&#44;8239&#44;8241&#44;8242&#44;8243&#44;8244&#44;8245&#44;8246&#44;8248&#44;8250&#44;8251&#44;8252&#44;8253&#44;8254&#44;8256&#44;8257&#44;8259&#44;8262&#44;8263&#44;8264&#44;8265&#44;8267&#44;8268&#44;8269&#44;8270&#44;8272&#44;8273&#44;8274&#44;8275&#44;8276&#44;8277&#44;8278&#44;8279&#44;8280&#44;8281&#44;8282&#44;8283&#44;8284&#44;8285&#44;8286&#44;8287&#44;8288&#44;8289&#44;8290&#44;8293&#44;8294&#44;8295&#44;8296&#44;8297&#44;8298&#44;8299&#44;""",5/28/20,5/22/20,Y
layouts,Deli,57,,2020,6/1/20,1-NewFolderStructure/C057_Deli/C57_Effective_06012020_Updated_05252020/,_C57_Effective_06012020_Planogram_Update_05-25-2020.pdf,"""4109&#44;4702&#44;4703&#44;4704&#44;4707&#44;4709&#44;4710&#44;4711&#44;4712&#44;4713&#44;4718&#44;4720&#44;4721&#44;4722&#44;4724&#44;4728&#44;4729&#44;4730&#44;4731&#44;4732&#44;4735&#44;4736&#44;4738&#44;4739&#44;4740&#44;4741&#44;4742&#44;4743&#44;4745&#44;4749&#44;4750&#44;4755&#44;4761&#44;4763&#44;4764&#44;4767&#44;4768&#44;4769&#44;4770&#44;4771&#44;4772&#44;4774&#44;4775&#44;4776&#44;4777&#44;4778&#44;4780&#44;4781&#44;4782&#44;4783&#44;4784&#44;4785&#44;4786&#44;4787&#44;4789&#44;4790&#44;4791&#44;4794&#44;4795&#44;4797&#44;4798&#44;4799&#44;4801&#44;4802&#44;4804&#44;4805&#44;4808&#44;4815&#44;4816&#44;4817&#44;4818&#44;4819&#44;4820&#44;4822&#44;4824&#44;4825&#44;4828&#44;4829&#44;4830&#44;4831&#44;4836&#44;4837&#44;4839&#44;4840&#44;4843&#44;4846&#44;4847&#44;4850&#44;4851&#44;4852&#44;4853&#44;4855&#44;4857&#44;4859&#44;4860&#44;4861&#44;4866&#44;4870&#44;4871&#44;4872&#44;4873&#44;4874&#44;4875&#44;4876&#44;4878&#44;4879&#44;4901&#44;4905&#44;4906&#44;4908&#44;4911&#44;4914&#44;4915&#44;4917&#44;4920&#44;4925&#44;4926&#44;4930&#44;4933&#44;4936&#44;4938&#44;4939&#44;4942&#44;4944&#44;4946&#44;4947&#44;4948&#44;4950&#44;4952&#44;4955&#44;4958&#44;4961&#44;4962&#44;4963&#44;4969&#44;4972&#44;4973&#44;4974&#44;4982&#44;4983&#44;4985&#44;4987&#44;4989&#44;4990&#44;4991&#44;4992&#44;4994&#44;4996&#44;4998&#44;4999&#44;6181&#44;6188&#44;6189&#44;6201&#44;6202&#44;6203&#44;6204&#44;6205&#44;6212&#44;6213&#44;6216&#44;6217&#44;6218&#44;6219&#44;6220&#44;6225&#44;6228&#44;6235&#44;6236&#44;6238&#44;6239&#44;6240&#44;6242&#44;6244&#44;6245&#44;6246&#44;6247&#44;6249&#44;6251&#44;6252&#44;6254&#44;6255&#44;6256&#44;6257&#44;6259&#44;6260&#44;6261&#44;6262&#44;6265&#44;6267&#44;6269&#44;6270&#44;6275&#44;6302&#44;6304&#44;6305&#44;6307&#44;6308&#44;6309&#44;6310&#44;6311&#44;6312&#44;6313&#44;6314&#44;6315&#44;6317&#44;6319&#44;6320&#44;6321&#44;6322&#44;6324&#44;6325&#44;6326&#44;6327&#44;6328&#44;6329&#44;6330&#44;6331&#44;6332&#44;6333&#44;6334&#44;6335&#44;6336&#44;6338&#44;6339&#44;6341&#44;6342&#44;6343&#44;6344&#44;6345&#44;6347&#44;6348&#44;6349&#44;6350&#44;6351&#44;6352&#44;6353&#44;6354&#44;6355&#44;6356&#44;6357&#44;6358&#44;6359&#44;6360&#44;6361&#44;6363&#44;6364&#44;6365&#44;6366&#44;6367&#44;6368&#44;6369&#44;6371&#44;6372&#44;6373&#44;6375&#44;6376&#44;6377&#44;6378&#44;6379&#44;6380&#44;6381&#44;6382&#44;6383&#44;6384&#44;6385&#44;6386&#44;6387&#44;6388&#44;6401&#44;6402&#44;6403&#44;6404&#44;6405&#44;6406&#44;6407&#44;6408&#44;6409&#44;6410&#44;6412&#44;6413&#44;6414&#44;6415&#44;6417&#44;6418&#44;6419&#44;6420&#44;6421&#44;6422&#44;6423&#44;6424&#44;6425&#44;6426&#44;6427&#44;6428&#44;6429&#44;6430&#44;6431&#44;6432&#44;6433&#44;6434&#44;6435&#44;6436&#44;6437&#44;6439&#44;6440&#44;6441&#44;6443&#44;6444&#44;6445&#44;6448&#44;6449&#44;6450&#44;6452&#44;6453&#44;6454&#44;6455&#44;6456&#44;6457&#44;6458&#44;6460&#44;6461&#44;6462&#44;6463&#44;6464&#44;6471&#44;6472&#44;6474&#44;6479&#44;6482&#44;6485&#44;6487&#44;6489&#44;6501&#44;6502&#44;6503&#44;6505&#44;6506&#44;6507&#44;6509&#44;6510&#44;6512&#44;6514&#44;6517&#44;6518&#44;6520&#44;6521&#44;6524&#44;6527&#44;6528&#44;6533&#44;6535&#44;6536&#44;6539&#44;6540&#44;6543&#44;6547&#44;6549&#44;6556&#44;6562&#44;6565&#44;6567&#44;6568&#44;6569&#44;6570&#44;6571&#44;6572&#44;6573&#44;6575&#44;6581&#44;6582&#44;6604&#44;6605&#44;6606&#44;6608&#44;6609&#44;6610&#44;6612&#44;6613&#44;6614&#44;6615&#44;6616&#44;6617&#44;6619&#44;6620&#44;6621&#44;6622&#44;6624&#44;6626&#44;6628&#44;6630&#44;6631&#44;6632&#44;6633&#44;6634&#44;6635&#44;6636&#44;6637&#44;6643&#44;6644&#44;6646&#44;6650&#44;6651&#44;6652&#44;6653&#44;6655&#44;6657&#44;6658&#44;6659&#44;6660&#44;6661&#44;6662&#44;6663&#44;6664&#44;6666&#44;6667&#44;6670&#44;6671&#44;6672&#44;6673&#44;6674&#44;6675&#44;6676&#44;6677&#44;6678&#44;6679&#44;6680&#44;6682&#44;6683&#44;6684&#44;6685&#44;6686&#44;6689&#44;6690&#44;6692&#44;6693&#44;6779&#44;6781&#44;6867&#44;6976&#44;6979&#44;7189&#44;7658&#44;7676&#44;8102&#44;8104&#44;8106&#44;8107&#44;8111&#44;8112&#44;8114&#44;8115&#44;8116&#44;8117&#44;8119&#44;8120&#44;8123&#44;8125&#44;8126&#44;8128&#44;8129&#44;8130&#44;8132&#44;8133&#44;8134&#44;8135&#44;8136&#44;8138&#44;8139&#44;8141&#44;8142&#44;8144&#44;8145&#44;8146&#44;8147&#44;8149&#44;8150&#44;8151&#44;8152&#44;8153&#44;8155&#44;8157&#44;8158&#44;8160&#44;8161&#44;8162&#44;8163&#44;8164&#44;8165&#44;8166&#44;8167&#44;8168&#44;8169&#44;8172&#44;8173&#44;8174&#44;8175&#44;8176&#44;8177&#44;8180&#44;8181&#44;8182&#44;8183&#44;8184&#44;8185&#44;8186&#44;8188&#44;8189&#44;8190&#44;8191&#44;8192&#44;8193&#44;8194&#44;8196&#44;8197&#44;8201&#44;8202&#44;8203&#44;8205&#44;8207&#44;8208&#44;8209&#44;8210&#44;8211&#44;8213&#44;8215&#44;8218&#44;8219&#44;8220&#44;8221&#44;8222&#44;8223&#44;8224&#44;8225&#44;8226&#44;8227&#44;8228&#44;8236&#44;8237&#44;8238&#44;8239&#44;8241&#44;8242&#44;8243&#44;8244&#44;8245&#44;8246&#44;8247&#44;8248&#44;8250&#44;8251&#44;8252&#44;8253&#44;8254&#44;8256&#44;8257&#44;8259&#44;8261&#44;8262&#44;8263&#44;8264&#44;8265&#44;8266&#44;8267&#44;8268&#44;8269&#44;8270&#44;8271&#44;8272&#44;8273&#44;8274&#44;8275&#44;8276&#44;8277&#44;8278&#44;8279&#44;8280&#44;8281&#44;8282&#44;8283&#44;8284&#44;8285&#44;8286&#44;8287&#44;8288&#44;8289&#44;8290&#44;8291&#44;8292&#44;8293&#44;8294&#44;8295&#44;8296&#44;8297&#44;8298&#44;8299&#44;""",5/29/20,5/25/20,Y
layouts,Sushi,79,,2020,6/1/20,1-NewFolderStructure/C079_Sushi/C79_Sushi_Effective_06012020/,_C79_Sushi_Effective_06012020.pdf,"""4704&#44;4718&#44;4722&#44;4735&#44;4743&#44;4749&#44;4767&#44;4771&#44;4772&#44;4778&#44;4794&#44;4801&#44;4825&#44;4829&#44;4831&#44;4837&#44;4839&#44;4861&#44;4873&#44;4874&#44;4911&#44;4926&#44;4938&#44;4944&#44;4946&#44;4958&#44;4972&#44;4974&#44;6181&#44;6189&#44;6202&#44;6212&#44;6213&#44;6216&#44;6238&#44;6244&#44;6245&#44;6252&#44;6267&#44;6313&#44;6315&#44;6319&#44;6328&#44;6335&#44;6342&#44;6343&#44;6351&#44;6372&#44;6376&#44;6382&#44;6384&#44;6402&#44;6408&#44;6409&#44;6418&#44;6419&#44;6428&#44;6443&#44;6444&#44;6489&#44;6501&#44;6524&#44;6527&#44;6575&#44;6612&#44;6613&#44;6615&#44;6621&#44;6630&#44;6637&#44;6643&#44;6652&#44;6655&#44;6657&#44;6658&#44;6659&#44;6661&#44;6663&#44;6667&#44;6670&#44;6671&#44;6676&#44;6686&#44;6779&#44;6976&#44;7676&#44;8112&#44;8129&#44;8138&#44;8158&#44;8164&#44;8173&#44;8174&#44;8182&#44;8193&#44;8197&#44;8205&#44;8213&#44;8215&#44;8220&#44;8237&#44;8243&#44;8248&#44;8262&#44;8263&#44;8267&#44;8271&#44;8277&#44;8294&#44;8298&#44;""",5/29/20,5/27/20,Y
layouts,HMS,79-2,,2020,6/1/20,1-NewFolderStructure/C079_HMS/C79_HMS_Effective_06012020_Updated_05272020/,_C79_HMS_Effective_06012020.pdf,"""4109&#44;4702&#44;4703&#44;4704&#44;4707&#44;4709&#44;4710&#44;4712&#44;4713&#44;4718&#44;4720&#44;4721&#44;4722&#44;4724&#44;4728&#44;4729&#44;4730&#44;4731&#44;4732&#44;4735&#44;4736&#44;4738&#44;4739&#44;4740&#44;4741&#44;4742&#44;4743&#44;4745&#44;4749&#44;4750&#44;4755&#44;4761&#44;4763&#44;4764&#44;4767&#44;4768&#44;4769&#44;4770&#44;4771&#44;4772&#44;4774&#44;4775&#44;4776&#44;4777&#44;4778&#44;4780&#44;4781&#44;4782&#44;4783&#44;4784&#44;4785&#44;4786&#44;4787&#44;4789&#44;4790&#44;4791&#44;4794&#44;4795&#44;4797&#44;4798&#44;4799&#44;4801&#44;4802&#44;4804&#44;4805&#44;4808&#44;4815&#44;4816&#44;4817&#44;4818&#44;4819&#44;4820&#44;4822&#44;4824&#44;4825&#44;4828&#44;4829&#44;4830&#44;4831&#44;4836&#44;4837&#44;4839&#44;4840&#44;4843&#44;4846&#44;4847&#44;4850&#44;4851&#44;4852&#44;4853&#44;4855&#44;4857&#44;4859&#44;4860&#44;4861&#44;4866&#44;4870&#44;4871&#44;4872&#44;4873&#44;4875&#44;4876&#44;4878&#44;4879&#44;4901&#44;4905&#44;4906&#44;4908&#44;4911&#44;4914&#44;4915&#44;4917&#44;4920&#44;4925&#44;4926&#44;4930&#44;4933&#44;4936&#44;4938&#44;4939&#44;4942&#44;4944&#44;4946&#44;4947&#44;4948&#44;4950&#44;4952&#44;4955&#44;4958&#44;4961&#44;4962&#44;4963&#44;4969&#44;4972&#44;4973&#44;4974&#44;4982&#44;4983&#44;4985&#44;4987&#44;4989&#44;4990&#44;4991&#44;4992&#44;4994&#44;4996&#44;4998&#44;4999&#44;6181&#44;6188&#44;6189&#44;6201&#44;6202&#44;6203&#44;6204&#44;6205&#44;6212&#44;6213&#44;6216&#44;6217&#44;6218&#44;6219&#44;6220&#44;6225&#44;6228&#44;6235&#44;6236&#44;6238&#44;6239&#44;6240&#44;6242&#44;6244&#44;6245&#44;6246&#44;6247&#44;6249&#44;6251&#44;6252&#44;6254&#44;6255&#44;6256&#44;6257&#44;6259&#44;6260&#44;6261&#44;6262&#44;6265&#44;6267&#44;6269&#44;6270&#44;6275&#44;6302&#44;6304&#44;6305&#44;6307&#44;6308&#44;6309&#44;6310&#44;6311&#44;6312&#44;6313&#44;6314&#44;6315&#44;6317&#44;6319&#44;6320&#44;6321&#44;6322&#44;6324&#44;6325&#44;6326&#44;6327&#44;6328&#44;6329&#44;6330&#44;6331&#44;6332&#44;6333&#44;6334&#44;6335&#44;6336&#44;6338&#44;6339&#44;6341&#44;6342&#44;6343&#44;6344&#44;6345&#44;6347&#44;6349&#44;6350&#44;6352&#44;6353&#44;6355&#44;6356&#44;6357&#44;6358&#44;6359&#44;6360&#44;6361&#44;6363&#44;6364&#44;6365&#44;6366&#44;6367&#44;6368&#44;6369&#44;6371&#44;6372&#44;6373&#44;6375&#44;6376&#44;6377&#44;6378&#44;6379&#44;6380&#44;6381&#44;6382&#44;6383&#44;6384&#44;6385&#44;6386&#44;6387&#44;6388&#44;6401&#44;6402&#44;6403&#44;6404&#44;6405&#44;6406&#44;6407&#44;6408&#44;6409&#44;6410&#44;6412&#44;6413&#44;6415&#44;6417&#44;6418&#44;6419&#44;6420&#44;6421&#44;6422&#44;6423&#44;6424&#44;6425&#44;6426&#44;6427&#44;6428&#44;6429&#44;6430&#44;6431&#44;6432&#44;6433&#44;6434&#44;6435&#44;6436&#44;6437&#44;6439&#44;6440&#44;6441&#44;6443&#44;6444&#44;6445&#44;6448&#44;6449&#44;6450&#44;6452&#44;6453&#44;6454&#44;6455&#44;6456&#44;6457&#44;6458&#44;6460&#44;6461&#44;6462&#44;6463&#44;6464&#44;6471&#44;6472&#44;6474&#44;6479&#44;6482&#44;6485&#44;6487&#44;6489&#44;6501&#44;6502&#44;6503&#44;6505&#44;6506&#44;6507&#44;6509&#44;6510&#44;6512&#44;6514&#44;6517&#44;6518&#44;6520&#44;6521&#44;6524&#44;6527&#44;6528&#44;6533&#44;6535&#44;6536&#44;6539&#44;6540&#44;6543&#44;6547&#44;6549&#44;6556&#44;6562&#44;6565&#44;6567&#44;6568&#44;6569&#44;6570&#44;6571&#44;6572&#44;6573&#44;6575&#44;6581&#44;6582&#44;6604&#44;6605&#44;6606&#44;6608&#44;6609&#44;6610&#44;6612&#44;6613&#44;6614&#44;6615&#44;6616&#44;6617&#44;6619&#44;6620&#44;6621&#44;6622&#44;6624&#44;6626&#44;6628&#44;6630&#44;6631&#44;6632&#44;6633&#44;6634&#44;6635&#44;6636&#44;6637&#44;6643&#44;6644&#44;6646&#44;6650&#44;6651&#44;6652&#44;6653&#44;6655&#44;6657&#44;6658&#44;6659&#44;6660&#44;6661&#44;6662&#44;6663&#44;6664&#44;6666&#44;6667&#44;6670&#44;6671&#44;6672&#44;6673&#44;6674&#44;6675&#44;6676&#44;6677&#44;6678&#44;6679&#44;6680&#44;6682&#44;6683&#44;6684&#44;6685&#44;6686&#44;6689&#44;6690&#44;6692&#44;6779&#44;6781&#44;6867&#44;6976&#44;6979&#44;7189&#44;7658&#44;7676&#44;8102&#44;8104&#44;8106&#44;8107&#44;8111&#44;8112&#44;8114&#44;8115&#44;8116&#44;8117&#44;8119&#44;8120&#44;8123&#44;8125&#44;8126&#44;8128&#44;8129&#44;8130&#44;8132&#44;8133&#44;8134&#44;8135&#44;8136&#44;8138&#44;8139&#44;8141&#44;8142&#44;8144&#44;8145&#44;8146&#44;8147&#44;8149&#44;8150&#44;8151&#44;8152&#44;8153&#44;8155&#44;8156&#44;8157&#44;8158&#44;8160&#44;8161&#44;8162&#44;8163&#44;8164&#44;8165&#44;8166&#44;8167&#44;8168&#44;8169&#44;8172&#44;8173&#44;8174&#44;8175&#44;8176&#44;8177&#44;8180&#44;8181&#44;8182&#44;8183&#44;8184&#44;8185&#44;8186&#44;8188&#44;8189&#44;8190&#44;8191&#44;8192&#44;8193&#44;8194&#44;8196&#44;8197&#44;8201&#44;8202&#44;8203&#44;8205&#44;8207&#44;8208&#44;8209&#44;8210&#44;8211&#44;8213&#44;8215&#44;8218&#44;8219&#44;8220&#44;8221&#44;8222&#44;8223&#44;8224&#44;8225&#44;8226&#44;8227&#44;8228&#44;8236&#44;8237&#44;8238&#44;8239&#44;8241&#44;8242&#44;8243&#44;8244&#44;8245&#44;8246&#44;8247&#44;8248&#44;8250&#44;8251&#44;8252&#44;8253&#44;8254&#44;8256&#44;8257&#44;8259&#44;8261&#44;8262&#44;8263&#44;8264&#44;8265&#44;8266&#44;8267&#44;8268&#44;8269&#44;8270&#44;8271&#44;8272&#44;8273&#44;8274&#44;8275&#44;8276&#44;8277&#44;8278&#44;8279&#44;8280&#44;8281&#44;8282&#44;8283&#44;8284&#44;8285&#44;8286&#44;8287&#44;8288&#44;8289&#44;8290&#44;8291&#44;8292&#44;8293&#44;8294&#44;8295&#44;8296&#44;8297&#44;8298&#44;8299&#44;""",5/29/20,5/27/20,Y
layouts,Café Grab and Go,79-3,,2020,6/1/20,1-NewFolderStructure/C079_Cafe_Grab_n_Go/C79_Grab_N_Go_Effective_06012020_Updated_05272020/,_C79_Cafe_Grab_and_Go_Effective_06012020.pdf,"""4109&#44;4702&#44;4703&#44;4704&#44;4707&#44;4709&#44;4710&#44;4711&#44;4712&#44;4713&#44;4718&#44;4720&#44;4721&#44;4722&#44;4724&#44;4728&#44;4729&#44;4730&#44;4731&#44;4732&#44;4735&#44;4736&#44;4738&#44;4739&#44;4740&#44;4741&#44;4742&#44;4743&#44;4745&#44;4749&#44;4750&#44;4755&#44;4761&#44;4763&#44;4764&#44;4767&#44;4768&#44;4769&#44;4770&#44;4771&#44;4772&#44;4774&#44;4775&#44;4776&#44;4777&#44;4778&#44;4780&#44;4781&#44;4782&#44;4783&#44;4784&#44;4785&#44;4786&#44;4787&#44;4789&#44;4790&#44;4791&#44;4794&#44;4795&#44;4797&#44;4798&#44;4799&#44;4801&#44;4802&#44;4804&#44;4805&#44;4808&#44;4815&#44;4816&#44;4817&#44;4818&#44;4819&#44;4820&#44;4822&#44;4824&#44;4825&#44;4828&#44;4829&#44;4830&#44;4831&#44;4836&#44;4837&#44;4839&#44;4840&#44;4843&#44;4846&#44;4847&#44;4850&#44;4851&#44;4852&#44;4853&#44;4855&#44;4857&#44;4859&#44;4860&#44;4861&#44;4870&#44;4871&#44;4872&#44;4873&#44;4874&#44;4875&#44;4876&#44;4878&#44;4879&#44;4901&#44;4905&#44;4906&#44;4908&#44;4911&#44;4914&#44;4915&#44;4917&#44;4920&#44;4925&#44;4926&#44;4930&#44;4933&#44;4936&#44;4938&#44;4939&#44;4942&#44;4944&#44;4946&#44;4947&#44;4948&#44;4950&#44;4952&#44;4955&#44;4958&#44;4961&#44;4962&#44;4963&#44;4969&#44;4972&#44;4973&#44;4974&#44;4982&#44;4983&#44;4985&#44;4987&#44;4989&#44;4990&#44;4991&#44;4992&#44;4994&#44;4996&#44;4998&#44;4999&#44;6181&#44;6188&#44;6189&#44;6201&#44;6202&#44;6203&#44;6204&#44;6205&#44;6212&#44;6213&#44;6216&#44;6217&#44;6218&#44;6219&#44;6220&#44;6228&#44;6235&#44;6236&#44;6238&#44;6239&#44;6240&#44;6242&#44;6244&#44;6245&#44;6246&#44;6247&#44;6249&#44;6251&#44;6252&#44;6254&#44;6255&#44;6256&#44;6257&#44;6259&#44;6260&#44;6261&#44;6262&#44;6265&#44;6267&#44;6269&#44;6275&#44;6302&#44;6304&#44;6305&#44;6307&#44;6308&#44;6309&#44;6310&#44;6311&#44;6312&#44;6313&#44;6314&#44;6315&#44;6317&#44;6319&#44;6320&#44;6321&#44;6322&#44;6324&#44;6325&#44;6326&#44;6327&#44;6328&#44;6329&#44;6330&#44;6331&#44;6332&#44;6333&#44;6334&#44;6335&#44;6336&#44;6338&#44;6339&#44;6341&#44;6342&#44;6343&#44;6344&#44;6345&#44;6347&#44;6348&#44;6349&#44;6350&#44;6351&#44;6352&#44;6353&#44;6354&#44;6355&#44;6356&#44;6357&#44;6358&#44;6359&#44;6360&#44;6361&#44;6363&#44;6364&#44;6365&#44;6366&#44;6367&#44;6368&#44;6369&#44;6371&#44;6372&#44;6373&#44;6375&#44;6376&#44;6377&#44;6379&#44;6380&#44;6381&#44;6382&#44;6383&#44;6384&#44;6385&#44;6386&#44;6387&#44;6388&#44;6401&#44;6402&#44;6403&#44;6405&#44;6406&#44;6407&#44;6408&#44;6409&#44;6410&#44;6412&#44;6413&#44;6414&#44;6415&#44;6417&#44;6418&#44;6419&#44;6420&#44;6421&#44;6422&#44;6423&#44;6424&#44;6425&#44;6426&#44;6427&#44;6428&#44;6429&#44;6430&#44;6431&#44;6432&#44;6433&#44;6434&#44;6435&#44;6436&#44;6437&#44;6439&#44;6440&#44;6441&#44;6443&#44;6444&#44;6445&#44;6448&#44;6450&#44;6452&#44;6453&#44;6454&#44;6456&#44;6457&#44;6458&#44;6460&#44;6461&#44;6462&#44;6463&#44;6464&#44;6471&#44;6472&#44;6474&#44;6482&#44;6485&#44;6487&#44;6489&#44;6501&#44;6502&#44;6503&#44;6505&#44;6506&#44;6507&#44;6509&#44;6510&#44;6512&#44;6514&#44;6517&#44;6518&#44;6520&#44;6521&#44;6524&#44;6527&#44;6528&#44;6533&#44;6535&#44;6536&#44;6539&#44;6540&#44;6547&#44;6549&#44;6556&#44;6562&#44;6565&#44;6567&#44;6568&#44;6569&#44;6570&#44;6571&#44;6572&#44;6573&#44;6575&#44;6581&#44;6582&#44;6604&#44;6605&#44;6606&#44;6608&#44;6609&#44;6610&#44;6612&#44;6613&#44;6614&#44;6615&#44;6616&#44;6617&#44;6619&#44;6620&#44;6621&#44;6622&#44;6624&#44;6626&#44;6628&#44;6630&#44;6631&#44;6632&#44;6633&#44;6634&#44;6635&#44;6636&#44;6637&#44;6643&#44;6644&#44;6646&#44;6650&#44;6651&#44;6652&#44;6653&#44;6655&#44;6657&#44;6658&#44;6659&#44;6660&#44;6661&#44;6662&#44;6663&#44;6664&#44;6666&#44;6667&#44;6670&#44;6671&#44;6672&#44;6673&#44;6674&#44;6675&#44;6676&#44;6677&#44;6678&#44;6679&#44;6682&#44;6683&#44;6684&#44;6685&#44;6686&#44;6692&#44;6693&#44;6779&#44;6781&#44;6867&#44;6976&#44;6979&#44;7189&#44;7658&#44;7676&#44;8102&#44;8104&#44;8106&#44;8107&#44;8111&#44;8112&#44;8114&#44;8115&#44;8116&#44;8117&#44;8119&#44;8120&#44;8123&#44;8125&#44;8126&#44;8128&#44;8129&#44;8130&#44;8132&#44;8133&#44;8134&#44;8135&#44;8136&#44;8138&#44;8139&#44;8141&#44;8142&#44;8144&#44;8145&#44;8147&#44;8149&#44;8150&#44;8151&#44;8152&#44;8153&#44;8155&#44;8156&#44;8157&#44;8158&#44;8160&#44;8161&#44;8162&#44;8163&#44;8164&#44;8165&#44;8166&#44;8167&#44;8168&#44;8169&#44;8172&#44;8173&#44;8174&#44;8175&#44;8176&#44;8177&#44;8180&#44;8181&#44;8182&#44;8183&#44;8184&#44;8185&#44;8186&#44;8188&#44;8189&#44;8190&#44;8191&#44;8192&#44;8193&#44;8194&#44;8196&#44;8197&#44;8201&#44;8202&#44;8203&#44;8205&#44;8207&#44;8208&#44;8209&#44;8210&#44;8211&#44;8213&#44;8215&#44;8218&#44;8220&#44;8221&#44;8222&#44;8223&#44;8224&#44;8225&#44;8226&#44;8227&#44;8228&#44;8236&#44;8237&#44;8238&#44;8239&#44;8241&#44;8242&#44;8243&#44;8244&#44;8245&#44;8246&#44;8247&#44;8248&#44;8250&#44;8251&#44;8252&#44;8253&#44;8254&#44;8256&#44;8257&#44;8259&#44;8261&#44;8262&#44;8263&#44;8264&#44;8265&#44;8266&#44;8267&#44;8268&#44;8269&#44;8270&#44;8271&#44;8272&#44;8273&#44;8274&#44;8275&#44;8276&#44;8277&#44;8278&#44;8279&#44;8280&#44;8281&#44;8282&#44;8283&#44;8284&#44;8285&#44;8286&#44;8287&#44;8288&#44;8289&#44;8290&#44;8291&#44;8292&#44;8293&#44;8294&#44;8295&#44;8296&#44;8297&#44;8298&#44;8299&#44;""",5/29/20,5/27/20,Y
layouts,Automotive,10,,2020,6/1/20,1-NewFolderStructure/C010_Automotive/C10_Effective_06012020_Planogram_Updated_05_29_20/,_C10_Effective_060120_Planogram_Updated_052920.pdf,"""4721&#44;4738&#44;4741&#44;4764&#44;4769&#44;4799&#44;4822&#44;4843&#44;4850&#44;4852&#44;4875&#44;4915&#44;4942&#44;4958&#44;4987&#44;6202&#44;6219&#44;6244&#44;6255&#44;6262&#44;6269&#44;6320&#44;6385&#44;6422&#44;6433&#44;6549&#44;6565&#44;6609&#44;6616&#44;6619&#44;6692&#44;6779&#44;8146&#44;8156&#44;8162&#44;8174&#44;8183&#44;8244&#44;8246&#44;8250&#44;8267&#44;8274&#44;8280&#44;8284&#44;8286&#44;""",6/2/20,5/29/20,Y
layouts,HMS,79-2,,2020,6/1/20,1-NewFolderStructure/C079_HMS/C79_HMS_Effective_06012020_Update_06012020/,_C79_HMS_Effective_06012020_Update_06012020.pdf,"""6269&#44;8201&#44;8254&#44;""",6/2/20,6/1/20,Y
layouts,Bakery Dessert,"""37-2&#44;77-2""",,2020,6/1/20,1-NewFolderStructure/C037_C077_Bakery_Dessert/C037_C077 effective 06012020 Updated 06022020/,_C77_C37_Effective_06012020_Updated_06022020.pdf,"""4741&#44;4815&#44;""",6/2/20,6/2/20,Y
layouts,Bakery Tables,"""37&#44;77""",,2020,6/1/20,1-NewFolderStructure/C037_C077_Bakery_Tables/C037_C077_BDTable_Effective_06012020_Updated_06032020/,_C77_C37_Table_Layout.pdf,"""4741&#44;""",6/3/20,6/3/20,Y
layouts,HMS,79-2,,2020,6/1/20,1-NewFolderStructure/C079_HMS/C79_HMS_Effective_06012020_Update_06032020/,_C79_HMS_Effective_06012020_Update_06032020.pdf,"""4930&#44;4969&#44;""",6/5/20,6/3/20,Y
layouts,Bakery Dessert,"""37-2&#44;77-2""",,2020,6/1/20,1-NewFolderStructure/C037_C077_Bakery_Dessert/C037_C077 effective 06012020 Updated 06042020/,_C77_C37_Effective_06012020_Updated_06042020.pdf,"""6684&#44;6867&#44;""",6/5/20,6/4/20,Y
layouts,Bakery Pallets,"""37-4&#44;77-4""",,2020,6/1/20,1-NewFolderStructure/C037_C077_Bakery_Pallets/C37_77_Bakery_Pallets_Effective_06012020_Updated_06052020/,_C77_C37_Bakery_Pallets_Effective_06012020_Planogram_Updated_06052020.pdf,"""6363&#44;6458&#44;6631&#44;6673&#44;8116&#44;""",6/5/20,6/4/20,Y
layouts,Café Grab and Go,79-3,,2020,6/1/20,1-NewFolderStructure/C079_Cafe_Grab_n_Go/C79_Cafe_Grab_and_Go_Effective_06012020_Update_06092020/,_C79_Cafe_Grab_and_Go_Effective_06012020_Update_06092020.pdf,"""8146&#44;""",6/10/20,6/9/20,Y
layouts,HMS,79-2,,2020,6/1/20,1-NewFolderStructure/C079_HMS/C79_HMS_Effective_06012020_Update_06102020/,_C79_HMS_Effective_06012020_Update_06102020.pdf,"""6267&#44;""",6/11/20,6/10/20,Y
layouts,Café Grab and Go,79-3,,2020,6/1/20,1-NewFolderStructure/C079_Cafe_Grab_n_Go/C79_Cafe_Grab_and_Go_Effective_06012020_Update_06102020/,_C79_Cafe_Grab_and_Go_Effective_06012020_Update_06102020.pdf,"""6421&#44;""",6/11/20,6/10/20,Y
layouts,Café Grab and Go,79-3,,2020,6/1/20,1-NewFolderStructure/C079_Cafe_Grab_n_Go/C79_Cafe_Grab_and_Go_Effective_06012020_Update_06122020/,_C79_Cafe_Grab_and_Go_Effective_06012020_Update_06122020.pdf,"""8144&#44;""",6/12/20,6/12/20,Y
layouts,Café Grab and Go,79-3,,2020,6/1/20,1-NewFolderStructure/C079_Cafe_Grab_n_Go/C79_Cafe_Grab_and_Go_Effective_06012020_Update_06162020/,_C79_Cafe_Grab_and_Go_Effective_06012020_Update_06162020.pdf,"""4805&#44;6333&#44;6424&#44;6571&#44;8169&#44;""",6/16/20,6/16/20,Y
layouts,HMS,79-2,,2020,6/1/20,1-NewFolderStructure/C079_HMS/C79_HMS_Effective_06012020_Update_06172020/,_C79_HMS_Effective_06012020_Update_06172020.pdf,"""4874&#44;""",6/24/20,6/17/20,Y
layouts,Bakery Dessert,"""37-2&#44;77-2""",,2020,6/1/20,1-NewFolderStructure/C037_C077_Bakery_Dessert/C037_C077 effective 06012020 Updated 06182020/,_C77_C37_Effective_06012020_Updated_06182020.pdf,"""6779&#44;""",6/24/20,6/18/20,Y
layouts,HMS,79-2,,2020,6/1/20,1-NewFolderStructure/C079_HMS/C79_HMS_Effective_06012020_Update_06242020/,_C79_HMS_Effective_06012020_Update_06242020.pdf,"""4711&#44;6348&#44;6351&#44;6354&#44;6414&#44;""",6/24/20,6/24/20,Y
layouts,Café Grab and Go,79-3,,2020,6/1/20,1-NewFolderStructure/C079_Cafe_Grab_n_Go/C79_Cafe_Grab_and_Go_Effective_06012020_Update_06242020/,_C79_Cafe_Grab_and_Go_Effective_06012020_Update_06242020.pdf,"""8219&#44;""",6/24/20,6/24/20,Y
layouts,Bakery Tables,"""37&#44;77""",,2020,6/12/20,1-NewFolderStructure/C037_C077_Bakery_Tables/C37_77_Bakery_Tables_Effective_06122020_Planogram_Updated_06112020/,_C37_77_Bakery_Tables_Effective_06122020_Planogram_Updated_06112020.pdf,"""4109&#44;4702&#44;4703&#44;4704&#44;4707&#44;4709&#44;4710&#44;4711&#44;4712&#44;4713&#44;4718&#44;4720&#44;4721&#44;4722&#44;4724&#44;4728&#44;4729&#44;4730&#44;4731&#44;4732&#44;4735&#44;4736&#44;4738&#44;4739&#44;4740&#44;4741&#44;4742&#44;4743&#44;4745&#44;4749&#44;4750&#44;4755&#44;4761&#44;4763&#44;4764&#44;4767&#44;4768&#44;4769&#44;4770&#44;4771&#44;4772&#44;4774&#44;4775&#44;4776&#44;4777&#44;4778&#44;4780&#44;4781&#44;4782&#44;4783&#44;4784&#44;4785&#44;4786&#44;4787&#44;4789&#44;4790&#44;4791&#44;4794&#44;4795&#44;4797&#44;4798&#44;4799&#44;4801&#44;4802&#44;4804&#44;4805&#44;4808&#44;4815&#44;4816&#44;4817&#44;4818&#44;4819&#44;4820&#44;4822&#44;4824&#44;4825&#44;4828&#44;4829&#44;4830&#44;4831&#44;4836&#44;4837&#44;4839&#44;4840&#44;4843&#44;4846&#44;4847&#44;4850&#44;4851&#44;4852&#44;4853&#44;4855&#44;4857&#44;4859&#44;4860&#44;4861&#44;4866&#44;4870&#44;4872&#44;4873&#44;4874&#44;4875&#44;4876&#44;4878&#44;4879&#44;4901&#44;4905&#44;4906&#44;4911&#44;4914&#44;4915&#44;4917&#44;4920&#44;4926&#44;4933&#44;4936&#44;4938&#44;4939&#44;4942&#44;4944&#44;4946&#44;4947&#44;4948&#44;4950&#44;4952&#44;4955&#44;4958&#44;4961&#44;4962&#44;4963&#44;4969&#44;4972&#44;4973&#44;4974&#44;4982&#44;4983&#44;4985&#44;4987&#44;4989&#44;4990&#44;4991&#44;4992&#44;4994&#44;4996&#44;4998&#44;4999&#44;6181&#44;6188&#44;6189&#44;6201&#44;6202&#44;6203&#44;6204&#44;6205&#44;6212&#44;6213&#44;6216&#44;6217&#44;6218&#44;6219&#44;6220&#44;6225&#44;6228&#44;6235&#44;6236&#44;6238&#44;6239&#44;6240&#44;6242&#44;6244&#44;6245&#44;6246&#44;6247&#44;6249&#44;6251&#44;6252&#44;6254&#44;6255&#44;6256&#44;6257&#44;6259&#44;6260&#44;6261&#44;6262&#44;6265&#44;6267&#44;6269&#44;6270&#44;6275&#44;6302&#44;6304&#44;6305&#44;6307&#44;6308&#44;6309&#44;6310&#44;6311&#44;6312&#44;6313&#44;6314&#44;6315&#44;6317&#44;6319&#44;6320&#44;6321&#44;6322&#44;6324&#44;6325&#44;6326&#44;6327&#44;6328&#44;6329&#44;6330&#44;6331&#44;6332&#44;6333&#44;6334&#44;6335&#44;6336&#44;6338&#44;6339&#44;6341&#44;6342&#44;6343&#44;6344&#44;6345&#44;6347&#44;6348&#44;6349&#44;6350&#44;6351&#44;6352&#44;6353&#44;6354&#44;6355&#44;6356&#44;6357&#44;6358&#44;6359&#44;6360&#44;6361&#44;6363&#44;6364&#44;6365&#44;6366&#44;6367&#44;6368&#44;6369&#44;6371&#44;6372&#44;6373&#44;6375&#44;6376&#44;6378&#44;6379&#44;6380&#44;6381&#44;6382&#44;6383&#44;6384&#44;6386&#44;6387&#44;6388&#44;6401&#44;6402&#44;6403&#44;6404&#44;6405&#44;6406&#44;6407&#44;6408&#44;6409&#44;6410&#44;6412&#44;6413&#44;6414&#44;6415&#44;6418&#44;6419&#44;6420&#44;6421&#44;6422&#44;6423&#44;6425&#44;6427&#44;6428&#44;6429&#44;6431&#44;6433&#44;6434&#44;6435&#44;6436&#44;6437&#44;6439&#44;6440&#44;6441&#44;6443&#44;6444&#44;6445&#44;6448&#44;6449&#44;6450&#44;6452&#44;6453&#44;6454&#44;6455&#44;6456&#44;6457&#44;6458&#44;6460&#44;6462&#44;6463&#44;6464&#44;6472&#44;6474&#44;6479&#44;6482&#44;6485&#44;6487&#44;6489&#44;6501&#44;6502&#44;6503&#44;6505&#44;6506&#44;6507&#44;6509&#44;6512&#44;6517&#44;6518&#44;6520&#44;6521&#44;6524&#44;6527&#44;6528&#44;6535&#44;6536&#44;6539&#44;6540&#44;6543&#44;6547&#44;6549&#44;6562&#44;6565&#44;6569&#44;6570&#44;6571&#44;6572&#44;6573&#44;6575&#44;6581&#44;6582&#44;6604&#44;6605&#44;6606&#44;6608&#44;6609&#44;6610&#44;6612&#44;6613&#44;6614&#44;6615&#44;6616&#44;6617&#44;6619&#44;6620&#44;6621&#44;6622&#44;6624&#44;6626&#44;6628&#44;6630&#44;6631&#44;6632&#44;6633&#44;6634&#44;6635&#44;6636&#44;6637&#44;6643&#44;6644&#44;6646&#44;6650&#44;6651&#44;6652&#44;6653&#44;6655&#44;6657&#44;6658&#44;6659&#44;6660&#44;6661&#44;6662&#44;6663&#44;6664&#44;6666&#44;6667&#44;6670&#44;6671&#44;6672&#44;6673&#44;6674&#44;6675&#44;6676&#44;6677&#44;6678&#44;6679&#44;6680&#44;6682&#44;6683&#44;6684&#44;6685&#44;6686&#44;6689&#44;6690&#44;6692&#44;6693&#44;6779&#44;6781&#44;6867&#44;6976&#44;6979&#44;7189&#44;7658&#44;7676&#44;8102&#44;8104&#44;8106&#44;8107&#44;8111&#44;8112&#44;8114&#44;8115&#44;8116&#44;8117&#44;8119&#44;8120&#44;8123&#44;8125&#44;8126&#44;8128&#44;8129&#44;8130&#44;8132&#44;8133&#44;8134&#44;8135&#44;8136&#44;8138&#44;8139&#44;8141&#44;8142&#44;8144&#44;8145&#44;8146&#44;8147&#44;8149&#44;8150&#44;8151&#44;8152&#44;8153&#44;8155&#44;8156&#44;8157&#44;8158&#44;8160&#44;8161&#44;8162&#44;8163&#44;8164&#44;8165&#44;8166&#44;8167&#44;8168&#44;8169&#44;8172&#44;8173&#44;8174&#44;8175&#44;8176&#44;8177&#44;8181&#44;8182&#44;8183&#44;8184&#44;8185&#44;8186&#44;8188&#44;8190&#44;8191&#44;8192&#44;8193&#44;8194&#44;8196&#44;8197&#44;8201&#44;8202&#44;8203&#44;8205&#44;8207&#44;8208&#44;8209&#44;8210&#44;8211&#44;8213&#44;8215&#44;8218&#44;8219&#44;8220&#44;8221&#44;8222&#44;8223&#44;8224&#44;8225&#44;8226&#44;8227&#44;8228&#44;8236&#44;8237&#44;8238&#44;8239&#44;8241&#44;8242&#44;8243&#44;8244&#44;8245&#44;8246&#44;8247&#44;8248&#44;8250&#44;8251&#44;8252&#44;8253&#44;8254&#44;8256&#44;8257&#44;8259&#44;8261&#44;8262&#44;8263&#44;8264&#44;8265&#44;8266&#44;8267&#44;8268&#44;8269&#44;8270&#44;8271&#44;8272&#44;8273&#44;8274&#44;8275&#44;8276&#44;8277&#44;8278&#44;8279&#44;8280&#44;8281&#44;8282&#44;8283&#44;8284&#44;8285&#44;8286&#44;8287&#44;8288&#44;8289&#44;8290&#44;8291&#44;8292&#44;8293&#44;8294&#44;8295&#44;8296&#44;8297&#44;8298&#44;8299&#44;""",6/11/20,6/11/20,Y
layouts,Meat and Seafood,"""72&#44;76&#44;93""",,2020,6/15/20,1-NewFolderStructure/C076_C072_C093_Fresh_Meat_Seafood/C72_C76_C79_C93_Effective_05042020_Updated_05052020/,_C72_C76_C93_Effective_05042020_Planogram_Updated_05012020.pdf,"""4955&#44;6225&#44;6543&#44;6689&#44;""",6/15/20,5/1/20,Y
layouts,Bakery Pallets,"""37-4&#44;77-4""",,2020,6/20/20,1-NewFolderStructure/C037_C077_Bakery_Pallets/C37_77_Bakery_Pallets_Effective_06202020_Updated_06172020/,_C37_C77_Bakery_Pallets_Effective_06202020_Planogram_Updated_06172020.pdf,"""8112&#44;""",6/17/20,6/17/20,Y
layouts,Automotive,10,,2020,6/28/20,1-NewFolderStructure/C010_Automotive/C10_Effective_06282020_Planogram_Updated_04_30_20/,_C10_Effective_062820_Planogram_Updated_043020.pdf,"""4724&#44;4740&#44;4749&#44;4775&#44;4776&#44;4778&#44;4781&#44;4790&#44;4817&#44;4825&#44;4837&#44;4871&#44;4874&#44;4930&#44;4944&#44;4962&#44;4982&#44;4990&#44;6220&#44;6242&#44;6249&#44;6256&#44;6260&#44;6307&#44;6308&#44;6319&#44;6326&#44;6329&#44;6359&#44;6361&#44;6375&#44;6377&#44;6407&#44;6412&#44;6417&#44;6419&#44;6429&#44;6435&#44;6449&#44;6454&#44;6479&#44;6503&#44;6507&#44;6512&#44;6521&#44;6527&#44;6562&#44;6657&#44;6658&#44;6660&#44;6661&#44;6662&#44;6663&#44;6666&#44;8102&#44;8104&#44;8107&#44;8114&#44;8119&#44;8134&#44;8139&#44;8180&#44;8181&#44;8196&#44;8221&#44;8236&#44;8237&#44;8247&#44;8261&#44;8266&#44;8271&#44;8291&#44;8292&#44;""",6/23/20,4/30/20,N
layouts,Bakery Tables,"""37&#44;77""",,2020,6/28/20,1-NewFolderStructure/C037_C077_Bakery_Tables/C37_77_Bakery_Tables_Effective_06282020_Updated_05222020/,_C37_77_Bakery_Tables_Effective_06282020_Planogram_Updated_06122020.pdf,"""4724&#44;4740&#44;4749&#44;4775&#44;4776&#44;4778&#44;4781&#44;4790&#44;4817&#44;4825&#44;4837&#44;4874&#44;4944&#44;4962&#44;4982&#44;4990&#44;6220&#44;6242&#44;6249&#44;6256&#44;6260&#44;6307&#44;6308&#44;6319&#44;6326&#44;6329&#44;6359&#44;6361&#44;6375&#44;6407&#44;6412&#44;6419&#44;6429&#44;6435&#44;6449&#44;6454&#44;6479&#44;6503&#44;6507&#44;6512&#44;6521&#44;6527&#44;6562&#44;6657&#44;6658&#44;6660&#44;6661&#44;6662&#44;6663&#44;6666&#44;8102&#44;8104&#44;8107&#44;8114&#44;8119&#44;8134&#44;8139&#44;8181&#44;8196&#44;8221&#44;8236&#44;8237&#44;8247&#44;8261&#44;8266&#44;8271&#44;8291&#44;8292&#44;""",6/23/20,5/22/20,N
layouts,Bakery Pallets,"""37-4&#44;77-4""",,2020,6/28/20,1-NewFolderStructure/C037_C077_Bakery_Pallets/C37_77_Bakery_Pallets_Effective_06282020_Updated_05222020/,_C77_C37_Bakery_Pallets_Effective_06282020_Planogram_Updated_05282020.pdf,"""4724&#44;4740&#44;4749&#44;4775&#44;4776&#44;4778&#44;4781&#44;4790&#44;4817&#44;4825&#44;4837&#44;4871&#44;4874&#44;4930&#44;4944&#44;4962&#44;4990&#44;6220&#44;6242&#44;6249&#44;6256&#44;6260&#44;6307&#44;6308&#44;6319&#44;6326&#44;6329&#44;6359&#44;6361&#44;6375&#44;6377&#44;6407&#44;6417&#44;6419&#44;6429&#44;6435&#44;6449&#44;6454&#44;6479&#44;6503&#44;6507&#44;6512&#44;6521&#44;6527&#44;6562&#44;6657&#44;6658&#44;6660&#44;6661&#44;6662&#44;6663&#44;6666&#44;8102&#44;8104&#44;8107&#44;8114&#44;8119&#44;8134&#44;8139&#44;8180&#44;8181&#44;8196&#44;8221&#44;8236&#44;8237&#44;8247&#44;8261&#44;8266&#44;8271&#44;8291&#44;8292&#44;""",6/23/20,5/22/20,N
layouts,Meat and Seafood,"""72&#44;76&#44;93""",,2020,7/6/20,1-NewFolderStructure/C076_C072_C093_Fresh_Meat_Seafood/C72_C76_C93_Effective_07062020_Planogram_Updated_06192020/,_C72_C76_C93_Effective_07062020_Planogram_Updated_06192020.pdf,"""4109&#44;4702&#44;4703&#44;4704&#44;4707&#44;4709&#44;4710&#44;4711&#44;4712&#44;4718&#44;4720&#44;4721&#44;4722&#44;4724&#44;4729&#44;4730&#44;4731&#44;4732&#44;4735&#44;4736&#44;4738&#44;4739&#44;4740&#44;4741&#44;4742&#44;4743&#44;4745&#44;4749&#44;4750&#44;4755&#44;4761&#44;4763&#44;4764&#44;4767&#44;4768&#44;4769&#44;4770&#44;4771&#44;4772&#44;4774&#44;4775&#44;4776&#44;4777&#44;4778&#44;4780&#44;4781&#44;4783&#44;4784&#44;4785&#44;4786&#44;4787&#44;4789&#44;4790&#44;4791&#44;4794&#44;4795&#44;4797&#44;4798&#44;4799&#44;4802&#44;4804&#44;4805&#44;4808&#44;4815&#44;4816&#44;4817&#44;4819&#44;4820&#44;4822&#44;4824&#44;4825&#44;4828&#44;4829&#44;4830&#44;4831&#44;4836&#44;4837&#44;4839&#44;4840&#44;4843&#44;4846&#44;4847&#44;4850&#44;4851&#44;4852&#44;4853&#44;4855&#44;4857&#44;4859&#44;4860&#44;4861&#44;4866&#44;4870&#44;4871&#44;4872&#44;4873&#44;4874&#44;4875&#44;4876&#44;4878&#44;4879&#44;4901&#44;4905&#44;4906&#44;4908&#44;4911&#44;4914&#44;4915&#44;4917&#44;4920&#44;4925&#44;4926&#44;4930&#44;4933&#44;4936&#44;4938&#44;4939&#44;4942&#44;4944&#44;4946&#44;4947&#44;4948&#44;4950&#44;4952&#44;4955&#44;4958&#44;4961&#44;4962&#44;4963&#44;4969&#44;4972&#44;4973&#44;4974&#44;4982&#44;4983&#44;4985&#44;4987&#44;4989&#44;4990&#44;4991&#44;4992&#44;4994&#44;4996&#44;4998&#44;4999&#44;6181&#44;6188&#44;6201&#44;6202&#44;6203&#44;6204&#44;6205&#44;6212&#44;6213&#44;6216&#44;6218&#44;6219&#44;6220&#44;6228&#44;6235&#44;6236&#44;6238&#44;6239&#44;6240&#44;6242&#44;6244&#44;6245&#44;6246&#44;6247&#44;6249&#44;6251&#44;6252&#44;6254&#44;6255&#44;6256&#44;6257&#44;6259&#44;6260&#44;6261&#44;6262&#44;6265&#44;6267&#44;6269&#44;6270&#44;6275&#44;6302&#44;6304&#44;6305&#44;6307&#44;6308&#44;6309&#44;6310&#44;6311&#44;6312&#44;6313&#44;6314&#44;6315&#44;6317&#44;6319&#44;6320&#44;6321&#44;6322&#44;6324&#44;6325&#44;6326&#44;6327&#44;6328&#44;6329&#44;6330&#44;6331&#44;6332&#44;6333&#44;6334&#44;6335&#44;6336&#44;6338&#44;6339&#44;6341&#44;6342&#44;6343&#44;6344&#44;6345&#44;6347&#44;6348&#44;6349&#44;6350&#44;6351&#44;6352&#44;6353&#44;6354&#44;6355&#44;6356&#44;6357&#44;6358&#44;6359&#44;6360&#44;6361&#44;6363&#44;6364&#44;6365&#44;6366&#44;6367&#44;6368&#44;6369&#44;6371&#44;6373&#44;6375&#44;6376&#44;6377&#44;6378&#44;6379&#44;6380&#44;6381&#44;6382&#44;6383&#44;6384&#44;6385&#44;6386&#44;6387&#44;6388&#44;6401&#44;6402&#44;6403&#44;6404&#44;6405&#44;6406&#44;6407&#44;6408&#44;6409&#44;6410&#44;6412&#44;6413&#44;6414&#44;6415&#44;6417&#44;6418&#44;6419&#44;6420&#44;6421&#44;6422&#44;6423&#44;6424&#44;6425&#44;6426&#44;6427&#44;6428&#44;6429&#44;6430&#44;6431&#44;6432&#44;6433&#44;6434&#44;6435&#44;6436&#44;6437&#44;6439&#44;6440&#44;6441&#44;6443&#44;6444&#44;6445&#44;6448&#44;6449&#44;6450&#44;6452&#44;6453&#44;6454&#44;6455&#44;6456&#44;6457&#44;6458&#44;6460&#44;6461&#44;6462&#44;6463&#44;6464&#44;6471&#44;6472&#44;6474&#44;6479&#44;6482&#44;6485&#44;6487&#44;6489&#44;6501&#44;6502&#44;6503&#44;6505&#44;6506&#44;6507&#44;6509&#44;6510&#44;6512&#44;6514&#44;6517&#44;6518&#44;6520&#44;6521&#44;6524&#44;6527&#44;6528&#44;6533&#44;6535&#44;6536&#44;6539&#44;6540&#44;6543&#44;6547&#44;6549&#44;6556&#44;6562&#44;6565&#44;6567&#44;6568&#44;6569&#44;6570&#44;6571&#44;6572&#44;6573&#44;6575&#44;6581&#44;6582&#44;6604&#44;6605&#44;6606&#44;6608&#44;6609&#44;6610&#44;6612&#44;6613&#44;6614&#44;6615&#44;6616&#44;6617&#44;6619&#44;6622&#44;6624&#44;6626&#44;6628&#44;6630&#44;6631&#44;6632&#44;6633&#44;6634&#44;6635&#44;6636&#44;6637&#44;6643&#44;6644&#44;6646&#44;6650&#44;6651&#44;6652&#44;6653&#44;6655&#44;6657&#44;6658&#44;6659&#44;6660&#44;6661&#44;6662&#44;6663&#44;6664&#44;6666&#44;6667&#44;6670&#44;6671&#44;6672&#44;6673&#44;6674&#44;6675&#44;6676&#44;6677&#44;6678&#44;6679&#44;6680&#44;6682&#44;6683&#44;6684&#44;6685&#44;6686&#44;6689&#44;6690&#44;6692&#44;6693&#44;6779&#44;6781&#44;6867&#44;6976&#44;6979&#44;7189&#44;7658&#44;7676&#44;8102&#44;8104&#44;8106&#44;8107&#44;8111&#44;8112&#44;8114&#44;8115&#44;8116&#44;8117&#44;8119&#44;8120&#44;8123&#44;8125&#44;8126&#44;8128&#44;8129&#44;8130&#44;8132&#44;8133&#44;8134&#44;8135&#44;8136&#44;8138&#44;8139&#44;8141&#44;8142&#44;8144&#44;8145&#44;8146&#44;8147&#44;8149&#44;8150&#44;8151&#44;8152&#44;8153&#44;8155&#44;8156&#44;8157&#44;8158&#44;8160&#44;8161&#44;8162&#44;8163&#44;8164&#44;8165&#44;8166&#44;8167&#44;8168&#44;8169&#44;8172&#44;8173&#44;8174&#44;8175&#44;8176&#44;8177&#44;8180&#44;8181&#44;8182&#44;8183&#44;8184&#44;8185&#44;8186&#44;8188&#44;8189&#44;8190&#44;8191&#44;8192&#44;8193&#44;8194&#44;8196&#44;8201&#44;8202&#44;8203&#44;8205&#44;8207&#44;8208&#44;8209&#44;8210&#44;8213&#44;8215&#44;8218&#44;8219&#44;8220&#44;8221&#44;8222&#44;8223&#44;8224&#44;8225&#44;8226&#44;8227&#44;8228&#44;8236&#44;8237&#44;8238&#44;8239&#44;8241&#44;8242&#44;8243&#44;8244&#44;8245&#44;8246&#44;8247&#44;8250&#44;8251&#44;8252&#44;8253&#44;8254&#44;8256&#44;8259&#44;8261&#44;8262&#44;8263&#44;8264&#44;8265&#44;8266&#44;8267&#44;8268&#44;8269&#44;8270&#44;8271&#44;8272&#44;8273&#44;8274&#44;8275&#44;8276&#44;8278&#44;8279&#44;8280&#44;8281&#44;8282&#44;8283&#44;8284&#44;8285&#44;8286&#44;8287&#44;8288&#44;8289&#44;8290&#44;8291&#44;8292&#44;8293&#44;8294&#44;8295&#44;8296&#44;8297&#44;8298&#44;8299&#44;""",7/3/20,6/19/20,Y
layouts,Deli,57,,2020,7/6/20,1-NewFolderStructure/C057_Deli/C57_Effective_07062020_Planogram_Update_06-26-2020/,_C57_Effective_07062020_Planogram_Update_06-26-2020.pdf,"""4109&#44;4702&#44;4703&#44;4704&#44;4707&#44;4709&#44;4710&#44;4711&#44;4712&#44;4713&#44;4718&#44;4720&#44;4721&#44;4722&#44;4724&#44;4728&#44;4729&#44;4730&#44;4731&#44;4732&#44;4735&#44;4736&#44;4738&#44;4739&#44;4740&#44;4741&#44;4742&#44;4743&#44;4745&#44;4749&#44;4750&#44;4755&#44;4761&#44;4763&#44;4764&#44;4767&#44;4768&#44;4769&#44;4770&#44;4771&#44;4772&#44;4774&#44;4775&#44;4776&#44;4777&#44;4778&#44;4780&#44;4781&#44;4782&#44;4783&#44;4784&#44;4785&#44;4786&#44;4787&#44;4789&#44;4790&#44;4791&#44;4794&#44;4795&#44;4797&#44;4798&#44;4799&#44;4801&#44;4802&#44;4804&#44;4805&#44;4808&#44;4815&#44;4816&#44;4817&#44;4818&#44;4819&#44;4820&#44;4822&#44;4824&#44;4825&#44;4828&#44;4829&#44;4830&#44;4831&#44;4836&#44;4837&#44;4839&#44;4840&#44;4843&#44;4846&#44;4847&#44;4850&#44;4851&#44;4852&#44;4853&#44;4855&#44;4857&#44;4859&#44;4860&#44;4861&#44;4866&#44;4870&#44;4871&#44;4872&#44;4873&#44;4874&#44;4875&#44;4876&#44;4878&#44;4879&#44;4901&#44;4905&#44;4906&#44;4908&#44;4911&#44;4914&#44;4915&#44;4917&#44;4920&#44;4925&#44;4926&#44;4930&#44;4933&#44;4936&#44;4938&#44;4939&#44;4942&#44;4944&#44;4946&#44;4947&#44;4948&#44;4950&#44;4952&#44;4955&#44;4958&#44;4961&#44;4962&#44;4963&#44;4969&#44;4972&#44;4973&#44;4974&#44;4982&#44;4983&#44;4985&#44;4987&#44;4989&#44;4990&#44;4991&#44;4992&#44;4994&#44;4996&#44;4998&#44;4999&#44;6181&#44;6188&#44;6189&#44;6201&#44;6202&#44;6203&#44;6204&#44;6205&#44;6212&#44;6213&#44;6216&#44;6217&#44;6218&#44;6219&#44;6220&#44;6225&#44;6228&#44;6235&#44;6236&#44;6238&#44;6239&#44;6240&#44;6242&#44;6244&#44;6245&#44;6246&#44;6247&#44;6249&#44;6251&#44;6252&#44;6254&#44;6255&#44;6256&#44;6257&#44;6259&#44;6260&#44;6261&#44;6262&#44;6265&#44;6267&#44;6269&#44;6270&#44;6275&#44;6302&#44;6304&#44;6305&#44;6307&#44;6308&#44;6309&#44;6310&#44;6311&#44;6312&#44;6313&#44;6314&#44;6315&#44;6317&#44;6319&#44;6320&#44;6321&#44;6322&#44;6324&#44;6325&#44;6326&#44;6327&#44;6328&#44;6329&#44;6330&#44;6331&#44;6332&#44;6333&#44;6334&#44;6335&#44;6336&#44;6338&#44;6339&#44;6341&#44;6342&#44;6343&#44;6344&#44;6345&#44;6347&#44;6348&#44;6349&#44;6350&#44;6351&#44;6352&#44;6353&#44;6354&#44;6355&#44;6356&#44;6357&#44;6358&#44;6359&#44;6360&#44;6361&#44;6363&#44;6364&#44;6365&#44;6366&#44;6367&#44;6368&#44;6369&#44;6371&#44;6372&#44;6373&#44;6375&#44;6376&#44;6377&#44;6378&#44;6379&#44;6380&#44;6381&#44;6382&#44;6383&#44;6384&#44;6385&#44;6386&#44;6387&#44;6388&#44;6401&#44;6402&#44;6403&#44;6404&#44;6405&#44;6406&#44;6407&#44;6408&#44;6409&#44;6410&#44;6412&#44;6413&#44;6414&#44;6415&#44;6417&#44;6418&#44;6419&#44;6420&#44;6421&#44;6422&#44;6423&#44;6424&#44;6425&#44;6426&#44;6427&#44;6428&#44;6429&#44;6430&#44;6431&#44;6432&#44;6433&#44;6434&#44;6435&#44;6436&#44;6437&#44;6439&#44;6440&#44;6441&#44;6443&#44;6444&#44;6445&#44;6448&#44;6449&#44;6450&#44;6452&#44;6453&#44;6454&#44;6455&#44;6456&#44;6457&#44;6458&#44;6460&#44;6461&#44;6462&#44;6463&#44;6464&#44;6471&#44;6472&#44;6474&#44;6479&#44;6482&#44;6485&#44;6487&#44;6489&#44;6501&#44;6502&#44;6503&#44;6505&#44;6506&#44;6507&#44;6509&#44;6510&#44;6512&#44;6514&#44;6517&#44;6518&#44;6520&#44;6521&#44;6524&#44;6527&#44;6528&#44;6533&#44;6535&#44;6536&#44;6539&#44;6540&#44;6543&#44;6547&#44;6549&#44;6556&#44;6562&#44;6565&#44;6567&#44;6568&#44;6569&#44;6570&#44;6571&#44;6572&#44;6573&#44;6575&#44;6581&#44;6582&#44;6604&#44;6605&#44;6606&#44;6608&#44;6609&#44;6610&#44;6612&#44;6613&#44;6614&#44;6615&#44;6616&#44;6617&#44;6619&#44;6620&#44;6621&#44;6622&#44;6624&#44;6626&#44;6628&#44;6630&#44;6631&#44;6632&#44;6633&#44;6634&#44;6635&#44;6636&#44;6637&#44;6643&#44;6644&#44;6646&#44;6650&#44;6651&#44;6652&#44;6653&#44;6655&#44;6657&#44;6658&#44;6659&#44;6660&#44;6661&#44;6662&#44;6663&#44;6664&#44;6666&#44;6667&#44;6670&#44;6671&#44;6672&#44;6673&#44;6674&#44;6675&#44;6676&#44;6677&#44;6678&#44;6679&#44;6680&#44;6682&#44;6683&#44;6684&#44;6685&#44;6686&#44;6689&#44;6690&#44;6692&#44;6693&#44;6779&#44;6781&#44;6976&#44;6979&#44;7189&#44;7658&#44;7676&#44;8102&#44;8104&#44;8106&#44;8107&#44;8111&#44;8112&#44;8114&#44;8115&#44;8116&#44;8117&#44;8119&#44;8120&#44;8123&#44;8125&#44;8126&#44;8128&#44;8129&#44;8130&#44;8132&#44;8133&#44;8134&#44;8135&#44;8136&#44;8138&#44;8139&#44;8141&#44;8142&#44;8144&#44;8145&#44;8146&#44;8147&#44;8149&#44;8150&#44;8151&#44;8152&#44;8153&#44;8155&#44;8156&#44;8157&#44;8158&#44;8160&#44;8161&#44;8162&#44;8163&#44;8164&#44;8165&#44;8166&#44;8167&#44;8168&#44;8169&#44;8172&#44;8173&#44;8174&#44;8175&#44;8176&#44;8177&#44;8180&#44;8181&#44;8182&#44;8183&#44;8184&#44;8185&#44;8186&#44;8188&#44;8189&#44;8190&#44;8191&#44;8192&#44;8193&#44;8194&#44;8196&#44;8197&#44;8201&#44;8202&#44;8203&#44;8205&#44;8207&#44;8208&#44;8209&#44;8210&#44;8211&#44;8213&#44;8215&#44;8218&#44;8219&#44;8220&#44;8221&#44;8222&#44;8223&#44;8224&#44;8225&#44;8226&#44;8227&#44;8228&#44;8236&#44;8237&#44;8238&#44;8239&#44;8241&#44;8242&#44;8243&#44;8244&#44;8245&#44;8246&#44;8247&#44;8248&#44;8250&#44;8251&#44;8252&#44;8253&#44;8254&#44;8256&#44;8257&#44;8259&#44;8261&#44;8262&#44;8263&#44;8264&#44;8265&#44;8266&#44;8267&#44;8268&#44;8269&#44;8270&#44;8271&#44;8272&#44;8273&#44;8274&#44;8275&#44;8276&#44;8277&#44;8278&#44;8279&#44;8280&#44;8281&#44;8282&#44;8283&#44;8284&#44;8285&#44;8286&#44;8287&#44;8288&#44;8289&#44;8290&#44;8291&#44;8292&#44;8293&#44;8294&#44;8295&#44;8296&#44;8297&#44;8298&#44;8299&#44;""",7/2/20,6/26/20,Y
layouts,Deli,57,,2020,7/6/20,1-NewFolderStructure/C057_Deli/C57_Effective_07062020_Planogram_Update_06-26-2020/,_C57_Effective_07062020_Planogram_Update_06-26-2020.pdf,"""6372&#44;8257&#44;""",7/14/20,6/26/20,Y
layouts,Bakery Tables,"""37&#44;77""",,2020,7/6/20,1-NewFolderStructure/C037_C077_Bakery_Tables/C77_C37_Bakery_Tables_Effective_07062020_Planogram_Updated_06262020/,_C77_C37_Bakery_Tables_Effective_07062020_Planogram_Updated_06262020.pdf,"""4109&#44;4702&#44;4703&#44;4704&#44;4707&#44;4709&#44;4710&#44;4711&#44;4712&#44;4713&#44;4718&#44;4720&#44;4721&#44;4722&#44;4724&#44;4728&#44;4729&#44;4730&#44;4732&#44;4735&#44;4736&#44;4738&#44;4739&#44;4740&#44;4741&#44;4742&#44;4743&#44;4745&#44;4749&#44;4750&#44;4755&#44;4761&#44;4763&#44;4764&#44;4767&#44;4768&#44;4769&#44;4770&#44;4771&#44;4772&#44;4774&#44;4775&#44;4776&#44;4777&#44;4778&#44;4780&#44;4781&#44;4783&#44;4784&#44;4785&#44;4786&#44;4787&#44;4789&#44;4790&#44;4791&#44;4794&#44;4795&#44;4797&#44;4798&#44;4799&#44;4802&#44;4804&#44;4805&#44;4808&#44;4815&#44;4816&#44;4817&#44;4819&#44;4820&#44;4822&#44;4824&#44;4825&#44;4828&#44;4829&#44;4830&#44;4831&#44;4836&#44;4837&#44;4839&#44;4840&#44;4843&#44;4846&#44;4847&#44;4850&#44;4851&#44;4852&#44;4853&#44;4855&#44;4857&#44;4859&#44;4860&#44;4861&#44;4866&#44;4870&#44;4872&#44;4873&#44;4874&#44;4875&#44;4876&#44;4878&#44;4879&#44;4901&#44;4905&#44;4906&#44;4908&#44;4911&#44;4914&#44;4915&#44;4917&#44;4920&#44;4925&#44;4926&#44;4933&#44;4936&#44;4938&#44;4939&#44;4942&#44;4944&#44;4946&#44;4947&#44;4948&#44;4950&#44;4952&#44;4955&#44;4958&#44;4961&#44;4962&#44;4963&#44;4969&#44;4972&#44;4973&#44;4974&#44;4982&#44;4983&#44;4985&#44;4987&#44;4989&#44;4990&#44;4991&#44;4992&#44;4994&#44;4996&#44;4998&#44;4999&#44;6181&#44;6188&#44;6201&#44;6202&#44;6203&#44;6204&#44;6205&#44;6212&#44;6213&#44;6216&#44;6218&#44;6219&#44;6220&#44;6225&#44;6228&#44;6235&#44;6236&#44;6238&#44;6239&#44;6240&#44;6242&#44;6244&#44;6245&#44;6246&#44;6247&#44;6249&#44;6251&#44;6252&#44;6254&#44;6255&#44;6256&#44;6257&#44;6259&#44;6260&#44;6261&#44;6262&#44;6265&#44;6267&#44;6269&#44;6270&#44;6275&#44;6302&#44;6304&#44;6305&#44;6307&#44;6308&#44;6309&#44;6310&#44;6311&#44;6312&#44;6313&#44;6314&#44;6315&#44;6317&#44;6319&#44;6320&#44;6321&#44;6322&#44;6324&#44;6325&#44;6326&#44;6327&#44;6328&#44;6329&#44;6330&#44;6331&#44;6332&#44;6333&#44;6334&#44;6335&#44;6336&#44;6338&#44;6339&#44;6341&#44;6342&#44;6343&#44;6344&#44;6345&#44;6347&#44;6348&#44;6349&#44;6350&#44;6351&#44;6352&#44;6353&#44;6354&#44;6355&#44;6356&#44;6357&#44;6358&#44;6359&#44;6360&#44;6361&#44;6363&#44;6364&#44;6365&#44;6366&#44;6367&#44;6368&#44;6369&#44;6371&#44;6373&#44;6375&#44;6376&#44;6378&#44;6379&#44;6380&#44;6381&#44;6382&#44;6383&#44;6384&#44;6385&#44;6386&#44;6387&#44;6388&#44;6401&#44;6402&#44;6403&#44;6404&#44;6405&#44;6406&#44;6407&#44;6408&#44;6409&#44;6410&#44;6412&#44;6413&#44;6414&#44;6415&#44;6418&#44;6419&#44;6420&#44;6421&#44;6422&#44;6423&#44;6424&#44;6425&#44;6426&#44;6427&#44;6428&#44;6429&#44;6430&#44;6431&#44;6433&#44;6434&#44;6435&#44;6436&#44;6437&#44;6439&#44;6440&#44;6441&#44;6443&#44;6444&#44;6445&#44;6448&#44;6449&#44;6450&#44;6452&#44;6453&#44;6454&#44;6455&#44;6456&#44;6457&#44;6458&#44;6460&#44;6462&#44;6463&#44;6464&#44;6472&#44;6474&#44;6479&#44;6482&#44;6485&#44;6487&#44;6489&#44;6501&#44;6502&#44;6503&#44;6505&#44;6506&#44;6507&#44;6509&#44;6512&#44;6517&#44;6518&#44;6520&#44;6521&#44;6524&#44;6527&#44;6528&#44;6535&#44;6536&#44;6539&#44;6540&#44;6543&#44;6547&#44;6549&#44;6556&#44;6562&#44;6565&#44;6567&#44;6569&#44;6570&#44;6571&#44;6572&#44;6573&#44;6575&#44;6581&#44;6582&#44;6604&#44;6605&#44;6606&#44;6608&#44;6609&#44;6610&#44;6612&#44;6613&#44;6614&#44;6615&#44;6616&#44;6617&#44;6619&#44;6622&#44;6624&#44;6626&#44;6628&#44;6630&#44;6631&#44;6632&#44;6633&#44;6634&#44;6635&#44;6636&#44;6637&#44;6643&#44;6644&#44;6646&#44;6650&#44;6651&#44;6652&#44;6653&#44;6655&#44;6657&#44;6658&#44;6659&#44;6660&#44;6661&#44;6662&#44;6663&#44;6664&#44;6666&#44;6667&#44;6670&#44;6671&#44;6672&#44;6673&#44;6674&#44;6675&#44;6676&#44;6677&#44;6678&#44;6679&#44;6680&#44;6682&#44;6683&#44;6684&#44;6685&#44;6686&#44;6689&#44;6690&#44;6692&#44;6693&#44;6779&#44;6781&#44;6867&#44;6976&#44;6979&#44;7189&#44;7658&#44;7676&#44;8102&#44;8104&#44;8106&#44;8107&#44;8111&#44;8112&#44;8114&#44;8115&#44;8116&#44;8117&#44;8119&#44;8120&#44;8123&#44;8125&#44;8126&#44;8128&#44;8129&#44;8130&#44;8132&#44;8133&#44;8134&#44;8135&#44;8136&#44;8138&#44;8139&#44;8141&#44;8142&#44;8144&#44;8145&#44;8146&#44;8147&#44;8149&#44;8150&#44;8151&#44;8152&#44;8153&#44;8155&#44;8156&#44;8157&#44;8158&#44;8160&#44;8161&#44;8162&#44;8163&#44;8164&#44;8165&#44;8166&#44;8167&#44;8168&#44;8169&#44;8172&#44;8173&#44;8174&#44;8175&#44;8176&#44;8177&#44;8181&#44;8182&#44;8183&#44;8184&#44;8185&#44;8186&#44;8188&#44;8189&#44;8190&#44;8191&#44;8192&#44;8193&#44;8194&#44;8196&#44;8201&#44;8202&#44;8203&#44;8205&#44;8207&#44;8208&#44;8209&#44;8210&#44;8213&#44;8215&#44;8218&#44;8219&#44;8220&#44;8221&#44;8222&#44;8223&#44;8224&#44;8225&#44;8226&#44;8227&#44;8228&#44;8236&#44;8237&#44;8238&#44;8239&#44;8241&#44;8242&#44;8243&#44;8244&#44;8245&#44;8246&#44;8247&#44;8250&#44;8251&#44;8252&#44;8253&#44;8254&#44;8256&#44;8259&#44;8261&#44;8262&#44;8263&#44;8264&#44;8265&#44;8266&#44;8267&#44;8268&#44;8269&#44;8270&#44;8271&#44;8272&#44;8273&#44;8274&#44;8275&#44;8276&#44;8278&#44;8279&#44;8280&#44;8281&#44;8282&#44;8283&#44;8284&#44;8285&#44;8286&#44;8287&#44;8288&#44;8289&#44;8290&#44;8291&#44;8292&#44;8293&#44;8294&#44;8295&#44;8296&#44;8297&#44;8298&#44;8299&#44;""",7/2/20,6/26/20,Y
layouts,Bakery Pallets,"""37-4&#44;77-4""",,2020,7/6/20,1-NewFolderStructure/C037_C077_Bakery_Pallets/C77_C37_Bakery_Pallets_Effective_07062020_Planogram_Updated_06262020/,_C77_C37_Bakery_Pallets_Effective_07062020_Planogram_Updated_06262020.pdf,"""4109&#44;4702&#44;4703&#44;4704&#44;4707&#44;4709&#44;4710&#44;4711&#44;4712&#44;4713&#44;4718&#44;4720&#44;4721&#44;4722&#44;4724&#44;4728&#44;4729&#44;4730&#44;4732&#44;4735&#44;4736&#44;4738&#44;4739&#44;4740&#44;4741&#44;4742&#44;4743&#44;4745&#44;4749&#44;4750&#44;4755&#44;4761&#44;4763&#44;4764&#44;4767&#44;4768&#44;4769&#44;4770&#44;4771&#44;4772&#44;4774&#44;4775&#44;4776&#44;4777&#44;4778&#44;4780&#44;4781&#44;4783&#44;4784&#44;4785&#44;4786&#44;4787&#44;4789&#44;4790&#44;4791&#44;4794&#44;4795&#44;4797&#44;4798&#44;4799&#44;4802&#44;4804&#44;4805&#44;4808&#44;4815&#44;4816&#44;4817&#44;4819&#44;4820&#44;4822&#44;4824&#44;4825&#44;4828&#44;4829&#44;4830&#44;4831&#44;4836&#44;4837&#44;4839&#44;4840&#44;4843&#44;4846&#44;4847&#44;4850&#44;4851&#44;4852&#44;4853&#44;4855&#44;4857&#44;4859&#44;4860&#44;4861&#44;4866&#44;4870&#44;4871&#44;4872&#44;4873&#44;4874&#44;4875&#44;4876&#44;4878&#44;4879&#44;4901&#44;4905&#44;4906&#44;4908&#44;4911&#44;4914&#44;4915&#44;4917&#44;4920&#44;4926&#44;4930&#44;4933&#44;4936&#44;4938&#44;4939&#44;4942&#44;4944&#44;4946&#44;4947&#44;4948&#44;4950&#44;4952&#44;4955&#44;4958&#44;4961&#44;4962&#44;4963&#44;4969&#44;4972&#44;4973&#44;4974&#44;4983&#44;4985&#44;4987&#44;4989&#44;4990&#44;4991&#44;4992&#44;4994&#44;4996&#44;4998&#44;4999&#44;6181&#44;6188&#44;6201&#44;6202&#44;6203&#44;6204&#44;6205&#44;6212&#44;6213&#44;6216&#44;6218&#44;6219&#44;6220&#44;6225&#44;6228&#44;6235&#44;6236&#44;6238&#44;6239&#44;6240&#44;6242&#44;6244&#44;6245&#44;6246&#44;6247&#44;6251&#44;6252&#44;6254&#44;6255&#44;6256&#44;6257&#44;6259&#44;6260&#44;6261&#44;6262&#44;6265&#44;6267&#44;6269&#44;6270&#44;6275&#44;6302&#44;6304&#44;6305&#44;6307&#44;6308&#44;6309&#44;6310&#44;6311&#44;6312&#44;6313&#44;6314&#44;6315&#44;6317&#44;6319&#44;6320&#44;6321&#44;6322&#44;6325&#44;6326&#44;6327&#44;6328&#44;6329&#44;6330&#44;6331&#44;6332&#44;6333&#44;6334&#44;6335&#44;6336&#44;6338&#44;6339&#44;6341&#44;6342&#44;6343&#44;6344&#44;6345&#44;6347&#44;6348&#44;6349&#44;6350&#44;6351&#44;6352&#44;6353&#44;6354&#44;6355&#44;6356&#44;6357&#44;6358&#44;6359&#44;6360&#44;6361&#44;6363&#44;6364&#44;6365&#44;6366&#44;6367&#44;6368&#44;6369&#44;6371&#44;6373&#44;6375&#44;6376&#44;6378&#44;6379&#44;6380&#44;6381&#44;6382&#44;6383&#44;6384&#44;6385&#44;6386&#44;6387&#44;6388&#44;6401&#44;6402&#44;6403&#44;6404&#44;6405&#44;6406&#44;6407&#44;6408&#44;6409&#44;6410&#44;6413&#44;6414&#44;6415&#44;6417&#44;6418&#44;6419&#44;6420&#44;6421&#44;6422&#44;6423&#44;6424&#44;6425&#44;6426&#44;6427&#44;6428&#44;6429&#44;6430&#44;6431&#44;6432&#44;6433&#44;6434&#44;6435&#44;6436&#44;6437&#44;6439&#44;6440&#44;6441&#44;6443&#44;6444&#44;6445&#44;6448&#44;6449&#44;6450&#44;6452&#44;6453&#44;6454&#44;6455&#44;6456&#44;6457&#44;6458&#44;6460&#44;6461&#44;6462&#44;6463&#44;6464&#44;6471&#44;6472&#44;6474&#44;6479&#44;6482&#44;6485&#44;6487&#44;6489&#44;6501&#44;6502&#44;6503&#44;6505&#44;6506&#44;6507&#44;6509&#44;6510&#44;6512&#44;6514&#44;6517&#44;6518&#44;6520&#44;6521&#44;6524&#44;6527&#44;6528&#44;6533&#44;6535&#44;6536&#44;6539&#44;6540&#44;6543&#44;6547&#44;6549&#44;6556&#44;6562&#44;6565&#44;6568&#44;6569&#44;6570&#44;6571&#44;6572&#44;6573&#44;6575&#44;6581&#44;6582&#44;6604&#44;6605&#44;6606&#44;6608&#44;6609&#44;6610&#44;6612&#44;6613&#44;6614&#44;6615&#44;6616&#44;6617&#44;6619&#44;6622&#44;6624&#44;6626&#44;6628&#44;6630&#44;6631&#44;6632&#44;6633&#44;6634&#44;6635&#44;6636&#44;6637&#44;6643&#44;6644&#44;6646&#44;6650&#44;6651&#44;6652&#44;6653&#44;6655&#44;6657&#44;6658&#44;6659&#44;6660&#44;6661&#44;6662&#44;6663&#44;6664&#44;6666&#44;6667&#44;6670&#44;6671&#44;6672&#44;6673&#44;6674&#44;6675&#44;6676&#44;6677&#44;6678&#44;6679&#44;6680&#44;6682&#44;6683&#44;6684&#44;6685&#44;6686&#44;6689&#44;6690&#44;6692&#44;6693&#44;6779&#44;6781&#44;6867&#44;6976&#44;6979&#44;7189&#44;7658&#44;7676&#44;8102&#44;8104&#44;8106&#44;8107&#44;8111&#44;8112&#44;8114&#44;8115&#44;8116&#44;8117&#44;8119&#44;8120&#44;8123&#44;8125&#44;8126&#44;8128&#44;8129&#44;8130&#44;8132&#44;8133&#44;8134&#44;8135&#44;8136&#44;8138&#44;8139&#44;8141&#44;8142&#44;8144&#44;8145&#44;8146&#44;8147&#44;8149&#44;8150&#44;8151&#44;8152&#44;8153&#44;8155&#44;8156&#44;8157&#44;8158&#44;8160&#44;8161&#44;8162&#44;8163&#44;8164&#44;8165&#44;8166&#44;8167&#44;8168&#44;8169&#44;8172&#44;8173&#44;8174&#44;8175&#44;8176&#44;8177&#44;8180&#44;8181&#44;8182&#44;8183&#44;8184&#44;8185&#44;8186&#44;8188&#44;8189&#44;8190&#44;8191&#44;8192&#44;8193&#44;8194&#44;8196&#44;8201&#44;8202&#44;8203&#44;8205&#44;8207&#44;8208&#44;8209&#44;8210&#44;8213&#44;8215&#44;8218&#44;8219&#44;8220&#44;8221&#44;8222&#44;8223&#44;8224&#44;8225&#44;8226&#44;8227&#44;8228&#44;8236&#44;8237&#44;8238&#44;8239&#44;8241&#44;8242&#44;8243&#44;8244&#44;8245&#44;8246&#44;8247&#44;8250&#44;8251&#44;8252&#44;8253&#44;8254&#44;8256&#44;8259&#44;8261&#44;8262&#44;8263&#44;8264&#44;8265&#44;8266&#44;8267&#44;8268&#44;8269&#44;8270&#44;8271&#44;8272&#44;8273&#44;8274&#44;8275&#44;8276&#44;8278&#44;8279&#44;8280&#44;8281&#44;8282&#44;8283&#44;8284&#44;8285&#44;8286&#44;8287&#44;8288&#44;8289&#44;8290&#44;8291&#44;8292&#44;8293&#44;8294&#44;8295&#44;8296&#44;8297&#44;8298&#44;8299&#44;""",7/2/20,6/26/20,Y
layouts,Sushi,79,,2020,7/6/20,1-NewFolderStructure/C079_Sushi/C79_Sushi_Effective_07062020/,_C79_Sushi_Effective_07062020.pdf,"""4704&#44;4718&#44;4722&#44;4735&#44;4743&#44;4749&#44;4767&#44;4771&#44;4772&#44;4778&#44;4794&#44;4801&#44;4825&#44;4829&#44;4831&#44;4837&#44;4839&#44;4861&#44;4873&#44;4874&#44;4911&#44;4926&#44;4938&#44;4944&#44;4946&#44;4958&#44;4972&#44;4974&#44;6181&#44;6189&#44;6202&#44;6212&#44;6213&#44;6216&#44;6238&#44;6244&#44;6245&#44;6252&#44;6267&#44;6313&#44;6315&#44;6319&#44;6328&#44;6335&#44;6342&#44;6343&#44;6351&#44;6372&#44;6376&#44;6382&#44;6384&#44;6402&#44;6408&#44;6409&#44;6418&#44;6419&#44;6428&#44;6443&#44;6444&#44;6489&#44;6501&#44;6524&#44;6527&#44;6575&#44;6612&#44;6613&#44;6615&#44;6621&#44;6630&#44;6637&#44;6643&#44;6652&#44;6655&#44;6657&#44;6658&#44;6659&#44;6661&#44;6663&#44;6667&#44;6670&#44;6671&#44;6676&#44;6686&#44;6779&#44;6976&#44;7676&#44;8112&#44;8129&#44;8138&#44;8158&#44;8164&#44;8173&#44;8174&#44;8182&#44;8193&#44;8197&#44;8205&#44;8213&#44;8215&#44;8220&#44;8237&#44;8243&#44;8248&#44;8262&#44;8263&#44;8267&#44;8271&#44;8277&#44;8294&#44;8298&#44;""",7/3/20,7/2/20,Y
layouts,Bakery Pallets,"""37-4&#44;77-4""",,2020,7/6/20,1-NewFolderStructure/C037_C077_Bakery_Pallets/C37_77_Bakery_Pallets_Effective_07062020_Updated_07022020/,_C77_C37_Bakery_Pallets_Effective_07062020_Planogram_Updated_07022020.pdf,"""6249&#44;""",7/3/20,7/2/20,Y
layouts,HMS,79-2,,2020,7/6/20,1-NewFolderStructure/C079_HMS/C79_HMS_Effective_07062020/,_C79_HMS_Effective_07062020.pdf,"""4109&#44;4702&#44;4703&#44;4704&#44;4707&#44;4709&#44;4710&#44;4711&#44;4712&#44;4713&#44;4718&#44;4720&#44;4721&#44;4722&#44;4724&#44;4728&#44;4729&#44;4730&#44;4731&#44;4732&#44;4735&#44;4736&#44;4738&#44;4739&#44;4740&#44;4741&#44;4742&#44;4743&#44;4745&#44;4749&#44;4750&#44;4755&#44;4761&#44;4763&#44;4764&#44;4767&#44;4768&#44;4769&#44;4770&#44;4771&#44;4772&#44;4774&#44;4775&#44;4776&#44;4777&#44;4778&#44;4780&#44;4781&#44;4782&#44;4783&#44;4784&#44;4785&#44;4786&#44;4787&#44;4789&#44;4790&#44;4791&#44;4794&#44;4795&#44;4797&#44;4798&#44;4799&#44;4801&#44;4802&#44;4804&#44;4805&#44;4808&#44;4815&#44;4816&#44;4817&#44;4818&#44;4819&#44;4820&#44;4822&#44;4824&#44;4825&#44;4828&#44;4829&#44;4830&#44;4831&#44;4836&#44;4837&#44;4839&#44;4840&#44;4843&#44;4846&#44;4847&#44;4850&#44;4851&#44;4852&#44;4853&#44;4855&#44;4857&#44;4859&#44;4860&#44;4861&#44;4870&#44;4871&#44;4872&#44;4873&#44;4874&#44;4875&#44;4876&#44;4878&#44;4879&#44;4901&#44;4905&#44;4906&#44;4908&#44;4911&#44;4914&#44;4915&#44;4917&#44;4920&#44;4925&#44;4926&#44;4930&#44;4933&#44;4936&#44;4938&#44;4939&#44;4942&#44;4944&#44;4946&#44;4947&#44;4948&#44;4950&#44;4952&#44;4955&#44;4958&#44;4961&#44;4962&#44;4963&#44;4969&#44;4972&#44;4973&#44;4974&#44;4982&#44;4983&#44;4985&#44;4987&#44;4989&#44;4990&#44;4991&#44;4992&#44;4994&#44;4996&#44;4998&#44;4999&#44;6181&#44;6188&#44;6189&#44;6201&#44;6202&#44;6203&#44;6204&#44;6205&#44;6212&#44;6213&#44;6216&#44;6217&#44;6218&#44;6219&#44;6220&#44;6228&#44;6235&#44;6236&#44;6238&#44;6239&#44;6240&#44;6242&#44;6244&#44;6245&#44;6246&#44;6247&#44;6249&#44;6251&#44;6252&#44;6254&#44;6255&#44;6256&#44;6257&#44;6259&#44;6260&#44;6261&#44;6262&#44;6265&#44;6267&#44;6269&#44;6270&#44;6275&#44;6302&#44;6304&#44;6305&#44;6307&#44;6308&#44;6309&#44;6310&#44;6311&#44;6312&#44;6313&#44;6314&#44;6315&#44;6317&#44;6319&#44;6320&#44;6321&#44;6322&#44;6324&#44;6325&#44;6326&#44;6327&#44;6328&#44;6329&#44;6330&#44;6331&#44;6332&#44;6333&#44;6334&#44;6335&#44;6336&#44;6338&#44;6339&#44;6341&#44;6342&#44;6343&#44;6344&#44;6345&#44;6347&#44;6348&#44;6349&#44;6350&#44;6351&#44;6352&#44;6353&#44;6354&#44;6355&#44;6356&#44;6357&#44;6358&#44;6359&#44;6360&#44;6361&#44;6363&#44;6364&#44;6365&#44;6366&#44;6367&#44;6368&#44;6369&#44;6371&#44;6372&#44;6373&#44;6375&#44;6376&#44;6377&#44;6378&#44;6379&#44;6380&#44;6381&#44;6382&#44;6383&#44;6384&#44;6385&#44;6386&#44;6387&#44;6388&#44;6401&#44;6402&#44;6403&#44;6404&#44;6405&#44;6406&#44;6407&#44;6408&#44;6409&#44;6410&#44;6412&#44;6413&#44;6414&#44;6415&#44;6417&#44;6418&#44;6419&#44;6420&#44;6421&#44;6422&#44;6423&#44;6424&#44;6425&#44;6426&#44;6427&#44;6428&#44;6429&#44;6430&#44;6431&#44;6432&#44;6433&#44;6434&#44;6435&#44;6436&#44;6437&#44;6439&#44;6440&#44;6441&#44;6443&#44;6444&#44;6445&#44;6448&#44;6449&#44;6450&#44;6452&#44;6453&#44;6454&#44;6455&#44;6456&#44;6457&#44;6458&#44;6460&#44;6461&#44;6462&#44;6463&#44;6464&#44;6471&#44;6472&#44;6474&#44;6479&#44;6482&#44;6485&#44;6487&#44;6489&#44;6501&#44;6502&#44;6503&#44;6505&#44;6506&#44;6507&#44;6509&#44;6510&#44;6512&#44;6514&#44;6517&#44;6518&#44;6520&#44;6521&#44;6524&#44;6527&#44;6528&#44;6533&#44;6535&#44;6536&#44;6539&#44;6540&#44;6543&#44;6547&#44;6549&#44;6556&#44;6562&#44;6565&#44;6567&#44;6568&#44;6569&#44;6570&#44;6571&#44;6572&#44;6573&#44;6575&#44;6581&#44;6582&#44;6604&#44;6605&#44;6606&#44;6608&#44;6609&#44;6610&#44;6612&#44;6613&#44;6614&#44;6615&#44;6616&#44;6617&#44;6619&#44;6620&#44;6621&#44;6622&#44;6624&#44;6626&#44;6628&#44;6630&#44;6631&#44;6632&#44;6633&#44;6634&#44;6635&#44;6636&#44;6637&#44;6643&#44;6644&#44;6646&#44;6650&#44;6651&#44;6652&#44;6653&#44;6655&#44;6657&#44;6658&#44;6659&#44;6660&#44;6661&#44;6662&#44;6663&#44;6664&#44;6666&#44;6667&#44;6670&#44;6671&#44;6672&#44;6673&#44;6674&#44;6675&#44;6676&#44;6677&#44;6678&#44;6679&#44;6682&#44;6683&#44;6684&#44;6685&#44;6686&#44;6690&#44;6692&#44;6779&#44;6781&#44;6867&#44;6976&#44;6979&#44;7189&#44;7658&#44;7676&#44;8102&#44;8104&#44;8106&#44;8107&#44;8111&#44;8112&#44;8114&#44;8115&#44;8116&#44;8117&#44;8119&#44;8120&#44;8123&#44;8125&#44;8126&#44;8128&#44;8129&#44;8130&#44;8132&#44;8133&#44;8134&#44;8135&#44;8136&#44;8138&#44;8139&#44;8141&#44;8142&#44;8144&#44;8145&#44;8146&#44;8147&#44;8149&#44;8150&#44;8151&#44;8152&#44;8153&#44;8155&#44;8156&#44;8157&#44;8158&#44;8160&#44;8161&#44;8162&#44;8163&#44;8164&#44;8165&#44;8166&#44;8167&#44;8168&#44;8169&#44;8172&#44;8173&#44;8174&#44;8175&#44;8176&#44;8177&#44;8180&#44;8181&#44;8182&#44;8183&#44;8184&#44;8185&#44;8186&#44;8188&#44;8189&#44;8190&#44;8191&#44;8192&#44;8193&#44;8194&#44;8196&#44;8197&#44;8201&#44;8202&#44;8203&#44;8205&#44;8207&#44;8208&#44;8209&#44;8210&#44;8211&#44;8213&#44;8215&#44;8218&#44;8219&#44;8220&#44;8221&#44;8222&#44;8223&#44;8224&#44;8225&#44;8226&#44;8227&#44;8228&#44;8236&#44;8237&#44;8238&#44;8239&#44;8241&#44;8242&#44;8243&#44;8244&#44;8245&#44;8246&#44;8247&#44;8248&#44;8250&#44;8251&#44;8252&#44;8253&#44;8254&#44;8256&#44;8257&#44;8259&#44;8261&#44;8262&#44;8263&#44;8264&#44;8265&#44;8266&#44;8267&#44;8268&#44;8269&#44;8270&#44;8271&#44;8272&#44;8273&#44;8274&#44;8275&#44;8276&#44;8277&#44;8278&#44;8279&#44;8280&#44;8281&#44;8282&#44;8283&#44;8284&#44;8285&#44;8286&#44;8287&#44;8288&#44;8289&#44;8290&#44;8291&#44;8292&#44;8293&#44;8294&#44;8295&#44;8296&#44;8297&#44;8298&#44;8299&#44;""",7/3/20,7/2/20,Y
layouts,Café Grab and Go,79-3,,2020,7/6/20,1-NewFolderStructure/C079_Cafe_Grab_n_Go/C79_Cafe_Grab_and_Go_Effective_07062020/,_C79_Cafe_Grab_and_Go_Effective_07062020.pdf,"""4109&#44;4702&#44;4703&#44;4704&#44;4707&#44;4709&#44;4710&#44;4711&#44;4712&#44;4713&#44;4718&#44;4720&#44;4721&#44;4722&#44;4724&#44;4728&#44;4729&#44;4730&#44;4731&#44;4732&#44;4735&#44;4736&#44;4738&#44;4739&#44;4740&#44;4741&#44;4742&#44;4743&#44;4745&#44;4749&#44;4750&#44;4755&#44;4761&#44;4763&#44;4764&#44;4767&#44;4768&#44;4769&#44;4770&#44;4771&#44;4772&#44;4774&#44;4775&#44;4776&#44;4777&#44;4778&#44;4780&#44;4781&#44;4782&#44;4783&#44;4784&#44;4785&#44;4786&#44;4787&#44;4789&#44;4790&#44;4791&#44;4794&#44;4795&#44;4797&#44;4798&#44;4799&#44;4801&#44;4802&#44;4804&#44;4805&#44;4808&#44;4815&#44;4816&#44;4817&#44;4818&#44;4819&#44;4820&#44;4822&#44;4824&#44;4825&#44;4828&#44;4829&#44;4830&#44;4831&#44;4836&#44;4837&#44;4839&#44;4840&#44;4843&#44;4846&#44;4847&#44;4850&#44;4851&#44;4852&#44;4853&#44;4855&#44;4857&#44;4859&#44;4860&#44;4861&#44;4870&#44;4871&#44;4872&#44;4873&#44;4874&#44;4875&#44;4876&#44;4878&#44;4879&#44;4901&#44;4905&#44;4906&#44;4908&#44;4911&#44;4914&#44;4915&#44;4917&#44;4920&#44;4925&#44;4926&#44;4930&#44;4933&#44;4936&#44;4938&#44;4939&#44;4942&#44;4944&#44;4946&#44;4947&#44;4948&#44;4950&#44;4955&#44;4958&#44;4961&#44;4962&#44;4963&#44;4969&#44;4972&#44;4973&#44;4974&#44;4982&#44;4983&#44;4985&#44;4987&#44;4989&#44;4990&#44;4991&#44;4992&#44;4994&#44;4996&#44;4998&#44;4999&#44;6181&#44;6188&#44;6189&#44;6201&#44;6202&#44;6203&#44;6204&#44;6205&#44;6212&#44;6213&#44;6216&#44;6217&#44;6218&#44;6219&#44;6220&#44;6228&#44;6235&#44;6236&#44;6238&#44;6239&#44;6240&#44;6242&#44;6244&#44;6245&#44;6246&#44;6247&#44;6249&#44;6251&#44;6252&#44;6254&#44;6255&#44;6256&#44;6257&#44;6259&#44;6260&#44;6261&#44;6262&#44;6265&#44;6267&#44;6269&#44;6275&#44;6302&#44;6304&#44;6305&#44;6307&#44;6308&#44;6309&#44;6310&#44;6311&#44;6312&#44;6313&#44;6314&#44;6315&#44;6317&#44;6319&#44;6320&#44;6321&#44;6322&#44;6324&#44;6325&#44;6326&#44;6327&#44;6328&#44;6329&#44;6330&#44;6331&#44;6332&#44;6333&#44;6334&#44;6335&#44;6336&#44;6338&#44;6339&#44;6341&#44;6342&#44;6343&#44;6344&#44;6345&#44;6347&#44;6348&#44;6349&#44;6350&#44;6351&#44;6352&#44;6353&#44;6354&#44;6355&#44;6356&#44;6357&#44;6358&#44;6359&#44;6360&#44;6361&#44;6363&#44;6364&#44;6365&#44;6366&#44;6367&#44;6368&#44;6369&#44;6371&#44;6372&#44;6373&#44;6375&#44;6376&#44;6377&#44;6379&#44;6380&#44;6381&#44;6382&#44;6383&#44;6384&#44;6385&#44;6386&#44;6387&#44;6388&#44;6401&#44;6402&#44;6403&#44;6405&#44;6406&#44;6407&#44;6408&#44;6409&#44;6410&#44;6412&#44;6413&#44;6414&#44;6415&#44;6417&#44;6418&#44;6419&#44;6420&#44;6421&#44;6422&#44;6423&#44;6424&#44;6425&#44;6426&#44;6427&#44;6428&#44;6429&#44;6430&#44;6431&#44;6432&#44;6433&#44;6434&#44;6435&#44;6436&#44;6437&#44;6439&#44;6440&#44;6441&#44;6443&#44;6444&#44;6445&#44;6448&#44;6450&#44;6452&#44;6453&#44;6454&#44;6456&#44;6457&#44;6458&#44;6460&#44;6461&#44;6462&#44;6463&#44;6464&#44;6471&#44;6472&#44;6474&#44;6482&#44;6485&#44;6487&#44;6489&#44;6501&#44;6502&#44;6503&#44;6505&#44;6506&#44;6507&#44;6509&#44;6510&#44;6512&#44;6514&#44;6517&#44;6518&#44;6520&#44;6521&#44;6524&#44;6527&#44;6528&#44;6533&#44;6535&#44;6536&#44;6539&#44;6540&#44;6547&#44;6549&#44;6556&#44;6562&#44;6565&#44;6567&#44;6568&#44;6569&#44;6570&#44;6571&#44;6572&#44;6573&#44;6575&#44;6581&#44;6582&#44;6604&#44;6605&#44;6606&#44;6608&#44;6609&#44;6610&#44;6612&#44;6613&#44;6614&#44;6615&#44;6616&#44;6617&#44;6619&#44;6620&#44;6621&#44;6622&#44;6624&#44;6626&#44;6628&#44;6630&#44;6631&#44;6632&#44;6633&#44;6634&#44;6635&#44;6636&#44;6637&#44;6643&#44;6644&#44;6646&#44;6650&#44;6651&#44;6652&#44;6653&#44;6655&#44;6657&#44;6658&#44;6659&#44;6660&#44;6661&#44;6662&#44;6663&#44;6664&#44;6666&#44;6667&#44;6670&#44;6671&#44;6672&#44;6673&#44;6674&#44;6675&#44;6676&#44;6677&#44;6678&#44;6679&#44;6682&#44;6683&#44;6684&#44;6685&#44;6686&#44;6692&#44;6693&#44;6779&#44;6781&#44;6867&#44;6976&#44;6979&#44;7189&#44;7658&#44;7676&#44;8102&#44;8104&#44;8106&#44;8107&#44;8111&#44;8112&#44;8114&#44;8115&#44;8116&#44;8117&#44;8119&#44;8120&#44;8123&#44;8125&#44;8126&#44;8128&#44;8129&#44;8130&#44;8132&#44;8133&#44;8134&#44;8135&#44;8136&#44;8138&#44;8139&#44;8141&#44;8142&#44;8144&#44;8145&#44;8146&#44;8147&#44;8149&#44;8150&#44;8151&#44;8152&#44;8153&#44;8155&#44;8156&#44;8157&#44;8158&#44;8160&#44;8161&#44;8162&#44;8163&#44;8164&#44;8165&#44;8166&#44;8167&#44;8168&#44;8169&#44;8172&#44;8173&#44;8174&#44;8175&#44;8176&#44;8177&#44;8180&#44;8181&#44;8182&#44;8183&#44;8184&#44;8185&#44;8186&#44;8188&#44;8189&#44;8190&#44;8191&#44;8192&#44;8193&#44;8194&#44;8196&#44;8197&#44;8201&#44;8202&#44;8203&#44;8205&#44;8207&#44;8208&#44;8209&#44;8210&#44;8211&#44;8213&#44;8215&#44;8218&#44;8219&#44;8220&#44;8221&#44;8222&#44;8223&#44;8224&#44;8225&#44;8226&#44;8227&#44;8228&#44;8236&#44;8237&#44;8238&#44;8239&#44;8241&#44;8242&#44;8243&#44;8244&#44;8245&#44;8246&#44;8247&#44;8248&#44;8250&#44;8251&#44;8252&#44;8253&#44;8254&#44;8256&#44;8257&#44;8259&#44;8261&#44;8262&#44;8263&#44;8264&#44;8265&#44;8266&#44;8267&#44;8268&#44;8269&#44;8270&#44;8271&#44;8272&#44;8273&#44;8274&#44;8275&#44;8276&#44;8277&#44;8278&#44;8279&#44;8280&#44;8281&#44;8282&#44;8283&#44;8284&#44;8285&#44;8286&#44;8287&#44;8288&#44;8289&#44;8290&#44;8291&#44;8292&#44;8293&#44;8294&#44;8295&#44;8296&#44;8297&#44;8298&#44;8299&#44;""",7/3/20,7/2/20,Y
layouts,Café Grab and Go,79-3,,2020,7/6/20,1-NewFolderStructure/C079_Cafe_Grab_n_Go/C79_Cafe_Grab_and_Go_Effective_07062020_Update_07062020/,_C79_Cafe_Grab_and_Go_Effective_07062020_Update_07062020.pdf,"""4952&#44;""",7/6/20,7/6/20,N
layouts,HMS,79-2,,2020,7/6/20,1-NewFolderStructure/C079_HMS/C79_HMS_Effective_07062020_Update_07092020/,_C79_HMS_Effective_07062020_Update_07092020.pdf,"""6376&#44;6431&#44;""",7/14/20,7/9/20,Y
layouts,Bakery Tables,"""37&#44;77""",,2020,7/6/20,1-NewFolderStructure/C037_C077_Bakery_Tables/C37_77_Bakery_Tables_Effective_07062020_Updated_07102020/,_C77_C37_Bakery_Tables_Effective_07062020_Planogram_Updated_07102020.pdf,"""4743&#44;6619&#44;""",7/13/20,7/10/20,Y
layouts,Meat and Seafood,"""72&#44;76&#44;93""",,2020,7/6/20,1-NewFolderStructure/C076_C072_C093_Fresh_Meat_Seafood/C72_C76_C93_Effective_07062020_Planogram_Updated_07102020/,_C72_C76_C93_Effective_07062020_Planogram_Updated_07102020.pdf,"""4782&#44;4801&#44;4818&#44;6189&#44;6217&#44;6225&#44;6372&#44;6620&#44;6621&#44;8197&#44;8211&#44;8248&#44;8257&#44;8277&#44;""",7/14/20,7/10/20,Y
layouts,Café Grab and Go,79-3,,2020,7/6/20,1-NewFolderStructure/C079_Cafe_Grab_n_Go/C79_Cafe_Grab_and_Go_Effective_07062020_Update_07102020/,_C79_Cafe_Grab_and_Go_Effective_07062020_Update_07102020.pdf,"""4722&#44;4728&#44;4830&#44;4947&#44;4955&#44;4963&#44;4999&#44;6242&#44;6246&#44;6307&#44;6308&#44;6345&#44;6348&#44;6353&#44;6430&#44;6606&#44;6670&#44;6685&#44;8188&#44;8219&#44;""",7/14/20,7/10/20,Y
layouts,Deli,57,,2020,7/6/20,1-NewFolderStructure/C057_Deli/C57_Effective_07062020_Planogram_Update_07-13-2020/,_C57_Effective_07062020_Planogram_Update_07-13-2020.pdf,"""8193&#44;""",7/14/20,7/13/20,Y
layouts,HMS,79-2,,2020,7/6/20,1-NewFolderStructure/C079_HMS/C79_HMS_Effective_07062020_Update_07142020/,_C79_HMS_Effective_07062020_Update_07142020.pdf,"""8256&#44;""",7/15/20,7/14/20,Y
layouts,Café Grab and Go,79-3,,2020,7/6/20,1-NewFolderStructure/C079_Cafe_Grab_n_Go/C79_Cafe_Grab_and_Go_Effective_07062020_Update_07142020/,_Cafe_Grab_and_Go_Effective_07062020_Update_07142020.pdf,"""6426&#44;""",7/15/20,7/14/20,Y
layouts,Meat and Seafood,"""72&#44;76&#44;93""",,2020,7/6/20,1-NewFolderStructure/C076_C072_C093_Fresh_Meat_Seafood/C72_C76_C93_Effective_07062020_Planogram_Updated_07172020/,_C72_C76_C93_Effective_07062020_Planogram_Updated_07172020.pdf,"""4713&#44;4728&#44;6225&#44;""",7/22/20,7/17/20,Y
layouts,HMS,79-2,,2020,7/6/20,1-NewFolderStructure/C079_HMS/C79_HMS_Effective_07062020_Update_07172020/,_C79_HMS_Effective_07062020_Update_07172020.pdf,"""6386&#44;""",7/18/20,7/17/20,Y
layouts,Bakery Dessert,"""37-2&#44;77-2""",,2020,7/6/20,1-NewFolderStructure/C037_C077_Bakery_Dessert/C77_C37_DC_Effective_07062020_Updated_07222020/,_C77_C37_Effective_07062020_Updated_07222020.pdf,"""4109&#44;4702&#44;4703&#44;4704&#44;4707&#44;4709&#44;4710&#44;4711&#44;4712&#44;4713&#44;4718&#44;4720&#44;4721&#44;4722&#44;4724&#44;4728&#44;4729&#44;4730&#44;4731&#44;4732&#44;4735&#44;4736&#44;4738&#44;4739&#44;4740&#44;4741&#44;4742&#44;4743&#44;4745&#44;4749&#44;4750&#44;4755&#44;4761&#44;4763&#44;4764&#44;4767&#44;4768&#44;4769&#44;4770&#44;4771&#44;4772&#44;4774&#44;4775&#44;4776&#44;4777&#44;4778&#44;4780&#44;4781&#44;4782&#44;4783&#44;4784&#44;4785&#44;4786&#44;4787&#44;4789&#44;4790&#44;4791&#44;4794&#44;4795&#44;4797&#44;4798&#44;4799&#44;4801&#44;4802&#44;4804&#44;4805&#44;4808&#44;4815&#44;4816&#44;4817&#44;4818&#44;4819&#44;4820&#44;4822&#44;4824&#44;4825&#44;4828&#44;4829&#44;4830&#44;4831&#44;4836&#44;4837&#44;4839&#44;4840&#44;4843&#44;4846&#44;4847&#44;4850&#44;4851&#44;4852&#44;4853&#44;4855&#44;4857&#44;4859&#44;4860&#44;4861&#44;4866&#44;4870&#44;4872&#44;4873&#44;4874&#44;4875&#44;4876&#44;4878&#44;4879&#44;4901&#44;4905&#44;4906&#44;4911&#44;4914&#44;4915&#44;4917&#44;4920&#44;4925&#44;4926&#44;4933&#44;4936&#44;4938&#44;4939&#44;4942&#44;4944&#44;4946&#44;4947&#44;4948&#44;4950&#44;4952&#44;4955&#44;4958&#44;4961&#44;4962&#44;4963&#44;4969&#44;4972&#44;4973&#44;4974&#44;4982&#44;4983&#44;4985&#44;4987&#44;4989&#44;4990&#44;4991&#44;4992&#44;4994&#44;4996&#44;4998&#44;4999&#44;6181&#44;6188&#44;6189&#44;6201&#44;6202&#44;6203&#44;6204&#44;6205&#44;6212&#44;6213&#44;6216&#44;6217&#44;6218&#44;6219&#44;6220&#44;6225&#44;6228&#44;6235&#44;6236&#44;6238&#44;6239&#44;6240&#44;6242&#44;6244&#44;6245&#44;6246&#44;6247&#44;6249&#44;6251&#44;6252&#44;6254&#44;6255&#44;6256&#44;6257&#44;6259&#44;6260&#44;6261&#44;6262&#44;6265&#44;6267&#44;6269&#44;6270&#44;6275&#44;6302&#44;6304&#44;6305&#44;6307&#44;6308&#44;6309&#44;6310&#44;6311&#44;6312&#44;6313&#44;6314&#44;6315&#44;6317&#44;6319&#44;6320&#44;6321&#44;6322&#44;6324&#44;6325&#44;6326&#44;6327&#44;6328&#44;6329&#44;6330&#44;6331&#44;6332&#44;6333&#44;6334&#44;6335&#44;6336&#44;6338&#44;6339&#44;6341&#44;6342&#44;6343&#44;6344&#44;6345&#44;6347&#44;6348&#44;6349&#44;6350&#44;6351&#44;6352&#44;6353&#44;6354&#44;6355&#44;6356&#44;6357&#44;6358&#44;6359&#44;6360&#44;6361&#44;6363&#44;6364&#44;6365&#44;6366&#44;6367&#44;6368&#44;6369&#44;6371&#44;6372&#44;6373&#44;6375&#44;6376&#44;6378&#44;6379&#44;6380&#44;6381&#44;6382&#44;6383&#44;6384&#44;6386&#44;6387&#44;6388&#44;6401&#44;6402&#44;6403&#44;6404&#44;6405&#44;6406&#44;6407&#44;6408&#44;6409&#44;6410&#44;6412&#44;6413&#44;6414&#44;6415&#44;6418&#44;6419&#44;6420&#44;6421&#44;6422&#44;6423&#44;6425&#44;6426&#44;6427&#44;6428&#44;6429&#44;6431&#44;6433&#44;6434&#44;6435&#44;6436&#44;6437&#44;6439&#44;6440&#44;6441&#44;6443&#44;6444&#44;6445&#44;6448&#44;6449&#44;6450&#44;6452&#44;6453&#44;6454&#44;6455&#44;6456&#44;6457&#44;6458&#44;6460&#44;6462&#44;6463&#44;6464&#44;6472&#44;6474&#44;6479&#44;6482&#44;6485&#44;6487&#44;6489&#44;6501&#44;6502&#44;6503&#44;6505&#44;6506&#44;6507&#44;6509&#44;6512&#44;6517&#44;6518&#44;6520&#44;6521&#44;6524&#44;6527&#44;6528&#44;6535&#44;6536&#44;6539&#44;6540&#44;6543&#44;6547&#44;6549&#44;6562&#44;6565&#44;6569&#44;6570&#44;6571&#44;6572&#44;6573&#44;6575&#44;6581&#44;6582&#44;6604&#44;6605&#44;6606&#44;6608&#44;6609&#44;6610&#44;6612&#44;6613&#44;6614&#44;6615&#44;6616&#44;6617&#44;6619&#44;6620&#44;6621&#44;6622&#44;6624&#44;6626&#44;6628&#44;6630&#44;6631&#44;6632&#44;6633&#44;6634&#44;6635&#44;6636&#44;6637&#44;6643&#44;6644&#44;6646&#44;6650&#44;6651&#44;6652&#44;6653&#44;6655&#44;6657&#44;6658&#44;6659&#44;6660&#44;6661&#44;6662&#44;6663&#44;6664&#44;6666&#44;6667&#44;6670&#44;6671&#44;6672&#44;6673&#44;6674&#44;6675&#44;6676&#44;6677&#44;6678&#44;6679&#44;6680&#44;6682&#44;6683&#44;6684&#44;6685&#44;6686&#44;6689&#44;6690&#44;6692&#44;6693&#44;6779&#44;6781&#44;6867&#44;6976&#44;6979&#44;7189&#44;7658&#44;7676&#44;8102&#44;8104&#44;8106&#44;8107&#44;8111&#44;8112&#44;8114&#44;8115&#44;8116&#44;8117&#44;8119&#44;8120&#44;8123&#44;8125&#44;8126&#44;8128&#44;8129&#44;8130&#44;8132&#44;8133&#44;8134&#44;8135&#44;8136&#44;8138&#44;8139&#44;8141&#44;8142&#44;8144&#44;8145&#44;8146&#44;8147&#44;8149&#44;8150&#44;8151&#44;8152&#44;8153&#44;8155&#44;8156&#44;8157&#44;8158&#44;8160&#44;8161&#44;8162&#44;8163&#44;8164&#44;8165&#44;8166&#44;8167&#44;8168&#44;8169&#44;8172&#44;8173&#44;8174&#44;8175&#44;8176&#44;8177&#44;8181&#44;8182&#44;8183&#44;8184&#44;8185&#44;8186&#44;8188&#44;8190&#44;8191&#44;8192&#44;8193&#44;8194&#44;8196&#44;8197&#44;8201&#44;8202&#44;8203&#44;8205&#44;8207&#44;8208&#44;8209&#44;8210&#44;8211&#44;8213&#44;8215&#44;8218&#44;8219&#44;8220&#44;8221&#44;8222&#44;8223&#44;8224&#44;8225&#44;8226&#44;8227&#44;8228&#44;8236&#44;8237&#44;8238&#44;8239&#44;8241&#44;8242&#44;8243&#44;8244&#44;8245&#44;8246&#44;8247&#44;8248&#44;8250&#44;8251&#44;8252&#44;8253&#44;8254&#44;8256&#44;8257&#44;8259&#44;8261&#44;8262&#44;8263&#44;8264&#44;8265&#44;8266&#44;8267&#44;8268&#44;8269&#44;8270&#44;8271&#44;8272&#44;8273&#44;8274&#44;8275&#44;8276&#44;8277&#44;8278&#44;8279&#44;8280&#44;8281&#44;8282&#44;8283&#44;8284&#44;8285&#44;8286&#44;8287&#44;8288&#44;8289&#44;8290&#44;8291&#44;8292&#44;8293&#44;8294&#44;8295&#44;8296&#44;8297&#44;8298&#44;8299&#44;""",7/24/20,7/22/20,Y
layouts,Cake Case,"""37-3&#44;77-3""",,2020,7/6/20,1-NewFolderStructure/C037_C077_Cake_Case/C77_C37_Cake_Case_Effective_07062020_Updated_07222020/,_C77_C37_Effective_07062020_Updated_07222020.pdf,"""4109&#44;4702&#44;4703&#44;4704&#44;4707&#44;4709&#44;4710&#44;4711&#44;4712&#44;4713&#44;4718&#44;4720&#44;4721&#44;4722&#44;4724&#44;4728&#44;4729&#44;4730&#44;4731&#44;4732&#44;4735&#44;4736&#44;4738&#44;4739&#44;4740&#44;4741&#44;4742&#44;4743&#44;4745&#44;4749&#44;4750&#44;4755&#44;4761&#44;4763&#44;4764&#44;4767&#44;4768&#44;4769&#44;4770&#44;4771&#44;4772&#44;4774&#44;4775&#44;4776&#44;4777&#44;4778&#44;4780&#44;4781&#44;4782&#44;4783&#44;4784&#44;4785&#44;4786&#44;4787&#44;4789&#44;4790&#44;4791&#44;4794&#44;4795&#44;4797&#44;4798&#44;4799&#44;4801&#44;4802&#44;4804&#44;4805&#44;4808&#44;4815&#44;4816&#44;4817&#44;4818&#44;4819&#44;4820&#44;4822&#44;4824&#44;4825&#44;4828&#44;4829&#44;4830&#44;4831&#44;4836&#44;4837&#44;4839&#44;4840&#44;4843&#44;4846&#44;4847&#44;4850&#44;4851&#44;4852&#44;4853&#44;4855&#44;4857&#44;4859&#44;4860&#44;4861&#44;4866&#44;4870&#44;4872&#44;4873&#44;4874&#44;4875&#44;4876&#44;4878&#44;4879&#44;4901&#44;4905&#44;4906&#44;4911&#44;4914&#44;4915&#44;4917&#44;4920&#44;4925&#44;4926&#44;4933&#44;4936&#44;4938&#44;4939&#44;4942&#44;4944&#44;4946&#44;4947&#44;4948&#44;4950&#44;4952&#44;4955&#44;4958&#44;4961&#44;4962&#44;4963&#44;4969&#44;4972&#44;4973&#44;4974&#44;4982&#44;4983&#44;4985&#44;4987&#44;4989&#44;4990&#44;4991&#44;4992&#44;4994&#44;4996&#44;4998&#44;4999&#44;6181&#44;6188&#44;6189&#44;6201&#44;6202&#44;6203&#44;6204&#44;6205&#44;6212&#44;6213&#44;6216&#44;6217&#44;6218&#44;6219&#44;6220&#44;6225&#44;6228&#44;6235&#44;6236&#44;6238&#44;6239&#44;6240&#44;6242&#44;6244&#44;6245&#44;6246&#44;6247&#44;6249&#44;6251&#44;6252&#44;6254&#44;6255&#44;6256&#44;6257&#44;6259&#44;6260&#44;6261&#44;6262&#44;6265&#44;6267&#44;6269&#44;6270&#44;6275&#44;6302&#44;6304&#44;6305&#44;6307&#44;6308&#44;6309&#44;6310&#44;6311&#44;6312&#44;6313&#44;6314&#44;6315&#44;6317&#44;6319&#44;6320&#44;6321&#44;6322&#44;6324&#44;6325&#44;6326&#44;6327&#44;6328&#44;6329&#44;6330&#44;6331&#44;6332&#44;6333&#44;6334&#44;6335&#44;6336&#44;6338&#44;6339&#44;6341&#44;6342&#44;6343&#44;6344&#44;6345&#44;6347&#44;6348&#44;6349&#44;6350&#44;6351&#44;6352&#44;6353&#44;6354&#44;6355&#44;6356&#44;6357&#44;6358&#44;6359&#44;6360&#44;6361&#44;6363&#44;6364&#44;6365&#44;6366&#44;6367&#44;6368&#44;6369&#44;6371&#44;6372&#44;6373&#44;6375&#44;6376&#44;6378&#44;6379&#44;6380&#44;6381&#44;6382&#44;6383&#44;6384&#44;6386&#44;6387&#44;6388&#44;6401&#44;6402&#44;6403&#44;6404&#44;6405&#44;6406&#44;6407&#44;6408&#44;6409&#44;6410&#44;6412&#44;6413&#44;6414&#44;6415&#44;6418&#44;6419&#44;6420&#44;6421&#44;6422&#44;6423&#44;6425&#44;6426&#44;6427&#44;6428&#44;6429&#44;6431&#44;6433&#44;6434&#44;6435&#44;6436&#44;6437&#44;6439&#44;6440&#44;6441&#44;6443&#44;6444&#44;6445&#44;6448&#44;6449&#44;6450&#44;6452&#44;6453&#44;6454&#44;6455&#44;6456&#44;6457&#44;6458&#44;6460&#44;6462&#44;6463&#44;6464&#44;6472&#44;6474&#44;6479&#44;6482&#44;6485&#44;6487&#44;6489&#44;6501&#44;6502&#44;6503&#44;6505&#44;6506&#44;6507&#44;6509&#44;6512&#44;6517&#44;6518&#44;6520&#44;6521&#44;6524&#44;6527&#44;6528&#44;6535&#44;6536&#44;6539&#44;6540&#44;6543&#44;6547&#44;6549&#44;6562&#44;6565&#44;6569&#44;6570&#44;6571&#44;6572&#44;6573&#44;6575&#44;6581&#44;6582&#44;6604&#44;6605&#44;6606&#44;6608&#44;6609&#44;6610&#44;6612&#44;6613&#44;6614&#44;6615&#44;6616&#44;6617&#44;6619&#44;6620&#44;6621&#44;6622&#44;6624&#44;6626&#44;6628&#44;6630&#44;6631&#44;6632&#44;6633&#44;6634&#44;6635&#44;6636&#44;6637&#44;6643&#44;6644&#44;6646&#44;6650&#44;6651&#44;6652&#44;6653&#44;6655&#44;6657&#44;6658&#44;6659&#44;6660&#44;6661&#44;6662&#44;6663&#44;6664&#44;6666&#44;6667&#44;6670&#44;6671&#44;6672&#44;6673&#44;6674&#44;6675&#44;6676&#44;6677&#44;6678&#44;6679&#44;6680&#44;6682&#44;6683&#44;6684&#44;6685&#44;6686&#44;6689&#44;6690&#44;6692&#44;6693&#44;6779&#44;6781&#44;6867&#44;6976&#44;6979&#44;7189&#44;7658&#44;7676&#44;8102&#44;8104&#44;8106&#44;8107&#44;8111&#44;8112&#44;8114&#44;8115&#44;8116&#44;8117&#44;8119&#44;8120&#44;8123&#44;8125&#44;8126&#44;8128&#44;8129&#44;8130&#44;8132&#44;8133&#44;8134&#44;8135&#44;8136&#44;8138&#44;8139&#44;8141&#44;8142&#44;8144&#44;8145&#44;8146&#44;8147&#44;8149&#44;8150&#44;8151&#44;8152&#44;8153&#44;8155&#44;8156&#44;8157&#44;8158&#44;8160&#44;8161&#44;8162&#44;8163&#44;8164&#44;8165&#44;8166&#44;8167&#44;8168&#44;8169&#44;8172&#44;8173&#44;8174&#44;8175&#44;8176&#44;8177&#44;8181&#44;8182&#44;8183&#44;8184&#44;8185&#44;8186&#44;8188&#44;8190&#44;8191&#44;8192&#44;8193&#44;8194&#44;8196&#44;8197&#44;8201&#44;8202&#44;8203&#44;8205&#44;8207&#44;8208&#44;8209&#44;8210&#44;8211&#44;8213&#44;8215&#44;8218&#44;8219&#44;8220&#44;8221&#44;8222&#44;8223&#44;8224&#44;8225&#44;8226&#44;8227&#44;8228&#44;8236&#44;8237&#44;8238&#44;8239&#44;8241&#44;8242&#44;8243&#44;8244&#44;8245&#44;8246&#44;8247&#44;8248&#44;8250&#44;8251&#44;8252&#44;8253&#44;8254&#44;8256&#44;8257&#44;8259&#44;8261&#44;8262&#44;8263&#44;8264&#44;8265&#44;8266&#44;8267&#44;8268&#44;8269&#44;8270&#44;8271&#44;8272&#44;8273&#44;8274&#44;8275&#44;8276&#44;8277&#44;8278&#44;8279&#44;8280&#44;8281&#44;8282&#44;8283&#44;8284&#44;8285&#44;8286&#44;8287&#44;8288&#44;8289&#44;8290&#44;8291&#44;8292&#44;8293&#44;8294&#44;8295&#44;8296&#44;8297&#44;8298&#44;8299&#44;""",7/24/20,7/22/20,Y
layouts,Automotive,10,,2020,7/12/20,1-NewFolderStructure/C010_Automotive/C10_Effective_07122020_Planogram_Updated_05_28_20/,_C10_Effective_071220_Planogram_Updated_052820.pdf,"""4782&#44;4801&#44;4818&#44;6189&#44;6217&#44;6372&#44;6620&#44;6621&#44;8197&#44;8211&#44;8248&#44;8257&#44;8277&#44;""",7/13/20,5/28/20,N
layouts,Bakery Tables,"""37&#44;77""",,2020,7/12/20,1-NewFolderStructure/C037_C077_Bakery_Tables/C37_77_Bakery_Tables_Effective_07122020_Updated_06262020/,_C77_C37_Bakery_Tables_Effective_07122020_Planogram_Updated_06262020.pdf,"""4731&#44;4782&#44;4801&#44;4818&#44;6189&#44;6217&#44;6372&#44;6620&#44;6621&#44;8197&#44;8211&#44;8248&#44;8257&#44;8277&#44;""",7/6/20,6/26/20,N
layouts,Bakery Pallets,"""37-4&#44;77-4""",,2020,7/12/20,1-NewFolderStructure/C037_C077_Bakery_Pallets/C37_77_Bakery_Pallets_Effective_07122020_Updated_06262020/,_C77_C37_Bakery_Pallets_Effective_07122020_Planogram_Updated_06262020.pdf,"""4731&#44;4782&#44;4801&#44;4818&#44;6189&#44;6217&#44;6372&#44;6620&#44;6621&#44;8197&#44;8211&#44;8248&#44;8257&#44;8277&#44;""",7/6/20,6/26/20,N
layouts,HMS,79-2,,2020,7/12/20,1-NewFolderStructure/C079_HMS/C79_HMS_Effective_07122020/,_C79_HMS_Effective_07122020.pdf,"""4731&#44;4782&#44;4801&#44;4818&#44;6189&#44;6217&#44;6372&#44;6620&#44;6621&#44;8197&#44;8211&#44;8248&#44;8257&#44;8277&#44;""",7/6/20,6/29/20,N
layouts,Café Grab and Go,79-3,,2020,7/12/20,1-NewFolderStructure/C079_Cafe_Grab_n_Go/C79_Cafe_Grab_and_Go_Effective_07122020/,_C79_Cafe_Grab_and_Go_Effective_07122020.pdf,"""6217&#44;""",7/6/20,6/29/20,N
layouts,Bakery Dessert,"""37-2&#44;77-2""",,2020,7/12/20,1-NewFolderStructure/C037_C077_Bakery_Dessert/C037-2_C077-2_Desert_Effective_07122020_Updated_07102020/,_C77_C37_Effective_07122020_Updated_07102020.pdf,"""4731&#44;""",7/14/20,7/10/20,N
layouts,Cake Case,"""37-3&#44;77-3""",,2020,7/12/20,1-NewFolderStructure/C037_C077_Cake_Case/C037-3_C077-3_Cake_Effective_07122020_Updated_07102020/,_C77_C37_Effective_07122020_Updated_07102020.pdf,"""4731&#44;""",7/14/20,7/10/20,N
layouts,Deli,57,,2020,7/13/20,1-NewFolderStructure/C057_Deli/C57_Effective_07132020_Planogram_Update_07-09-2020/,_C57_Effective_07132020_Planogram_Update_07-09-2020.pdf,"""4718&#44;4722&#44;4724&#44;4728&#44;4729&#44;4730&#44;4770&#44;4771&#44;4791&#44;4798&#44;4805&#44;4836&#44;4837&#44;4840&#44;4851&#44;4860&#44;4871&#44;4879&#44;4901&#44;4908&#44;4917&#44;4920&#44;4926&#44;4962&#44;4963&#44;4973&#44;4982&#44;4991&#44;4992&#44;4999&#44;6204&#44;6236&#44;6245&#44;6256&#44;6269&#44;6275&#44;6319&#44;6326&#44;6329&#44;6331&#44;6332&#44;6333&#44;6336&#44;6339&#44;6352&#44;6356&#44;6375&#44;6380&#44;6381&#44;6382&#44;6386&#44;6401&#44;6413&#44;6417&#44;6421&#44;6424&#44;6426&#44;6427&#44;6429&#44;6432&#44;6433&#44;6435&#44;6436&#44;6440&#44;6441&#44;6443&#44;6444&#44;6454&#44;6455&#44;6462&#44;6463&#44;6464&#44;6471&#44;6479&#44;6506&#44;6509&#44;6510&#44;6514&#44;6517&#44;6533&#44;6536&#44;6539&#44;6540&#44;6562&#44;6568&#44;6569&#44;6617&#44;6646&#44;6670&#44;6672&#44;6673&#44;6683&#44;6686&#44;6693&#44;8120&#44;8125&#44;8126&#44;8135&#44;8144&#44;8145&#44;8150&#44;8156&#44;8157&#44;8169&#44;8177&#44;8180&#44;8184&#44;8185&#44;8188&#44;8192&#44;8193&#44;8196&#44;8203&#44;8239&#44;8242&#44;8243&#44;8245&#44;8247&#44;8253&#44;8256&#44;8262&#44;8264&#44;8279&#44;8281&#44;8282&#44;8290&#44;8291&#44;8292&#44;8294&#44;""",7/10/20,7/9/20,N
layouts,Deli,57,,2020,7/13/20,1-NewFolderStructure/C057_Deli/C57_Effective_07132020_Planogram_Update_07-10-2020/,_C57_Effective_07132020_Planogram_Update_07-10-2020.pdf,"""8107&#44;8167&#44;""",7/14/20,7/10/20,N
layouts,Deli,57,,2020,7/13/20,1-NewFolderStructure/C057_Deli/C57_Effective_07132020_Planogram_Update_08-14-2020/,_C57_Effective_07132020_Planogram_Update_08-14-2020.pdf,"""4974&#44;""",8/17/20,8/14/20,N
layouts,Meat and Seafood,"""72&#44;76&#44;93""",,2020,8/3/20,1-NewFolderStructure/C076_C072_C093_Fresh_Meat_Seafood/C72_C76_C93_Effective_08032020_Planogram_Updated_07172020/,_C72_C76_C93_Effective_08032020_Planogram_Updated_07172020.pdf,"""4109&#44;4702&#44;4703&#44;4704&#44;4707&#44;4709&#44;4710&#44;4711&#44;4712&#44;4713&#44;4718&#44;4720&#44;4721&#44;4722&#44;4724&#44;4728&#44;4729&#44;4730&#44;4732&#44;4735&#44;4736&#44;4738&#44;4739&#44;4740&#44;4741&#44;4742&#44;4743&#44;4745&#44;4749&#44;4750&#44;4755&#44;4761&#44;4763&#44;4764&#44;4767&#44;4768&#44;4769&#44;4770&#44;4771&#44;4772&#44;4774&#44;4775&#44;4776&#44;4777&#44;4778&#44;4780&#44;4781&#44;4782&#44;4783&#44;4784&#44;4785&#44;4786&#44;4787&#44;4789&#44;4790&#44;4791&#44;4794&#44;4795&#44;4797&#44;4798&#44;4799&#44;4801&#44;4802&#44;4804&#44;4805&#44;4815&#44;4816&#44;4817&#44;4818&#44;4819&#44;4820&#44;4822&#44;4824&#44;4825&#44;4828&#44;4829&#44;4830&#44;4831&#44;4836&#44;4837&#44;4839&#44;4840&#44;4843&#44;4846&#44;4847&#44;4850&#44;4851&#44;4852&#44;4853&#44;4855&#44;4857&#44;4859&#44;4860&#44;4861&#44;4866&#44;4870&#44;4871&#44;4872&#44;4873&#44;4874&#44;4875&#44;4876&#44;4878&#44;4879&#44;4901&#44;4905&#44;4906&#44;4908&#44;4911&#44;4914&#44;4917&#44;4920&#44;4925&#44;4926&#44;4930&#44;4933&#44;4936&#44;4938&#44;4939&#44;4942&#44;4944&#44;4946&#44;4947&#44;4948&#44;4950&#44;4952&#44;4955&#44;4958&#44;4961&#44;4962&#44;4963&#44;4969&#44;4972&#44;4973&#44;4974&#44;4982&#44;4983&#44;4985&#44;4987&#44;4989&#44;4990&#44;4991&#44;4992&#44;4994&#44;4996&#44;4998&#44;4999&#44;6181&#44;6188&#44;6189&#44;6201&#44;6202&#44;6203&#44;6204&#44;6205&#44;6212&#44;6213&#44;6216&#44;6217&#44;6218&#44;6219&#44;6220&#44;6225&#44;6228&#44;6235&#44;6236&#44;6238&#44;6239&#44;6240&#44;6242&#44;6244&#44;6245&#44;6246&#44;6247&#44;6249&#44;6251&#44;6252&#44;6254&#44;6255&#44;6256&#44;6257&#44;6259&#44;6260&#44;6261&#44;6262&#44;6265&#44;6267&#44;6269&#44;6270&#44;6275&#44;6302&#44;6304&#44;6305&#44;6307&#44;6308&#44;6309&#44;6310&#44;6311&#44;6312&#44;6314&#44;6315&#44;6317&#44;6319&#44;6320&#44;6321&#44;6322&#44;6324&#44;6325&#44;6326&#44;6327&#44;6328&#44;6329&#44;6330&#44;6331&#44;6332&#44;6333&#44;6334&#44;6335&#44;6336&#44;6338&#44;6339&#44;6341&#44;6342&#44;6343&#44;6344&#44;6345&#44;6347&#44;6348&#44;6349&#44;6350&#44;6351&#44;6352&#44;6353&#44;6354&#44;6355&#44;6356&#44;6357&#44;6358&#44;6360&#44;6361&#44;6363&#44;6364&#44;6365&#44;6366&#44;6367&#44;6371&#44;6372&#44;6373&#44;6375&#44;6376&#44;6377&#44;6378&#44;6379&#44;6380&#44;6381&#44;6382&#44;6383&#44;6384&#44;6385&#44;6386&#44;6387&#44;6388&#44;6401&#44;6402&#44;6403&#44;6404&#44;6405&#44;6406&#44;6407&#44;6408&#44;6409&#44;6412&#44;6413&#44;6414&#44;6417&#44;6418&#44;6419&#44;6420&#44;6421&#44;6422&#44;6423&#44;6424&#44;6425&#44;6426&#44;6427&#44;6428&#44;6429&#44;6430&#44;6431&#44;6432&#44;6433&#44;6434&#44;6435&#44;6436&#44;6437&#44;6439&#44;6440&#44;6441&#44;6443&#44;6444&#44;6445&#44;6448&#44;6449&#44;6450&#44;6452&#44;6453&#44;6454&#44;6455&#44;6456&#44;6457&#44;6458&#44;6460&#44;6461&#44;6462&#44;6463&#44;6464&#44;6471&#44;6472&#44;6474&#44;6479&#44;6482&#44;6485&#44;6487&#44;6489&#44;6501&#44;6502&#44;6503&#44;6505&#44;6506&#44;6507&#44;6509&#44;6510&#44;6512&#44;6514&#44;6517&#44;6518&#44;6520&#44;6521&#44;6524&#44;6527&#44;6528&#44;6533&#44;6535&#44;6536&#44;6539&#44;6540&#44;6543&#44;6547&#44;6549&#44;6556&#44;6562&#44;6565&#44;6567&#44;6568&#44;6569&#44;6570&#44;6571&#44;6572&#44;6573&#44;6575&#44;6581&#44;6582&#44;6604&#44;6605&#44;6606&#44;6608&#44;6609&#44;6610&#44;6612&#44;6613&#44;6614&#44;6615&#44;6616&#44;6617&#44;6619&#44;6620&#44;6621&#44;6622&#44;6624&#44;6626&#44;6628&#44;6630&#44;6631&#44;6632&#44;6633&#44;6634&#44;6635&#44;6636&#44;6637&#44;6643&#44;6644&#44;6646&#44;6650&#44;6651&#44;6652&#44;6653&#44;6655&#44;6657&#44;6658&#44;6659&#44;6660&#44;6661&#44;6662&#44;6663&#44;6664&#44;6666&#44;6667&#44;6670&#44;6671&#44;6672&#44;6673&#44;6674&#44;6675&#44;6676&#44;6677&#44;6678&#44;6679&#44;6680&#44;6682&#44;6683&#44;6684&#44;6685&#44;6686&#44;6689&#44;6690&#44;6692&#44;6693&#44;6779&#44;6781&#44;6867&#44;6976&#44;6979&#44;7189&#44;7658&#44;7676&#44;8102&#44;8104&#44;8106&#44;8107&#44;8111&#44;8112&#44;8114&#44;8115&#44;8116&#44;8117&#44;8119&#44;8120&#44;8123&#44;8125&#44;8126&#44;8128&#44;8129&#44;8130&#44;8132&#44;8133&#44;8134&#44;8135&#44;8136&#44;8138&#44;8139&#44;8141&#44;8142&#44;8144&#44;8145&#44;8146&#44;8147&#44;8149&#44;8150&#44;8151&#44;8152&#44;8153&#44;8155&#44;8156&#44;8157&#44;8158&#44;8160&#44;8161&#44;8162&#44;8163&#44;8164&#44;8165&#44;8166&#44;8167&#44;8168&#44;8169&#44;8172&#44;8173&#44;8174&#44;8175&#44;8176&#44;8177&#44;8180&#44;8181&#44;8182&#44;8183&#44;8184&#44;8185&#44;8186&#44;8188&#44;8189&#44;8190&#44;8191&#44;8192&#44;8193&#44;8194&#44;8196&#44;8197&#44;8201&#44;8202&#44;8203&#44;8205&#44;8207&#44;8208&#44;8209&#44;8210&#44;8211&#44;8213&#44;8215&#44;8219&#44;8220&#44;8221&#44;8222&#44;8223&#44;8224&#44;8225&#44;8226&#44;8227&#44;8228&#44;8236&#44;8237&#44;8238&#44;8239&#44;8241&#44;8242&#44;8243&#44;8244&#44;8245&#44;8246&#44;8247&#44;8248&#44;8250&#44;8251&#44;8252&#44;8253&#44;8254&#44;8256&#44;8257&#44;8259&#44;8261&#44;8262&#44;8263&#44;8264&#44;8265&#44;8266&#44;8267&#44;8268&#44;8269&#44;8270&#44;8271&#44;8272&#44;8273&#44;8274&#44;8275&#44;8276&#44;8277&#44;8278&#44;8279&#44;8280&#44;8281&#44;8282&#44;8283&#44;8284&#44;8285&#44;8286&#44;8287&#44;8288&#44;8289&#44;8290&#44;8291&#44;8292&#44;8293&#44;8294&#44;8295&#44;8296&#44;8297&#44;8298&#44;8299&#44;""",7/30/20,7/17/20,Y
layouts,Sushi,79,,2020,8/3/20,1-NewFolderStructure/C079_Sushi/C79_Sushi_Effective_08032020/,_C79_Sushi_Effective_08032020.pdf,"""4704&#44;4718&#44;4722&#44;4735&#44;4743&#44;4749&#44;4767&#44;4771&#44;4772&#44;4778&#44;4794&#44;4801&#44;4825&#44;4829&#44;4831&#44;4837&#44;4839&#44;4861&#44;4873&#44;4874&#44;4911&#44;4926&#44;4938&#44;4944&#44;4946&#44;4958&#44;4972&#44;4974&#44;6181&#44;6189&#44;6202&#44;6212&#44;6213&#44;6216&#44;6238&#44;6244&#44;6245&#44;6252&#44;6267&#44;6313&#44;6315&#44;6319&#44;6328&#44;6335&#44;6342&#44;6343&#44;6351&#44;6372&#44;6376&#44;6382&#44;6384&#44;6402&#44;6408&#44;6409&#44;6418&#44;6419&#44;6428&#44;6443&#44;6444&#44;6489&#44;6501&#44;6524&#44;6527&#44;6575&#44;6612&#44;6613&#44;6615&#44;6621&#44;6630&#44;6637&#44;6643&#44;6652&#44;6655&#44;6657&#44;6658&#44;6659&#44;6661&#44;6663&#44;6667&#44;6670&#44;6671&#44;6676&#44;6686&#44;6779&#44;6976&#44;7676&#44;8112&#44;8129&#44;8138&#44;8158&#44;8164&#44;8173&#44;8174&#44;8182&#44;8193&#44;8197&#44;8205&#44;8213&#44;8215&#44;8220&#44;8237&#44;8243&#44;8248&#44;8262&#44;8263&#44;8267&#44;8271&#44;8277&#44;8294&#44;8298&#44;""",7/30/20,7/24/20,Y
layouts,Bakery Tables,"""37&#44;77""",,2020,8/3/20,1-NewFolderStructure/C037_C077_Bakery_Tables/C77_C37_Bakery_Tables_Effective_08032020_Planogram_Updated_07242020/,_C77_C37_Bakery_Tables_Effective_08032020_Planogram_Updated_07242020.pdf,"""4109&#44;4702&#44;4703&#44;4704&#44;4707&#44;4709&#44;4710&#44;4711&#44;4712&#44;4713&#44;4718&#44;4720&#44;4721&#44;4722&#44;4724&#44;4730&#44;4731&#44;4732&#44;4735&#44;4736&#44;4738&#44;4739&#44;4740&#44;4741&#44;4742&#44;4743&#44;4749&#44;4750&#44;4755&#44;4761&#44;4763&#44;4764&#44;4767&#44;4768&#44;4769&#44;4770&#44;4771&#44;4774&#44;4775&#44;4776&#44;4777&#44;4778&#44;4780&#44;4781&#44;4782&#44;4783&#44;4784&#44;4785&#44;4786&#44;4787&#44;4789&#44;4790&#44;4791&#44;4794&#44;4795&#44;4797&#44;4798&#44;4799&#44;4801&#44;4802&#44;4804&#44;4805&#44;4808&#44;4815&#44;4816&#44;4817&#44;4818&#44;4820&#44;4822&#44;4824&#44;4825&#44;4828&#44;4829&#44;4831&#44;4836&#44;4837&#44;4839&#44;4840&#44;4843&#44;4846&#44;4847&#44;4850&#44;4852&#44;4853&#44;4857&#44;4866&#44;4870&#44;4872&#44;4873&#44;4874&#44;4875&#44;4879&#44;4901&#44;4905&#44;4906&#44;4911&#44;4914&#44;4915&#44;4917&#44;4920&#44;4925&#44;4933&#44;4936&#44;4938&#44;4939&#44;4942&#44;4944&#44;4946&#44;4948&#44;4950&#44;4958&#44;4961&#44;4962&#44;4969&#44;4972&#44;4973&#44;4974&#44;4982&#44;4983&#44;4985&#44;4987&#44;4989&#44;4990&#44;4991&#44;4994&#44;4996&#44;4998&#44;4999&#44;6181&#44;6188&#44;6189&#44;6201&#44;6202&#44;6203&#44;6204&#44;6205&#44;6212&#44;6213&#44;6216&#44;6217&#44;6218&#44;6219&#44;6220&#44;6225&#44;6228&#44;6236&#44;6238&#44;6239&#44;6240&#44;6242&#44;6244&#44;6245&#44;6246&#44;6247&#44;6249&#44;6254&#44;6255&#44;6256&#44;6257&#44;6259&#44;6260&#44;6261&#44;6262&#44;6265&#44;6267&#44;6269&#44;6270&#44;6275&#44;6302&#44;6305&#44;6307&#44;6308&#44;6309&#44;6310&#44;6311&#44;6312&#44;6317&#44;6319&#44;6320&#44;6321&#44;6322&#44;6324&#44;6326&#44;6327&#44;6328&#44;6329&#44;6330&#44;6331&#44;6332&#44;6333&#44;6334&#44;6335&#44;6336&#44;6338&#44;6339&#44;6341&#44;6342&#44;6343&#44;6344&#44;6345&#44;6347&#44;6348&#44;6349&#44;6350&#44;6351&#44;6352&#44;6353&#44;6354&#44;6355&#44;6356&#44;6357&#44;6358&#44;6359&#44;6360&#44;6361&#44;6363&#44;6364&#44;6366&#44;6367&#44;6368&#44;6369&#44;6372&#44;6375&#44;6376&#44;6378&#44;6379&#44;6381&#44;6382&#44;6383&#44;6384&#44;6385&#44;6386&#44;6387&#44;6401&#44;6402&#44;6403&#44;6404&#44;6405&#44;6407&#44;6408&#44;6409&#44;6410&#44;6412&#44;6413&#44;6414&#44;6415&#44;6418&#44;6419&#44;6420&#44;6421&#44;6422&#44;6423&#44;6425&#44;6426&#44;6427&#44;6428&#44;6429&#44;6430&#44;6431&#44;6433&#44;6434&#44;6435&#44;6436&#44;6439&#44;6440&#44;6441&#44;6443&#44;6444&#44;6445&#44;6448&#44;6449&#44;6452&#44;6453&#44;6454&#44;6455&#44;6456&#44;6462&#44;6463&#44;6464&#44;6472&#44;6474&#44;6479&#44;6482&#44;6485&#44;6487&#44;6489&#44;6501&#44;6502&#44;6503&#44;6505&#44;6506&#44;6507&#44;6509&#44;6512&#44;6518&#44;6520&#44;6521&#44;6524&#44;6527&#44;6535&#44;6536&#44;6539&#44;6540&#44;6543&#44;6549&#44;6562&#44;6565&#44;6567&#44;6570&#44;6571&#44;6572&#44;6573&#44;6582&#44;6604&#44;6605&#44;6606&#44;6608&#44;6609&#44;6610&#44;6612&#44;6613&#44;6614&#44;6616&#44;6617&#44;6619&#44;6620&#44;6621&#44;6622&#44;6624&#44;6626&#44;6631&#44;6632&#44;6634&#44;6635&#44;6636&#44;6637&#44;6643&#44;6644&#44;6646&#44;6650&#44;6651&#44;6655&#44;6657&#44;6658&#44;6659&#44;6660&#44;6661&#44;6662&#44;6663&#44;6664&#44;6666&#44;6667&#44;6670&#44;6671&#44;6672&#44;6674&#44;6676&#44;6677&#44;6678&#44;6679&#44;6680&#44;6683&#44;6684&#44;6685&#44;6686&#44;6689&#44;6690&#44;6692&#44;6693&#44;6779&#44;6781&#44;6867&#44;6976&#44;6979&#44;7189&#44;7658&#44;7676&#44;8102&#44;8104&#44;8106&#44;8107&#44;8112&#44;8114&#44;8115&#44;8116&#44;8117&#44;8119&#44;8120&#44;8125&#44;8126&#44;8128&#44;8129&#44;8130&#44;8134&#44;8138&#44;8139&#44;8141&#44;8142&#44;8144&#44;8145&#44;8146&#44;8147&#44;8149&#44;8150&#44;8151&#44;8153&#44;8155&#44;8156&#44;8157&#44;8158&#44;8160&#44;8162&#44;8163&#44;8164&#44;8165&#44;8166&#44;8167&#44;8172&#44;8173&#44;8174&#44;8175&#44;8176&#44;8177&#44;8181&#44;8182&#44;8183&#44;8184&#44;8185&#44;8186&#44;8189&#44;8190&#44;8191&#44;8192&#44;8194&#44;8196&#44;8197&#44;8201&#44;8202&#44;8203&#44;8207&#44;8208&#44;8209&#44;8210&#44;8211&#44;8213&#44;8215&#44;8218&#44;8219&#44;8220&#44;8221&#44;8222&#44;8223&#44;8224&#44;8225&#44;8226&#44;8227&#44;8228&#44;8236&#44;8237&#44;8238&#44;8239&#44;8241&#44;8242&#44;8243&#44;8244&#44;8245&#44;8246&#44;8247&#44;8248&#44;8250&#44;8251&#44;8252&#44;8253&#44;8254&#44;8256&#44;8257&#44;8259&#44;8261&#44;8262&#44;8263&#44;8264&#44;8265&#44;8266&#44;8267&#44;8268&#44;8269&#44;8270&#44;8271&#44;8272&#44;8273&#44;8274&#44;8275&#44;8277&#44;8278&#44;8279&#44;8280&#44;8281&#44;8282&#44;8283&#44;8284&#44;8286&#44;8287&#44;8288&#44;8289&#44;8290&#44;8291&#44;8292&#44;8293&#44;8295&#44;8296&#44;8297&#44;8298&#44;8299&#44;""",7/30/20,7/24/20,Y
layouts,Bakery Pallets,"""37-4&#44;77-4""",,2020,8/3/20,1-NewFolderStructure/C037_C077_Bakery_Pallets/C77_C37_Bakery_Pallets_Effective_08032020_Planogram_Updated_07242020/,_C77_C37_Bakery_Pallets_Effective_08032020_Planogram_Updated_07242020.pdf,"""4109&#44;4702&#44;4703&#44;4704&#44;4707&#44;4709&#44;4710&#44;4711&#44;4712&#44;4713&#44;4718&#44;4720&#44;4721&#44;4722&#44;4724&#44;4730&#44;4731&#44;4732&#44;4735&#44;4736&#44;4738&#44;4739&#44;4740&#44;4741&#44;4742&#44;4743&#44;4749&#44;4750&#44;4761&#44;4763&#44;4764&#44;4767&#44;4768&#44;4769&#44;4770&#44;4771&#44;4774&#44;4775&#44;4776&#44;4777&#44;4778&#44;4780&#44;4781&#44;4782&#44;4783&#44;4784&#44;4785&#44;4786&#44;4787&#44;4789&#44;4790&#44;4791&#44;4794&#44;4795&#44;4797&#44;4798&#44;4799&#44;4801&#44;4802&#44;4804&#44;4805&#44;4808&#44;4815&#44;4816&#44;4817&#44;4818&#44;4820&#44;4822&#44;4824&#44;4825&#44;4828&#44;4829&#44;4831&#44;4836&#44;4837&#44;4839&#44;4840&#44;4843&#44;4846&#44;4847&#44;4850&#44;4852&#44;4853&#44;4857&#44;4870&#44;4871&#44;4872&#44;4873&#44;4874&#44;4875&#44;4879&#44;4901&#44;4905&#44;4906&#44;4911&#44;4914&#44;4915&#44;4917&#44;4920&#44;4930&#44;4933&#44;4936&#44;4938&#44;4939&#44;4942&#44;4944&#44;4946&#44;4948&#44;4950&#44;4955&#44;4958&#44;4961&#44;4962&#44;4969&#44;4972&#44;4973&#44;4974&#44;4983&#44;4985&#44;4987&#44;4989&#44;4990&#44;4991&#44;4994&#44;4996&#44;4998&#44;4999&#44;6181&#44;6188&#44;6189&#44;6201&#44;6202&#44;6203&#44;6204&#44;6205&#44;6212&#44;6213&#44;6216&#44;6217&#44;6218&#44;6219&#44;6220&#44;6228&#44;6236&#44;6238&#44;6239&#44;6240&#44;6242&#44;6244&#44;6245&#44;6246&#44;6247&#44;6249&#44;6254&#44;6255&#44;6256&#44;6257&#44;6259&#44;6260&#44;6261&#44;6262&#44;6265&#44;6267&#44;6269&#44;6275&#44;6302&#44;6305&#44;6307&#44;6308&#44;6309&#44;6310&#44;6311&#44;6312&#44;6317&#44;6319&#44;6320&#44;6321&#44;6322&#44;6326&#44;6327&#44;6328&#44;6329&#44;6330&#44;6331&#44;6332&#44;6333&#44;6334&#44;6335&#44;6336&#44;6338&#44;6339&#44;6341&#44;6342&#44;6343&#44;6344&#44;6345&#44;6347&#44;6348&#44;6349&#44;6350&#44;6351&#44;6352&#44;6353&#44;6354&#44;6355&#44;6356&#44;6357&#44;6358&#44;6359&#44;6360&#44;6361&#44;6363&#44;6364&#44;6366&#44;6367&#44;6368&#44;6369&#44;6372&#44;6375&#44;6376&#44;6378&#44;6379&#44;6381&#44;6382&#44;6383&#44;6384&#44;6385&#44;6386&#44;6387&#44;6401&#44;6402&#44;6403&#44;6404&#44;6405&#44;6407&#44;6408&#44;6409&#44;6413&#44;6414&#44;6415&#44;6417&#44;6418&#44;6419&#44;6420&#44;6421&#44;6422&#44;6423&#44;6425&#44;6426&#44;6427&#44;6428&#44;6429&#44;6430&#44;6431&#44;6432&#44;6433&#44;6434&#44;6435&#44;6436&#44;6439&#44;6440&#44;6441&#44;6443&#44;6444&#44;6445&#44;6448&#44;6449&#44;6452&#44;6453&#44;6454&#44;6455&#44;6456&#44;6461&#44;6462&#44;6463&#44;6464&#44;6471&#44;6472&#44;6474&#44;6479&#44;6482&#44;6485&#44;6487&#44;6489&#44;6501&#44;6502&#44;6503&#44;6505&#44;6506&#44;6507&#44;6509&#44;6510&#44;6512&#44;6514&#44;6518&#44;6520&#44;6521&#44;6524&#44;6527&#44;6535&#44;6536&#44;6539&#44;6540&#44;6549&#44;6562&#44;6565&#44;6568&#44;6570&#44;6571&#44;6572&#44;6573&#44;6581&#44;6582&#44;6604&#44;6605&#44;6606&#44;6608&#44;6609&#44;6610&#44;6612&#44;6613&#44;6614&#44;6616&#44;6617&#44;6619&#44;6620&#44;6621&#44;6622&#44;6624&#44;6626&#44;6631&#44;6632&#44;6634&#44;6635&#44;6636&#44;6637&#44;6643&#44;6644&#44;6646&#44;6650&#44;6651&#44;6655&#44;6657&#44;6658&#44;6659&#44;6660&#44;6661&#44;6662&#44;6663&#44;6664&#44;6666&#44;6667&#44;6670&#44;6671&#44;6672&#44;6674&#44;6676&#44;6677&#44;6678&#44;6679&#44;6682&#44;6683&#44;6684&#44;6685&#44;6686&#44;6692&#44;6693&#44;6779&#44;6781&#44;6867&#44;6976&#44;6979&#44;7189&#44;7658&#44;7676&#44;8102&#44;8104&#44;8106&#44;8107&#44;8112&#44;8114&#44;8115&#44;8116&#44;8117&#44;8119&#44;8120&#44;8125&#44;8126&#44;8128&#44;8129&#44;8130&#44;8134&#44;8138&#44;8139&#44;8141&#44;8142&#44;8144&#44;8145&#44;8146&#44;8147&#44;8149&#44;8150&#44;8151&#44;8153&#44;8155&#44;8156&#44;8157&#44;8158&#44;8160&#44;8162&#44;8163&#44;8164&#44;8165&#44;8166&#44;8167&#44;8172&#44;8173&#44;8174&#44;8175&#44;8176&#44;8177&#44;8180&#44;8181&#44;8182&#44;8183&#44;8184&#44;8185&#44;8186&#44;8189&#44;8190&#44;8191&#44;8192&#44;8194&#44;8196&#44;8197&#44;8201&#44;8202&#44;8203&#44;8207&#44;8208&#44;8209&#44;8210&#44;8211&#44;8213&#44;8215&#44;8218&#44;8219&#44;8220&#44;8221&#44;8222&#44;8223&#44;8224&#44;8225&#44;8226&#44;8227&#44;8228&#44;8236&#44;8237&#44;8238&#44;8239&#44;8241&#44;8242&#44;8243&#44;8244&#44;8245&#44;8246&#44;8247&#44;8248&#44;8250&#44;8251&#44;8252&#44;8253&#44;8254&#44;8256&#44;8257&#44;8259&#44;8261&#44;8262&#44;8263&#44;8264&#44;8265&#44;8266&#44;8267&#44;8268&#44;8269&#44;8270&#44;8271&#44;8272&#44;8273&#44;8274&#44;8275&#44;8277&#44;8278&#44;8279&#44;8280&#44;8281&#44;8282&#44;8283&#44;8284&#44;8286&#44;8287&#44;8288&#44;8289&#44;8290&#44;8291&#44;8292&#44;8293&#44;8295&#44;8296&#44;8297&#44;8298&#44;8299&#44;""",7/30/20,7/24/20,Y
layouts,Café Grab and Go,79-3,,2020,8/3/20,1-NewFolderStructure/C079_Cafe_Grab_n_Go/C79_Cafe_Grab_and_Go_Effective_08032020/,_C79_Cafe_Grab_and_Go_Effective_08032020.pdf,"""4109&#44;4702&#44;4703&#44;4704&#44;4707&#44;4709&#44;4710&#44;4711&#44;4712&#44;4713&#44;4718&#44;4720&#44;4721&#44;4722&#44;4724&#44;4728&#44;4729&#44;4730&#44;4731&#44;4732&#44;4735&#44;4736&#44;4739&#44;4740&#44;4741&#44;4742&#44;4743&#44;4745&#44;4749&#44;4750&#44;4755&#44;4761&#44;4763&#44;4764&#44;4767&#44;4768&#44;4769&#44;4770&#44;4771&#44;4772&#44;4774&#44;4775&#44;4776&#44;4777&#44;4778&#44;4780&#44;4781&#44;4782&#44;4783&#44;4784&#44;4785&#44;4786&#44;4787&#44;4789&#44;4790&#44;4791&#44;4794&#44;4795&#44;4797&#44;4798&#44;4799&#44;4801&#44;4802&#44;4804&#44;4805&#44;4808&#44;4815&#44;4816&#44;4817&#44;4818&#44;4819&#44;4820&#44;4822&#44;4824&#44;4825&#44;4828&#44;4829&#44;4830&#44;4831&#44;4836&#44;4837&#44;4839&#44;4840&#44;4843&#44;4846&#44;4847&#44;4850&#44;4851&#44;4852&#44;4853&#44;4855&#44;4857&#44;4859&#44;4860&#44;4861&#44;4870&#44;4871&#44;4872&#44;4873&#44;4874&#44;4875&#44;4876&#44;4878&#44;4879&#44;4901&#44;4905&#44;4906&#44;4908&#44;4911&#44;4914&#44;4915&#44;4917&#44;4920&#44;4925&#44;4926&#44;4930&#44;4933&#44;4936&#44;4938&#44;4939&#44;4942&#44;4944&#44;4946&#44;4947&#44;4948&#44;4950&#44;4952&#44;4955&#44;4958&#44;4961&#44;4962&#44;4963&#44;4969&#44;4972&#44;4973&#44;4974&#44;4982&#44;4983&#44;4985&#44;4987&#44;4989&#44;4990&#44;4991&#44;4992&#44;4994&#44;4996&#44;4998&#44;4999&#44;6181&#44;6188&#44;6189&#44;6201&#44;6202&#44;6203&#44;6204&#44;6205&#44;6212&#44;6213&#44;6216&#44;6217&#44;6218&#44;6219&#44;6220&#44;6228&#44;6235&#44;6236&#44;6238&#44;6239&#44;6240&#44;6242&#44;6244&#44;6245&#44;6246&#44;6247&#44;6249&#44;6251&#44;6252&#44;6254&#44;6255&#44;6256&#44;6257&#44;6259&#44;6260&#44;6261&#44;6262&#44;6265&#44;6267&#44;6269&#44;6275&#44;6302&#44;6304&#44;6305&#44;6307&#44;6308&#44;6309&#44;6310&#44;6311&#44;6312&#44;6313&#44;6314&#44;6315&#44;6317&#44;6319&#44;6320&#44;6321&#44;6322&#44;6324&#44;6325&#44;6326&#44;6327&#44;6328&#44;6329&#44;6330&#44;6331&#44;6332&#44;6333&#44;6334&#44;6335&#44;6336&#44;6338&#44;6339&#44;6341&#44;6342&#44;6343&#44;6344&#44;6345&#44;6347&#44;6348&#44;6349&#44;6350&#44;6351&#44;6352&#44;6353&#44;6354&#44;6355&#44;6356&#44;6357&#44;6358&#44;6359&#44;6360&#44;6361&#44;6363&#44;6364&#44;6365&#44;6366&#44;6367&#44;6368&#44;6369&#44;6371&#44;6372&#44;6373&#44;6375&#44;6376&#44;6377&#44;6379&#44;6380&#44;6381&#44;6382&#44;6384&#44;6385&#44;6386&#44;6387&#44;6388&#44;6401&#44;6402&#44;6403&#44;6405&#44;6406&#44;6407&#44;6408&#44;6409&#44;6410&#44;6412&#44;6413&#44;6414&#44;6415&#44;6417&#44;6418&#44;6419&#44;6420&#44;6421&#44;6422&#44;6423&#44;6424&#44;6425&#44;6426&#44;6427&#44;6428&#44;6429&#44;6430&#44;6431&#44;6432&#44;6433&#44;6434&#44;6435&#44;6436&#44;6437&#44;6439&#44;6440&#44;6441&#44;6443&#44;6444&#44;6448&#44;6450&#44;6452&#44;6453&#44;6454&#44;6456&#44;6457&#44;6458&#44;6460&#44;6461&#44;6462&#44;6463&#44;6464&#44;6471&#44;6472&#44;6474&#44;6482&#44;6485&#44;6487&#44;6489&#44;6501&#44;6502&#44;6503&#44;6505&#44;6506&#44;6507&#44;6509&#44;6510&#44;6512&#44;6514&#44;6517&#44;6518&#44;6520&#44;6521&#44;6524&#44;6527&#44;6528&#44;6533&#44;6535&#44;6536&#44;6539&#44;6540&#44;6547&#44;6549&#44;6556&#44;6562&#44;6565&#44;6567&#44;6568&#44;6569&#44;6570&#44;6571&#44;6572&#44;6573&#44;6575&#44;6581&#44;6582&#44;6604&#44;6605&#44;6606&#44;6608&#44;6609&#44;6610&#44;6612&#44;6613&#44;6614&#44;6615&#44;6616&#44;6617&#44;6619&#44;6620&#44;6621&#44;6622&#44;6624&#44;6626&#44;6628&#44;6630&#44;6631&#44;6632&#44;6633&#44;6634&#44;6635&#44;6636&#44;6637&#44;6643&#44;6644&#44;6646&#44;6650&#44;6651&#44;6652&#44;6653&#44;6655&#44;6657&#44;6658&#44;6659&#44;6660&#44;6661&#44;6662&#44;6663&#44;6664&#44;6666&#44;6667&#44;6670&#44;6671&#44;6672&#44;6673&#44;6674&#44;6675&#44;6676&#44;6677&#44;6678&#44;6679&#44;6682&#44;6683&#44;6684&#44;6685&#44;6686&#44;6692&#44;6693&#44;6779&#44;6781&#44;6867&#44;6976&#44;6979&#44;7189&#44;7658&#44;7676&#44;8102&#44;8104&#44;8106&#44;8107&#44;8111&#44;8112&#44;8114&#44;8115&#44;8116&#44;8117&#44;8119&#44;8120&#44;8123&#44;8125&#44;8126&#44;8128&#44;8129&#44;8130&#44;8132&#44;8133&#44;8134&#44;8135&#44;8136&#44;8138&#44;8139&#44;8141&#44;8142&#44;8144&#44;8145&#44;8146&#44;8147&#44;8149&#44;8150&#44;8151&#44;8152&#44;8153&#44;8155&#44;8156&#44;8157&#44;8158&#44;8160&#44;8161&#44;8162&#44;8163&#44;8164&#44;8165&#44;8166&#44;8167&#44;8168&#44;8169&#44;8172&#44;8173&#44;8174&#44;8175&#44;8176&#44;8177&#44;8180&#44;8181&#44;8182&#44;8183&#44;8184&#44;8185&#44;8186&#44;8188&#44;8189&#44;8190&#44;8191&#44;8192&#44;8193&#44;8194&#44;8196&#44;8197&#44;8201&#44;8202&#44;8203&#44;8205&#44;8207&#44;8208&#44;8209&#44;8210&#44;8211&#44;8213&#44;8215&#44;8218&#44;8219&#44;8220&#44;8221&#44;8222&#44;8223&#44;8224&#44;8225&#44;8226&#44;8227&#44;8228&#44;8236&#44;8237&#44;8238&#44;8239&#44;8241&#44;8242&#44;8243&#44;8244&#44;8245&#44;8246&#44;8247&#44;8248&#44;8250&#44;8251&#44;8252&#44;8253&#44;8254&#44;8256&#44;8257&#44;8259&#44;8261&#44;8262&#44;8263&#44;8264&#44;8265&#44;8266&#44;8267&#44;8268&#44;8269&#44;8270&#44;8271&#44;8272&#44;8273&#44;8274&#44;8275&#44;8276&#44;8277&#44;8278&#44;8279&#44;8280&#44;8281&#44;8282&#44;8283&#44;8284&#44;8285&#44;8286&#44;8287&#44;8288&#44;8289&#44;8290&#44;8291&#44;8292&#44;8293&#44;8294&#44;8295&#44;8296&#44;8297&#44;8298&#44;8299&#44;""",7/30/20,7/24/20,Y
layouts,Café Grab and Go,79-3,,2020,8/3/20,1-NewFolderStructure/C079_Cafe_Grab_n_Go/C79_Cafe_Grab_and_Go_Effective_08032020_Update_07312020/,_C79_Cafe_Grab_and_Go_Effective_08032020_Update_07312020.pdf,"""6445&#44;6591&#44;""",8/2/20,7/31/20,Y
layouts,Automotive,10,,2020,8/3/20,1-NewFolderStructure/C010_Automotive/C10_Effective_08032020_Planogram_Updated_08_03_20/,_C10_Effective_080320_Planogram_Updated_080320.pdf,"""4109&#44;4702&#44;4703&#44;4709&#44;4720&#44;4721&#44;4724&#44;4735&#44;4736&#44;4738&#44;4740&#44;4741&#44;4749&#44;4755&#44;4761&#44;4763&#44;4764&#44;4767&#44;4768&#44;4769&#44;4770&#44;4775&#44;4776&#44;4777&#44;4778&#44;4781&#44;4782&#44;4784&#44;4787&#44;4790&#44;4799&#44;4801&#44;4802&#44;4815&#44;4817&#44;4818&#44;4822&#44;4824&#44;4825&#44;4837&#44;4843&#44;4850&#44;4852&#44;4853&#44;4871&#44;4873&#44;4874&#44;4875&#44;4906&#44;4911&#44;4914&#44;4915&#44;4930&#44;4933&#44;4942&#44;4944&#44;4948&#44;4955&#44;4958&#44;4961&#44;4962&#44;4973&#44;4982&#44;4983&#44;4985&#44;4987&#44;4990&#44;4999&#44;6181&#44;6189&#44;6202&#44;6205&#44;6212&#44;6213&#44;6217&#44;6219&#44;6220&#44;6228&#44;6240&#44;6242&#44;6244&#44;6245&#44;6246&#44;6249&#44;6254&#44;6255&#44;6256&#44;6257&#44;6259&#44;6260&#44;6262&#44;6267&#44;6269&#44;6307&#44;6308&#44;6309&#44;6310&#44;6311&#44;6312&#44;6319&#44;6320&#44;6321&#44;6324&#44;6326&#44;6329&#44;6334&#44;6336&#44;6344&#44;6345&#44;6347&#44;6359&#44;6361&#44;6372&#44;6375&#44;6376&#44;6377&#44;6378&#44;6382&#44;6385&#44;6405&#44;6407&#44;6410&#44;6412&#44;6413&#44;6415&#44;6417&#44;6418&#44;6419&#44;6422&#44;6425&#44;6427&#44;6429&#44;6430&#44;6432&#44;6433&#44;""",8/6/20,8/3/20,Y
layouts,HMS,79-2,,2020,8/3/20,1-NewFolderStructure/C079_HMS/C79_HMS_Effective_08032020_Update_08032020/,_C79_HMS_Effective_08032020_Update_08032020.pdf,"""4109&#44;4704&#44;4710&#44;4718&#44;4722&#44;4724&#44;4728&#44;4729&#44;4730&#44;4732&#44;4736&#44;4745&#44;4749&#44;4750&#44;4755&#44;4770&#44;4771&#44;4772&#44;4776&#44;4781&#44;4784&#44;4785&#44;4786&#44;4791&#44;4794&#44;4797&#44;4798&#44;4805&#44;4815&#44;4816&#44;4817&#44;4819&#44;4820&#44;4825&#44;4828&#44;4829&#44;4830&#44;4831&#44;4836&#44;4837&#44;4839&#44;4840&#44;4846&#44;4847&#44;4851&#44;4853&#44;4857&#44;4859&#44;4860&#44;4861&#44;4870&#44;4871&#44;4872&#44;4874&#44;4875&#44;4876&#44;4878&#44;4879&#44;4901&#44;4908&#44;4915&#44;4917&#44;4920&#44;4926&#44;4930&#44;4936&#44;4939&#44;4944&#44;4946&#44;4947&#44;4948&#44;4950&#44;4952&#44;4958&#44;4961&#44;4962&#44;4963&#44;4972&#44;4973&#44;4982&#44;4987&#44;4989&#44;4990&#44;4991&#44;4992&#44;4994&#44;4996&#44;4999&#44;6181&#44;6188&#44;6201&#44;6202&#44;6203&#44;6204&#44;6205&#44;6213&#44;6216&#44;6220&#44;6228&#44;6235&#44;6236&#44;6238&#44;6245&#44;6247&#44;6256&#44;6260&#44;6269&#44;6275&#44;6302&#44;6305&#44;6307&#44;6308&#44;6315&#44;6319&#44;6322&#44;6324&#44;6325&#44;6326&#44;6327&#44;6328&#44;6330&#44;6331&#44;6332&#44;6333&#44;6334&#44;6335&#44;6336&#44;6338&#44;6339&#44;6341&#44;6342&#44;6343&#44;6347&#44;6349&#44;6352&#44;6353&#44;6355&#44;6356&#44;6357&#44;6358&#44;6359&#44;6363&#44;6364&#44;6365&#44;6366&#44;6367&#44;6368&#44;6371&#44;6373&#44;6375&#44;6377&#44;6378&#44;6379&#44;6380&#44;6381&#44;6382&#44;6383&#44;6384&#44;6385&#44;6386&#44;6387&#44;6388&#44;6401&#44;6402&#44;6403&#44;6404&#44;6405&#44;6406&#44;6407&#44;6408&#44;6409&#44;6410&#44;6412&#44;6413&#44;6417&#44;6419&#44;6420&#44;6421&#44;6422&#44;6423&#44;6424&#44;6425&#44;6426&#44;6427&#44;6429&#44;6430&#44;6431&#44;6432&#44;6433&#44;6434&#44;6435&#44;6436&#44;6437&#44;6439&#44;6440&#44;6441&#44;6443&#44;6444&#44;6445&#44;6448&#44;6449&#44;6450&#44;6452&#44;6453&#44;6454&#44;6455&#44;6456&#44;6458&#44;6460&#44;6461&#44;6462&#44;6463&#44;6464&#44;6472&#44;6479&#44;6482&#44;6485&#44;6501&#44;6502&#44;6503&#44;6505&#44;6506&#44;6507&#44;6509&#44;6510&#44;6512&#44;6514&#44;6517&#44;6518&#44;6521&#44;6524&#44;6527&#44;6528&#44;6533&#44;6535&#44;6536&#44;6539&#44;6540&#44;6547&#44;6549&#44;6562&#44;6568&#44;6569&#44;6570&#44;6571&#44;6572&#44;6573&#44;6581&#44;6582&#44;6605&#44;6606&#44;6608&#44;6612&#44;6613&#44;6615&#44;6616&#44;6617&#44;6628&#44;6630&#44;6633&#44;6634&#44;6646&#44;6651&#44;6652&#44;6658&#44;6660&#44;6661&#44;6663&#44;6670&#44;6671&#44;6672&#44;6673&#44;6675&#44;6676&#44;6677&#44;6678&#44;6679&#44;6682&#44;6683&#44;6686&#44;6976&#44;6979&#44;7658&#44;7676&#44;8102&#44;8104&#44;8107&#44;8111&#44;8112&#44;8116&#44;8117&#44;8119&#44;8120&#44;8125&#44;8126&#44;8129&#44;8130&#44;8132&#44;8134&#44;8135&#44;8136&#44;8142&#44;8144&#44;8145&#44;8147&#44;8150&#44;8151&#44;8152&#44;8153&#44;8155&#44;8156&#44;8157&#44;8160&#44;8161&#44;8162&#44;8163&#44;8164&#44;8166&#44;8167&#44;8172&#44;8173&#44;8175&#44;8176&#44;8177&#44;8180&#44;8182&#44;8184&#44;8185&#44;8186&#44;8188&#44;8189&#44;8190&#44;8191&#44;8192&#44;8196&#44;8202&#44;8203&#44;8205&#44;8207&#44;8208&#44;8213&#44;8215&#44;8218&#44;8219&#44;8220&#44;8221&#44;8222&#44;8223&#44;8224&#44;8226&#44;8227&#44;8228&#44;8237&#44;8239&#44;8241&#44;8242&#44;8243&#44;8244&#44;8245&#44;8247&#44;8250&#44;8251&#44;8252&#44;8253&#44;8254&#44;8256&#44;8261&#44;8262&#44;8263&#44;8264&#44;8265&#44;8266&#44;8267&#44;8270&#44;8271&#44;8272&#44;8273&#44;8274&#44;8275&#44;8276&#44;8279&#44;8280&#44;8281&#44;8282&#44;8283&#44;8284&#44;8285&#44;8286&#44;8287&#44;8288&#44;8289&#44;8290&#44;8291&#44;8292&#44;8294&#44;8295&#44;8296&#44;""",8/4/20,8/3/20,Y
layouts,Café Grab and Go,79-3,,2020,8/3/20,1-NewFolderStructure/C079_Cafe_Grab_n_Go/C79_Cafe_Grab_and_Go_Effective_08032020_Update_08042020/,_C79_Cafe_Grab_and_Go_Effective_08032020_Update_08042020.pdf,"""4738&#44;""",8/6/20,8/4/20,Y
layouts,Bakery Dessert,"""37-2&#44;77-2""",,2020,8/3/20,1-NewFolderStructure/C037_C077_Bakery_Dessert/C77_C37_Dessert_Effective_08032020_Updated_08062020/,_C77_C37_Effective_08032020_Updated_08062020.pdf,"""4109&#44;4702&#44;4703&#44;4704&#44;4707&#44;4709&#44;4710&#44;4711&#44;4712&#44;4713&#44;4718&#44;4720&#44;4721&#44;4722&#44;4724&#44;4728&#44;4729&#44;4730&#44;4731&#44;4732&#44;4735&#44;4736&#44;4738&#44;4739&#44;4740&#44;4741&#44;4742&#44;4743&#44;4745&#44;4749&#44;4750&#44;4755&#44;4761&#44;4763&#44;4764&#44;4767&#44;4768&#44;4769&#44;4770&#44;4771&#44;4772&#44;4774&#44;4775&#44;4776&#44;4777&#44;4778&#44;4780&#44;4781&#44;4782&#44;4783&#44;4784&#44;4785&#44;4786&#44;4787&#44;4789&#44;4790&#44;4791&#44;4794&#44;4795&#44;4797&#44;4798&#44;4799&#44;4801&#44;4802&#44;4804&#44;4805&#44;4808&#44;4815&#44;4816&#44;4817&#44;4818&#44;4819&#44;4820&#44;4822&#44;4824&#44;4825&#44;4828&#44;4829&#44;4830&#44;4831&#44;4836&#44;4837&#44;4839&#44;4840&#44;4843&#44;4846&#44;4847&#44;4850&#44;4851&#44;4852&#44;4853&#44;4855&#44;4857&#44;4859&#44;4860&#44;4861&#44;4866&#44;4870&#44;4872&#44;4873&#44;4874&#44;4875&#44;4876&#44;4878&#44;4879&#44;4901&#44;4905&#44;4906&#44;4911&#44;4914&#44;4915&#44;4917&#44;4920&#44;4925&#44;4926&#44;4933&#44;4936&#44;4938&#44;4939&#44;4942&#44;4944&#44;4946&#44;4947&#44;4948&#44;4950&#44;4952&#44;4955&#44;4958&#44;4961&#44;4962&#44;4963&#44;4969&#44;4972&#44;4973&#44;4974&#44;4982&#44;4983&#44;4985&#44;4987&#44;4989&#44;4990&#44;4991&#44;4992&#44;4994&#44;4996&#44;4998&#44;4999&#44;6181&#44;6188&#44;6189&#44;6201&#44;6202&#44;6203&#44;6204&#44;6205&#44;6212&#44;6213&#44;6216&#44;6217&#44;6218&#44;6219&#44;6220&#44;6225&#44;6228&#44;6235&#44;6236&#44;6238&#44;6239&#44;6240&#44;6242&#44;6244&#44;6245&#44;6246&#44;6247&#44;6249&#44;6251&#44;6252&#44;6254&#44;6255&#44;6256&#44;6257&#44;6259&#44;6260&#44;6261&#44;6262&#44;6265&#44;6267&#44;6269&#44;6270&#44;6275&#44;6302&#44;6304&#44;6305&#44;6307&#44;6308&#44;6309&#44;6310&#44;6311&#44;6312&#44;6313&#44;6314&#44;6315&#44;6317&#44;6319&#44;6320&#44;6321&#44;6322&#44;6324&#44;6325&#44;6326&#44;6327&#44;6328&#44;6329&#44;6330&#44;6331&#44;6332&#44;6333&#44;6334&#44;6335&#44;6336&#44;6338&#44;6339&#44;6341&#44;6342&#44;6343&#44;6344&#44;6345&#44;6347&#44;6348&#44;6349&#44;6350&#44;6351&#44;6352&#44;6353&#44;6354&#44;6355&#44;6356&#44;6357&#44;6358&#44;6359&#44;6360&#44;6361&#44;6363&#44;6364&#44;6365&#44;6366&#44;6367&#44;6368&#44;6369&#44;6371&#44;6372&#44;6373&#44;6375&#44;6376&#44;6378&#44;6379&#44;6380&#44;6381&#44;6382&#44;6383&#44;6384&#44;6386&#44;6387&#44;6388&#44;6401&#44;6402&#44;6403&#44;6404&#44;6405&#44;6406&#44;6407&#44;6408&#44;6409&#44;6410&#44;6412&#44;6413&#44;6414&#44;6415&#44;6418&#44;6419&#44;6420&#44;6421&#44;6422&#44;6423&#44;6425&#44;6426&#44;6427&#44;6428&#44;6429&#44;6431&#44;6433&#44;6434&#44;6435&#44;6436&#44;6437&#44;6439&#44;6440&#44;6441&#44;6443&#44;6444&#44;6445&#44;6448&#44;6449&#44;6450&#44;6452&#44;6453&#44;6454&#44;6455&#44;6456&#44;6457&#44;6458&#44;6460&#44;6462&#44;6463&#44;6464&#44;6472&#44;6474&#44;6479&#44;6482&#44;6485&#44;6487&#44;6489&#44;6501&#44;6502&#44;6503&#44;6505&#44;6506&#44;6507&#44;6509&#44;6512&#44;6517&#44;6518&#44;6520&#44;6521&#44;6524&#44;6527&#44;6528&#44;6535&#44;6536&#44;6539&#44;6540&#44;6543&#44;6547&#44;6549&#44;6562&#44;6565&#44;6569&#44;6570&#44;6571&#44;6572&#44;6573&#44;6575&#44;6581&#44;6582&#44;6604&#44;6605&#44;6606&#44;6608&#44;6609&#44;6610&#44;6612&#44;6613&#44;6614&#44;6615&#44;6616&#44;6617&#44;6619&#44;6620&#44;6621&#44;6622&#44;6624&#44;6626&#44;6628&#44;6630&#44;6631&#44;6632&#44;6633&#44;6634&#44;6635&#44;6636&#44;6637&#44;6643&#44;6644&#44;6646&#44;6650&#44;6651&#44;6652&#44;6653&#44;6655&#44;6657&#44;6658&#44;6659&#44;6660&#44;6661&#44;6662&#44;6663&#44;6664&#44;6666&#44;6667&#44;6670&#44;6671&#44;6672&#44;6673&#44;6674&#44;6675&#44;6676&#44;6677&#44;6678&#44;6679&#44;6680&#44;6682&#44;6683&#44;6684&#44;6685&#44;6686&#44;6689&#44;6690&#44;6692&#44;6693&#44;6779&#44;6781&#44;6867&#44;6976&#44;6979&#44;7189&#44;7658&#44;7676&#44;8102&#44;8104&#44;8106&#44;8107&#44;8111&#44;8112&#44;8114&#44;8115&#44;8116&#44;8117&#44;8119&#44;8120&#44;8123&#44;8125&#44;8126&#44;8128&#44;8129&#44;8130&#44;8132&#44;8133&#44;8134&#44;8135&#44;8136&#44;8138&#44;8139&#44;8141&#44;8142&#44;8144&#44;8145&#44;8146&#44;8147&#44;8149&#44;8150&#44;8151&#44;8152&#44;8153&#44;8155&#44;8156&#44;8157&#44;8158&#44;8160&#44;8161&#44;8162&#44;8163&#44;8164&#44;8165&#44;8166&#44;8167&#44;8168&#44;8169&#44;8172&#44;8173&#44;8174&#44;8175&#44;8176&#44;8177&#44;8181&#44;8182&#44;8183&#44;8184&#44;8185&#44;8186&#44;8188&#44;8190&#44;8191&#44;8192&#44;8193&#44;8194&#44;8196&#44;8197&#44;8201&#44;8202&#44;8203&#44;8205&#44;8207&#44;8208&#44;8209&#44;8210&#44;8211&#44;8213&#44;8215&#44;8218&#44;8219&#44;8220&#44;8221&#44;8222&#44;8223&#44;8224&#44;8225&#44;8226&#44;8227&#44;8228&#44;8236&#44;8237&#44;8238&#44;8239&#44;8241&#44;8242&#44;8243&#44;8244&#44;8245&#44;8246&#44;8247&#44;8248&#44;8250&#44;8251&#44;8252&#44;8253&#44;8254&#44;8256&#44;8257&#44;8259&#44;8261&#44;8262&#44;8263&#44;8264&#44;8265&#44;8266&#44;8267&#44;8268&#44;8269&#44;8270&#44;8271&#44;8272&#44;8273&#44;8274&#44;8275&#44;8276&#44;8277&#44;8278&#44;8279&#44;8280&#44;8281&#44;8282&#44;8283&#44;8284&#44;8285&#44;8286&#44;8287&#44;8288&#44;8289&#44;8290&#44;8291&#44;8292&#44;8293&#44;8294&#44;8295&#44;8296&#44;8297&#44;8298&#44;8299&#44;""",8/11/20,8/6/20,Y
layouts,Cake Case,"""37-3&#44;77-3""",,2020,8/3/20,1-NewFolderStructure/C037_C077_Cake_Case/C77_C37_Cake_Effective_08032020_Updated_08062020/,_C77_C37_Effective_08032020_Updated_08062020.pdf,"""4109&#44;4702&#44;4703&#44;4704&#44;4707&#44;4709&#44;4710&#44;4711&#44;4712&#44;4713&#44;4718&#44;4720&#44;4721&#44;4722&#44;4724&#44;4728&#44;4729&#44;4730&#44;4731&#44;4732&#44;4735&#44;4736&#44;4738&#44;4739&#44;4740&#44;4741&#44;4742&#44;4743&#44;4745&#44;4749&#44;4750&#44;4755&#44;4761&#44;4763&#44;4764&#44;4767&#44;4768&#44;4769&#44;4770&#44;4771&#44;4772&#44;4774&#44;4775&#44;4776&#44;4777&#44;4778&#44;4780&#44;4781&#44;4782&#44;4783&#44;4784&#44;4785&#44;4786&#44;4787&#44;4789&#44;4790&#44;4791&#44;4794&#44;4795&#44;4797&#44;4798&#44;4799&#44;4801&#44;4802&#44;4804&#44;4805&#44;4808&#44;4815&#44;4816&#44;4817&#44;4818&#44;4819&#44;4820&#44;4822&#44;4824&#44;4825&#44;4828&#44;4829&#44;4830&#44;4831&#44;4836&#44;4837&#44;4839&#44;4840&#44;4843&#44;4846&#44;4847&#44;4850&#44;4851&#44;4852&#44;4853&#44;4855&#44;4857&#44;4859&#44;4860&#44;4861&#44;4866&#44;4870&#44;4872&#44;4873&#44;4874&#44;4875&#44;4876&#44;4878&#44;4879&#44;4901&#44;4905&#44;4906&#44;4911&#44;4914&#44;4915&#44;4917&#44;4920&#44;4925&#44;4926&#44;4933&#44;4936&#44;4938&#44;4939&#44;4942&#44;4944&#44;4946&#44;4947&#44;4948&#44;4950&#44;4952&#44;4955&#44;4958&#44;4961&#44;4962&#44;4963&#44;4969&#44;4972&#44;4973&#44;4974&#44;4982&#44;4983&#44;4985&#44;4987&#44;4989&#44;4990&#44;4991&#44;4992&#44;4994&#44;4996&#44;4998&#44;4999&#44;6181&#44;6188&#44;6189&#44;6201&#44;6202&#44;6203&#44;6204&#44;6205&#44;6212&#44;6213&#44;6216&#44;6217&#44;6218&#44;6219&#44;6220&#44;6225&#44;6228&#44;6235&#44;6236&#44;6238&#44;6239&#44;6240&#44;6242&#44;6244&#44;6245&#44;6246&#44;6247&#44;6249&#44;6251&#44;6252&#44;6254&#44;6255&#44;6256&#44;6257&#44;6259&#44;6260&#44;6261&#44;6262&#44;6265&#44;6267&#44;6269&#44;6270&#44;6275&#44;6302&#44;6304&#44;6305&#44;6307&#44;6308&#44;6309&#44;6310&#44;6311&#44;6312&#44;6313&#44;6314&#44;6315&#44;6317&#44;6319&#44;6320&#44;6321&#44;6322&#44;6324&#44;6325&#44;6326&#44;6327&#44;6328&#44;6329&#44;6330&#44;6331&#44;6332&#44;6333&#44;6334&#44;6335&#44;6336&#44;6338&#44;6339&#44;6341&#44;6342&#44;6343&#44;6344&#44;6345&#44;6347&#44;6348&#44;6349&#44;6350&#44;6351&#44;6352&#44;6353&#44;6354&#44;6355&#44;6356&#44;6357&#44;6358&#44;6359&#44;6360&#44;6361&#44;6363&#44;6364&#44;6365&#44;6366&#44;6367&#44;6368&#44;6369&#44;6371&#44;6372&#44;6373&#44;6375&#44;6376&#44;6378&#44;6379&#44;6380&#44;6381&#44;6382&#44;6383&#44;6384&#44;6386&#44;6387&#44;6388&#44;6401&#44;6402&#44;6403&#44;6404&#44;6405&#44;6406&#44;6407&#44;6408&#44;6409&#44;6410&#44;6412&#44;6413&#44;6414&#44;6415&#44;6418&#44;6419&#44;6420&#44;6421&#44;6422&#44;6423&#44;6425&#44;6426&#44;6427&#44;6428&#44;6429&#44;6431&#44;6433&#44;6434&#44;6435&#44;6436&#44;6437&#44;6439&#44;6440&#44;6441&#44;6443&#44;6444&#44;6445&#44;6448&#44;6449&#44;6450&#44;6452&#44;6453&#44;6454&#44;6455&#44;6456&#44;6457&#44;6458&#44;6460&#44;6462&#44;6463&#44;6464&#44;6472&#44;6474&#44;6479&#44;6482&#44;6485&#44;6487&#44;6489&#44;6501&#44;6502&#44;6503&#44;6505&#44;6506&#44;6507&#44;6509&#44;6512&#44;6517&#44;6518&#44;6520&#44;6521&#44;6524&#44;6527&#44;6528&#44;6535&#44;6536&#44;6539&#44;6540&#44;6543&#44;6547&#44;6549&#44;6562&#44;6565&#44;6569&#44;6570&#44;6571&#44;6572&#44;6573&#44;6575&#44;6581&#44;6582&#44;6604&#44;6605&#44;6606&#44;6608&#44;6609&#44;6610&#44;6612&#44;6613&#44;6614&#44;6615&#44;6616&#44;6617&#44;6619&#44;6620&#44;6621&#44;6622&#44;6624&#44;6626&#44;6628&#44;6630&#44;6631&#44;6632&#44;6633&#44;6634&#44;6635&#44;6636&#44;6637&#44;6643&#44;6644&#44;6646&#44;6650&#44;6651&#44;6652&#44;6653&#44;6655&#44;6657&#44;6658&#44;6659&#44;6660&#44;6661&#44;6662&#44;6663&#44;6664&#44;6666&#44;6667&#44;6670&#44;6671&#44;6672&#44;6673&#44;6674&#44;6675&#44;6676&#44;6677&#44;6678&#44;6679&#44;6680&#44;6682&#44;6683&#44;6684&#44;6685&#44;6686&#44;6689&#44;6690&#44;6692&#44;6693&#44;6779&#44;6781&#44;6867&#44;6976&#44;6979&#44;7189&#44;7658&#44;7676&#44;8102&#44;8104&#44;8106&#44;8107&#44;8111&#44;8112&#44;8114&#44;8115&#44;8116&#44;8117&#44;8119&#44;8120&#44;8123&#44;8125&#44;8126&#44;8128&#44;8129&#44;8130&#44;8132&#44;8133&#44;8134&#44;8135&#44;8136&#44;8138&#44;8139&#44;8141&#44;8142&#44;8144&#44;8145&#44;8146&#44;8147&#44;8149&#44;8150&#44;8151&#44;8152&#44;8153&#44;8155&#44;8156&#44;8157&#44;8158&#44;8160&#44;8161&#44;8162&#44;8163&#44;8164&#44;8165&#44;8166&#44;8167&#44;8168&#44;8169&#44;8172&#44;8173&#44;8174&#44;8175&#44;8176&#44;8177&#44;8181&#44;8182&#44;8183&#44;8184&#44;8185&#44;8186&#44;8188&#44;8190&#44;8191&#44;8192&#44;8193&#44;8194&#44;8196&#44;8197&#44;8201&#44;8202&#44;8203&#44;8205&#44;8207&#44;8208&#44;8209&#44;8210&#44;8211&#44;8213&#44;8215&#44;8218&#44;8219&#44;8220&#44;8221&#44;8222&#44;8223&#44;8224&#44;8225&#44;8226&#44;8227&#44;8228&#44;8236&#44;8237&#44;8238&#44;8239&#44;8241&#44;8242&#44;8243&#44;8244&#44;8245&#44;8246&#44;8247&#44;8248&#44;8250&#44;8251&#44;8252&#44;8253&#44;8254&#44;8256&#44;8257&#44;8259&#44;8261&#44;8262&#44;8263&#44;8264&#44;8265&#44;8266&#44;8267&#44;8268&#44;8269&#44;8270&#44;8271&#44;8272&#44;8273&#44;8274&#44;8275&#44;8276&#44;8277&#44;8278&#44;8279&#44;8280&#44;8281&#44;8282&#44;8283&#44;8284&#44;8285&#44;8286&#44;8287&#44;8288&#44;8289&#44;8290&#44;8291&#44;8292&#44;8293&#44;8294&#44;8295&#44;8296&#44;8297&#44;8298&#44;8299&#44;""",8/11/20,8/6/20,Y
layouts,Bakery Tables,"""37&#44;77""",,2020,8/3/20,1-NewFolderStructure/C037_C077_Bakery_Tables/C37_77_Bakery_Tables_Effective_08032020_Updated_08072020/,_C77_C37_Bakery_Tables_Effective_08032020_Planogram_Updated_08072020.pdf,"""4955&#44;6682&#44;""",8/7/20,8/7/20,Y
layouts,Bakery Tables,"""37&#44;77""",,2020,8/3/20,1-NewFolderStructure/C037_C077_Bakery_Tables/C77_C37_Bakery_Tables_Effective_08032020_Planogram_Updated_08122020/,_C77_C37_Bakery_Tables_Effective_08032020_Planogram_Updated_08122020.pdf,"""6581&#44;""",8/12/20,8/12/20,Y
layouts,HMS,79-2,,2020,8/3/20,1-NewFolderStructure/C079_HMS/C79_HMS_Effective_08032020_Update_08122020/,_C79_HMS_Effective_08032020_Update_08122020.pdf,"""4702&#44;4703&#44;4707&#44;4709&#44;4711&#44;4712&#44;4713&#44;4720&#44;4721&#44;4731&#44;4735&#44;4738&#44;4739&#44;4740&#44;4741&#44;4742&#44;4743&#44;4761&#44;4763&#44;4764&#44;4767&#44;4768&#44;4769&#44;4774&#44;4775&#44;4777&#44;4778&#44;4780&#44;4782&#44;4783&#44;4787&#44;4789&#44;4790&#44;4795&#44;4799&#44;4801&#44;4802&#44;4804&#44;4808&#44;4818&#44;4822&#44;4824&#44;4843&#44;4850&#44;4852&#44;4855&#44;4873&#44;4905&#44;4906&#44;4911&#44;4914&#44;4925&#44;4933&#44;4938&#44;4942&#44;4955&#44;4974&#44;4983&#44;4985&#44;4998&#44;6189&#44;6212&#44;6217&#44;6218&#44;6219&#44;6235&#44;6236&#44;6238&#44;6239&#44;6240&#44;6242&#44;6244&#44;6245&#44;6246&#44;6247&#44;6249&#44;6251&#44;6252&#44;6254&#44;6255&#44;6256&#44;6257&#44;6259&#44;6260&#44;6261&#44;6262&#44;6265&#44;6267&#44;6269&#44;6275&#44;6302&#44;6304&#44;6305&#44;6307&#44;6308&#44;6309&#44;6310&#44;6311&#44;6312&#44;6313&#44;6314&#44;6315&#44;6317&#44;6319&#44;6320&#44;6321&#44;6322&#44;6324&#44;6325&#44;6326&#44;6327&#44;6328&#44;6329&#44;6330&#44;6331&#44;6332&#44;6333&#44;6334&#44;6335&#44;6336&#44;6338&#44;6339&#44;6341&#44;6342&#44;6343&#44;6344&#44;6345&#44;6347&#44;6348&#44;6349&#44;6350&#44;6351&#44;6352&#44;6353&#44;6354&#44;6355&#44;6356&#44;6357&#44;6358&#44;6359&#44;6360&#44;6361&#44;6363&#44;6364&#44;6365&#44;6366&#44;6367&#44;6368&#44;6369&#44;6371&#44;6372&#44;6373&#44;6375&#44;6376&#44;6377&#44;6378&#44;6379&#44;6380&#44;6381&#44;6382&#44;6383&#44;6384&#44;6385&#44;6386&#44;6387&#44;6388&#44;6401&#44;6402&#44;6403&#44;6404&#44;6405&#44;6406&#44;6407&#44;6408&#44;6409&#44;6410&#44;6412&#44;6413&#44;6414&#44;6415&#44;6417&#44;6418&#44;6419&#44;6420&#44;6421&#44;6422&#44;6423&#44;6424&#44;6425&#44;6426&#44;6427&#44;6428&#44;6429&#44;6430&#44;6431&#44;6432&#44;6433&#44;6434&#44;6435&#44;6436&#44;6437&#44;6439&#44;6440&#44;6441&#44;6443&#44;6444&#44;6445&#44;6448&#44;6449&#44;6450&#44;6452&#44;6453&#44;6454&#44;6455&#44;6456&#44;6457&#44;6458&#44;6460&#44;6461&#44;6462&#44;6463&#44;6464&#44;6471&#44;6472&#44;6474&#44;6479&#44;6482&#44;6485&#44;6487&#44;6489&#44;6501&#44;6502&#44;6503&#44;6505&#44;6506&#44;6507&#44;6509&#44;6510&#44;6512&#44;6514&#44;6517&#44;6518&#44;6520&#44;6521&#44;6524&#44;6527&#44;6528&#44;6533&#44;6535&#44;6536&#44;6539&#44;6540&#44;6547&#44;6549&#44;6556&#44;6562&#44;6565&#44;6567&#44;6568&#44;6569&#44;6570&#44;6571&#44;6572&#44;6573&#44;6575&#44;6581&#44;6582&#44;6604&#44;6605&#44;6606&#44;6608&#44;6609&#44;6610&#44;6612&#44;6613&#44;6614&#44;6615&#44;6616&#44;6617&#44;6619&#44;6620&#44;6621&#44;6622&#44;6624&#44;6626&#44;6628&#44;6630&#44;6631&#44;6632&#44;6633&#44;6634&#44;6635&#44;6636&#44;6637&#44;6643&#44;6644&#44;6646&#44;6650&#44;6651&#44;6652&#44;6653&#44;6655&#44;6657&#44;6658&#44;6659&#44;6660&#44;6661&#44;6662&#44;6663&#44;6664&#44;6666&#44;6667&#44;6670&#44;6671&#44;6672&#44;6673&#44;6674&#44;6675&#44;6676&#44;6677&#44;6678&#44;6679&#44;6682&#44;6683&#44;6684&#44;6685&#44;6686&#44;6692&#44;6779&#44;6781&#44;6867&#44;6976&#44;6979&#44;7189&#44;7658&#44;7676&#44;8102&#44;8104&#44;8106&#44;8107&#44;8111&#44;8112&#44;8114&#44;8115&#44;8116&#44;8117&#44;8119&#44;8120&#44;8123&#44;8125&#44;8126&#44;8128&#44;8129&#44;8130&#44;8132&#44;8133&#44;8134&#44;8135&#44;8136&#44;8138&#44;8139&#44;8141&#44;8142&#44;8144&#44;8145&#44;8146&#44;8147&#44;8149&#44;8150&#44;8151&#44;8152&#44;8153&#44;8155&#44;8156&#44;8157&#44;8158&#44;8160&#44;8161&#44;8162&#44;8163&#44;8164&#44;8165&#44;8166&#44;8167&#44;8168&#44;8169&#44;8172&#44;8173&#44;8174&#44;8175&#44;8176&#44;8177&#44;8180&#44;8181&#44;8182&#44;8183&#44;8184&#44;8185&#44;8186&#44;8188&#44;8189&#44;8190&#44;8191&#44;8192&#44;8193&#44;8194&#44;8196&#44;8197&#44;8201&#44;8202&#44;8203&#44;8205&#44;8207&#44;8208&#44;8209&#44;8210&#44;8211&#44;8213&#44;8215&#44;8218&#44;8219&#44;8220&#44;8221&#44;8222&#44;8223&#44;8224&#44;8225&#44;8226&#44;8227&#44;8228&#44;8236&#44;8237&#44;8238&#44;8239&#44;8241&#44;8242&#44;8243&#44;8244&#44;8245&#44;8246&#44;8247&#44;8248&#44;8250&#44;8251&#44;8252&#44;8253&#44;8254&#44;8256&#44;8257&#44;8259&#44;8261&#44;8262&#44;8263&#44;8264&#44;8265&#44;8266&#44;8267&#44;8268&#44;8269&#44;8270&#44;8271&#44;8272&#44;8273&#44;8274&#44;8275&#44;8276&#44;8277&#44;8278&#44;8279&#44;8280&#44;8281&#44;8282&#44;8283&#44;8284&#44;8285&#44;8286&#44;8287&#44;8288&#44;8289&#44;8290&#44;8291&#44;8292&#44;8293&#44;8294&#44;8295&#44;8296&#44;8297&#44;8298&#44;8299&#44;""",8/13/20,8/12/20,Y
layouts,Café Grab and Go,79-3,,2020,8/3/20,1-NewFolderStructure/C079_Cafe_Grab_n_Go/C79_Cafe_Grab_and_Go_Effective_08032020_Update_08132020/,_C79_Cafe_Grab_and_Go_Effective_08032020_Update_08132020.pdf,"""6383&#44;""",8/13/20,8/13/20,Y
layouts,Meat and Seafood,"""72&#44;76&#44;93""",,2020,8/3/20,1-NewFolderStructure/C076_C072_C093_Fresh_Meat_Seafood/C72_C76_C93_Effective_08032020_Planogram_Updated_08142020/,_C72_C76_C93_Effective_08032020_Planogram_Updated_08142020.pdf,"""4730&#44;4738&#44;4745&#44;4772&#44;4819&#44;4830&#44;4861&#44;6252&#44;6313&#44;6325&#44;6372&#44;6388&#44;6514&#44;6615&#44;6628&#44;6630&#44;6633&#44;6779&#44;6833&#44;8149&#44;8291&#44;""",8/17/20,8/14/20,Y
layouts,HMS,79-2,,2020,8/3/20,1-NewFolderStructure/C079_HMS/C79_HMS_Effective_08032020_Update_08142020/,_C79_HMS_Effective_08032020_Update_08142020.pdf,"""4969&#44;""",8/17/20,8/14/20,Y
layouts,Meat and Seafood,"""72&#44;76&#44;93""",,2020,8/3/20,1-NewFolderStructure/C076_C072_C093_Fresh_Meat_Seafood/C72_C76_C93_Effective_08032020_Planogram_Updated_09042020/,_C72_C76_C93_Effective_08032020_Planogram_Updated_09042020.pdf,"""4731&#44;4808&#44;4915&#44;6313&#44;6359&#44;6368&#44;6369&#44;6410&#44;6415&#44;8218&#44;""",9/8/20,9/4/20,Y
layouts,Automotive,10,,2020,8/9/20,1-NewFolderStructure/C010_Automotive/C10_Effective_08092020_Planogram_Updated_07_20_20/,_C10_Effective_080920_Planogram_Updated_072020.pdf,"""4728&#44;4729&#44;4851&#44;4855&#44;4859&#44;4860&#44;4876&#44;4878&#44;4908&#44;4926&#44;4947&#44;4952&#44;4963&#44;4992&#44;6251&#44;6304&#44;6313&#44;6314&#44;6315&#44;6325&#44;6365&#44;6371&#44;6373&#44;6380&#44;6406&#44;6424&#44;6437&#44;6450&#44;6457&#44;6458&#44;6460&#44;6517&#44;6528&#44;6533&#44;6547&#44;6556&#44;6569&#44;6575&#44;6652&#44;6653&#44;6673&#44;6675&#44;8111&#44;8123&#44;8132&#44;8133&#44;8135&#44;8136&#44;8152&#44;8161&#44;8168&#44;8169&#44;8188&#44;8193&#44;8205&#44;8276&#44;8285&#44;8294&#44;""",8/3/20,7/20/20,N
layouts,Bakery Tables,"""37&#44;77""",,2020,8/9/20,1-NewFolderStructure/C037_C077_Bakery_Tables/C37_77_Bakery_Tables_Effective_08092020_Updated_07242020/,_C77_C37_Bakery_Tables_Effective_08092020_Planogram_Updated_07242020.pdf,"""4728&#44;4729&#44;4851&#44;4855&#44;4859&#44;4860&#44;4876&#44;4878&#44;4926&#44;4947&#44;4952&#44;4963&#44;4992&#44;6251&#44;6304&#44;6313&#44;6314&#44;6315&#44;6325&#44;6365&#44;6371&#44;6373&#44;6380&#44;6406&#44;6437&#44;6450&#44;6457&#44;6458&#44;6460&#44;6517&#44;6528&#44;6547&#44;6569&#44;6575&#44;6652&#44;6653&#44;6673&#44;6675&#44;8111&#44;8123&#44;8132&#44;8133&#44;8135&#44;8136&#44;8152&#44;8161&#44;8168&#44;8169&#44;8188&#44;8193&#44;8205&#44;8276&#44;8285&#44;8294&#44;""",8/3/20,7/24/20,N
layouts,Bakery Pallets,"""37-4&#44;77-4""",,2020,8/9/20,1-NewFolderStructure/C037_C077_Bakery_Pallets/C37_77_Bakery_Pallets_Effective_08092020_Updated_07242020/,_C77_C37_Bakery_Pallets_Effective_08092020_Planogram_Updated_07242020.pdf,"""4728&#44;4729&#44;4851&#44;4855&#44;4859&#44;4860&#44;4876&#44;4878&#44;4908&#44;4926&#44;4947&#44;4952&#44;4963&#44;4992&#44;6251&#44;6304&#44;6313&#44;6314&#44;6315&#44;6325&#44;6365&#44;6371&#44;6373&#44;6380&#44;6406&#44;6424&#44;6437&#44;6450&#44;6457&#44;6458&#44;6460&#44;6517&#44;6528&#44;6533&#44;6547&#44;6556&#44;6569&#44;6575&#44;6652&#44;6653&#44;6673&#44;6675&#44;8111&#44;8123&#44;8132&#44;8133&#44;8135&#44;8136&#44;8152&#44;8161&#44;8168&#44;8169&#44;8188&#44;8193&#44;8205&#44;8276&#44;8285&#44;8294&#44;""",8/3/20,7/24/20,N
layouts,Bakery Dessert,"""37-2&#44;77-2""",,2020,8/9/20,1-NewFolderStructure/C037_C077_Bakery_Dessert/C77_C37_Dessert_Effective_08092020_Updated_08062020/,_C77_C37_Effective_08092020_Updated_08062020.pdf,"""4728&#44;4729&#44;4851&#44;4855&#44;4859&#44;4860&#44;4876&#44;4878&#44;4926&#44;4947&#44;4952&#44;4963&#44;4992&#44;6251&#44;6304&#44;6313&#44;6314&#44;6315&#44;6325&#44;6365&#44;6371&#44;6373&#44;6380&#44;6406&#44;6437&#44;6450&#44;6457&#44;6458&#44;6460&#44;6517&#44;6528&#44;6547&#44;6569&#44;6575&#44;6652&#44;6653&#44;6673&#44;6675&#44;8111&#44;8123&#44;8132&#44;8133&#44;8135&#44;8136&#44;8152&#44;8161&#44;8168&#44;8169&#44;8188&#44;8193&#44;8205&#44;8276&#44;8285&#44;8294&#44;""",8/11/20,8/6/20,N
layouts,Cake Case,"""37-3&#44;77-3""",,2020,8/9/20,1-NewFolderStructure/C037_C077_Cake_Case/C037_C077_Cake_effective_08092020_Updated_08062020/,_C77_C37_Effective_08092020_Updated_08062020.pdf,"""4728&#44;4729&#44;4851&#44;4855&#44;4859&#44;4860&#44;4876&#44;4878&#44;4926&#44;4947&#44;4952&#44;4963&#44;4992&#44;6251&#44;6304&#44;6313&#44;6314&#44;6315&#44;6325&#44;6365&#44;6371&#44;6373&#44;6380&#44;6406&#44;6437&#44;6450&#44;6457&#44;6458&#44;6460&#44;6517&#44;6528&#44;6547&#44;6569&#44;6575&#44;6652&#44;6653&#44;6673&#44;6675&#44;8111&#44;8123&#44;8132&#44;8133&#44;8135&#44;8136&#44;8152&#44;8161&#44;8168&#44;8169&#44;8188&#44;8193&#44;8205&#44;8276&#44;8285&#44;8294&#44;""",8/11/20,8/6/20,N
layouts,Automotive,10,,2020,8/16/20,1-NewFolderStructure/C010_Automotive/C10_Effective_08162020_Planogram_Updated_07_20_20/,_C10_Effective_081620_Planogram_Updated_072020.pdf,"""4745&#44;4772&#44;4819&#44;4830&#44;4861&#44;6252&#44;6388&#44;6615&#44;6628&#44;6630&#44;6633&#44;""",8/11/20,7/20/20,N
layouts,Bakery Tables,"""37&#44;77""",,2020,8/16/20,1-NewFolderStructure/C037_C077_Bakery_Tables/C37_77_Bakery_Tables_Effective_08162020_Updated_07242020/,_C77_C37_Bakery_Tables_Effective_08162020_Planogram_Updated_07242020.pdf,"""4745&#44;4772&#44;4819&#44;4830&#44;4861&#44;6252&#44;6388&#44;6615&#44;6628&#44;6630&#44;6633&#44;""",8/11/20,7/24/20,N
layouts,Bakery Pallets,"""37-4&#44;77-4""",,2020,8/16/20,1-NewFolderStructure/C037_C077_Bakery_Pallets/C37_77_Bakery_Pallets_Effective_08162020_Updated_07242020/,_C77_C37_Bakery_Pallets_Effective_08162020_Planogram_Updated_07242020.pdf,"""4745&#44;4772&#44;4819&#44;4830&#44;4861&#44;6252&#44;6388&#44;6615&#44;6628&#44;6630&#44;6633&#44;""",8/11/20,7/24/20,N
layouts,Bakery Dessert,"""37-2&#44;77-2""",,2020,8/16/20,1-NewFolderStructure/C037_C077_Bakery_Dessert/C77_C37_Dessert_Case_Effective_08162020_Updated_08062020/,_C77_C37_Effective_08162020_Updated_08062020.pdf,"""4745&#44;4772&#44;4819&#44;4830&#44;4861&#44;6252&#44;6388&#44;6615&#44;6628&#44;6630&#44;6633&#44;""",8/11/20,8/6/20,N
layouts,Cake Case,"""37-3&#44;77-3""",,2020,8/16/20,1-NewFolderStructure/C037_C077_Cake_Case/C77_C37_Cake_Case_Effective_08162020_Updated_08062020/,_C77_C37_Effective_08162020_Updated_08062020.pdf,"""4745&#44;4772&#44;4819&#44;4830&#44;4861&#44;6252&#44;6388&#44;6615&#44;6628&#44;6630&#44;6633&#44;""",8/11/20,8/6/20,N
layouts,HMS,79-2,,2020,8/16/20,1-NewFolderStructure/C079_HMS/C79_HMS_Effective_08162020/,_C79_HMS_Effective_08162020.pdf,"""4745&#44;4772&#44;4819&#44;4830&#44;6252&#44;6388&#44;6615&#44;6628&#44;6630&#44;6633&#44;""",8/11/20,8/7/20,N
layouts,Café Grab and Go,79-3,,2020,8/16/20,1-NewFolderStructure/C079_Cafe_Grab_n_Go/C79_Cafe_Grab_and_Go_Effective_08162020/,_C79_Cafe_Grab_and_Go_Effective_08162020.pdf,"""6615&#44;6630&#44;""",8/11/20,8/7/20,N
layouts,Bakery Dessert,"""37-2&#44;77-2""",,2020,9/6/20,1-NewFolderStructure/C037_C077_Bakery_Dessert/C77_C37_Dessert_Effective_09062020_Updated_08212020/,_C77_C37_Effective_09062020_Updated_08212020.pdf,"""4712&#44;4785&#44;4816&#44;4939&#44;6188&#44;6482&#44;""",8/31/20,8/21/20,N
layouts,Cake Case,"""37-3&#44;77-3""",,2020,9/6/20,1-NewFolderStructure/C037_C077_Cake_Case/C77_C37_Cake_Effective_09062020_Updated_08212020/,_C77_C37_Effective_09062020_Updated_08212020.pdf,"""4712&#44;4785&#44;4816&#44;4939&#44;6188&#44;6482&#44;""",8/31/20,8/21/20,N
layouts,Automotive,10,,2020,9/6/20,1-NewFolderStructure/C010_Automotive/C10_Effective_090620_Planogram_Updated_082420/,_C10_Effective_090620_Planogram_Updated_082420.pdf,"""4712&#44;4785&#44;4816&#44;4939&#44;6188&#44;6482&#44;""",8/31/20,8/24/20,N
layouts,Bakery Tables,"""37&#44;77""",,2020,9/6/20,1-NewFolderStructure/C037_C077_Bakery_Tables/C37_77_Bakery_Tables_Effective_09062020_Updated_08242020/,_C77_C37_Effective_09062020_Updated_09012020.pdf,"""4712&#44;4785&#44;4816&#44;4939&#44;6188&#44;6482&#44;""",8/31/20,8/24/20,N
layouts,Bakery Pallets,"""37-4&#44;77-4""",,2020,9/6/20,1-NewFolderStructure/C037_C077_Bakery_Pallets/C37_77_Bakery_Pallets_Effective_09062020_Updated_08242020/,_C77_C37_Bakery_Pallets_Effective_09062020_Planogram_Updated_08242020.pdf,"""4712&#44;4785&#44;4816&#44;4939&#44;6188&#44;6482&#44;""",8/31/20,8/24/20,N
layouts,Automotive,10,,2020,9/7/20,1-NewFolderStructure/C010_Automotive/C10_Effective_090720_Planogram_Updated_082020/,_C10_Effective_090720_Planogram_Updated_082020.pdf,"""4710&#44;4711&#44;4722&#44;4771&#44;4774&#44;4797&#44;4798&#44;4831&#44;4917&#44;4946&#44;4950&#44;4994&#44;4996&#44;6201&#44;6216&#44;6228&#44;6236&#44;6239&#44;6330&#44;6332&#44;6333&#44;6343&#44;6348&#44;6351&#44;6352&#44;6353&#44;6354&#44;6355&#44;6356&#44;6357&#44;6366&#44;6368&#44;6369&#44;6383&#44;6386&#44;6402&#44;6414&#44;6423&#44;6428&#44;6431&#44;6434&#44;6440&#44;6443&#44;6452&#44;6456&#44;6462&#44;6518&#44;6524&#44;6536&#44;6539&#44;6540&#44;6567&#44;6570&#44;6571&#44;6573&#44;6581&#44;6636&#44;6650&#44;6651&#44;6655&#44;6664&#44;6670&#44;6671&#44;6674&#44;6693&#44;6976&#44;8129&#44;8142&#44;8144&#44;8145&#44;8160&#44;8175&#44;8186&#44;8191&#44;8218&#44;8219&#44;8220&#44;8222&#44;8223&#44;8228&#44;""",9/1/20,8/20/20,N
layouts,Bakery Pallets,"""37-4&#44;77-4""",,2020,9/7/20,1-NewFolderStructure/C037_C077_Bakery_Pallets/C37_77_Bakery_Pallets_Effective_09072020_Updated_08212020/,_C77_C37_Bakery_Pallets_Effective_09072020_Planogram_Updated_08212020.pdf,"""4710&#44;4711&#44;4722&#44;4771&#44;4774&#44;4797&#44;4798&#44;4831&#44;4917&#44;4946&#44;4950&#44;4994&#44;4996&#44;6201&#44;6216&#44;6228&#44;6236&#44;6239&#44;6330&#44;6332&#44;6333&#44;6343&#44;6348&#44;6351&#44;6352&#44;6353&#44;6354&#44;6355&#44;6356&#44;6357&#44;6366&#44;6368&#44;6369&#44;6383&#44;6386&#44;6402&#44;6414&#44;6423&#44;6428&#44;6431&#44;6434&#44;6440&#44;6443&#44;6452&#44;6456&#44;6462&#44;6518&#44;6524&#44;6536&#44;6539&#44;6540&#44;6567&#44;6570&#44;6571&#44;6573&#44;6581&#44;6617&#44;6636&#44;6650&#44;6651&#44;6655&#44;6664&#44;6670&#44;6671&#44;6674&#44;6693&#44;6976&#44;8129&#44;8142&#44;8145&#44;8160&#44;8175&#44;8186&#44;8191&#44;8218&#44;8219&#44;8220&#44;8222&#44;8223&#44;8228&#44;""",9/1/20,8/21/20,N
layouts,Bakery Pallets,"""37-4&#44;77-4""",,2020,9/7/20,1-NewFolderStructure/C037_C077_Bakery_Pallets/C37_77_Bakery_Pallets_Effective_09072020_Updated_08282020/,_C37_77_Bakery_Pallets_Effective_09072020_Updated_08282020.pdf,"""4109&#44;4702&#44;4703&#44;4704&#44;4707&#44;4709&#44;4713&#44;4718&#44;4720&#44;4721&#44;4724&#44;4728&#44;4729&#44;4730&#44;4731&#44;4732&#44;4735&#44;4736&#44;4738&#44;4739&#44;4740&#44;4741&#44;4742&#44;4743&#44;4745&#44;4749&#44;4750&#44;4755&#44;4761&#44;4763&#44;4764&#44;4767&#44;4768&#44;4769&#44;4770&#44;4772&#44;4775&#44;4776&#44;4777&#44;4778&#44;4780&#44;4781&#44;4782&#44;4783&#44;4784&#44;4786&#44;4787&#44;4789&#44;4790&#44;4791&#44;4794&#44;4795&#44;4799&#44;4801&#44;4802&#44;4804&#44;4805&#44;4808&#44;4815&#44;4817&#44;4818&#44;4819&#44;4820&#44;4822&#44;4824&#44;4825&#44;4828&#44;4829&#44;4830&#44;4836&#44;4837&#44;4839&#44;4840&#44;4843&#44;4846&#44;4847&#44;4850&#44;4852&#44;4853&#44;4855&#44;4857&#44;4859&#44;4860&#44;4861&#44;4866&#44;4870&#44;4871&#44;4872&#44;4873&#44;4874&#44;4875&#44;4876&#44;4878&#44;4879&#44;4901&#44;4905&#44;4906&#44;4908&#44;4911&#44;4914&#44;4915&#44;4920&#44;4926&#44;4930&#44;4933&#44;4936&#44;4938&#44;4942&#44;4944&#44;4947&#44;4948&#44;4952&#44;4955&#44;4958&#44;4961&#44;4962&#44;4963&#44;4969&#44;4972&#44;4973&#44;4974&#44;4983&#44;4985&#44;4987&#44;4989&#44;4990&#44;4991&#44;4992&#44;4998&#44;4999&#44;6181&#44;6189&#44;6202&#44;6203&#44;6204&#44;6205&#44;6212&#44;6213&#44;6217&#44;6218&#44;6219&#44;6220&#44;6225&#44;6235&#44;6238&#44;6240&#44;6242&#44;6244&#44;6245&#44;6246&#44;6247&#44;6249&#44;6251&#44;6252&#44;6254&#44;6255&#44;6257&#44;6259&#44;6260&#44;6261&#44;6262&#44;6265&#44;6267&#44;6269&#44;6270&#44;6275&#44;6304&#44;6305&#44;6307&#44;6308&#44;6309&#44;6310&#44;6311&#44;6312&#44;6313&#44;6315&#44;6317&#44;6319&#44;6320&#44;6321&#44;6322&#44;6325&#44;6326&#44;6328&#44;6329&#44;6331&#44;6334&#44;6335&#44;6336&#44;6338&#44;6339&#44;6341&#44;6342&#44;6344&#44;6345&#44;6347&#44;6349&#44;6350&#44;6358&#44;6359&#44;6360&#44;6361&#44;6363&#44;6364&#44;6365&#44;6367&#44;6371&#44;6372&#44;6375&#44;6376&#44;6378&#44;6379&#44;6380&#44;6381&#44;6382&#44;6384&#44;6385&#44;6387&#44;6388&#44;6401&#44;6403&#44;6404&#44;6405&#44;6406&#44;6407&#44;6408&#44;6409&#44;6410&#44;6413&#44;6415&#44;6417&#44;6418&#44;6419&#44;6420&#44;6421&#44;6422&#44;6424&#44;6425&#44;6426&#44;6427&#44;6429&#44;6430&#44;6432&#44;6433&#44;6435&#44;6436&#44;6437&#44;6439&#44;6441&#44;6444&#44;6445&#44;6448&#44;6449&#44;6450&#44;6453&#44;6455&#44;6457&#44;6460&#44;6461&#44;6463&#44;6464&#44;6471&#44;6472&#44;6474&#44;6479&#44;6485&#44;6487&#44;6489&#44;6501&#44;6502&#44;6503&#44;6505&#44;6506&#44;6507&#44;6509&#44;6510&#44;6512&#44;6514&#44;6517&#44;6520&#44;6521&#44;6527&#44;6528&#44;6533&#44;6535&#44;6543&#44;6547&#44;6549&#44;6556&#44;6562&#44;6565&#44;6568&#44;6569&#44;6572&#44;6575&#44;6582&#44;6604&#44;6605&#44;6606&#44;6608&#44;6609&#44;6610&#44;6612&#44;6613&#44;6614&#44;6615&#44;6616&#44;6619&#44;6620&#44;6621&#44;6622&#44;6624&#44;6626&#44;6628&#44;6630&#44;6631&#44;6632&#44;6633&#44;6634&#44;6635&#44;6637&#44;6643&#44;6644&#44;6646&#44;6652&#44;6653&#44;6657&#44;6658&#44;6659&#44;6660&#44;6661&#44;6662&#44;6663&#44;6666&#44;6667&#44;6672&#44;6673&#44;6675&#44;6676&#44;6677&#44;6678&#44;6679&#44;6680&#44;6682&#44;6683&#44;6684&#44;6685&#44;6686&#44;6689&#44;6690&#44;6692&#44;6779&#44;6781&#44;6867&#44;6979&#44;7189&#44;7658&#44;7676&#44;8102&#44;8104&#44;8106&#44;8107&#44;8111&#44;8114&#44;8115&#44;8116&#44;8117&#44;8119&#44;8120&#44;8123&#44;8125&#44;8126&#44;8128&#44;8130&#44;8132&#44;8133&#44;8134&#44;8135&#44;8136&#44;8138&#44;8139&#44;8141&#44;8146&#44;8147&#44;8149&#44;8150&#44;8151&#44;8152&#44;8153&#44;8155&#44;8156&#44;8157&#44;8158&#44;8161&#44;8162&#44;8163&#44;8164&#44;8165&#44;8166&#44;8167&#44;8168&#44;8169&#44;8172&#44;8173&#44;8174&#44;8176&#44;8177&#44;8180&#44;8181&#44;8182&#44;8183&#44;8184&#44;8185&#44;8188&#44;8189&#44;8190&#44;8192&#44;8193&#44;8194&#44;8196&#44;8197&#44;8201&#44;8202&#44;8203&#44;8205&#44;8207&#44;8208&#44;8209&#44;8210&#44;8211&#44;8213&#44;8215&#44;8221&#44;8224&#44;8226&#44;8227&#44;8236&#44;8237&#44;8238&#44;8239&#44;8241&#44;8242&#44;8243&#44;8244&#44;8245&#44;8246&#44;8247&#44;8248&#44;8250&#44;8251&#44;8252&#44;8253&#44;8254&#44;8256&#44;8257&#44;8259&#44;8261&#44;8262&#44;8263&#44;8264&#44;8265&#44;8266&#44;8267&#44;8268&#44;8269&#44;8270&#44;8271&#44;8272&#44;8273&#44;8274&#44;8275&#44;8276&#44;8277&#44;8278&#44;8279&#44;8280&#44;8281&#44;8282&#44;8283&#44;8284&#44;8285&#44;8286&#44;8287&#44;8288&#44;8289&#44;8290&#44;8291&#44;8292&#44;8293&#44;8294&#44;8295&#44;8296&#44;8297&#44;8298&#44;8299&#44;""",9/3/20,8/28/20,Y
layouts,Bakery Dessert,"""37-2&#44;77-2""",,2020,9/7/20,1-NewFolderStructure/C037_C077_Bakery_Dessert/C77_C37_Dessert_Effective_09072020_Updated_08312020/,_C77_C37_Effective_09072020_Updated_08312020.pdf,"""4109&#44;4702&#44;4703&#44;4704&#44;4707&#44;4709&#44;4710&#44;4711&#44;4713&#44;4718&#44;4720&#44;4721&#44;4722&#44;4724&#44;4728&#44;4729&#44;4730&#44;4731&#44;4732&#44;4735&#44;4736&#44;4738&#44;4739&#44;4740&#44;4741&#44;4742&#44;4743&#44;4745&#44;4749&#44;4750&#44;4755&#44;4761&#44;4763&#44;4764&#44;4767&#44;4768&#44;4769&#44;4770&#44;4771&#44;4772&#44;4774&#44;4775&#44;4776&#44;4777&#44;4778&#44;4780&#44;4781&#44;4782&#44;4783&#44;4784&#44;4786&#44;4787&#44;4789&#44;4790&#44;4791&#44;4794&#44;4795&#44;4797&#44;4798&#44;4799&#44;4801&#44;4802&#44;4804&#44;4805&#44;4808&#44;4815&#44;4817&#44;4818&#44;4819&#44;4820&#44;4822&#44;4824&#44;4825&#44;4828&#44;4829&#44;4830&#44;4831&#44;4836&#44;4837&#44;4839&#44;4840&#44;4843&#44;4846&#44;4847&#44;4850&#44;4851&#44;4852&#44;4853&#44;4855&#44;4857&#44;4859&#44;4860&#44;4861&#44;4866&#44;4870&#44;4872&#44;4873&#44;4874&#44;4875&#44;4876&#44;4878&#44;4879&#44;4901&#44;4905&#44;4906&#44;4911&#44;4914&#44;4915&#44;4917&#44;4920&#44;4925&#44;4926&#44;4933&#44;4936&#44;4938&#44;4942&#44;4944&#44;4946&#44;4947&#44;4948&#44;4950&#44;4952&#44;4955&#44;4958&#44;4961&#44;4962&#44;4963&#44;4969&#44;4972&#44;4973&#44;4974&#44;4982&#44;4983&#44;4985&#44;4987&#44;4989&#44;4990&#44;4991&#44;4992&#44;4994&#44;4996&#44;4998&#44;4999&#44;6181&#44;6189&#44;6201&#44;6202&#44;6203&#44;6204&#44;6205&#44;6212&#44;6213&#44;6216&#44;6217&#44;6218&#44;6219&#44;6220&#44;6225&#44;6228&#44;6235&#44;6236&#44;6238&#44;6239&#44;6240&#44;6242&#44;6245&#44;6246&#44;6247&#44;6249&#44;6251&#44;6252&#44;6254&#44;6255&#44;6256&#44;6257&#44;6259&#44;6260&#44;6261&#44;6262&#44;6265&#44;6267&#44;6269&#44;6270&#44;6275&#44;6302&#44;6304&#44;6305&#44;6307&#44;6308&#44;6309&#44;6310&#44;6311&#44;6312&#44;6313&#44;6314&#44;6315&#44;6317&#44;6319&#44;6320&#44;6321&#44;6322&#44;6324&#44;6325&#44;6326&#44;6327&#44;6328&#44;6329&#44;6330&#44;6331&#44;6332&#44;6333&#44;6334&#44;6335&#44;6336&#44;6338&#44;6339&#44;6341&#44;6342&#44;6343&#44;6344&#44;6345&#44;6347&#44;6348&#44;6349&#44;6350&#44;6351&#44;6352&#44;6353&#44;6354&#44;6355&#44;6356&#44;6357&#44;6358&#44;6359&#44;6360&#44;6361&#44;6363&#44;6364&#44;6365&#44;6366&#44;6367&#44;6368&#44;6369&#44;6371&#44;6372&#44;6373&#44;6375&#44;6376&#44;6378&#44;6379&#44;6380&#44;6381&#44;6382&#44;6383&#44;6384&#44;6386&#44;6387&#44;6388&#44;6401&#44;6402&#44;6403&#44;6404&#44;6405&#44;6406&#44;6407&#44;6408&#44;6409&#44;6410&#44;6412&#44;6413&#44;6414&#44;6415&#44;6418&#44;6419&#44;6420&#44;6421&#44;6422&#44;6423&#44;6425&#44;6426&#44;6427&#44;6428&#44;6429&#44;6431&#44;6433&#44;6434&#44;6435&#44;6436&#44;6437&#44;6439&#44;6440&#44;6441&#44;6443&#44;6444&#44;6445&#44;6448&#44;6449&#44;6450&#44;6452&#44;6453&#44;6454&#44;6455&#44;6456&#44;6457&#44;6458&#44;6460&#44;6462&#44;6463&#44;6464&#44;6472&#44;6474&#44;6479&#44;6485&#44;6487&#44;6489&#44;6501&#44;6502&#44;6503&#44;6505&#44;6506&#44;6507&#44;6509&#44;6512&#44;6517&#44;6518&#44;6520&#44;6521&#44;6524&#44;6527&#44;6528&#44;6535&#44;6536&#44;6539&#44;6540&#44;6543&#44;6547&#44;6549&#44;6562&#44;6565&#44;6569&#44;6570&#44;6571&#44;6572&#44;6573&#44;6575&#44;6581&#44;6582&#44;6604&#44;6605&#44;6606&#44;6608&#44;6609&#44;6610&#44;6612&#44;6613&#44;6614&#44;6615&#44;6616&#44;6617&#44;6619&#44;6620&#44;6621&#44;6622&#44;6624&#44;6626&#44;6628&#44;6630&#44;6631&#44;6632&#44;6633&#44;6634&#44;6635&#44;6636&#44;6637&#44;6643&#44;6644&#44;6646&#44;6650&#44;6651&#44;6652&#44;6653&#44;6655&#44;6657&#44;6658&#44;6659&#44;6660&#44;6661&#44;6662&#44;6663&#44;6664&#44;6666&#44;6667&#44;6670&#44;6671&#44;6672&#44;6673&#44;6674&#44;6675&#44;6676&#44;6677&#44;6678&#44;6679&#44;6680&#44;6682&#44;6683&#44;6685&#44;6686&#44;6689&#44;6690&#44;6692&#44;6693&#44;6779&#44;6781&#44;6867&#44;6976&#44;6979&#44;7189&#44;7658&#44;7676&#44;8102&#44;8104&#44;8106&#44;8107&#44;8111&#44;8112&#44;8114&#44;8115&#44;8116&#44;8117&#44;8119&#44;8120&#44;8123&#44;8125&#44;8126&#44;8128&#44;8129&#44;8130&#44;8132&#44;8133&#44;8134&#44;8135&#44;8136&#44;8138&#44;8139&#44;8141&#44;8142&#44;8144&#44;8145&#44;8146&#44;8147&#44;8149&#44;8150&#44;8151&#44;8152&#44;8153&#44;8155&#44;8156&#44;8157&#44;8158&#44;8160&#44;8161&#44;8162&#44;8163&#44;8164&#44;8165&#44;8166&#44;8167&#44;8168&#44;8169&#44;8172&#44;8173&#44;8174&#44;8175&#44;8176&#44;8177&#44;8181&#44;8182&#44;8183&#44;8184&#44;8185&#44;8186&#44;8188&#44;8190&#44;8191&#44;8192&#44;8193&#44;8194&#44;8196&#44;8197&#44;8201&#44;8202&#44;8203&#44;8205&#44;8207&#44;8208&#44;8209&#44;8210&#44;8211&#44;8213&#44;8215&#44;8218&#44;8219&#44;8220&#44;8221&#44;8222&#44;8223&#44;8224&#44;8225&#44;8226&#44;8227&#44;8228&#44;8236&#44;8237&#44;8238&#44;8239&#44;8241&#44;8242&#44;8243&#44;8244&#44;8245&#44;8246&#44;8247&#44;8248&#44;8250&#44;8251&#44;8252&#44;8253&#44;8254&#44;8256&#44;8257&#44;8259&#44;8261&#44;8262&#44;8263&#44;8264&#44;8265&#44;8266&#44;8267&#44;8268&#44;8269&#44;8270&#44;8271&#44;8272&#44;8273&#44;8274&#44;8275&#44;8276&#44;8277&#44;8278&#44;8279&#44;8280&#44;8281&#44;8282&#44;8283&#44;8284&#44;8285&#44;8286&#44;8287&#44;8288&#44;8289&#44;8290&#44;8291&#44;8292&#44;8293&#44;8294&#44;8295&#44;8296&#44;8297&#44;8298&#44;8299&#44;""",9/3/20,8/31/20,Y
layouts,Cake Case,"""37-3&#44;77-3""",,2020,9/7/20,1-NewFolderStructure/C037_C077_Cake_Case/C77_C37_Cake_Effective_09072020_Updated_08312020/,_C77_C37_Effective_09072020_Updated_08312020.pdf,"""4109&#44;4702&#44;4703&#44;4704&#44;4707&#44;4709&#44;4710&#44;4711&#44;4713&#44;4718&#44;4720&#44;4721&#44;4722&#44;4724&#44;4728&#44;4729&#44;4730&#44;4731&#44;4732&#44;4735&#44;4736&#44;4738&#44;4739&#44;4740&#44;4741&#44;4742&#44;4743&#44;4745&#44;4749&#44;4750&#44;4755&#44;4761&#44;4763&#44;4764&#44;4767&#44;4768&#44;4769&#44;4770&#44;4771&#44;4772&#44;4774&#44;4775&#44;4776&#44;4777&#44;4778&#44;4780&#44;4781&#44;4782&#44;4783&#44;4784&#44;4786&#44;4787&#44;4789&#44;4790&#44;4791&#44;4794&#44;4795&#44;4797&#44;4798&#44;4799&#44;4801&#44;4802&#44;4804&#44;4805&#44;4808&#44;4815&#44;4817&#44;4818&#44;4819&#44;4820&#44;4822&#44;4824&#44;4825&#44;4828&#44;4829&#44;4830&#44;4831&#44;4836&#44;4837&#44;4839&#44;4840&#44;4843&#44;4846&#44;4847&#44;4850&#44;4851&#44;4852&#44;4853&#44;4855&#44;4857&#44;4859&#44;4860&#44;4861&#44;4866&#44;4870&#44;4872&#44;4873&#44;4874&#44;4875&#44;4876&#44;4878&#44;4879&#44;4901&#44;4905&#44;4906&#44;4911&#44;4914&#44;4915&#44;4917&#44;4920&#44;4925&#44;4926&#44;4933&#44;4936&#44;4938&#44;4942&#44;4944&#44;4946&#44;4947&#44;4948&#44;4950&#44;4952&#44;4955&#44;4958&#44;4961&#44;4962&#44;4963&#44;4969&#44;4972&#44;4973&#44;4974&#44;4982&#44;4983&#44;4985&#44;4987&#44;4989&#44;4990&#44;4991&#44;4992&#44;4994&#44;4996&#44;4998&#44;4999&#44;6181&#44;6189&#44;6201&#44;6202&#44;6203&#44;6204&#44;6205&#44;6212&#44;6213&#44;6216&#44;6217&#44;6218&#44;6219&#44;6220&#44;6225&#44;6228&#44;6235&#44;6236&#44;6238&#44;6239&#44;6240&#44;6242&#44;6244&#44;6245&#44;6246&#44;6247&#44;6249&#44;6251&#44;6252&#44;6254&#44;6255&#44;6256&#44;6257&#44;6259&#44;6260&#44;6261&#44;6262&#44;6265&#44;6267&#44;6269&#44;6270&#44;6275&#44;6302&#44;6304&#44;6305&#44;6307&#44;6308&#44;6309&#44;6310&#44;6311&#44;6312&#44;6313&#44;6314&#44;6315&#44;6317&#44;6319&#44;6320&#44;6321&#44;6322&#44;6324&#44;6325&#44;6326&#44;6327&#44;6328&#44;6329&#44;6330&#44;6331&#44;6332&#44;6333&#44;6334&#44;6335&#44;6336&#44;6338&#44;6339&#44;6341&#44;6342&#44;6343&#44;6344&#44;6345&#44;6347&#44;6348&#44;6349&#44;6350&#44;6351&#44;6352&#44;6353&#44;6354&#44;6355&#44;6356&#44;6357&#44;6358&#44;6359&#44;6360&#44;6361&#44;6363&#44;6364&#44;6365&#44;6366&#44;6367&#44;6368&#44;6369&#44;6371&#44;6372&#44;6373&#44;6375&#44;6376&#44;6378&#44;6379&#44;6380&#44;6381&#44;6382&#44;6383&#44;6384&#44;6386&#44;6387&#44;6388&#44;6401&#44;6402&#44;6403&#44;6404&#44;6405&#44;6406&#44;6407&#44;6408&#44;6409&#44;6410&#44;6412&#44;6413&#44;6414&#44;6415&#44;6418&#44;6419&#44;6420&#44;6421&#44;6422&#44;6423&#44;6425&#44;6426&#44;6427&#44;6428&#44;6429&#44;6431&#44;6433&#44;6434&#44;6435&#44;6436&#44;6437&#44;6439&#44;6440&#44;6441&#44;6443&#44;6444&#44;6445&#44;6448&#44;6449&#44;6450&#44;6452&#44;6453&#44;6454&#44;6455&#44;6456&#44;6457&#44;6458&#44;6460&#44;6462&#44;6463&#44;6464&#44;6472&#44;6474&#44;6479&#44;6485&#44;6487&#44;6489&#44;6501&#44;6502&#44;6503&#44;6505&#44;6506&#44;6507&#44;6509&#44;6512&#44;6517&#44;6518&#44;6520&#44;6521&#44;6524&#44;6527&#44;6528&#44;6535&#44;6536&#44;6539&#44;6540&#44;6543&#44;6547&#44;6549&#44;6562&#44;6565&#44;6569&#44;6570&#44;6571&#44;6572&#44;6573&#44;6575&#44;6581&#44;6582&#44;6604&#44;6605&#44;6606&#44;6608&#44;6609&#44;6610&#44;6612&#44;6613&#44;6614&#44;6615&#44;6616&#44;6617&#44;6619&#44;6620&#44;6621&#44;6622&#44;6624&#44;6626&#44;6628&#44;6630&#44;6631&#44;6632&#44;6633&#44;6634&#44;6635&#44;6636&#44;6637&#44;6643&#44;6644&#44;6646&#44;6650&#44;6651&#44;6652&#44;6653&#44;6655&#44;6657&#44;6658&#44;6659&#44;6660&#44;6661&#44;6662&#44;6663&#44;6664&#44;6666&#44;6667&#44;6670&#44;6671&#44;6672&#44;6673&#44;6674&#44;6675&#44;6676&#44;6677&#44;6678&#44;6679&#44;6680&#44;6682&#44;6683&#44;6684&#44;6685&#44;6686&#44;6689&#44;6690&#44;6692&#44;6693&#44;6779&#44;6781&#44;6867&#44;6976&#44;6979&#44;7189&#44;7658&#44;7676&#44;8102&#44;8104&#44;8106&#44;8107&#44;8111&#44;8112&#44;8114&#44;8115&#44;8116&#44;8117&#44;8119&#44;8120&#44;8123&#44;8125&#44;8126&#44;8128&#44;8129&#44;8130&#44;8132&#44;8133&#44;8134&#44;8135&#44;8136&#44;8138&#44;8139&#44;8141&#44;8142&#44;8144&#44;8145&#44;8146&#44;8147&#44;8149&#44;8150&#44;8151&#44;8152&#44;8153&#44;8155&#44;8156&#44;8157&#44;8158&#44;8160&#44;8161&#44;8162&#44;8163&#44;8164&#44;8165&#44;8166&#44;8167&#44;8168&#44;8169&#44;8172&#44;8173&#44;8174&#44;8175&#44;8176&#44;8177&#44;8181&#44;8182&#44;8183&#44;8184&#44;8185&#44;8186&#44;8188&#44;8190&#44;8191&#44;8192&#44;8193&#44;8194&#44;8196&#44;8197&#44;8201&#44;8202&#44;8203&#44;8205&#44;8207&#44;8208&#44;8209&#44;8210&#44;8211&#44;8213&#44;8215&#44;8218&#44;8219&#44;8220&#44;8221&#44;8222&#44;8223&#44;8224&#44;8225&#44;8226&#44;8227&#44;8228&#44;8236&#44;8237&#44;8238&#44;8239&#44;8241&#44;8242&#44;8243&#44;8244&#44;8245&#44;8246&#44;8247&#44;8248&#44;8250&#44;8251&#44;8252&#44;8253&#44;8254&#44;8256&#44;8257&#44;8259&#44;8261&#44;8262&#44;8263&#44;8264&#44;8265&#44;8266&#44;8267&#44;8268&#44;8269&#44;8270&#44;8271&#44;8272&#44;8273&#44;8274&#44;8275&#44;8276&#44;8277&#44;8278&#44;8279&#44;8280&#44;8281&#44;8282&#44;8283&#44;8284&#44;8285&#44;8286&#44;8287&#44;8288&#44;8289&#44;8290&#44;8291&#44;8292&#44;8293&#44;8294&#44;8295&#44;8296&#44;8297&#44;8298&#44;8299&#44;""",9/3/20,8/31/20,Y
layouts,Bakery Tables,"""37&#44;77""",,2020,9/7/20,1-NewFolderStructure/C037_C077_Bakery_Tables/C77_C37_Bakery_Tables_Effective_09072020_Updated_09012020/,_C77_C37_Effective_09072020_Updated_09012020.pdf,"""4109&#44;4702&#44;4703&#44;4704&#44;4707&#44;4709&#44;4710&#44;4711&#44;4713&#44;4718&#44;4720&#44;4721&#44;4722&#44;4724&#44;4728&#44;4729&#44;4730&#44;4731&#44;4732&#44;4735&#44;4736&#44;4738&#44;4739&#44;4740&#44;4742&#44;4743&#44;4745&#44;4749&#44;4750&#44;4755&#44;4763&#44;4764&#44;4767&#44;4768&#44;4769&#44;4770&#44;4771&#44;4772&#44;4774&#44;4775&#44;4776&#44;4777&#44;4778&#44;4780&#44;4781&#44;4782&#44;4783&#44;4784&#44;4786&#44;4787&#44;4789&#44;4790&#44;4791&#44;4794&#44;4795&#44;4797&#44;4798&#44;4799&#44;4801&#44;4802&#44;4804&#44;4805&#44;4808&#44;4815&#44;4817&#44;4818&#44;4819&#44;4820&#44;4822&#44;4824&#44;4825&#44;4828&#44;4829&#44;4830&#44;4831&#44;4836&#44;4837&#44;4839&#44;4840&#44;4843&#44;4846&#44;4847&#44;4850&#44;4851&#44;4852&#44;4853&#44;4855&#44;4857&#44;4859&#44;4860&#44;4861&#44;4866&#44;4870&#44;4872&#44;4873&#44;4874&#44;4875&#44;4876&#44;4878&#44;4879&#44;4901&#44;4905&#44;4906&#44;4911&#44;4914&#44;4915&#44;4917&#44;4920&#44;4925&#44;4926&#44;4933&#44;4936&#44;4938&#44;4942&#44;4944&#44;4946&#44;4947&#44;4948&#44;4950&#44;4952&#44;4955&#44;4958&#44;4961&#44;4962&#44;4963&#44;4969&#44;4972&#44;4973&#44;4974&#44;4982&#44;4983&#44;4985&#44;4987&#44;4989&#44;4990&#44;4991&#44;4992&#44;4994&#44;4996&#44;4998&#44;4999&#44;6181&#44;6189&#44;6201&#44;6202&#44;6203&#44;6204&#44;6205&#44;6212&#44;6213&#44;6216&#44;6217&#44;6218&#44;6219&#44;6220&#44;6225&#44;6228&#44;6235&#44;6236&#44;6238&#44;6239&#44;6240&#44;6242&#44;6244&#44;6245&#44;6246&#44;6247&#44;6249&#44;6251&#44;6252&#44;6254&#44;6255&#44;6256&#44;6257&#44;6259&#44;6260&#44;6261&#44;6262&#44;6265&#44;6267&#44;6269&#44;6270&#44;6275&#44;6302&#44;6304&#44;6305&#44;6307&#44;6308&#44;6309&#44;6310&#44;6311&#44;6312&#44;6313&#44;6314&#44;6315&#44;6317&#44;6319&#44;6320&#44;6321&#44;6322&#44;6324&#44;6325&#44;6326&#44;6327&#44;6328&#44;6329&#44;6330&#44;6331&#44;6332&#44;6333&#44;6334&#44;6335&#44;6336&#44;6338&#44;6339&#44;6341&#44;6342&#44;6343&#44;6344&#44;6345&#44;6347&#44;6348&#44;6349&#44;6350&#44;6351&#44;6352&#44;6353&#44;6354&#44;6355&#44;6356&#44;6357&#44;6358&#44;6359&#44;6360&#44;6361&#44;6363&#44;6364&#44;6365&#44;6366&#44;6367&#44;6368&#44;6369&#44;6371&#44;6372&#44;6373&#44;6375&#44;6376&#44;6378&#44;6379&#44;6380&#44;6381&#44;6382&#44;6383&#44;6384&#44;6385&#44;6386&#44;6387&#44;6388&#44;6401&#44;6402&#44;6403&#44;6404&#44;6405&#44;6406&#44;6407&#44;6408&#44;6409&#44;6410&#44;6412&#44;6413&#44;6414&#44;6415&#44;6418&#44;6419&#44;6420&#44;6421&#44;6422&#44;6423&#44;6425&#44;6426&#44;6427&#44;6428&#44;6429&#44;6430&#44;6431&#44;6433&#44;6434&#44;6435&#44;6436&#44;6437&#44;6439&#44;6440&#44;6441&#44;6443&#44;6444&#44;6445&#44;6448&#44;6449&#44;6450&#44;6452&#44;6453&#44;6454&#44;6455&#44;6456&#44;6457&#44;6458&#44;6460&#44;6462&#44;6463&#44;6464&#44;6472&#44;6474&#44;6479&#44;6485&#44;6487&#44;6489&#44;6501&#44;6502&#44;6503&#44;6505&#44;6506&#44;6507&#44;6509&#44;6512&#44;6517&#44;6518&#44;6520&#44;6521&#44;6524&#44;6527&#44;6528&#44;6535&#44;6536&#44;6539&#44;6540&#44;6543&#44;6547&#44;6549&#44;6562&#44;6565&#44;6569&#44;6570&#44;6571&#44;6572&#44;6573&#44;6575&#44;6581&#44;6582&#44;6605&#44;6606&#44;6608&#44;6609&#44;6610&#44;6612&#44;6613&#44;6614&#44;6615&#44;6616&#44;6617&#44;6619&#44;6620&#44;6621&#44;6622&#44;6624&#44;6626&#44;6628&#44;6630&#44;6631&#44;6632&#44;6633&#44;6634&#44;6635&#44;6636&#44;6637&#44;6643&#44;6644&#44;6646&#44;6650&#44;6651&#44;6652&#44;6653&#44;6655&#44;6657&#44;6658&#44;6659&#44;6660&#44;6661&#44;6662&#44;6663&#44;6664&#44;6666&#44;6667&#44;6670&#44;6671&#44;6672&#44;6673&#44;6674&#44;6675&#44;6676&#44;6677&#44;6678&#44;6679&#44;6680&#44;6682&#44;6683&#44;6684&#44;6685&#44;6686&#44;6689&#44;6690&#44;6692&#44;6693&#44;6779&#44;6781&#44;6867&#44;6976&#44;6979&#44;7189&#44;7658&#44;7676&#44;8102&#44;8104&#44;8106&#44;8107&#44;8111&#44;8112&#44;8114&#44;8115&#44;8116&#44;8117&#44;8119&#44;8120&#44;8123&#44;8125&#44;8126&#44;8128&#44;8129&#44;8130&#44;8132&#44;8133&#44;8134&#44;8135&#44;8136&#44;8138&#44;8139&#44;8141&#44;8142&#44;8145&#44;8146&#44;8147&#44;8149&#44;8150&#44;8151&#44;8152&#44;8153&#44;8155&#44;8156&#44;8157&#44;8158&#44;8160&#44;8161&#44;8162&#44;8163&#44;8164&#44;8165&#44;8166&#44;8167&#44;8168&#44;8169&#44;8172&#44;8173&#44;8174&#44;8175&#44;8176&#44;8177&#44;8181&#44;8182&#44;8183&#44;8184&#44;8185&#44;8186&#44;8188&#44;8189&#44;8190&#44;8191&#44;8192&#44;8193&#44;8194&#44;8196&#44;8197&#44;8201&#44;8202&#44;8203&#44;8205&#44;8207&#44;8208&#44;8209&#44;8210&#44;8211&#44;8213&#44;8215&#44;8218&#44;8219&#44;8220&#44;8221&#44;8222&#44;8223&#44;8224&#44;8225&#44;8226&#44;8227&#44;8228&#44;8236&#44;8237&#44;8238&#44;8239&#44;8241&#44;8242&#44;8243&#44;8244&#44;8245&#44;8246&#44;8247&#44;8248&#44;8250&#44;8251&#44;8252&#44;8253&#44;8254&#44;8256&#44;8257&#44;8259&#44;8261&#44;8262&#44;8263&#44;8264&#44;8265&#44;8266&#44;8267&#44;8268&#44;8269&#44;8270&#44;8271&#44;8272&#44;8273&#44;8274&#44;8275&#44;8276&#44;8277&#44;8278&#44;8279&#44;8280&#44;8281&#44;8282&#44;8283&#44;8284&#44;8285&#44;8286&#44;8287&#44;8288&#44;8289&#44;8290&#44;8291&#44;8292&#44;8293&#44;8294&#44;8295&#44;8296&#44;8297&#44;8298&#44;8299&#44;""",9/3/20,9/1/20,Y
layouts,Sushi,79,,2020,9/7/20,1-NewFolderStructure/C079_Sushi/C79_Sushi_Effective_09072020/,_C79_Sushi_Effective_09072020.pdf,"""4702&#44;4704&#44;4707&#44;4709&#44;4711&#44;4713&#44;4718&#44;4721&#44;4722&#44;4728&#44;4731&#44;4732&#44;4735&#44;4736&#44;4739&#44;4740&#44;4741&#44;4742&#44;4743&#44;4745&#44;4749&#44;4755&#44;4763&#44;4764&#44;4767&#44;4769&#44;4771&#44;4772&#44;4774&#44;4775&#44;4777&#44;4778&#44;4780&#44;4781&#44;4782&#44;4783&#44;4784&#44;4785&#44;4787&#44;4789&#44;4790&#44;4794&#44;4795&#44;4797&#44;4801&#44;4802&#44;4804&#44;4808&#44;4816&#44;4818&#44;4819&#44;4822&#44;4824&#44;4825&#44;4828&#44;4829&#44;4830&#44;4831&#44;4837&#44;4839&#44;4843&#44;4847&#44;4850&#44;4851&#44;4852&#44;4853&#44;4855&#44;4857&#44;4859&#44;4861&#44;4870&#44;4873&#44;4874&#44;4875&#44;4878&#44;4905&#44;4906&#44;4911&#44;4914&#44;4915&#44;4920&#44;4925&#44;4926&#44;4938&#44;4939&#44;4942&#44;4944&#44;4946&#44;4955&#44;4958&#44;4969&#44;4972&#44;4974&#44;4983&#44;4985&#44;4987&#44;4990&#44;4991&#44;4992&#44;4998&#44;6181&#44;6188&#44;6189&#44;6202&#44;6205&#44;6212&#44;6213&#44;6216&#44;6217&#44;6218&#44;6219&#44;6220&#44;6228&#44;6238&#44;6239&#44;6240&#44;6242&#44;6244&#44;6245&#44;6247&#44;6249&#44;6251&#44;6252&#44;6254&#44;6255&#44;6257&#44;6259&#44;6261&#44;6262&#44;6265&#44;6267&#44;6304&#44;6308&#44;6309&#44;6310&#44;6311&#44;6312&#44;6313&#44;6314&#44;6315&#44;6317&#44;6319&#44;6320&#44;6321&#44;6325&#44;6326&#44;6328&#44;6332&#44;6335&#44;6341&#44;6342&#44;6343&#44;6344&#44;6348&#44;6350&#44;6351&#44;6354&#44;6355&#44;6357&#44;6358&#44;6359&#44;6360&#44;6361&#44;6363&#44;6369&#44;6372&#44;6376&#44;6381&#44;6382&#44;6383&#44;6384&#44;6385&#44;6401&#44;6402&#44;6403&#44;6408&#44;6409&#44;6410&#44;6412&#44;6413&#44;6414&#44;6415&#44;6418&#44;6419&#44;6420&#44;6422&#44;6428&#44;6429&#44;6434&#44;6437&#44;6440&#44;6443&#44;6444&#44;6457&#44;6464&#44;6474&#44;6482&#44;6487&#44;6489&#44;6501&#44;6505&#44;6512&#44;6520&#44;6524&#44;6527&#44;6535&#44;6536&#44;6565&#44;6567&#44;6572&#44;6573&#44;6575&#44;6604&#44;6609&#44;6610&#44;6612&#44;6613&#44;6614&#44;6615&#44;6616&#44;6617&#44;6619&#44;6621&#44;6622&#44;6624&#44;6626&#44;6628&#44;6630&#44;6631&#44;6636&#44;6637&#44;6643&#44;6644&#44;6646&#44;6650&#44;6651&#44;6652&#44;6653&#44;6655&#44;6657&#44;6658&#44;6659&#44;6660&#44;6661&#44;6662&#44;6663&#44;6664&#44;6666&#44;6667&#44;6670&#44;6671&#44;6674&#44;6676&#44;6677&#44;6678&#44;6682&#44;6684&#44;6685&#44;6686&#44;6692&#44;6779&#44;6781&#44;6976&#44;6979&#44;7189&#44;7676&#44;8106&#44;8111&#44;8112&#44;8114&#44;8115&#44;8116&#44;8117&#44;8119&#44;8123&#44;8129&#44;8134&#44;8135&#44;8138&#44;8139&#44;8141&#44;8142&#44;8145&#44;8146&#44;8149&#44;8151&#44;8155&#44;8158&#44;8160&#44;8161&#44;8164&#44;8165&#44;8166&#44;8167&#44;8168&#44;8173&#44;8174&#44;8176&#44;8177&#44;8181&#44;8182&#44;8183&#44;8191&#44;8193&#44;8197&#44;8201&#44;8203&#44;8205&#44;8207&#44;8208&#44;8209&#44;8213&#44;8215&#44;8218&#44;8220&#44;8221&#44;8222&#44;8223&#44;8224&#44;8225&#44;8227&#44;8236&#44;8237&#44;8238&#44;8241&#44;8242&#44;8243&#44;8246&#44;8248&#44;8250&#44;8251&#44;8252&#44;8253&#44;8257&#44;8259&#44;8261&#44;8262&#44;8263&#44;8264&#44;8265&#44;8266&#44;8267&#44;8269&#44;8270&#44;8271&#44;8277&#44;8278&#44;8279&#44;8282&#44;8284&#44;8285&#44;8287&#44;8290&#44;8293&#44;8294&#44;8296&#44;8297&#44;8298&#44;8299&#44;""",9/3/20,9/2/20,Y
layouts,Café Grab and Go,79-3,,2020,9/7/20,1-NewFolderStructure/C079_Cafe_Grab_n_Go/C79_Cafe_Grab_and_Go_Effective_09072020/,_C79_Cafe_Grab_and_Go_Effective_09072020.pdf,"""4109&#44;4702&#44;4703&#44;4704&#44;4707&#44;4709&#44;4710&#44;4711&#44;4712&#44;4713&#44;4718&#44;4720&#44;4721&#44;4722&#44;4724&#44;4728&#44;4729&#44;4730&#44;4731&#44;4732&#44;4735&#44;4736&#44;4738&#44;4739&#44;4740&#44;4741&#44;4742&#44;4743&#44;4745&#44;4749&#44;4750&#44;4755&#44;4761&#44;4763&#44;4764&#44;4767&#44;4768&#44;4769&#44;4770&#44;4771&#44;4772&#44;4774&#44;4775&#44;4776&#44;4777&#44;4778&#44;4780&#44;4781&#44;4782&#44;4783&#44;4784&#44;4785&#44;4786&#44;4787&#44;4789&#44;4790&#44;4791&#44;4794&#44;4795&#44;4797&#44;4798&#44;4799&#44;4801&#44;4802&#44;4804&#44;4805&#44;4808&#44;4815&#44;4816&#44;4817&#44;4818&#44;4819&#44;4820&#44;4822&#44;4824&#44;4825&#44;4828&#44;4829&#44;4830&#44;4831&#44;4836&#44;4837&#44;4839&#44;4840&#44;4843&#44;4846&#44;4847&#44;4850&#44;4851&#44;4852&#44;4853&#44;4855&#44;4857&#44;4859&#44;4860&#44;4861&#44;4870&#44;4871&#44;4872&#44;4873&#44;4874&#44;4875&#44;4876&#44;4878&#44;4879&#44;4901&#44;4905&#44;4906&#44;4908&#44;4911&#44;4914&#44;4915&#44;4917&#44;4920&#44;4925&#44;4926&#44;4930&#44;4933&#44;4936&#44;4938&#44;4939&#44;4942&#44;4944&#44;4946&#44;4947&#44;4948&#44;4950&#44;4952&#44;4955&#44;4958&#44;4961&#44;4962&#44;4963&#44;4969&#44;4972&#44;4973&#44;4974&#44;4982&#44;4983&#44;4985&#44;4987&#44;4989&#44;4990&#44;4991&#44;4992&#44;4994&#44;4996&#44;4998&#44;4999&#44;6181&#44;6188&#44;6189&#44;6201&#44;6202&#44;6203&#44;6204&#44;6205&#44;6212&#44;6213&#44;6216&#44;6217&#44;6218&#44;6219&#44;6220&#44;6228&#44;6235&#44;6236&#44;6238&#44;6239&#44;6240&#44;6242&#44;6244&#44;6245&#44;6246&#44;6247&#44;6249&#44;6251&#44;6252&#44;6254&#44;6255&#44;6256&#44;6257&#44;6259&#44;6260&#44;6261&#44;6262&#44;6265&#44;6267&#44;6269&#44;6275&#44;6302&#44;6304&#44;6305&#44;6307&#44;6308&#44;6309&#44;6310&#44;6311&#44;6312&#44;6313&#44;6314&#44;6315&#44;6317&#44;6319&#44;6320&#44;6321&#44;6322&#44;6324&#44;6325&#44;6326&#44;6327&#44;6328&#44;6329&#44;6330&#44;6331&#44;6332&#44;6333&#44;6334&#44;6335&#44;6336&#44;6338&#44;6339&#44;6341&#44;6342&#44;6343&#44;6344&#44;6345&#44;6347&#44;6348&#44;6349&#44;6350&#44;6351&#44;6352&#44;6353&#44;6354&#44;6355&#44;6356&#44;6357&#44;6358&#44;6359&#44;6360&#44;6361&#44;6363&#44;6364&#44;6365&#44;6366&#44;6367&#44;6368&#44;6369&#44;6371&#44;6372&#44;6373&#44;6375&#44;6376&#44;6377&#44;6379&#44;6380&#44;6381&#44;6382&#44;6383&#44;6384&#44;6385&#44;6386&#44;6387&#44;6388&#44;6401&#44;6402&#44;6403&#44;6405&#44;6406&#44;6407&#44;6408&#44;6409&#44;6410&#44;6412&#44;6413&#44;6414&#44;6415&#44;6417&#44;6418&#44;6419&#44;6420&#44;6421&#44;6422&#44;6423&#44;6424&#44;6425&#44;6426&#44;6427&#44;6428&#44;6429&#44;6430&#44;6431&#44;6432&#44;6433&#44;6434&#44;6435&#44;6436&#44;6437&#44;6439&#44;6440&#44;6441&#44;6443&#44;6444&#44;6445&#44;6448&#44;6450&#44;6452&#44;6453&#44;6454&#44;6456&#44;6457&#44;6458&#44;6460&#44;6461&#44;6462&#44;6463&#44;6464&#44;6471&#44;6472&#44;6474&#44;6482&#44;6485&#44;6487&#44;6489&#44;6501&#44;6502&#44;6503&#44;6505&#44;6506&#44;6507&#44;6509&#44;6510&#44;6512&#44;6514&#44;6517&#44;6518&#44;6520&#44;6521&#44;6524&#44;6527&#44;6528&#44;6533&#44;6535&#44;6536&#44;6539&#44;6540&#44;6547&#44;6549&#44;6556&#44;6562&#44;6565&#44;6567&#44;6568&#44;6569&#44;6570&#44;6571&#44;6572&#44;6573&#44;6575&#44;6581&#44;6582&#44;6604&#44;6605&#44;6606&#44;6608&#44;6609&#44;6610&#44;6612&#44;6613&#44;6614&#44;6615&#44;6616&#44;6617&#44;6619&#44;6620&#44;6621&#44;6622&#44;6624&#44;6626&#44;6628&#44;6630&#44;6631&#44;6632&#44;6633&#44;6634&#44;6635&#44;6636&#44;6637&#44;6643&#44;6644&#44;6646&#44;6650&#44;6651&#44;6652&#44;6653&#44;6655&#44;6657&#44;6658&#44;6659&#44;6660&#44;6661&#44;6662&#44;6663&#44;6664&#44;6666&#44;6667&#44;6670&#44;6671&#44;6672&#44;6673&#44;6674&#44;6675&#44;6676&#44;6677&#44;6678&#44;6679&#44;6682&#44;6683&#44;6684&#44;6685&#44;6686&#44;6692&#44;6693&#44;6779&#44;6781&#44;6867&#44;6976&#44;6979&#44;7189&#44;7658&#44;7676&#44;8102&#44;8104&#44;8106&#44;8107&#44;8111&#44;8112&#44;8114&#44;8115&#44;8116&#44;8117&#44;8119&#44;8120&#44;8123&#44;8125&#44;8126&#44;8128&#44;8129&#44;8130&#44;8132&#44;8133&#44;8134&#44;8135&#44;8136&#44;8138&#44;8139&#44;8141&#44;8142&#44;8144&#44;8145&#44;8146&#44;8147&#44;8149&#44;8150&#44;8151&#44;8152&#44;8153&#44;8155&#44;8156&#44;8157&#44;8158&#44;8160&#44;8161&#44;8162&#44;8163&#44;8164&#44;8165&#44;8166&#44;8167&#44;8168&#44;8169&#44;8172&#44;8173&#44;8174&#44;8175&#44;8176&#44;8177&#44;8180&#44;8181&#44;8182&#44;8183&#44;8184&#44;8185&#44;8186&#44;8188&#44;8189&#44;8190&#44;8191&#44;8192&#44;8193&#44;8194&#44;8196&#44;8197&#44;8201&#44;8202&#44;8203&#44;8205&#44;8207&#44;8208&#44;8209&#44;8210&#44;8211&#44;8213&#44;8215&#44;8218&#44;8219&#44;8220&#44;8221&#44;8222&#44;8223&#44;8224&#44;8225&#44;8226&#44;8227&#44;8228&#44;8236&#44;8237&#44;8238&#44;8239&#44;8241&#44;8242&#44;8243&#44;8244&#44;8245&#44;8246&#44;8247&#44;8248&#44;8250&#44;8251&#44;8252&#44;8253&#44;8254&#44;8256&#44;8257&#44;8259&#44;8261&#44;8262&#44;8263&#44;8264&#44;8265&#44;8266&#44;8267&#44;8268&#44;8269&#44;8270&#44;8271&#44;8272&#44;8273&#44;8274&#44;8275&#44;8276&#44;8277&#44;8278&#44;8279&#44;8280&#44;8281&#44;8282&#44;8283&#44;8284&#44;8285&#44;8286&#44;8287&#44;8288&#44;8289&#44;8290&#44;8291&#44;8292&#44;8293&#44;8294&#44;8295&#44;8296&#44;8297&#44;8298&#44;8299&#44;""",9/3/20,9/2/20,Y
layouts,Bakery Dessert,"""37-2&#44;77-2""",,2020,9/7/20,1-NewFolderStructure/C037_C077_Bakery_Dessert/C77_C37_Dessert_Effective_09072020_Updated_09082020/,_C77_C37_Effective_09072020_Updated_09082020.pdf,"""6684&#44;""",9/9/20,9/8/20,Y
layouts,Bakery Pallets,"""37-4&#44;77-4""",,2020,9/7/20,1-NewFolderStructure/C037_C077_Bakery_Pallets/C37_77_Bakery_Pallets_Effective_09072020_Updated_09082020/,_C37_77_Bakery_Pallets_Effective_09072020_Updated_09082020.pdf,"""4851&#44;6256&#44;6302&#44;6314&#44;6327&#44;6373&#44;6454&#44;""",9/8/20,9/8/20,Y
layouts,Café Grab and Go,79-3,,2020,9/7/20,1-NewFolderStructure/C079_Cafe_Grab_n_Go/C79_Cafe_Grab_and_Go_Effective_09072020_Update_09082020/,_C79_Cafe_Grab_and_Go_Effective_09072020_Update_09082020.pdf,"""4780&#44;6536&#44;6621&#44;""",9/9/20,9/8/20,Y
layouts,Bakery Tables,"""37&#44;77""",,2020,9/7/20,1-NewFolderStructure/C037_C077_Bakery_Tables/C37_77_Bakery_Tables_Effective_09072020_Updated_09092020/,_C37_77_Bakery_Tables_Effective_09072020_Updated_09092020.pdf,"""8144&#44;""",9/17/20,9/9/20,Y
layouts,Bakery Pallets,"""37-4&#44;77-4""",,2020,9/7/20,1-NewFolderStructure/C037_C077_Bakery_Pallets/C37_77_Bakery_Pallets_Effective_09072020_Updated_09092020/,_C37_77_Bakery_Pallets_Effective_09072020_Updated_09082020.pdf,"""6458&#44;""",9/9/20,9/9/20,Y
layouts,Bakery Pallets,"""37-4&#44;77-4""",,2020,9/7/20,1-NewFolderStructure/C037_C077_Bakery_Pallets/C37_77_Bakery_Pallets_Effective_09072020_Updated_09102020/,_C37_77_Bakery_Pallets_Effective_09072020_Updated_09092020.pdf,"""8112&#44;8144&#44;""",9/10/20,9/9/20,Y
layouts,Bakery Tables,"""37&#44;77""",,2020,9/7/20,1-NewFolderStructure/C037_C077_Bakery_Tables/C37_77_Bakery_Tables_Effective_09072020_Updated_09102020/,_C37_77_Bakery_Tables_Effective_09072020_Updated_09102020.pdf,"""6604&#44;""",9/17/20,9/10/20,Y
layouts,HMS,79-2,,2020,9/7/20,1-NewFolderStructure/C079_HMS/C79_HMS_Effective_09072020_Update_09102020/,_C79_HMS_Effective_09072020_Update_09102020.pdf,"""4109&#44;4702&#44;4703&#44;4704&#44;4707&#44;4709&#44;4710&#44;4711&#44;4712&#44;4713&#44;4718&#44;4720&#44;4721&#44;4722&#44;4724&#44;4728&#44;4729&#44;4730&#44;4731&#44;4732&#44;4735&#44;4736&#44;4738&#44;4739&#44;4740&#44;4741&#44;4742&#44;4743&#44;4745&#44;4749&#44;4750&#44;4755&#44;4761&#44;4763&#44;4764&#44;4767&#44;4768&#44;4769&#44;4770&#44;4771&#44;4772&#44;4774&#44;4775&#44;4776&#44;4777&#44;4778&#44;4780&#44;4781&#44;4782&#44;4783&#44;4784&#44;4785&#44;4786&#44;4787&#44;4789&#44;4790&#44;4791&#44;4794&#44;4795&#44;4797&#44;4798&#44;4799&#44;4801&#44;4802&#44;4804&#44;4805&#44;4808&#44;4815&#44;4816&#44;4817&#44;4818&#44;4819&#44;4820&#44;4822&#44;4824&#44;4825&#44;4828&#44;4829&#44;4830&#44;4831&#44;4836&#44;4837&#44;4839&#44;4840&#44;4843&#44;4846&#44;4847&#44;4850&#44;4851&#44;4852&#44;4853&#44;4855&#44;4857&#44;4859&#44;4860&#44;4861&#44;4870&#44;4871&#44;4872&#44;4873&#44;4874&#44;4875&#44;4876&#44;4878&#44;4879&#44;4901&#44;4905&#44;4906&#44;4908&#44;4911&#44;4914&#44;4915&#44;4917&#44;4920&#44;4925&#44;4926&#44;4930&#44;4933&#44;4936&#44;4938&#44;4939&#44;4942&#44;4944&#44;4946&#44;4947&#44;4948&#44;4950&#44;4952&#44;4955&#44;4958&#44;4961&#44;4962&#44;4963&#44;4969&#44;4972&#44;4973&#44;4974&#44;4983&#44;4985&#44;4987&#44;4989&#44;4990&#44;4991&#44;4992&#44;4994&#44;4996&#44;4998&#44;4999&#44;6188&#44;6189&#44;6201&#44;6202&#44;6203&#44;6204&#44;6205&#44;6212&#44;6213&#44;6216&#44;6217&#44;6218&#44;6219&#44;6220&#44;6228&#44;6235&#44;6236&#44;6238&#44;6239&#44;6240&#44;6242&#44;6244&#44;6245&#44;6246&#44;6247&#44;6249&#44;6251&#44;6252&#44;6254&#44;6255&#44;6256&#44;6257&#44;6259&#44;6260&#44;6261&#44;6262&#44;6265&#44;6267&#44;6269&#44;6275&#44;6302&#44;6304&#44;6305&#44;6307&#44;6308&#44;6309&#44;6310&#44;6311&#44;6312&#44;6313&#44;6314&#44;6315&#44;6317&#44;6319&#44;6320&#44;6321&#44;6322&#44;6324&#44;6325&#44;6326&#44;6327&#44;6328&#44;6329&#44;6330&#44;6331&#44;6332&#44;6333&#44;6334&#44;6335&#44;6336&#44;6338&#44;6339&#44;6341&#44;6342&#44;6343&#44;6344&#44;6345&#44;6347&#44;6348&#44;6349&#44;6350&#44;6351&#44;6352&#44;6353&#44;6354&#44;6355&#44;6356&#44;6357&#44;6358&#44;6359&#44;6360&#44;6361&#44;6363&#44;6364&#44;6365&#44;6366&#44;6367&#44;6369&#44;6371&#44;6372&#44;6373&#44;6375&#44;6376&#44;6377&#44;6378&#44;6379&#44;6380&#44;6381&#44;6382&#44;6383&#44;6384&#44;6385&#44;6386&#44;6387&#44;6388&#44;6401&#44;6402&#44;6403&#44;6404&#44;6405&#44;6406&#44;6407&#44;6408&#44;6409&#44;6410&#44;6412&#44;6413&#44;6414&#44;6415&#44;6417&#44;6418&#44;6419&#44;6420&#44;6421&#44;6422&#44;6423&#44;6424&#44;6425&#44;6426&#44;6427&#44;6428&#44;6429&#44;6430&#44;6431&#44;6432&#44;6433&#44;6434&#44;6435&#44;6436&#44;6439&#44;6440&#44;6441&#44;6443&#44;6444&#44;6445&#44;6448&#44;6449&#44;6450&#44;6452&#44;6453&#44;6454&#44;6455&#44;6456&#44;6457&#44;6458&#44;6460&#44;6461&#44;6462&#44;6463&#44;6464&#44;6471&#44;6472&#44;6474&#44;6479&#44;6482&#44;6485&#44;6487&#44;6489&#44;6501&#44;6502&#44;6503&#44;6505&#44;6506&#44;6507&#44;6509&#44;6510&#44;6512&#44;6514&#44;6517&#44;6518&#44;6520&#44;6521&#44;6524&#44;6527&#44;6528&#44;6533&#44;6535&#44;6536&#44;6539&#44;6540&#44;6547&#44;6549&#44;6556&#44;6562&#44;6565&#44;6567&#44;6568&#44;6569&#44;6570&#44;6571&#44;6572&#44;6573&#44;6575&#44;6581&#44;6582&#44;6604&#44;6605&#44;6606&#44;6608&#44;6609&#44;6610&#44;6612&#44;6613&#44;6614&#44;6615&#44;6616&#44;6617&#44;6619&#44;6620&#44;6621&#44;6622&#44;6624&#44;6626&#44;6628&#44;6630&#44;6631&#44;6632&#44;6633&#44;6634&#44;6635&#44;6636&#44;6637&#44;6643&#44;6644&#44;6646&#44;6650&#44;6651&#44;6652&#44;6653&#44;6655&#44;6657&#44;6658&#44;6659&#44;6660&#44;6661&#44;6662&#44;6663&#44;6664&#44;6666&#44;6667&#44;6670&#44;6671&#44;6672&#44;6673&#44;6674&#44;6675&#44;6676&#44;6677&#44;6678&#44;6679&#44;6682&#44;6683&#44;6684&#44;6685&#44;6686&#44;6692&#44;6779&#44;6781&#44;6867&#44;6976&#44;6979&#44;7189&#44;7658&#44;7676&#44;8102&#44;8104&#44;8106&#44;8107&#44;8111&#44;8112&#44;8114&#44;8115&#44;8116&#44;8117&#44;8119&#44;8120&#44;8123&#44;8125&#44;8126&#44;8128&#44;8129&#44;8130&#44;8132&#44;8133&#44;8134&#44;8135&#44;8136&#44;8138&#44;8139&#44;8141&#44;8142&#44;8144&#44;8145&#44;8146&#44;8147&#44;8149&#44;8150&#44;8151&#44;8152&#44;8153&#44;8155&#44;8156&#44;8157&#44;8158&#44;8160&#44;8161&#44;8162&#44;8163&#44;8164&#44;8165&#44;8166&#44;8167&#44;8168&#44;8169&#44;8172&#44;8173&#44;8174&#44;8175&#44;8176&#44;8177&#44;8180&#44;8181&#44;8182&#44;8183&#44;8184&#44;8185&#44;8186&#44;8188&#44;8189&#44;8190&#44;8191&#44;8192&#44;8193&#44;8194&#44;8196&#44;8197&#44;8201&#44;8202&#44;8203&#44;8205&#44;8207&#44;8208&#44;8209&#44;8210&#44;8211&#44;8213&#44;8215&#44;8218&#44;8219&#44;8220&#44;8221&#44;8222&#44;8223&#44;8224&#44;8225&#44;8226&#44;8227&#44;8228&#44;8236&#44;8237&#44;8238&#44;8239&#44;8241&#44;8242&#44;8243&#44;8244&#44;8245&#44;8246&#44;8247&#44;8248&#44;8250&#44;8251&#44;8252&#44;8253&#44;8254&#44;8256&#44;8257&#44;8259&#44;8261&#44;8262&#44;8263&#44;8264&#44;8265&#44;8266&#44;8267&#44;8268&#44;8269&#44;8270&#44;8271&#44;8272&#44;8273&#44;8274&#44;8275&#44;8276&#44;8277&#44;8278&#44;8279&#44;8280&#44;8281&#44;8282&#44;8283&#44;8284&#44;8285&#44;8286&#44;8287&#44;8288&#44;8289&#44;8290&#44;8291&#44;8292&#44;8293&#44;8294&#44;8295&#44;8296&#44;8297&#44;8298&#44;8299&#44;""",9/15/20,9/10/20,Y
layouts,Bakery Dessert,"""37-2&#44;77-2""",,2020,9/7/20,1-NewFolderStructure/C037_C077_Bakery_Dessert/C77_C37_Dessert_Effective_09072020_Updated_09112020/,_C77_C37_Effective_09072020_Updated_09112020.pdf,"""6244&#44;""",9/15/20,9/11/20,Y
layouts,Bakery Pallets,"""37-4&#44;77-4""",,2020,9/7/20,1-NewFolderStructure/C037_C077_Bakery_Pallets/C37_77_Bakery_Pallets_Effective_09072020_Updated_09112020/,_C37_77_Bakery_Pallets_Effective_09072020_Updated_09112020.pdf,"""8225&#44;""",9/15/20,9/11/20,Y
layouts,HMS,79-2,,2020,9/7/20,1-NewFolderStructure/C079_HMS/C79_HMS_Effective_09072020_Update_09112020/,_C79_HMS_Effective_09072020_Update_09112020.pdf,"""4982&#44;6181&#44;6368&#44;6437&#44;""",9/15/20,9/11/20,Y
layouts,Bakery Tables,"""37&#44;77""",,2020,9/7/20,1-NewFolderStructure/C037_C077_Bakery_Tables/C37_77_Bakery_Tables_Effective_09072020_Updated_09152020/,_C37_77_Bakery_Tables_Effective_09072020_Updated_09152020.pdf,"""4741&#44;""",9/17/20,9/15/20,Y
layouts,HMS,79-2,,2020,9/7/20,1-NewFolderStructure/C079_HMS/C79_HMS_Effective_09072020_Update_09152020/,_C79_HMS_Effective_09072020_Update_09152020.pdf,"""6339&#44;8263&#44;""",9/15/20,9/15/20,Y
layouts,Bakery Tables,"""37&#44;77""",,2020,9/7/20,1-NewFolderStructure/C037_C077_Bakery_Tables/C37_77_Bakery_Tables_Effective_09072020_Updated_09172020/,_C37_77_Bakery_Tables_Effective_09072020_Updated_09172020.pdf,"""4761&#44;""",9/17/20,9/17/20,Y
layouts,HMS,79-2,,2020,9/7/20,1-NewFolderStructure/C079_HMS/C79_HMS_Effective_09072020_Update_09172020/,_C79_HMS_Effective_09072020_Update_09172020.pdf,"""4709&#44;""",9/17/20,9/17/20,Y
layouts,Café Grab and Go,79-3,,2020,9/7/20,1-NewFolderStructure/C079_Cafe_Grab_n_Go/C79_Cafe_Grab_and_Go_Effective_09072020_Update_09172020/,_C79_Cafe_Grab_and_Go_Effective_09072020_Update_09172020.pdf,"""4743&#44;""",9/17/20,9/17/20,Y
layouts,Sushi,79,,2020,9/7/20,1-NewFolderStructure/C079_Sushi/C79_Sushi_Effective_09072020_Update_09222020/,_C79_Sushi_Effective_09072020_Update_09222020.pdf,"""4805&#44;""",9/23/20,9/22/20,Y
layouts,HMS,79-2,,2020,9/7/20,1-NewFolderStructure/C079_HMS/C79 _HMS_Effective_09072020_Update_09222020/,_C79 _HMS_Effective_09072020_Update_09222020.pdf,"""4805&#44;6333&#44;6431&#44;""",9/23/20,9/22/20,Y
layouts,Deli,57,,2020,9/14/20,1-NewFolderStructure/C057_Deli/C57_Effective_09142020_Planogram_Update_08-17-2020/,_C57_Effective_09142020_Planogram_Update_08-17-2020.pdf,"""4109&#44;4702&#44;4703&#44;4704&#44;4707&#44;4709&#44;4710&#44;4711&#44;4712&#44;4713&#44;4718&#44;4720&#44;4721&#44;4722&#44;4724&#44;4728&#44;4729&#44;4730&#44;4731&#44;4732&#44;4735&#44;4736&#44;4738&#44;4739&#44;4740&#44;4741&#44;4742&#44;4743&#44;4745&#44;4749&#44;4750&#44;4755&#44;4761&#44;4763&#44;4764&#44;4767&#44;4768&#44;4769&#44;4770&#44;4771&#44;4772&#44;4774&#44;4775&#44;4776&#44;4777&#44;4778&#44;4780&#44;4781&#44;4782&#44;4783&#44;4784&#44;4785&#44;4786&#44;4787&#44;4789&#44;4790&#44;4791&#44;4794&#44;4795&#44;4797&#44;4798&#44;4799&#44;4801&#44;4802&#44;4804&#44;4805&#44;4808&#44;4815&#44;4816&#44;4817&#44;4818&#44;4819&#44;4820&#44;4822&#44;4824&#44;4825&#44;4828&#44;4829&#44;4830&#44;4831&#44;4836&#44;4837&#44;4839&#44;4840&#44;4843&#44;4846&#44;4847&#44;4850&#44;4851&#44;4852&#44;4853&#44;4855&#44;4857&#44;4859&#44;4860&#44;4861&#44;4866&#44;4870&#44;4871&#44;4872&#44;4873&#44;4874&#44;4875&#44;4876&#44;4878&#44;4879&#44;4901&#44;4905&#44;4906&#44;4908&#44;4911&#44;4914&#44;4915&#44;4917&#44;4920&#44;4925&#44;4926&#44;4930&#44;4933&#44;4936&#44;4938&#44;4939&#44;4942&#44;4944&#44;4946&#44;4947&#44;4948&#44;4950&#44;4952&#44;4955&#44;4958&#44;4961&#44;4962&#44;4963&#44;4969&#44;4972&#44;4973&#44;4974&#44;4982&#44;4983&#44;4985&#44;4987&#44;4989&#44;4990&#44;4991&#44;4992&#44;4994&#44;4996&#44;4998&#44;4999&#44;6181&#44;6188&#44;6189&#44;6201&#44;6202&#44;6203&#44;6204&#44;6205&#44;6212&#44;6213&#44;6216&#44;6217&#44;6218&#44;6219&#44;6220&#44;6225&#44;6228&#44;6235&#44;6236&#44;6238&#44;6239&#44;6240&#44;6242&#44;6244&#44;6245&#44;6246&#44;6247&#44;6249&#44;6251&#44;6252&#44;6254&#44;6255&#44;6256&#44;6257&#44;6259&#44;6260&#44;6262&#44;6265&#44;6267&#44;6269&#44;6270&#44;6275&#44;6302&#44;6304&#44;6305&#44;6307&#44;6308&#44;6309&#44;6310&#44;6311&#44;6312&#44;6313&#44;6314&#44;6315&#44;6317&#44;6319&#44;6320&#44;6321&#44;6322&#44;6324&#44;6325&#44;6326&#44;6327&#44;6328&#44;6329&#44;6330&#44;6331&#44;6332&#44;6333&#44;6334&#44;6335&#44;6336&#44;6338&#44;6339&#44;6341&#44;6342&#44;6343&#44;6344&#44;6345&#44;6347&#44;6348&#44;6349&#44;6350&#44;6351&#44;6352&#44;6353&#44;6354&#44;6355&#44;6356&#44;6357&#44;6358&#44;6359&#44;6360&#44;6361&#44;6363&#44;6364&#44;6365&#44;6366&#44;6367&#44;6368&#44;6369&#44;6371&#44;6372&#44;6373&#44;6375&#44;6376&#44;6377&#44;6378&#44;6379&#44;6380&#44;6381&#44;6382&#44;6383&#44;6384&#44;6385&#44;6386&#44;6387&#44;6388&#44;6401&#44;6402&#44;6403&#44;6404&#44;6405&#44;6406&#44;6407&#44;6408&#44;6409&#44;6410&#44;6412&#44;6413&#44;6414&#44;6415&#44;6417&#44;6418&#44;6419&#44;6420&#44;6421&#44;6422&#44;6423&#44;6424&#44;6425&#44;6426&#44;6427&#44;6428&#44;6429&#44;6430&#44;6431&#44;6432&#44;6433&#44;6434&#44;6435&#44;6436&#44;6437&#44;6439&#44;6440&#44;6441&#44;6443&#44;6444&#44;6445&#44;6448&#44;6449&#44;6450&#44;6452&#44;6453&#44;6454&#44;6455&#44;6456&#44;6457&#44;6458&#44;6460&#44;6461&#44;6462&#44;6463&#44;6464&#44;6471&#44;6472&#44;6474&#44;6479&#44;6482&#44;6485&#44;6487&#44;6489&#44;6501&#44;6502&#44;6503&#44;6505&#44;6506&#44;6507&#44;6509&#44;6510&#44;6512&#44;6514&#44;6517&#44;6518&#44;6520&#44;6521&#44;6524&#44;6527&#44;6528&#44;6533&#44;6535&#44;6536&#44;6539&#44;6540&#44;6543&#44;6547&#44;6549&#44;6556&#44;6562&#44;6565&#44;6567&#44;6568&#44;6569&#44;6570&#44;6571&#44;6572&#44;6573&#44;6575&#44;6581&#44;6582&#44;6604&#44;6605&#44;6606&#44;6608&#44;6609&#44;6610&#44;6612&#44;6613&#44;6614&#44;6616&#44;6617&#44;6619&#44;6620&#44;6621&#44;6622&#44;6624&#44;6626&#44;6628&#44;6630&#44;6631&#44;6632&#44;6633&#44;6634&#44;6635&#44;6636&#44;6637&#44;6643&#44;6644&#44;6646&#44;6650&#44;6651&#44;6652&#44;6653&#44;6655&#44;6657&#44;6658&#44;6659&#44;6660&#44;6661&#44;6662&#44;6663&#44;6664&#44;6666&#44;6667&#44;6670&#44;6671&#44;6672&#44;6673&#44;6674&#44;6675&#44;6676&#44;6677&#44;6678&#44;6679&#44;6680&#44;6682&#44;6683&#44;6684&#44;6685&#44;6686&#44;6689&#44;6690&#44;6692&#44;6693&#44;6779&#44;6781&#44;6867&#44;6976&#44;6979&#44;7189&#44;7658&#44;7676&#44;8102&#44;8104&#44;8106&#44;8107&#44;8111&#44;8112&#44;8114&#44;8115&#44;8116&#44;8117&#44;8119&#44;8120&#44;8123&#44;8125&#44;8126&#44;8128&#44;8129&#44;8130&#44;8132&#44;8133&#44;8134&#44;8135&#44;8136&#44;8138&#44;8139&#44;8141&#44;8142&#44;8144&#44;8145&#44;8146&#44;8147&#44;8149&#44;8150&#44;8151&#44;8152&#44;8153&#44;8155&#44;8156&#44;8157&#44;8158&#44;8160&#44;8161&#44;8162&#44;8163&#44;8164&#44;8165&#44;8166&#44;8167&#44;8168&#44;8169&#44;8172&#44;8173&#44;8174&#44;8175&#44;8176&#44;8177&#44;8180&#44;8181&#44;8182&#44;8183&#44;8184&#44;8185&#44;8186&#44;8188&#44;8189&#44;8190&#44;8191&#44;8192&#44;8193&#44;8194&#44;8196&#44;8197&#44;8201&#44;8202&#44;8203&#44;8205&#44;8207&#44;8208&#44;8209&#44;8210&#44;8211&#44;8213&#44;8215&#44;8218&#44;8219&#44;8220&#44;8221&#44;8222&#44;8223&#44;8224&#44;8225&#44;8226&#44;8227&#44;8228&#44;8236&#44;8237&#44;8238&#44;8239&#44;8241&#44;8242&#44;8243&#44;8244&#44;8245&#44;8246&#44;8247&#44;8248&#44;8250&#44;8251&#44;8252&#44;8253&#44;8254&#44;8256&#44;8257&#44;8259&#44;8261&#44;8262&#44;8263&#44;8264&#44;8265&#44;8266&#44;8267&#44;8268&#44;8269&#44;8270&#44;8271&#44;8272&#44;8273&#44;8274&#44;8275&#44;8276&#44;8277&#44;8278&#44;8279&#44;8280&#44;8281&#44;8282&#44;8283&#44;8284&#44;8285&#44;8286&#44;8287&#44;8288&#44;8289&#44;8290&#44;8291&#44;8292&#44;8293&#44;8294&#44;8295&#44;8296&#44;8297&#44;8298&#44;8299&#44;""",9/8/20,8/17/20,N
layouts,Deli,57,,2020,9/14/20,1-NewFolderStructure/C057_Deli/C57_Effective_09142020_Planogram_Update_08-31-2020/,_C57_Effective_09142020_Planogram_Update_08-31-2020.pdf,"""6261&#44;""",9/17/20,8/31/20,N
layouts,Deli,57,,2020,9/14/20,1-NewFolderStructure/C057_Deli/C57_Effective_09142020_Planogram_Update_09-18-2020/,_C57_Effective_09142020_Planogram_Update_09-18-2020.pdf,"""6615&#44;""",9/23/20,9/18/20,N
layouts,Automotive,10,,2020,9/28/20,1-NewFolderStructure/C010_Automotive/C10_Effective_092820_Planogram_Updated_090420/,_C10_Effective_092820_Planogram_Updated_090420.pdf,"""4704&#44;4732&#44;4829&#44;6235&#44;6634&#44;6676&#44;""",9/21/20,9/4/20,N
layouts,Meat and Seafood,"""72&#44;76&#44;93""",,2020,9/28/20,1-NewFolderStructure/C076_C072_C093_Fresh_Meat_Seafood/C72_C76_C93_Effective_10052020_Planogram_Updated_09082020/,_C72_C76_C93_Effective_10052020_Planogram_Updated_09082020.pdf,"""4109&#44;4702&#44;4703&#44;4704&#44;4707&#44;4709&#44;4710&#44;4711&#44;4712&#44;4713&#44;4718&#44;4720&#44;4721&#44;4724&#44;4728&#44;4729&#44;4730&#44;4731&#44;4732&#44;4735&#44;4736&#44;4738&#44;4739&#44;4740&#44;4741&#44;4742&#44;4743&#44;4745&#44;4749&#44;4750&#44;4755&#44;4761&#44;4763&#44;4764&#44;4767&#44;4768&#44;4769&#44;4770&#44;4772&#44;4774&#44;4775&#44;4776&#44;4777&#44;4778&#44;4780&#44;4781&#44;4782&#44;4783&#44;4784&#44;4785&#44;4786&#44;4787&#44;4789&#44;4790&#44;4791&#44;4794&#44;4795&#44;4797&#44;4798&#44;4799&#44;4801&#44;4802&#44;4804&#44;4805&#44;4808&#44;4815&#44;4816&#44;4817&#44;4818&#44;4819&#44;4820&#44;4822&#44;4824&#44;4825&#44;4828&#44;4829&#44;4830&#44;4831&#44;4836&#44;4837&#44;4839&#44;4840&#44;4843&#44;4846&#44;4847&#44;4850&#44;4851&#44;4852&#44;4853&#44;4857&#44;4859&#44;4860&#44;4861&#44;4866&#44;4870&#44;4871&#44;4872&#44;4873&#44;4874&#44;4875&#44;4876&#44;4878&#44;4879&#44;4901&#44;4905&#44;4906&#44;4908&#44;4911&#44;4914&#44;4915&#44;4917&#44;4920&#44;4925&#44;4926&#44;4930&#44;4933&#44;4936&#44;4938&#44;4942&#44;4944&#44;4946&#44;4947&#44;4948&#44;4950&#44;4952&#44;4955&#44;4958&#44;4961&#44;4962&#44;4963&#44;4969&#44;4972&#44;4973&#44;4974&#44;4982&#44;4983&#44;4985&#44;4987&#44;4989&#44;4990&#44;4991&#44;4992&#44;4994&#44;4996&#44;4998&#44;4999&#44;6181&#44;6188&#44;6189&#44;6201&#44;6202&#44;6203&#44;6204&#44;6205&#44;6212&#44;6213&#44;6216&#44;6217&#44;6218&#44;6219&#44;6220&#44;6225&#44;6228&#44;6235&#44;6236&#44;6238&#44;6240&#44;6242&#44;6245&#44;6246&#44;6247&#44;6249&#44;6251&#44;6252&#44;6254&#44;6255&#44;6256&#44;6257&#44;6259&#44;6260&#44;6261&#44;6262&#44;6265&#44;6267&#44;6269&#44;6270&#44;6275&#44;6302&#44;6304&#44;6305&#44;6307&#44;6308&#44;6309&#44;6310&#44;6311&#44;6312&#44;6313&#44;6314&#44;6315&#44;6317&#44;6319&#44;6320&#44;6321&#44;6322&#44;6324&#44;6325&#44;6326&#44;6327&#44;6328&#44;6329&#44;6331&#44;6333&#44;6334&#44;6335&#44;6336&#44;6338&#44;6339&#44;6341&#44;6342&#44;6343&#44;6344&#44;6345&#44;6347&#44;6348&#44;6349&#44;6350&#44;6351&#44;6352&#44;6353&#44;6354&#44;6355&#44;6356&#44;6357&#44;6358&#44;6359&#44;6360&#44;6361&#44;6363&#44;6364&#44;6365&#44;6366&#44;6367&#44;6368&#44;6369&#44;6371&#44;6372&#44;6373&#44;6375&#44;6376&#44;6377&#44;6378&#44;6379&#44;6380&#44;6381&#44;6382&#44;6384&#44;6385&#44;6386&#44;6387&#44;6388&#44;6401&#44;6402&#44;6403&#44;6404&#44;6405&#44;6406&#44;6407&#44;6408&#44;6409&#44;6410&#44;6412&#44;6413&#44;6414&#44;6415&#44;6417&#44;6418&#44;6419&#44;6420&#44;6421&#44;6422&#44;6423&#44;6424&#44;6425&#44;6426&#44;6427&#44;6428&#44;6429&#44;6430&#44;6431&#44;6432&#44;6433&#44;6434&#44;6435&#44;6436&#44;6437&#44;6439&#44;6440&#44;6441&#44;6443&#44;6445&#44;6448&#44;6449&#44;6450&#44;6452&#44;6453&#44;6454&#44;6455&#44;6456&#44;6457&#44;6458&#44;6460&#44;6461&#44;6462&#44;6463&#44;6464&#44;6471&#44;6472&#44;6474&#44;6479&#44;6482&#44;6485&#44;6487&#44;6489&#44;6501&#44;6502&#44;6503&#44;6505&#44;6506&#44;6507&#44;6509&#44;6510&#44;6512&#44;6514&#44;6517&#44;6518&#44;6520&#44;6521&#44;6524&#44;6527&#44;6528&#44;6533&#44;6535&#44;6539&#44;6540&#44;6543&#44;6549&#44;6556&#44;6562&#44;6565&#44;6568&#44;6569&#44;6570&#44;6571&#44;6572&#44;6573&#44;6575&#44;6582&#44;6604&#44;6605&#44;6606&#44;6608&#44;6609&#44;6610&#44;6612&#44;6613&#44;6614&#44;6615&#44;6616&#44;6617&#44;6619&#44;6621&#44;6622&#44;6624&#44;6626&#44;6628&#44;6630&#44;6631&#44;6632&#44;6633&#44;6634&#44;6635&#44;6636&#44;6637&#44;6643&#44;6644&#44;6646&#44;6652&#44;6653&#44;6655&#44;6657&#44;6658&#44;6659&#44;6660&#44;6661&#44;6662&#44;6663&#44;6664&#44;6666&#44;6667&#44;6671&#44;6672&#44;6673&#44;6674&#44;6675&#44;6677&#44;6678&#44;6679&#44;6680&#44;6682&#44;6683&#44;6684&#44;6685&#44;6686&#44;6689&#44;6690&#44;6692&#44;6779&#44;6781&#44;6867&#44;6976&#44;6979&#44;7189&#44;7658&#44;7676&#44;8102&#44;8104&#44;8106&#44;8107&#44;8111&#44;8112&#44;8114&#44;8115&#44;8116&#44;8117&#44;8119&#44;8120&#44;8123&#44;8125&#44;8126&#44;8128&#44;8129&#44;8130&#44;8132&#44;8133&#44;8134&#44;8135&#44;8136&#44;8138&#44;8139&#44;8141&#44;8142&#44;8146&#44;8147&#44;8150&#44;8151&#44;8152&#44;8155&#44;8156&#44;8157&#44;8158&#44;8162&#44;8163&#44;8164&#44;8165&#44;8166&#44;8167&#44;8168&#44;8169&#44;8172&#44;8173&#44;8174&#44;8176&#44;8177&#44;8180&#44;8181&#44;8182&#44;8183&#44;8184&#44;8185&#44;8186&#44;8188&#44;8189&#44;8190&#44;8192&#44;8193&#44;8194&#44;8196&#44;8197&#44;8201&#44;8202&#44;8203&#44;8205&#44;8207&#44;8208&#44;8209&#44;8210&#44;8211&#44;8213&#44;8215&#44;8218&#44;8219&#44;8220&#44;8221&#44;8222&#44;8223&#44;8224&#44;8225&#44;8226&#44;8227&#44;8228&#44;8236&#44;8237&#44;8238&#44;8239&#44;8241&#44;8242&#44;8243&#44;8244&#44;8245&#44;8246&#44;8247&#44;8248&#44;8250&#44;8251&#44;8252&#44;8253&#44;8254&#44;8256&#44;8257&#44;8259&#44;8261&#44;8262&#44;8263&#44;8264&#44;8265&#44;8266&#44;8267&#44;8268&#44;8269&#44;8270&#44;8271&#44;8272&#44;8273&#44;8274&#44;8275&#44;8276&#44;8277&#44;8278&#44;8279&#44;8280&#44;8281&#44;8282&#44;8283&#44;8284&#44;8285&#44;8286&#44;8287&#44;8288&#44;8289&#44;8290&#44;8291&#44;8292&#44;8293&#44;8294&#44;8295&#44;8296&#44;8297&#44;8298&#44;8299&#44;""",9/24/20,9/8/20,N
layouts,Bakery Tables,"""37&#44;77""",,2020,9/28/20,1-NewFolderStructure/C037_C077_Bakery_Tables/C37_77_Bakery_Tables_Effective_09282020_Updated_09112020/,_C37_77_Bakery_Tables_Effective_09282020_Updated_09112020.pdf,"""4704&#44;4732&#44;4829&#44;6235&#44;6634&#44;6676&#44;""",9/21/20,9/11/20,N
layouts,Bakery Dessert,"""37-2&#44;77-2""",,2020,9/28/20,1-NewFolderStructure/C037_C077_Bakery_Dessert/C77_C37_Dessert_Effective_09282020_Updated_09112020/,_C77_C37_Effective_09282020_Updated_09112020.pdf,"""4704&#44;4732&#44;4829&#44;6235&#44;6634&#44;6676&#44;""",9/21/20,9/11/20,N
layouts,Cake Case,"""37-3&#44;77-3""",,2020,9/28/20,1-NewFolderStructure/C037_C077_Cake_Case/C77_C37_Cake_Effective_09282020_Updated_09112020/,_C77_C37_Effective_09282020_Updated_09112020.pdf,"""4704&#44;4732&#44;4829&#44;6235&#44;6634&#44;6676&#44;""",9/21/20,9/11/20,N
layouts,Bakery Pallets,"""37-4&#44;77-4""",,2020,9/28/20,1-NewFolderStructure/C037_C077_Bakery_Pallets/C37_77_Bakery_Pallets_Effective_09282020_Updated_09112020/,_C37_77_Bakery_Pallets_Effective_09282020_Updated_09112020.pdf,"""4704&#44;4732&#44;4829&#44;6235&#44;6634&#44;6676&#44;""",9/21/20,9/11/20,N
layouts,Deli,57,,2020,9/28/20,1-NewFolderStructure/C057_Deli/C57_Effective_09282020_Planogram_Update_09-25-2020/,_C57_Effective_09282020_Planogram_Update_09-25-2020.pdf,"""4109&#44;4702&#44;4703&#44;4704&#44;4707&#44;4709&#44;4710&#44;4711&#44;4712&#44;4713&#44;4718&#44;4720&#44;4721&#44;4722&#44;4724&#44;4728&#44;4729&#44;4730&#44;4731&#44;4732&#44;4735&#44;4736&#44;4738&#44;4739&#44;4740&#44;4741&#44;4742&#44;4743&#44;4745&#44;4749&#44;4750&#44;4755&#44;4761&#44;4763&#44;4764&#44;4767&#44;4768&#44;4769&#44;4770&#44;4771&#44;4774&#44;4775&#44;4776&#44;4777&#44;4778&#44;4780&#44;4782&#44;4783&#44;4784&#44;4785&#44;4786&#44;4787&#44;4789&#44;4790&#44;4791&#44;4794&#44;4795&#44;4797&#44;4798&#44;4799&#44;4801&#44;4802&#44;4804&#44;4805&#44;4808&#44;4815&#44;4816&#44;4817&#44;4818&#44;4819&#44;4820&#44;4822&#44;4824&#44;4825&#44;4828&#44;4829&#44;4830&#44;4831&#44;4836&#44;4837&#44;4839&#44;4840&#44;4843&#44;4846&#44;4847&#44;4850&#44;4851&#44;4852&#44;4853&#44;4855&#44;4857&#44;4859&#44;4860&#44;4861&#44;4866&#44;4870&#44;4871&#44;4872&#44;4873&#44;4874&#44;4875&#44;4876&#44;4878&#44;4879&#44;4901&#44;4905&#44;4906&#44;4908&#44;4911&#44;4914&#44;4915&#44;4917&#44;4920&#44;4925&#44;4926&#44;4930&#44;4933&#44;4936&#44;4938&#44;4942&#44;4944&#44;4946&#44;4947&#44;4948&#44;4950&#44;4952&#44;4955&#44;4958&#44;4961&#44;4962&#44;4963&#44;4969&#44;4972&#44;4973&#44;4974&#44;4982&#44;4983&#44;4985&#44;4987&#44;4989&#44;4990&#44;4991&#44;4992&#44;4994&#44;4996&#44;4998&#44;4999&#44;6181&#44;6188&#44;6189&#44;6201&#44;6202&#44;6203&#44;6204&#44;6205&#44;6212&#44;6213&#44;6216&#44;6217&#44;6218&#44;6219&#44;6220&#44;6225&#44;6228&#44;6235&#44;6236&#44;6238&#44;6239&#44;6240&#44;6242&#44;6244&#44;6245&#44;6246&#44;6247&#44;6249&#44;6251&#44;6252&#44;6254&#44;6255&#44;6256&#44;6257&#44;6259&#44;6260&#44;6261&#44;6262&#44;6265&#44;6267&#44;6269&#44;6270&#44;6275&#44;6302&#44;6304&#44;6305&#44;6307&#44;6308&#44;6309&#44;6310&#44;6311&#44;6312&#44;6313&#44;6314&#44;6315&#44;6317&#44;6319&#44;6320&#44;6321&#44;6322&#44;6324&#44;6325&#44;6326&#44;6327&#44;6328&#44;6329&#44;6330&#44;6331&#44;6332&#44;6333&#44;6334&#44;6335&#44;6336&#44;6338&#44;6339&#44;6341&#44;6342&#44;6343&#44;6344&#44;6345&#44;6347&#44;6348&#44;6349&#44;6350&#44;6351&#44;6352&#44;6353&#44;6354&#44;6355&#44;6356&#44;6357&#44;6358&#44;6359&#44;6360&#44;6361&#44;6363&#44;6364&#44;6365&#44;6366&#44;6367&#44;6368&#44;6369&#44;6371&#44;6372&#44;6373&#44;6375&#44;6376&#44;6377&#44;6378&#44;6379&#44;6380&#44;6381&#44;6382&#44;6383&#44;6384&#44;6385&#44;6386&#44;6387&#44;6388&#44;6401&#44;6402&#44;6403&#44;6404&#44;6405&#44;6406&#44;6407&#44;6408&#44;6409&#44;6410&#44;6412&#44;6413&#44;6414&#44;6415&#44;6417&#44;6418&#44;6419&#44;6420&#44;6421&#44;6422&#44;6423&#44;6424&#44;6425&#44;6426&#44;6427&#44;6428&#44;6429&#44;6430&#44;6431&#44;6432&#44;6433&#44;6434&#44;6435&#44;6436&#44;6437&#44;6439&#44;6440&#44;6441&#44;6443&#44;6444&#44;6445&#44;6448&#44;6449&#44;6450&#44;6452&#44;6453&#44;6454&#44;6455&#44;6456&#44;6457&#44;6458&#44;6460&#44;6461&#44;6462&#44;6463&#44;6464&#44;6471&#44;6472&#44;6474&#44;6479&#44;6482&#44;6485&#44;6487&#44;6489&#44;6501&#44;6502&#44;6503&#44;6505&#44;6506&#44;6507&#44;6509&#44;6510&#44;6512&#44;6514&#44;6517&#44;6518&#44;6520&#44;6521&#44;6524&#44;6527&#44;6528&#44;6533&#44;6535&#44;6536&#44;6539&#44;6540&#44;6543&#44;6547&#44;6549&#44;6556&#44;6562&#44;6565&#44;6567&#44;6568&#44;6569&#44;6570&#44;6571&#44;6572&#44;6573&#44;6575&#44;6581&#44;6582&#44;6604&#44;6605&#44;6606&#44;6608&#44;6609&#44;6610&#44;6612&#44;6613&#44;6614&#44;6615&#44;6616&#44;6617&#44;6619&#44;6620&#44;6621&#44;6622&#44;6624&#44;6626&#44;6630&#44;6631&#44;6632&#44;6633&#44;6634&#44;6635&#44;6636&#44;6637&#44;6643&#44;6644&#44;6646&#44;6650&#44;6651&#44;6652&#44;6653&#44;6655&#44;6657&#44;6658&#44;6659&#44;6660&#44;6661&#44;6662&#44;6663&#44;6664&#44;6666&#44;6667&#44;6670&#44;6671&#44;6672&#44;6673&#44;6674&#44;6675&#44;6676&#44;6677&#44;6678&#44;6679&#44;6680&#44;6682&#44;6683&#44;6684&#44;6685&#44;6686&#44;6689&#44;6690&#44;6692&#44;6693&#44;6779&#44;6781&#44;6867&#44;6976&#44;6979&#44;7189&#44;7658&#44;7676&#44;8102&#44;8104&#44;8106&#44;8107&#44;8111&#44;8112&#44;8114&#44;8115&#44;8116&#44;8117&#44;8119&#44;8120&#44;8123&#44;8125&#44;8126&#44;8128&#44;8129&#44;8130&#44;8132&#44;8133&#44;8134&#44;8135&#44;8136&#44;8138&#44;8139&#44;8141&#44;8142&#44;8144&#44;8145&#44;8146&#44;8147&#44;8149&#44;8150&#44;8151&#44;8152&#44;8153&#44;8155&#44;8156&#44;8157&#44;8158&#44;8160&#44;8161&#44;8162&#44;8163&#44;8164&#44;8165&#44;8166&#44;8167&#44;8168&#44;8169&#44;8172&#44;8173&#44;8174&#44;8175&#44;8176&#44;8177&#44;8180&#44;8181&#44;8182&#44;8183&#44;8184&#44;8185&#44;8186&#44;8188&#44;8189&#44;8190&#44;8191&#44;8192&#44;8193&#44;8194&#44;8196&#44;8197&#44;8201&#44;8202&#44;8203&#44;8205&#44;8207&#44;8208&#44;8209&#44;8210&#44;8211&#44;8213&#44;8215&#44;8218&#44;8219&#44;8220&#44;8221&#44;8222&#44;8223&#44;8224&#44;8225&#44;8226&#44;8227&#44;8228&#44;8236&#44;8237&#44;8238&#44;8239&#44;8241&#44;8242&#44;8243&#44;8244&#44;8245&#44;8246&#44;8247&#44;8248&#44;8250&#44;8251&#44;8252&#44;8253&#44;8254&#44;8256&#44;8257&#44;8259&#44;8261&#44;8262&#44;8263&#44;8264&#44;8265&#44;8266&#44;8267&#44;8268&#44;8269&#44;8270&#44;8271&#44;8272&#44;8273&#44;8274&#44;8275&#44;8276&#44;8277&#44;8278&#44;8279&#44;8280&#44;8281&#44;8282&#44;8283&#44;8284&#44;8285&#44;8286&#44;8287&#44;8288&#44;8289&#44;8290&#44;8291&#44;8292&#44;8293&#44;8294&#44;8295&#44;8296&#44;8297&#44;8298&#44;8299&#44;""",9/29/20,9/25/20,N
layouts,Meat and Seafood,"""72&#44;76&#44;93""",,2020,9/28/20,1-NewFolderStructure/C076_C072_C093_Fresh_Meat_Seafood/C72_C76_C93_Effective_10052020_Planogram_Updated_09282020/,_C72_C76_C93_Effective_10052020_Planogram_Updated_09282020.pdf,"""4722&#44;4771&#44;4855&#44;4939&#44;4994&#44;6239&#44;6244&#44;6330&#44;6332&#44;6383&#44;6536&#44;6547&#44;6567&#44;6581&#44;6650&#44;6651&#44;6670&#44;6676&#44;6693&#44;8144&#44;8145&#44;8149&#44;8160&#44;8161&#44;8175&#44;8191&#44;""",9/30/20,9/28/20,N
layouts,Deli,57,,2020,9/28/20,1-NewFolderStructure/C057_Deli/C57_Effective_09282020_Planogram_Update_10-02-2020/,_C57_Effective_09282020_Planogram_Update_10-02-2020.pdf,"""4772&#44;4781&#44;4939&#44;""",10/5/20,10/2/20,N
layouts,Deli,57,,2020,9/28/20,1-NewFolderStructure/C057_Deli/C57_Effective_09282020_Planogram_Update_10-09-2020/,_C57_Effective_09282020_Planogram_Update_10-09-2020.pdf,"""6628&#44;""",10/16/20,10/9/20,N
layouts,Bakery Dessert,"""37-2&#44;77-2""",,2020,10/5/20,1-NewFolderStructure/C037_C077_Bakery_Dessert/C77_C37_Dessert_Effective_10052020_Updated_09252020/,_C77_C37_Effective_10052020_Updated_09252020.pdf,"""4109&#44;4702&#44;4703&#44;4704&#44;4707&#44;4709&#44;4710&#44;4711&#44;4712&#44;4713&#44;4718&#44;4720&#44;4721&#44;4722&#44;4724&#44;4728&#44;4729&#44;4730&#44;4731&#44;4732&#44;4735&#44;4736&#44;4738&#44;4739&#44;4740&#44;4741&#44;4742&#44;4743&#44;4745&#44;4749&#44;4750&#44;4755&#44;4761&#44;4763&#44;4764&#44;4767&#44;4768&#44;4769&#44;4770&#44;4771&#44;4772&#44;4774&#44;4775&#44;4776&#44;4777&#44;4778&#44;4780&#44;4781&#44;4782&#44;4783&#44;4784&#44;4785&#44;4786&#44;4787&#44;4789&#44;4790&#44;4791&#44;4794&#44;4795&#44;4797&#44;4798&#44;4799&#44;4801&#44;4802&#44;4804&#44;4805&#44;4808&#44;4815&#44;4816&#44;4817&#44;4818&#44;4819&#44;4820&#44;4822&#44;4824&#44;4825&#44;4828&#44;4829&#44;4830&#44;4831&#44;4836&#44;4837&#44;4839&#44;4840&#44;4843&#44;4846&#44;4847&#44;4850&#44;4851&#44;4852&#44;4853&#44;4855&#44;4857&#44;4859&#44;4860&#44;4861&#44;4866&#44;4870&#44;4872&#44;4873&#44;4874&#44;4875&#44;4876&#44;4878&#44;4879&#44;4901&#44;4905&#44;4906&#44;4911&#44;4914&#44;4915&#44;4917&#44;4920&#44;4925&#44;4926&#44;4933&#44;4936&#44;4938&#44;4939&#44;4942&#44;4944&#44;4946&#44;4947&#44;4948&#44;4950&#44;4952&#44;4955&#44;4958&#44;4961&#44;4962&#44;4963&#44;4969&#44;4972&#44;4973&#44;4974&#44;4982&#44;4983&#44;4985&#44;4987&#44;4989&#44;4990&#44;4991&#44;4992&#44;4994&#44;4996&#44;4998&#44;4999&#44;6181&#44;6188&#44;6189&#44;6201&#44;6202&#44;6203&#44;6204&#44;6205&#44;6212&#44;6213&#44;6216&#44;6217&#44;6218&#44;6219&#44;6220&#44;6225&#44;6228&#44;6235&#44;6236&#44;6238&#44;6239&#44;6240&#44;6242&#44;6244&#44;6245&#44;6246&#44;6247&#44;6249&#44;6251&#44;6252&#44;6254&#44;6255&#44;6256&#44;6257&#44;6259&#44;6260&#44;6261&#44;6262&#44;6265&#44;6267&#44;6269&#44;6270&#44;6275&#44;6302&#44;6304&#44;6305&#44;6307&#44;6308&#44;6309&#44;6310&#44;6311&#44;6312&#44;6313&#44;6314&#44;6315&#44;6317&#44;6319&#44;6320&#44;6321&#44;6322&#44;6324&#44;6325&#44;6326&#44;6327&#44;6328&#44;6329&#44;6330&#44;6331&#44;6332&#44;6333&#44;6334&#44;6335&#44;6336&#44;6338&#44;6339&#44;6341&#44;6342&#44;6343&#44;6344&#44;6345&#44;6347&#44;6348&#44;6349&#44;6350&#44;6351&#44;6352&#44;6353&#44;6354&#44;6355&#44;6356&#44;6357&#44;6358&#44;6359&#44;6360&#44;6361&#44;6363&#44;6364&#44;6365&#44;6366&#44;6367&#44;6368&#44;6369&#44;6371&#44;6372&#44;6373&#44;6375&#44;6376&#44;6378&#44;6379&#44;6380&#44;6381&#44;6382&#44;6383&#44;6384&#44;6386&#44;6387&#44;6388&#44;6401&#44;6402&#44;6403&#44;6404&#44;6405&#44;6406&#44;6407&#44;6408&#44;6409&#44;6410&#44;6412&#44;6413&#44;6414&#44;6415&#44;6418&#44;6419&#44;6420&#44;6421&#44;6422&#44;6423&#44;6425&#44;6426&#44;6427&#44;6428&#44;6429&#44;6431&#44;6433&#44;6434&#44;6435&#44;6436&#44;6437&#44;6439&#44;6440&#44;6441&#44;6443&#44;6444&#44;6445&#44;6448&#44;6449&#44;6450&#44;6452&#44;6453&#44;6454&#44;6455&#44;6456&#44;6457&#44;6458&#44;6460&#44;6462&#44;6463&#44;6464&#44;6472&#44;6474&#44;6479&#44;6482&#44;6485&#44;6487&#44;6489&#44;6501&#44;6502&#44;6503&#44;6505&#44;6506&#44;6507&#44;6509&#44;6512&#44;6517&#44;6518&#44;6520&#44;6521&#44;6524&#44;6527&#44;6528&#44;6535&#44;6536&#44;6539&#44;6540&#44;6543&#44;6547&#44;6549&#44;6562&#44;6565&#44;6569&#44;6570&#44;6571&#44;6572&#44;6573&#44;6575&#44;6581&#44;6582&#44;6604&#44;6605&#44;6606&#44;6608&#44;6609&#44;6610&#44;6612&#44;6613&#44;6614&#44;6615&#44;6616&#44;6617&#44;6619&#44;6620&#44;6621&#44;6622&#44;6624&#44;6626&#44;6628&#44;6630&#44;6631&#44;6632&#44;6633&#44;6634&#44;6635&#44;6636&#44;6637&#44;6643&#44;6644&#44;6646&#44;6650&#44;6651&#44;6652&#44;6653&#44;6655&#44;6657&#44;6658&#44;6659&#44;6660&#44;6661&#44;6662&#44;6663&#44;6664&#44;6666&#44;6667&#44;6670&#44;6671&#44;6672&#44;6673&#44;6674&#44;6675&#44;6676&#44;6677&#44;6678&#44;6679&#44;6680&#44;6682&#44;6683&#44;6684&#44;6685&#44;6686&#44;6689&#44;6690&#44;6692&#44;6693&#44;6779&#44;6781&#44;6867&#44;6976&#44;6979&#44;7189&#44;7658&#44;7676&#44;8102&#44;8104&#44;8106&#44;8107&#44;8111&#44;8112&#44;8114&#44;8115&#44;8116&#44;8117&#44;8119&#44;8120&#44;8123&#44;8125&#44;8126&#44;8128&#44;8129&#44;8130&#44;8132&#44;8133&#44;8134&#44;8135&#44;8136&#44;8138&#44;8139&#44;8141&#44;8142&#44;8144&#44;8145&#44;8146&#44;8147&#44;8149&#44;8150&#44;8151&#44;8152&#44;8153&#44;8155&#44;8156&#44;8157&#44;8158&#44;8160&#44;8161&#44;8162&#44;8163&#44;8164&#44;8165&#44;8166&#44;8167&#44;8168&#44;8169&#44;8172&#44;8173&#44;8174&#44;8175&#44;8176&#44;8177&#44;8181&#44;8182&#44;8183&#44;8184&#44;8185&#44;8186&#44;8188&#44;8190&#44;8191&#44;8192&#44;8193&#44;8194&#44;8196&#44;8197&#44;8201&#44;8202&#44;8203&#44;8205&#44;8207&#44;8208&#44;8209&#44;8210&#44;8211&#44;8213&#44;8215&#44;8218&#44;8219&#44;8220&#44;8221&#44;8222&#44;8223&#44;8224&#44;8225&#44;8226&#44;8227&#44;8228&#44;8236&#44;8237&#44;8238&#44;8239&#44;8241&#44;8242&#44;8243&#44;8244&#44;8245&#44;8246&#44;8247&#44;8248&#44;8250&#44;8251&#44;8252&#44;8253&#44;8254&#44;8256&#44;8257&#44;8259&#44;8261&#44;8262&#44;8263&#44;8264&#44;8265&#44;8266&#44;8267&#44;8268&#44;8269&#44;8270&#44;8271&#44;8272&#44;8273&#44;8274&#44;8275&#44;8276&#44;8277&#44;8278&#44;8279&#44;8280&#44;8281&#44;8282&#44;8283&#44;8284&#44;8285&#44;8286&#44;8287&#44;8288&#44;8289&#44;8290&#44;8291&#44;8292&#44;8293&#44;8294&#44;8295&#44;8296&#44;8297&#44;8298&#44;8299&#44;""",9/30/20,9/25/20,Y
layouts,Cake Case,"""37-3&#44;77-3""",,2020,10/5/20,1-NewFolderStructure/C037_C077_Cake_Case/C77_C37_Cake_Effective_10052020_Updated_09252020/,_C77_C37_Effective_10052020_Updated_09252020.pdf,"""4109&#44;4702&#44;4703&#44;4704&#44;4707&#44;4709&#44;4710&#44;4711&#44;4712&#44;4713&#44;4718&#44;4720&#44;4721&#44;4722&#44;4724&#44;4728&#44;4729&#44;4730&#44;4731&#44;4732&#44;4735&#44;4736&#44;4738&#44;4739&#44;4740&#44;4741&#44;4742&#44;4743&#44;4745&#44;4749&#44;4750&#44;4755&#44;4761&#44;4763&#44;4764&#44;4767&#44;4768&#44;4769&#44;4770&#44;4771&#44;4772&#44;4774&#44;4775&#44;4776&#44;4777&#44;4778&#44;4780&#44;4781&#44;4782&#44;4783&#44;4784&#44;4785&#44;4786&#44;4787&#44;4789&#44;4790&#44;4791&#44;4794&#44;4795&#44;4797&#44;4798&#44;4799&#44;4801&#44;4802&#44;4804&#44;4805&#44;4808&#44;4815&#44;4816&#44;4817&#44;4818&#44;4819&#44;4820&#44;4822&#44;4824&#44;4825&#44;4828&#44;4829&#44;4830&#44;4831&#44;4836&#44;4837&#44;4839&#44;4840&#44;4843&#44;4846&#44;4847&#44;4850&#44;4851&#44;4852&#44;4853&#44;4855&#44;4857&#44;4859&#44;4860&#44;4861&#44;4866&#44;4870&#44;4872&#44;4873&#44;4874&#44;4875&#44;4876&#44;4878&#44;4879&#44;4901&#44;4905&#44;4906&#44;4911&#44;4914&#44;4915&#44;4917&#44;4920&#44;4925&#44;4926&#44;4933&#44;4936&#44;4938&#44;4939&#44;4942&#44;4944&#44;4946&#44;4947&#44;4948&#44;4950&#44;4952&#44;4955&#44;4958&#44;4961&#44;4962&#44;4963&#44;4969&#44;4972&#44;4973&#44;4974&#44;4982&#44;4983&#44;4985&#44;4987&#44;4989&#44;4990&#44;4991&#44;4992&#44;4994&#44;4996&#44;4998&#44;4999&#44;6181&#44;6188&#44;6189&#44;6201&#44;6202&#44;6203&#44;6204&#44;6205&#44;6212&#44;6213&#44;6216&#44;6217&#44;6218&#44;6219&#44;6220&#44;6225&#44;6228&#44;6235&#44;6236&#44;6238&#44;6239&#44;6240&#44;6242&#44;6244&#44;6245&#44;6246&#44;6247&#44;6249&#44;6251&#44;6252&#44;6254&#44;6255&#44;6256&#44;6257&#44;6259&#44;6260&#44;6261&#44;6262&#44;6265&#44;6267&#44;6269&#44;6270&#44;6275&#44;6302&#44;6304&#44;6305&#44;6307&#44;6308&#44;6309&#44;6310&#44;6311&#44;6312&#44;6313&#44;6314&#44;6315&#44;6317&#44;6319&#44;6320&#44;6321&#44;6322&#44;6324&#44;6325&#44;6326&#44;6327&#44;6328&#44;6329&#44;6330&#44;6331&#44;6332&#44;6333&#44;6334&#44;6335&#44;6336&#44;6338&#44;6339&#44;6341&#44;6342&#44;6343&#44;6344&#44;6345&#44;6347&#44;6348&#44;6349&#44;6350&#44;6351&#44;6352&#44;6353&#44;6354&#44;6355&#44;6356&#44;6357&#44;6358&#44;6359&#44;6360&#44;6361&#44;6363&#44;6364&#44;6365&#44;6366&#44;6367&#44;6368&#44;6369&#44;6371&#44;6372&#44;6373&#44;6375&#44;6376&#44;6378&#44;6379&#44;6380&#44;6381&#44;6382&#44;6383&#44;6384&#44;6386&#44;6387&#44;6388&#44;6401&#44;6402&#44;6403&#44;6404&#44;6405&#44;6406&#44;6407&#44;6408&#44;6409&#44;6410&#44;6412&#44;6413&#44;6414&#44;6415&#44;6418&#44;6419&#44;6420&#44;6421&#44;6422&#44;6423&#44;6425&#44;6426&#44;6427&#44;6428&#44;6429&#44;6431&#44;6433&#44;6434&#44;6435&#44;6436&#44;6437&#44;6439&#44;6440&#44;6441&#44;6443&#44;6444&#44;6445&#44;6448&#44;6449&#44;6450&#44;6452&#44;6453&#44;6454&#44;6455&#44;6456&#44;6457&#44;6458&#44;6460&#44;6462&#44;6463&#44;6464&#44;6472&#44;6474&#44;6479&#44;6482&#44;6485&#44;6487&#44;6489&#44;6501&#44;6502&#44;6503&#44;6505&#44;6506&#44;6507&#44;6509&#44;6512&#44;6517&#44;6518&#44;6520&#44;6521&#44;6524&#44;6527&#44;6528&#44;6535&#44;6536&#44;6539&#44;6540&#44;6543&#44;6547&#44;6549&#44;6562&#44;6565&#44;6569&#44;6570&#44;6571&#44;6572&#44;6573&#44;6575&#44;6581&#44;6582&#44;6604&#44;6605&#44;6606&#44;6608&#44;6609&#44;6610&#44;6612&#44;6613&#44;6614&#44;6615&#44;6616&#44;6617&#44;6619&#44;6620&#44;6621&#44;6622&#44;6624&#44;6626&#44;6628&#44;6630&#44;6631&#44;6632&#44;6633&#44;6634&#44;6635&#44;6636&#44;6637&#44;6643&#44;6644&#44;6646&#44;6650&#44;6651&#44;6652&#44;6653&#44;6655&#44;6657&#44;6658&#44;6659&#44;6660&#44;6661&#44;6662&#44;6663&#44;6664&#44;6666&#44;6667&#44;6670&#44;6671&#44;6672&#44;6673&#44;6674&#44;6675&#44;6676&#44;6677&#44;6678&#44;6679&#44;6680&#44;6682&#44;6683&#44;6684&#44;6685&#44;6686&#44;6689&#44;6690&#44;6692&#44;6693&#44;6779&#44;6781&#44;6867&#44;6976&#44;6979&#44;7189&#44;7658&#44;7676&#44;8102&#44;8104&#44;8106&#44;8107&#44;8111&#44;8112&#44;8114&#44;8115&#44;8116&#44;8117&#44;8119&#44;8120&#44;8123&#44;8125&#44;8126&#44;8128&#44;8129&#44;8130&#44;8132&#44;8133&#44;8134&#44;8135&#44;8136&#44;8138&#44;8139&#44;8141&#44;8142&#44;8144&#44;8145&#44;8146&#44;8147&#44;8149&#44;8150&#44;8151&#44;8152&#44;8153&#44;8155&#44;8156&#44;8157&#44;8158&#44;8160&#44;8161&#44;8162&#44;8163&#44;8164&#44;8165&#44;8166&#44;8167&#44;8168&#44;8169&#44;8172&#44;8173&#44;8174&#44;8175&#44;8176&#44;8177&#44;8181&#44;8182&#44;8183&#44;8184&#44;8185&#44;8186&#44;8188&#44;8190&#44;8191&#44;8192&#44;8193&#44;8194&#44;8196&#44;8197&#44;8201&#44;8202&#44;8203&#44;8205&#44;8207&#44;8208&#44;8209&#44;8210&#44;8211&#44;8213&#44;8215&#44;8218&#44;8219&#44;8220&#44;8221&#44;8222&#44;8223&#44;8224&#44;8225&#44;8226&#44;8227&#44;8228&#44;8236&#44;8237&#44;8238&#44;8239&#44;8241&#44;8242&#44;8243&#44;8244&#44;8245&#44;8246&#44;8247&#44;8248&#44;8250&#44;8251&#44;8252&#44;8253&#44;8254&#44;8256&#44;8257&#44;8259&#44;8261&#44;8262&#44;8263&#44;8264&#44;8265&#44;8266&#44;8267&#44;8268&#44;8269&#44;8270&#44;8271&#44;8272&#44;8273&#44;8274&#44;8275&#44;8276&#44;8277&#44;8278&#44;8279&#44;8280&#44;8281&#44;8282&#44;8283&#44;8284&#44;8285&#44;8286&#44;8287&#44;8288&#44;8289&#44;8290&#44;8291&#44;8292&#44;8293&#44;8294&#44;8295&#44;8296&#44;8297&#44;8298&#44;8299&#44;""",9/30/20,9/25/20,Y
layouts,Bakery Pallets,"""37-4&#44;77-4""",,2020,10/5/20,1-NewFolderStructure/C037_C077_Bakery_Pallets/C37_77_C37_77_Bakery_Pallets_Effective_10052020_Updated_09252020/,_C37_77_C37_77_Bakery_Pallets_Effective_10052020_Updated_09252020.pdf,"""4109&#44;4702&#44;4703&#44;4704&#44;4707&#44;4709&#44;4710&#44;4711&#44;4712&#44;4713&#44;4718&#44;4720&#44;4721&#44;4722&#44;4724&#44;4728&#44;4729&#44;4730&#44;4731&#44;4732&#44;4735&#44;4736&#44;4738&#44;4739&#44;4740&#44;4741&#44;4742&#44;4743&#44;4745&#44;4749&#44;4750&#44;4755&#44;4761&#44;4763&#44;4764&#44;4767&#44;4768&#44;4769&#44;4770&#44;4771&#44;4772&#44;4774&#44;4775&#44;4776&#44;4777&#44;4778&#44;4780&#44;4781&#44;4782&#44;4783&#44;4784&#44;4785&#44;4786&#44;4787&#44;4789&#44;4790&#44;4791&#44;4794&#44;4795&#44;4797&#44;4798&#44;4799&#44;4801&#44;4802&#44;4804&#44;4805&#44;4808&#44;4815&#44;4816&#44;4817&#44;4818&#44;4819&#44;4820&#44;4822&#44;4824&#44;4825&#44;4828&#44;4829&#44;4830&#44;4831&#44;4836&#44;4837&#44;4839&#44;4840&#44;4843&#44;4846&#44;4847&#44;4850&#44;4851&#44;4852&#44;4853&#44;4855&#44;4857&#44;4859&#44;4860&#44;4861&#44;4866&#44;4870&#44;4871&#44;4872&#44;4873&#44;4874&#44;4875&#44;4876&#44;4878&#44;4879&#44;4901&#44;4905&#44;4906&#44;4908&#44;4911&#44;4914&#44;4915&#44;4917&#44;4920&#44;4926&#44;4930&#44;4933&#44;4936&#44;4938&#44;4939&#44;4942&#44;4944&#44;4946&#44;4947&#44;4948&#44;4950&#44;4952&#44;4955&#44;4958&#44;4961&#44;4962&#44;4963&#44;4969&#44;4972&#44;4973&#44;4974&#44;4983&#44;4985&#44;4987&#44;4989&#44;4990&#44;4991&#44;4992&#44;4994&#44;4996&#44;4998&#44;4999&#44;6181&#44;6188&#44;6189&#44;6201&#44;6202&#44;6203&#44;6204&#44;6205&#44;6212&#44;6213&#44;6216&#44;6217&#44;6218&#44;6219&#44;6220&#44;6225&#44;6228&#44;6235&#44;6236&#44;6238&#44;6239&#44;6240&#44;6242&#44;6244&#44;6245&#44;6246&#44;6247&#44;6249&#44;6251&#44;6252&#44;6254&#44;6255&#44;6256&#44;6257&#44;6259&#44;6260&#44;6261&#44;6262&#44;6265&#44;6267&#44;6269&#44;6270&#44;6275&#44;6302&#44;6304&#44;6305&#44;6307&#44;6308&#44;6309&#44;6310&#44;6311&#44;6312&#44;6313&#44;6314&#44;6315&#44;6317&#44;6319&#44;6320&#44;6321&#44;6322&#44;6325&#44;6326&#44;6327&#44;6328&#44;6329&#44;6330&#44;6331&#44;6332&#44;6333&#44;6334&#44;6335&#44;6336&#44;6338&#44;6339&#44;6341&#44;6342&#44;6343&#44;6344&#44;6345&#44;6347&#44;6348&#44;6349&#44;6350&#44;6351&#44;6352&#44;6353&#44;6354&#44;6355&#44;6356&#44;6357&#44;6358&#44;6359&#44;6360&#44;6361&#44;6363&#44;6364&#44;6365&#44;6366&#44;6367&#44;6368&#44;6369&#44;6371&#44;6372&#44;6373&#44;6375&#44;6376&#44;6378&#44;6379&#44;6380&#44;6381&#44;6382&#44;6383&#44;6384&#44;6385&#44;6386&#44;6387&#44;6388&#44;6401&#44;6402&#44;6403&#44;6404&#44;6405&#44;6406&#44;6407&#44;6408&#44;6409&#44;6410&#44;6413&#44;6414&#44;6415&#44;6417&#44;6418&#44;6419&#44;6420&#44;6421&#44;6422&#44;6423&#44;6424&#44;6425&#44;6426&#44;6427&#44;6428&#44;6429&#44;6430&#44;6431&#44;6432&#44;6433&#44;6434&#44;6435&#44;6436&#44;6437&#44;6439&#44;6440&#44;6441&#44;6443&#44;6444&#44;6445&#44;6448&#44;6449&#44;6450&#44;6452&#44;6453&#44;6454&#44;6455&#44;6456&#44;6457&#44;6458&#44;6460&#44;6461&#44;6462&#44;6463&#44;6464&#44;6471&#44;6472&#44;6474&#44;6479&#44;6482&#44;6485&#44;6487&#44;6489&#44;6501&#44;6502&#44;6503&#44;6505&#44;6506&#44;6507&#44;6509&#44;6510&#44;6512&#44;6514&#44;6517&#44;6518&#44;6520&#44;6521&#44;6524&#44;6527&#44;6528&#44;6533&#44;6535&#44;6536&#44;6539&#44;6540&#44;6543&#44;6547&#44;6549&#44;6556&#44;6562&#44;6565&#44;6567&#44;6568&#44;6569&#44;6570&#44;6571&#44;6572&#44;6573&#44;6575&#44;6581&#44;6582&#44;6604&#44;6605&#44;6606&#44;6608&#44;6609&#44;6610&#44;6612&#44;6613&#44;6614&#44;6615&#44;6616&#44;6617&#44;6619&#44;6620&#44;6621&#44;6622&#44;6624&#44;6626&#44;6628&#44;6630&#44;6631&#44;6632&#44;6633&#44;6634&#44;6635&#44;6636&#44;6637&#44;6643&#44;6644&#44;6646&#44;6650&#44;6651&#44;6652&#44;6653&#44;6655&#44;6657&#44;6658&#44;6659&#44;6660&#44;6661&#44;6662&#44;6663&#44;6664&#44;6666&#44;6667&#44;6670&#44;6671&#44;6672&#44;6673&#44;6674&#44;6675&#44;6676&#44;6677&#44;6678&#44;6679&#44;6680&#44;6682&#44;6683&#44;6684&#44;6685&#44;6686&#44;6689&#44;6690&#44;6692&#44;6693&#44;6779&#44;6781&#44;6867&#44;6976&#44;6979&#44;7189&#44;7658&#44;7676&#44;8102&#44;8104&#44;8106&#44;8107&#44;8111&#44;8112&#44;8114&#44;8115&#44;8116&#44;8117&#44;8119&#44;8120&#44;8123&#44;8125&#44;8126&#44;8128&#44;8129&#44;8130&#44;8132&#44;8133&#44;8134&#44;8135&#44;8136&#44;8138&#44;8139&#44;8141&#44;8142&#44;8144&#44;8145&#44;8146&#44;8147&#44;8149&#44;8150&#44;8151&#44;8152&#44;8153&#44;8155&#44;8156&#44;8157&#44;8158&#44;8160&#44;8161&#44;8162&#44;8163&#44;8164&#44;8165&#44;8166&#44;8167&#44;8168&#44;8169&#44;8172&#44;8173&#44;8174&#44;8175&#44;8176&#44;8177&#44;8180&#44;8181&#44;8182&#44;8183&#44;8184&#44;8185&#44;8186&#44;8188&#44;8189&#44;8190&#44;8191&#44;8192&#44;8193&#44;8194&#44;8196&#44;8197&#44;8201&#44;8202&#44;8203&#44;8205&#44;8207&#44;8208&#44;8209&#44;8210&#44;8211&#44;8213&#44;8215&#44;8218&#44;8219&#44;8220&#44;8221&#44;8222&#44;8223&#44;8224&#44;8225&#44;8226&#44;8227&#44;8228&#44;8236&#44;8237&#44;8238&#44;8239&#44;8241&#44;8242&#44;8243&#44;8244&#44;8245&#44;8246&#44;8247&#44;8248&#44;8250&#44;8251&#44;8252&#44;8253&#44;8254&#44;8256&#44;8257&#44;8259&#44;8261&#44;8262&#44;8263&#44;8264&#44;8265&#44;8266&#44;8267&#44;8268&#44;8269&#44;8270&#44;8271&#44;8272&#44;8273&#44;8274&#44;8275&#44;8276&#44;8277&#44;8278&#44;8279&#44;8280&#44;8281&#44;8282&#44;8283&#44;8284&#44;8285&#44;8286&#44;8287&#44;8288&#44;8289&#44;8290&#44;8291&#44;8292&#44;8293&#44;8294&#44;8295&#44;8296&#44;8297&#44;8298&#44;8299&#44;""",9/30/20,9/25/20,Y
layouts,Bakery Tables,"""37&#44;77""",,2020,10/5/20,1-NewFolderStructure/C037_C077_Bakery_Tables/C37_77_Bakery_Tables_Effective_10052020_Updated_09292020/,_C37_77_Bakery_Tables_Effective_10052020_Updated_09292020.pdf,"""4109&#44;4702&#44;4703&#44;4704&#44;4707&#44;4709&#44;4710&#44;4711&#44;4712&#44;4713&#44;4718&#44;4720&#44;4721&#44;4722&#44;4724&#44;4728&#44;4729&#44;4730&#44;4731&#44;4732&#44;4735&#44;4736&#44;4738&#44;4739&#44;4740&#44;4741&#44;4742&#44;4743&#44;4745&#44;4749&#44;4750&#44;4761&#44;4763&#44;4764&#44;4767&#44;4768&#44;4769&#44;4770&#44;4771&#44;4772&#44;4774&#44;4775&#44;4776&#44;4777&#44;4778&#44;4780&#44;4781&#44;4782&#44;4783&#44;4784&#44;4785&#44;4786&#44;4787&#44;4789&#44;4790&#44;4791&#44;4794&#44;4795&#44;4797&#44;4798&#44;4799&#44;4801&#44;4802&#44;4804&#44;4805&#44;4808&#44;4815&#44;4816&#44;4817&#44;4818&#44;4819&#44;4820&#44;4822&#44;4824&#44;4825&#44;4828&#44;4829&#44;4830&#44;4831&#44;4836&#44;4837&#44;4839&#44;4840&#44;4843&#44;4846&#44;4847&#44;4850&#44;4851&#44;4852&#44;4853&#44;4855&#44;4857&#44;4859&#44;4860&#44;4861&#44;4866&#44;4870&#44;4872&#44;4873&#44;4874&#44;4875&#44;4876&#44;4878&#44;4879&#44;4901&#44;4905&#44;4906&#44;4911&#44;4914&#44;4915&#44;4917&#44;4920&#44;4925&#44;4933&#44;4936&#44;4938&#44;4939&#44;4942&#44;4944&#44;4946&#44;4947&#44;4948&#44;4950&#44;4952&#44;4955&#44;4958&#44;4961&#44;4962&#44;4963&#44;4969&#44;4972&#44;4973&#44;4974&#44;4982&#44;4983&#44;4985&#44;4987&#44;4989&#44;4990&#44;4991&#44;4992&#44;4994&#44;4996&#44;4998&#44;4999&#44;6181&#44;6188&#44;6189&#44;6201&#44;6202&#44;6203&#44;6204&#44;6205&#44;6212&#44;6213&#44;6216&#44;6217&#44;6218&#44;6219&#44;6220&#44;6225&#44;6228&#44;6235&#44;6236&#44;6238&#44;6239&#44;6240&#44;6242&#44;6244&#44;6245&#44;6246&#44;6247&#44;6249&#44;6251&#44;6252&#44;6254&#44;6255&#44;6256&#44;6257&#44;6259&#44;6260&#44;6261&#44;6262&#44;6265&#44;6267&#44;6269&#44;6270&#44;6275&#44;6302&#44;6304&#44;6305&#44;6307&#44;6308&#44;6309&#44;6310&#44;6311&#44;6312&#44;6313&#44;6314&#44;6315&#44;6317&#44;6319&#44;6320&#44;6321&#44;6322&#44;6324&#44;6325&#44;6326&#44;6327&#44;6328&#44;6329&#44;6330&#44;6331&#44;6332&#44;6333&#44;6334&#44;6335&#44;6336&#44;6338&#44;6339&#44;6341&#44;6342&#44;6343&#44;6344&#44;6345&#44;6347&#44;6348&#44;6349&#44;6350&#44;6351&#44;6352&#44;6353&#44;6354&#44;6355&#44;6356&#44;6357&#44;6358&#44;6359&#44;6360&#44;6361&#44;6363&#44;6364&#44;6365&#44;6366&#44;6367&#44;6368&#44;6369&#44;6371&#44;6372&#44;6373&#44;6375&#44;6376&#44;6378&#44;6379&#44;6380&#44;6381&#44;6382&#44;6383&#44;6384&#44;6385&#44;6386&#44;6387&#44;6388&#44;6401&#44;6402&#44;6403&#44;6404&#44;6405&#44;6406&#44;6407&#44;6408&#44;6409&#44;6412&#44;6413&#44;6414&#44;6415&#44;6418&#44;6419&#44;6420&#44;6421&#44;6422&#44;6423&#44;6425&#44;6426&#44;6427&#44;6428&#44;6429&#44;6430&#44;6431&#44;6433&#44;6434&#44;6435&#44;6436&#44;6437&#44;6439&#44;6440&#44;6441&#44;6443&#44;6444&#44;6445&#44;6448&#44;6449&#44;6450&#44;6452&#44;6453&#44;6454&#44;6455&#44;6456&#44;6457&#44;6458&#44;6460&#44;6462&#44;6463&#44;6464&#44;6472&#44;6474&#44;6479&#44;6482&#44;6485&#44;6487&#44;6489&#44;6501&#44;6502&#44;6503&#44;6505&#44;6506&#44;6507&#44;6509&#44;6512&#44;6517&#44;6518&#44;6520&#44;6521&#44;6524&#44;6527&#44;6528&#44;6535&#44;6536&#44;6539&#44;6540&#44;6543&#44;6547&#44;6549&#44;6562&#44;6565&#44;6569&#44;6570&#44;6571&#44;6572&#44;6573&#44;6575&#44;6581&#44;6582&#44;6604&#44;6605&#44;6606&#44;6608&#44;6609&#44;6610&#44;6612&#44;6613&#44;6614&#44;6615&#44;6616&#44;6617&#44;6619&#44;6620&#44;6621&#44;6622&#44;6624&#44;6626&#44;6628&#44;6630&#44;6631&#44;6632&#44;6633&#44;6634&#44;6635&#44;6636&#44;6637&#44;6643&#44;6644&#44;6646&#44;6650&#44;6651&#44;6652&#44;6653&#44;6655&#44;6657&#44;6658&#44;6659&#44;6660&#44;6661&#44;6662&#44;6663&#44;6664&#44;6666&#44;6667&#44;6670&#44;6671&#44;6672&#44;6673&#44;6674&#44;6675&#44;6676&#44;6677&#44;6678&#44;6679&#44;6680&#44;6682&#44;6683&#44;6684&#44;6685&#44;6686&#44;6689&#44;6690&#44;6692&#44;6693&#44;6779&#44;6781&#44;6867&#44;6976&#44;6979&#44;7189&#44;7658&#44;7676&#44;8102&#44;8104&#44;8106&#44;8107&#44;8111&#44;8112&#44;8114&#44;8115&#44;8116&#44;8117&#44;8119&#44;8120&#44;8123&#44;8125&#44;8126&#44;8128&#44;8129&#44;8130&#44;8132&#44;8133&#44;8134&#44;8135&#44;8136&#44;8138&#44;8139&#44;8141&#44;8142&#44;8144&#44;8145&#44;8146&#44;8147&#44;8149&#44;8150&#44;8151&#44;8152&#44;8153&#44;8155&#44;8156&#44;8157&#44;8158&#44;8160&#44;8161&#44;8162&#44;8163&#44;8164&#44;8165&#44;8166&#44;8167&#44;8168&#44;8169&#44;8172&#44;8173&#44;8174&#44;8175&#44;8176&#44;8177&#44;8181&#44;8182&#44;8183&#44;8184&#44;8185&#44;8186&#44;8188&#44;8189&#44;8190&#44;8191&#44;8192&#44;8193&#44;8194&#44;8196&#44;8197&#44;8201&#44;8202&#44;8203&#44;8205&#44;8207&#44;8208&#44;8209&#44;8210&#44;8211&#44;8213&#44;8215&#44;8218&#44;8219&#44;8220&#44;8221&#44;8222&#44;8223&#44;8224&#44;8225&#44;8226&#44;8227&#44;8228&#44;8236&#44;8237&#44;8238&#44;8239&#44;8241&#44;8242&#44;8243&#44;8244&#44;8245&#44;8246&#44;8247&#44;8248&#44;8250&#44;8251&#44;8252&#44;8253&#44;8254&#44;8256&#44;8257&#44;8259&#44;8261&#44;8262&#44;8263&#44;8264&#44;8265&#44;8266&#44;8267&#44;8268&#44;8269&#44;8270&#44;8271&#44;8272&#44;8273&#44;8274&#44;8275&#44;8276&#44;8277&#44;8278&#44;8279&#44;8280&#44;8281&#44;8282&#44;8283&#44;8284&#44;8285&#44;8286&#44;8287&#44;8288&#44;8289&#44;8290&#44;8291&#44;8292&#44;8293&#44;8294&#44;8295&#44;8296&#44;8297&#44;8298&#44;8299&#44;""",10/1/20,9/29/20,Y
layouts,HMS,79-2,,2020,10/5/20,1-NewFolderStructure/C079_HMS/C79_HMS_Effective_10052020_Update_09302020/,_C79_HMS_Effective_10052020_Update_09302020.pdf,"""4109&#44;4791&#44;4839&#44;4870&#44;4920&#44;4939&#44;4958&#44;4969&#44;6188&#44;6202&#44;6238&#44;6245&#44;6247&#44;6269&#44;6275&#44;6336&#44;6338&#44;6342&#44;6367&#44;6413&#44;6421&#44;6422&#44;6426&#44;6453&#44;6461&#44;6482&#44;6664&#44;6979&#44;7189&#44;7658&#44;7676&#44;8102&#44;8104&#44;8106&#44;8107&#44;8111&#44;8112&#44;8114&#44;8115&#44;8116&#44;8117&#44;8119&#44;8120&#44;8123&#44;8125&#44;8126&#44;8128&#44;8129&#44;8130&#44;8132&#44;8133&#44;8134&#44;8135&#44;8136&#44;8138&#44;8139&#44;8141&#44;8142&#44;8144&#44;8145&#44;8146&#44;8147&#44;8149&#44;8150&#44;8151&#44;8152&#44;8153&#44;8155&#44;8156&#44;8157&#44;8158&#44;8160&#44;8161&#44;8162&#44;8163&#44;8164&#44;8165&#44;8166&#44;8167&#44;8168&#44;8169&#44;8172&#44;8173&#44;8174&#44;8175&#44;8176&#44;8177&#44;8180&#44;8181&#44;8182&#44;8183&#44;8184&#44;8185&#44;8186&#44;8188&#44;8189&#44;8190&#44;8191&#44;8192&#44;8193&#44;8194&#44;8196&#44;8197&#44;8201&#44;8202&#44;8203&#44;8205&#44;8207&#44;8208&#44;8209&#44;8210&#44;8211&#44;8213&#44;8215&#44;8218&#44;8219&#44;8220&#44;8221&#44;8222&#44;8223&#44;8224&#44;8225&#44;8226&#44;8227&#44;8228&#44;8236&#44;8237&#44;8238&#44;8239&#44;8241&#44;8242&#44;8243&#44;8244&#44;8245&#44;8246&#44;8247&#44;8248&#44;8250&#44;8251&#44;8252&#44;8253&#44;8254&#44;8256&#44;8257&#44;8259&#44;8261&#44;8262&#44;8263&#44;8264&#44;8265&#44;8266&#44;8267&#44;8268&#44;8269&#44;8270&#44;8271&#44;8272&#44;8273&#44;8274&#44;8275&#44;8276&#44;8277&#44;8278&#44;8279&#44;8280&#44;8281&#44;8282&#44;8283&#44;8284&#44;8285&#44;8286&#44;8287&#44;8288&#44;8289&#44;8290&#44;8291&#44;8292&#44;8293&#44;8294&#44;8295&#44;8296&#44;8297&#44;8298&#44;8299&#44;""",10/5/20,9/30/20,Y
layouts,Café Grab and Go,79-3,,2020,10/5/20,1-NewFolderStructure/C079_Cafe_Grab_n_Go/C79_Cafe_Grab_and_Go_Effective_10052020_Update_09302020/,_C79_Cafe_Grab_and_Go_Effective_10052020.pdf,"""4109&#44;4702&#44;4703&#44;4704&#44;4707&#44;4709&#44;4710&#44;4711&#44;4712&#44;4713&#44;4718&#44;4720&#44;4721&#44;4722&#44;4724&#44;4728&#44;4729&#44;4730&#44;4731&#44;4732&#44;4735&#44;4736&#44;4738&#44;4739&#44;4740&#44;4741&#44;4742&#44;4743&#44;4745&#44;4749&#44;4750&#44;4755&#44;4761&#44;4763&#44;4764&#44;4767&#44;4768&#44;4769&#44;4770&#44;4771&#44;4772&#44;4774&#44;4775&#44;4776&#44;4777&#44;4778&#44;4780&#44;4781&#44;4782&#44;4783&#44;4784&#44;4785&#44;4786&#44;4787&#44;4789&#44;4790&#44;4791&#44;4794&#44;4795&#44;4797&#44;4798&#44;4799&#44;4801&#44;4802&#44;4804&#44;4805&#44;4808&#44;4815&#44;4816&#44;4817&#44;4818&#44;4819&#44;4820&#44;4822&#44;4824&#44;4825&#44;4828&#44;4829&#44;4830&#44;4831&#44;4836&#44;4837&#44;4839&#44;4840&#44;4843&#44;4846&#44;4847&#44;4850&#44;4851&#44;4852&#44;4853&#44;4855&#44;4857&#44;4859&#44;4860&#44;4861&#44;4870&#44;4871&#44;4872&#44;4873&#44;4874&#44;4875&#44;4876&#44;4878&#44;4879&#44;4901&#44;4905&#44;4906&#44;4908&#44;4911&#44;4914&#44;4915&#44;4917&#44;4920&#44;4925&#44;4926&#44;4930&#44;4933&#44;4936&#44;4938&#44;4939&#44;4942&#44;4944&#44;4946&#44;4947&#44;4948&#44;4950&#44;4952&#44;4955&#44;4958&#44;4961&#44;4962&#44;4963&#44;4969&#44;4972&#44;4973&#44;4974&#44;4982&#44;4983&#44;4985&#44;4987&#44;4989&#44;4990&#44;4991&#44;4992&#44;4994&#44;4996&#44;4998&#44;4999&#44;6181&#44;6188&#44;6189&#44;6201&#44;6202&#44;6203&#44;6204&#44;6205&#44;6212&#44;6213&#44;6216&#44;6217&#44;6218&#44;6219&#44;6220&#44;6228&#44;6235&#44;6236&#44;6238&#44;6239&#44;6240&#44;6242&#44;6244&#44;6245&#44;6246&#44;6247&#44;6249&#44;6251&#44;6252&#44;6254&#44;6255&#44;6256&#44;6257&#44;6259&#44;6260&#44;6261&#44;6262&#44;6265&#44;6267&#44;6269&#44;6275&#44;6302&#44;6304&#44;6305&#44;6307&#44;6308&#44;6309&#44;6310&#44;6311&#44;6312&#44;6313&#44;6314&#44;6315&#44;6317&#44;6319&#44;6320&#44;6321&#44;6322&#44;6324&#44;6325&#44;6326&#44;6327&#44;6328&#44;6329&#44;6330&#44;6331&#44;6332&#44;6333&#44;6334&#44;6335&#44;6336&#44;6338&#44;6339&#44;6341&#44;6342&#44;6343&#44;6344&#44;6345&#44;6347&#44;6348&#44;6349&#44;6350&#44;6351&#44;6352&#44;6353&#44;6354&#44;6355&#44;6356&#44;6357&#44;6358&#44;6359&#44;6360&#44;6361&#44;6363&#44;6364&#44;6365&#44;6366&#44;6367&#44;6368&#44;6369&#44;6371&#44;6372&#44;6373&#44;6375&#44;6376&#44;6377&#44;6379&#44;6380&#44;6381&#44;6382&#44;6383&#44;6384&#44;6385&#44;6386&#44;6387&#44;6388&#44;6401&#44;6402&#44;6403&#44;6405&#44;6406&#44;6407&#44;6408&#44;6409&#44;6410&#44;6412&#44;6413&#44;6414&#44;6415&#44;6417&#44;6418&#44;6419&#44;6420&#44;6421&#44;6422&#44;6423&#44;6424&#44;6425&#44;6426&#44;6427&#44;6428&#44;6429&#44;6430&#44;6431&#44;6432&#44;6433&#44;6434&#44;6435&#44;6436&#44;6437&#44;6439&#44;6440&#44;6441&#44;6443&#44;6444&#44;6445&#44;6448&#44;6450&#44;6452&#44;6453&#44;6454&#44;6456&#44;6457&#44;6458&#44;6460&#44;6461&#44;6462&#44;6463&#44;6464&#44;6471&#44;6472&#44;6474&#44;6482&#44;6485&#44;6487&#44;6489&#44;6501&#44;6502&#44;6503&#44;6505&#44;6506&#44;6507&#44;6509&#44;6510&#44;6512&#44;6514&#44;6517&#44;6518&#44;6520&#44;6521&#44;6524&#44;6527&#44;6528&#44;6533&#44;6535&#44;6536&#44;6539&#44;6540&#44;6547&#44;6549&#44;6556&#44;6562&#44;6565&#44;6567&#44;6568&#44;6569&#44;6570&#44;6571&#44;6572&#44;6573&#44;6575&#44;6581&#44;6582&#44;6604&#44;6605&#44;6606&#44;6608&#44;6609&#44;6610&#44;6612&#44;6613&#44;6614&#44;6615&#44;6616&#44;6617&#44;6619&#44;6620&#44;6621&#44;6622&#44;6624&#44;6626&#44;6628&#44;6630&#44;6631&#44;6632&#44;6633&#44;6634&#44;6635&#44;6636&#44;6637&#44;6643&#44;6644&#44;6646&#44;6650&#44;6651&#44;6652&#44;6653&#44;6655&#44;6657&#44;6658&#44;6659&#44;6660&#44;6661&#44;6662&#44;6663&#44;6664&#44;6666&#44;6667&#44;6670&#44;6671&#44;6672&#44;6673&#44;6674&#44;6675&#44;6676&#44;6677&#44;6678&#44;6679&#44;6682&#44;6683&#44;6684&#44;6685&#44;6686&#44;6692&#44;6693&#44;6779&#44;6781&#44;6867&#44;6976&#44;6979&#44;7189&#44;7658&#44;7676&#44;8102&#44;8104&#44;8106&#44;8107&#44;8111&#44;8112&#44;8114&#44;8115&#44;8116&#44;8117&#44;8119&#44;8120&#44;8123&#44;8125&#44;8126&#44;8128&#44;8129&#44;8130&#44;8132&#44;8133&#44;8134&#44;8135&#44;8136&#44;8138&#44;8139&#44;8141&#44;8142&#44;8144&#44;8145&#44;8146&#44;8147&#44;8149&#44;8150&#44;8151&#44;8152&#44;8153&#44;8155&#44;8156&#44;8157&#44;8158&#44;8160&#44;8161&#44;8162&#44;8163&#44;8164&#44;8165&#44;8166&#44;8167&#44;8168&#44;8169&#44;8172&#44;8173&#44;8174&#44;8175&#44;8176&#44;8177&#44;8180&#44;8181&#44;8182&#44;8183&#44;8184&#44;8185&#44;8186&#44;8188&#44;8189&#44;8190&#44;8191&#44;8192&#44;8193&#44;8194&#44;8196&#44;8197&#44;8201&#44;8202&#44;8203&#44;8205&#44;8207&#44;8208&#44;8209&#44;8210&#44;8211&#44;8213&#44;8215&#44;8218&#44;8219&#44;8220&#44;8221&#44;8222&#44;8223&#44;8224&#44;8225&#44;8226&#44;8227&#44;8228&#44;8236&#44;8237&#44;8238&#44;8239&#44;8241&#44;8242&#44;8243&#44;8244&#44;8245&#44;8246&#44;8247&#44;8248&#44;8250&#44;8251&#44;8252&#44;8253&#44;8254&#44;8256&#44;8257&#44;8259&#44;8261&#44;8262&#44;8263&#44;8264&#44;8265&#44;8266&#44;8267&#44;8268&#44;8269&#44;8270&#44;8271&#44;8272&#44;8273&#44;8274&#44;8275&#44;8276&#44;8277&#44;8278&#44;8279&#44;8280&#44;8281&#44;8282&#44;8283&#44;8284&#44;8285&#44;8286&#44;8287&#44;8288&#44;8289&#44;8290&#44;8291&#44;8292&#44;8293&#44;8294&#44;8295&#44;8296&#44;8297&#44;8298&#44;8299&#44;""",10/2/20,9/30/20,Y
layouts,Sushi,79,,2020,10/5/20,1-NewFolderStructure/C079_Sushi/C79_Sushi_Effective_10052020_Update_10022020/,_C79_Sushi_Effective_10052020.pdf,"""4702&#44;4704&#44;4707&#44;4709&#44;4711&#44;4713&#44;4718&#44;4721&#44;4722&#44;4728&#44;4731&#44;4732&#44;4735&#44;4736&#44;4739&#44;4740&#44;4741&#44;4742&#44;4743&#44;4745&#44;4749&#44;4755&#44;4763&#44;4764&#44;4767&#44;4769&#44;4771&#44;4772&#44;4774&#44;4775&#44;4777&#44;4778&#44;4780&#44;4781&#44;4782&#44;4783&#44;4784&#44;4785&#44;4787&#44;4789&#44;4790&#44;4794&#44;4795&#44;4797&#44;4801&#44;4802&#44;4804&#44;4805&#44;4808&#44;4816&#44;4818&#44;4819&#44;4822&#44;4824&#44;4825&#44;4828&#44;4829&#44;4830&#44;4831&#44;4837&#44;4839&#44;4843&#44;4847&#44;4850&#44;4851&#44;4852&#44;4853&#44;4855&#44;4857&#44;4859&#44;4861&#44;4870&#44;4873&#44;4874&#44;4875&#44;4878&#44;4905&#44;4906&#44;4911&#44;4914&#44;4915&#44;4920&#44;4925&#44;4926&#44;4938&#44;4939&#44;4942&#44;4944&#44;4946&#44;4955&#44;4958&#44;4969&#44;4972&#44;4974&#44;4983&#44;4985&#44;4987&#44;4990&#44;4991&#44;4992&#44;4998&#44;6181&#44;6188&#44;6189&#44;6202&#44;6205&#44;6212&#44;6213&#44;6216&#44;6217&#44;6218&#44;6219&#44;6220&#44;6228&#44;6238&#44;6239&#44;6240&#44;6242&#44;6244&#44;6245&#44;6247&#44;6249&#44;6251&#44;6252&#44;6254&#44;6255&#44;6257&#44;6259&#44;6261&#44;6262&#44;6265&#44;6267&#44;6304&#44;6308&#44;6309&#44;6310&#44;6311&#44;6312&#44;6313&#44;6314&#44;6315&#44;6317&#44;6319&#44;6320&#44;6321&#44;6325&#44;6326&#44;6328&#44;6332&#44;6335&#44;6341&#44;6342&#44;6343&#44;6344&#44;6348&#44;6350&#44;6351&#44;6354&#44;6355&#44;6357&#44;6358&#44;6359&#44;6360&#44;6361&#44;6363&#44;6369&#44;6372&#44;6376&#44;6381&#44;6382&#44;6383&#44;6384&#44;6385&#44;6401&#44;6402&#44;6403&#44;6408&#44;6409&#44;6410&#44;6412&#44;6413&#44;6414&#44;6415&#44;6418&#44;6419&#44;6420&#44;6422&#44;6428&#44;6429&#44;6434&#44;6437&#44;6440&#44;6443&#44;6444&#44;6457&#44;6464&#44;6474&#44;6482&#44;6487&#44;6489&#44;6501&#44;6505&#44;6512&#44;6520&#44;6524&#44;6527&#44;6535&#44;6536&#44;6565&#44;6567&#44;6572&#44;6573&#44;6575&#44;6604&#44;6609&#44;6610&#44;6612&#44;6613&#44;6614&#44;6615&#44;6616&#44;6617&#44;6619&#44;6621&#44;6622&#44;6624&#44;6626&#44;6628&#44;6630&#44;6631&#44;6636&#44;6637&#44;6643&#44;6644&#44;6646&#44;6650&#44;6651&#44;6652&#44;6653&#44;6655&#44;6657&#44;6658&#44;6659&#44;6660&#44;6661&#44;6662&#44;6663&#44;6664&#44;6666&#44;6667&#44;6670&#44;6671&#44;6674&#44;6676&#44;6677&#44;6678&#44;6682&#44;6684&#44;6685&#44;6686&#44;6692&#44;6779&#44;6781&#44;6976&#44;6979&#44;7189&#44;7676&#44;8106&#44;8111&#44;8112&#44;8114&#44;8115&#44;8116&#44;8117&#44;8119&#44;8123&#44;8129&#44;8134&#44;8135&#44;8138&#44;8139&#44;8141&#44;8142&#44;8145&#44;8146&#44;8149&#44;8151&#44;8155&#44;8158&#44;8160&#44;8161&#44;8164&#44;8165&#44;8166&#44;8167&#44;8168&#44;8173&#44;8174&#44;8176&#44;8177&#44;8181&#44;8182&#44;8183&#44;8191&#44;8193&#44;8197&#44;8201&#44;8203&#44;8205&#44;8207&#44;8208&#44;8209&#44;8213&#44;8215&#44;8218&#44;8220&#44;8221&#44;8222&#44;8223&#44;8224&#44;8225&#44;8227&#44;8236&#44;8237&#44;8238&#44;8241&#44;8242&#44;8243&#44;8246&#44;8248&#44;8250&#44;8251&#44;8252&#44;8253&#44;8257&#44;8259&#44;8261&#44;8262&#44;8263&#44;8264&#44;8265&#44;8266&#44;8267&#44;8269&#44;8270&#44;8271&#44;8277&#44;8278&#44;8279&#44;8282&#44;8284&#44;8285&#44;8287&#44;8290&#44;8293&#44;8294&#44;8296&#44;8297&#44;8298&#44;8299&#44;""",10/5/20,10/5/20,Y
layouts,Bakery Tables,"""37&#44;77""",,2020,10/5/20,1-NewFolderStructure/C037_C077_Bakery_Tables/C37_77_Bakery_Tables_Effective_10052020_Updated_10052020/,_C77_C37_Effective_10052020_Updated_10052020.pdf,"""4926&#44;""",10/5/20,10/5/20,Y
layouts,Meat and Seafood,"""72&#44;76&#44;93""",,2020,10/5/20,1-NewFolderStructure/C076_C072_C093_Fresh_Meat_Seafood/C72_C76_C93_Effective_10052020_Planogram_Updated_10052020/,_C72_C76_C93_Effective_10052020_Planogram_Updated_10052020.pdf,"""4707&#44;4709&#44;4711&#44;4713&#44;4739&#44;4740&#44;4742&#44;4755&#44;4775&#44;4783&#44;4789&#44;4790&#44;4804&#44;4808&#44;4855&#44;4969&#44;4983&#44;4985&#44;4998&#44;6239&#44;6242&#44;6249&#44;6251&#44;6252&#44;6254&#44;6262&#44;6265&#44;6309&#44;6312&#44;6317&#44;6320&#44;6344&#44;6348&#44;6354&#44;6360&#44;6361&#44;6410&#44;6414&#44;6415&#44;6457&#44;6474&#44;6520&#44;6565&#44;6604&#44;6619&#44;6636&#44;6644&#44;6653&#44;6662&#44;6664&#44;6666&#44;6674&#44;6692&#44;6781&#44;8106&#44;8114&#44;8115&#44;8123&#44;8139&#44;8149&#44;8153&#44;8165&#44;8168&#44;8181&#44;8183&#44;8201&#44;8225&#44;8236&#44;8238&#44;8246&#44;8269&#44;8293&#44;8296&#44;8299&#44;""",10/5/20,10/5/20,N
layouts,HMS,79-2,,2020,10/5/20,1-NewFolderStructure/C079_HMS/C79_HMS_Effective_10052020/,_C79_HMS_Effective_10052020.pdf,"""4702&#44;4703&#44;4704&#44;4707&#44;4709&#44;4710&#44;4711&#44;4712&#44;4713&#44;4718&#44;4720&#44;4721&#44;4722&#44;4724&#44;4728&#44;4729&#44;4730&#44;4731&#44;4732&#44;4735&#44;4736&#44;4738&#44;4739&#44;4740&#44;4741&#44;4742&#44;4743&#44;4745&#44;4749&#44;4750&#44;4755&#44;4761&#44;4763&#44;4764&#44;4767&#44;4768&#44;4769&#44;4770&#44;4771&#44;4772&#44;4774&#44;4775&#44;4776&#44;4777&#44;4778&#44;4780&#44;4781&#44;4782&#44;4783&#44;4784&#44;4785&#44;4786&#44;4787&#44;4789&#44;4790&#44;4794&#44;4795&#44;4797&#44;4798&#44;4799&#44;4801&#44;4802&#44;4804&#44;4805&#44;4808&#44;4815&#44;4816&#44;4817&#44;4818&#44;4819&#44;4820&#44;4822&#44;4824&#44;4825&#44;4828&#44;4829&#44;4830&#44;4831&#44;4836&#44;4837&#44;4840&#44;4843&#44;4846&#44;4847&#44;4850&#44;4851&#44;4852&#44;4853&#44;4855&#44;4857&#44;4859&#44;4860&#44;4861&#44;4866&#44;4871&#44;4872&#44;4873&#44;4874&#44;4875&#44;4876&#44;4878&#44;4879&#44;4901&#44;4905&#44;4906&#44;4908&#44;4911&#44;4914&#44;4915&#44;4917&#44;4925&#44;4926&#44;4930&#44;4933&#44;4936&#44;4938&#44;4942&#44;4944&#44;4946&#44;4947&#44;4948&#44;4950&#44;4952&#44;4955&#44;4961&#44;4962&#44;4963&#44;4972&#44;4973&#44;4974&#44;4982&#44;4983&#44;4985&#44;4987&#44;4989&#44;4990&#44;4991&#44;4992&#44;4994&#44;4996&#44;4998&#44;4999&#44;6181&#44;6189&#44;6201&#44;6203&#44;6204&#44;6205&#44;6212&#44;6213&#44;6216&#44;6217&#44;6218&#44;6219&#44;6220&#44;6225&#44;6228&#44;6235&#44;6236&#44;6239&#44;6240&#44;6242&#44;6244&#44;6246&#44;6249&#44;6251&#44;6252&#44;6254&#44;6255&#44;6256&#44;6257&#44;6259&#44;6260&#44;6261&#44;6262&#44;6265&#44;6267&#44;6270&#44;6302&#44;6304&#44;6305&#44;6307&#44;6308&#44;6309&#44;6310&#44;6311&#44;6312&#44;6313&#44;6314&#44;6315&#44;6317&#44;6319&#44;6320&#44;6321&#44;6322&#44;6324&#44;6325&#44;6326&#44;6327&#44;6328&#44;6329&#44;6330&#44;6331&#44;6332&#44;6333&#44;6334&#44;6335&#44;6339&#44;6341&#44;6343&#44;6344&#44;6345&#44;6347&#44;6348&#44;6349&#44;6350&#44;6351&#44;6352&#44;6353&#44;6354&#44;6355&#44;6356&#44;6357&#44;6358&#44;6359&#44;6360&#44;6361&#44;6363&#44;6364&#44;6365&#44;6366&#44;6368&#44;6369&#44;6371&#44;6372&#44;6373&#44;6375&#44;6376&#44;6377&#44;6378&#44;6379&#44;6380&#44;6381&#44;6382&#44;6383&#44;6384&#44;6385&#44;6386&#44;6387&#44;6388&#44;6401&#44;6402&#44;6403&#44;6404&#44;6405&#44;6406&#44;6407&#44;6408&#44;6409&#44;6410&#44;6412&#44;6414&#44;6415&#44;6417&#44;6418&#44;6419&#44;6420&#44;6423&#44;6424&#44;6425&#44;6427&#44;6428&#44;6429&#44;6430&#44;6431&#44;6432&#44;6433&#44;6434&#44;6435&#44;6436&#44;6437&#44;6439&#44;6440&#44;6441&#44;6443&#44;6444&#44;6445&#44;6448&#44;6449&#44;6450&#44;6452&#44;6454&#44;6455&#44;6456&#44;6457&#44;6458&#44;6460&#44;6462&#44;6463&#44;6464&#44;6471&#44;6472&#44;6474&#44;6479&#44;6485&#44;6487&#44;6489&#44;6501&#44;6502&#44;6503&#44;6505&#44;6506&#44;6507&#44;6509&#44;6510&#44;6512&#44;6514&#44;6517&#44;6518&#44;6520&#44;6521&#44;6524&#44;6527&#44;6528&#44;6533&#44;6535&#44;6536&#44;6539&#44;6540&#44;6543&#44;6547&#44;6549&#44;6556&#44;6562&#44;6565&#44;6567&#44;6568&#44;6569&#44;6570&#44;6571&#44;6572&#44;6573&#44;6575&#44;6581&#44;6582&#44;6604&#44;6605&#44;6606&#44;6608&#44;6609&#44;6610&#44;6612&#44;6613&#44;6614&#44;6615&#44;6616&#44;6617&#44;6619&#44;6620&#44;6621&#44;6622&#44;6624&#44;6626&#44;6628&#44;6630&#44;6631&#44;6632&#44;6633&#44;6634&#44;6635&#44;6636&#44;6637&#44;6643&#44;6644&#44;6646&#44;6650&#44;6651&#44;6652&#44;6653&#44;6655&#44;6657&#44;6658&#44;6659&#44;6660&#44;6661&#44;6662&#44;6663&#44;6666&#44;6667&#44;6670&#44;6671&#44;6672&#44;6673&#44;6674&#44;6675&#44;6676&#44;6677&#44;6678&#44;6679&#44;6680&#44;6682&#44;6683&#44;6684&#44;6685&#44;6686&#44;6689&#44;6690&#44;6692&#44;6779&#44;6781&#44;6867&#44;6976&#44;""",10/5/20,10/5/20,Y
layouts,Bakery Pallets,"""37-4&#44;77-4""",,2020,10/5/20,1-NewFolderStructure/C037_C077_Bakery_Pallets/C37_77_Bakery_Pallets_Effective_10052020_Updated_10082020/,_C37_77_Bakery_Pallets_Effective_10052020_Updated_10082020.pdf,"""6655&#44;""",10/9/20,10/8/20,Y
layouts,Meat and Seafood,"""72&#44;76&#44;93""",,2020,10/5/20,1-NewFolderStructure/C076_C072_C093_Fresh_Meat_Seafood/C72_C76_C93_Effective_10052020_Planogram_Updated_10142020/,_C72_C76_C93_Effective_10052020_Planogram_Updated_10142020.pdf,"""4109&#44;4702&#44;4703&#44;4704&#44;4707&#44;4709&#44;4710&#44;4711&#44;4712&#44;4713&#44;4718&#44;4720&#44;4721&#44;4722&#44;4724&#44;4728&#44;4729&#44;4730&#44;4732&#44;4735&#44;4736&#44;4738&#44;4739&#44;4740&#44;4741&#44;4742&#44;4743&#44;4745&#44;4749&#44;4750&#44;4755&#44;4761&#44;4763&#44;4764&#44;4767&#44;4768&#44;4769&#44;4770&#44;4771&#44;4772&#44;4774&#44;4775&#44;4776&#44;4777&#44;4778&#44;4780&#44;4781&#44;4782&#44;4783&#44;4784&#44;4785&#44;4786&#44;4787&#44;4789&#44;4790&#44;4791&#44;4794&#44;4795&#44;4797&#44;4798&#44;4799&#44;4801&#44;4802&#44;4804&#44;4805&#44;4808&#44;4815&#44;4816&#44;4817&#44;4818&#44;4819&#44;4820&#44;4822&#44;4824&#44;4825&#44;4828&#44;4829&#44;4830&#44;4831&#44;4836&#44;4837&#44;4839&#44;4840&#44;4843&#44;4846&#44;4847&#44;4850&#44;4851&#44;4852&#44;4853&#44;4855&#44;4857&#44;4859&#44;4860&#44;4861&#44;4866&#44;4870&#44;4871&#44;4872&#44;4873&#44;4874&#44;4875&#44;4876&#44;4878&#44;4879&#44;4901&#44;4905&#44;4906&#44;4908&#44;4911&#44;4914&#44;4915&#44;4917&#44;4920&#44;4925&#44;4926&#44;4930&#44;4933&#44;4936&#44;4938&#44;4939&#44;4942&#44;4944&#44;4946&#44;4947&#44;4948&#44;4950&#44;4952&#44;4955&#44;4958&#44;4961&#44;4962&#44;4963&#44;4969&#44;4972&#44;4973&#44;4974&#44;4982&#44;4983&#44;4985&#44;4987&#44;4989&#44;4990&#44;4991&#44;4992&#44;4994&#44;4996&#44;4998&#44;4999&#44;6181&#44;6188&#44;6189&#44;6201&#44;6202&#44;6203&#44;6204&#44;6205&#44;6212&#44;6213&#44;6216&#44;6217&#44;6218&#44;6219&#44;6220&#44;6225&#44;6228&#44;6235&#44;6236&#44;6238&#44;6239&#44;6240&#44;6242&#44;6244&#44;6245&#44;6246&#44;6247&#44;6249&#44;6251&#44;6252&#44;6254&#44;6255&#44;6256&#44;6257&#44;6259&#44;6260&#44;6261&#44;6262&#44;6265&#44;6267&#44;6269&#44;6270&#44;6275&#44;6302&#44;6304&#44;6305&#44;6307&#44;6308&#44;6309&#44;6310&#44;6311&#44;6312&#44;6313&#44;6314&#44;6315&#44;6317&#44;6319&#44;6320&#44;6321&#44;6322&#44;6324&#44;6325&#44;6326&#44;6327&#44;6328&#44;6329&#44;6330&#44;6331&#44;6332&#44;6333&#44;6334&#44;6335&#44;6336&#44;6338&#44;6339&#44;6341&#44;6342&#44;6343&#44;6344&#44;6345&#44;6347&#44;6348&#44;6349&#44;6350&#44;6351&#44;6352&#44;6353&#44;6354&#44;6355&#44;6356&#44;6357&#44;6358&#44;6359&#44;6360&#44;6361&#44;6363&#44;6364&#44;6365&#44;6366&#44;6367&#44;6368&#44;6369&#44;6371&#44;6372&#44;6373&#44;6375&#44;6376&#44;6377&#44;6378&#44;6379&#44;6380&#44;6381&#44;6382&#44;6383&#44;6384&#44;6385&#44;6386&#44;6387&#44;6388&#44;6401&#44;6402&#44;6403&#44;6404&#44;6405&#44;6406&#44;6407&#44;6408&#44;6409&#44;6410&#44;6412&#44;6413&#44;6414&#44;6415&#44;6417&#44;6418&#44;6419&#44;6420&#44;6421&#44;6422&#44;6423&#44;6424&#44;6425&#44;6426&#44;6427&#44;6428&#44;6429&#44;6430&#44;6431&#44;6432&#44;6433&#44;6434&#44;6435&#44;6436&#44;6437&#44;6439&#44;6440&#44;6441&#44;6443&#44;6444&#44;6445&#44;6448&#44;6449&#44;6450&#44;6452&#44;6453&#44;6454&#44;6455&#44;6456&#44;6457&#44;6458&#44;6460&#44;6461&#44;6462&#44;6463&#44;6464&#44;6471&#44;6472&#44;6474&#44;6479&#44;6482&#44;6485&#44;6487&#44;6489&#44;6501&#44;6502&#44;6503&#44;6505&#44;6506&#44;6507&#44;6509&#44;6510&#44;6512&#44;6514&#44;6517&#44;6518&#44;6520&#44;6521&#44;6524&#44;6527&#44;6528&#44;6533&#44;6535&#44;6536&#44;6539&#44;6540&#44;6543&#44;6547&#44;6549&#44;6556&#44;6562&#44;6565&#44;6567&#44;6568&#44;6569&#44;6570&#44;6571&#44;6572&#44;6573&#44;6575&#44;6581&#44;6582&#44;6604&#44;6605&#44;6606&#44;6608&#44;6609&#44;6610&#44;6612&#44;6613&#44;6614&#44;6615&#44;6616&#44;6617&#44;6619&#44;6620&#44;6621&#44;6622&#44;6624&#44;6626&#44;6628&#44;6630&#44;6631&#44;6632&#44;6633&#44;6634&#44;6635&#44;6636&#44;6637&#44;6643&#44;6644&#44;6646&#44;6650&#44;6651&#44;6652&#44;6653&#44;6655&#44;6657&#44;6658&#44;6659&#44;6660&#44;6661&#44;6662&#44;6663&#44;6664&#44;6666&#44;6667&#44;6670&#44;6671&#44;6672&#44;6673&#44;6674&#44;6675&#44;6676&#44;6677&#44;6678&#44;6679&#44;6680&#44;6682&#44;6683&#44;6684&#44;6685&#44;6686&#44;6689&#44;6690&#44;6692&#44;6693&#44;6779&#44;6781&#44;6867&#44;6976&#44;6979&#44;7189&#44;7658&#44;7676&#44;8102&#44;8104&#44;8106&#44;8107&#44;8111&#44;8112&#44;8114&#44;8115&#44;8116&#44;8117&#44;8119&#44;8120&#44;8123&#44;8125&#44;8126&#44;8128&#44;8129&#44;8130&#44;8132&#44;8133&#44;8134&#44;8135&#44;8136&#44;8138&#44;8139&#44;8141&#44;8142&#44;8144&#44;8145&#44;8146&#44;8147&#44;8149&#44;8150&#44;8151&#44;8152&#44;8153&#44;8155&#44;8156&#44;8157&#44;8158&#44;8160&#44;8161&#44;8162&#44;8163&#44;8164&#44;8165&#44;8166&#44;8167&#44;8168&#44;8169&#44;8172&#44;8173&#44;8174&#44;8175&#44;8176&#44;8177&#44;8180&#44;8181&#44;8182&#44;8183&#44;8184&#44;8185&#44;8186&#44;8188&#44;8189&#44;8190&#44;8191&#44;8192&#44;8193&#44;8194&#44;8196&#44;8197&#44;8201&#44;8202&#44;8203&#44;8205&#44;8207&#44;8208&#44;8209&#44;8210&#44;8211&#44;8213&#44;8215&#44;8218&#44;8219&#44;8220&#44;8221&#44;8222&#44;8223&#44;8224&#44;8225&#44;8226&#44;8227&#44;8228&#44;8236&#44;8237&#44;8238&#44;8239&#44;8241&#44;8242&#44;8243&#44;8244&#44;8245&#44;8246&#44;8247&#44;8248&#44;8250&#44;8251&#44;8252&#44;8253&#44;8254&#44;8256&#44;8257&#44;8259&#44;8261&#44;8262&#44;8263&#44;8264&#44;8265&#44;8266&#44;8267&#44;8268&#44;8269&#44;8270&#44;8271&#44;8272&#44;8273&#44;8274&#44;8275&#44;8276&#44;8277&#44;8278&#44;8279&#44;8280&#44;8281&#44;8282&#44;8283&#44;8284&#44;8285&#44;8286&#44;8287&#44;8288&#44;8289&#44;8290&#44;8291&#44;8292&#44;8293&#44;8294&#44;8295&#44;8296&#44;8297&#44;8298&#44;8299&#44;""",10/21/20,10/14/20,Y
layouts,Mobile Phones,74,,2020,10/12/20,1-NewFolderStructure/C074_NoContract_UnlockedPhones/C74_EFFECTIVE_10122020_UPDATED_10192020/,_C74_EFFECTIVE_10122020_UPDATED_10192020.pdf,"""4109&#44;4702&#44;4703&#44;4704&#44;4707&#44;4709&#44;4710&#44;4711&#44;4712&#44;4713&#44;4718&#44;4720&#44;4721&#44;4722&#44;4724&#44;4728&#44;4729&#44;4730&#44;4731&#44;4732&#44;4735&#44;4736&#44;4738&#44;4739&#44;4740&#44;4741&#44;4742&#44;4743&#44;4745&#44;4749&#44;4750&#44;4755&#44;4761&#44;4763&#44;4764&#44;4767&#44;4768&#44;4769&#44;4770&#44;4771&#44;4772&#44;4774&#44;4775&#44;4776&#44;4777&#44;4778&#44;4780&#44;4781&#44;4782&#44;4783&#44;4784&#44;4785&#44;4786&#44;4787&#44;4789&#44;4790&#44;4791&#44;4794&#44;4795&#44;4797&#44;4798&#44;4799&#44;4801&#44;4802&#44;4804&#44;4805&#44;4808&#44;4815&#44;4816&#44;4817&#44;4818&#44;4819&#44;4820&#44;4822&#44;4824&#44;4825&#44;4828&#44;4829&#44;4830&#44;4831&#44;4836&#44;4837&#44;4839&#44;4840&#44;4843&#44;4846&#44;4847&#44;4850&#44;4851&#44;4852&#44;4853&#44;4855&#44;4857&#44;4859&#44;4860&#44;4861&#44;4870&#44;4871&#44;4872&#44;4873&#44;4874&#44;4875&#44;4876&#44;4878&#44;4879&#44;4901&#44;4905&#44;4906&#44;4908&#44;4911&#44;4914&#44;4915&#44;4917&#44;4920&#44;4926&#44;4930&#44;4933&#44;4936&#44;4938&#44;4939&#44;4942&#44;4944&#44;4946&#44;4947&#44;4948&#44;4950&#44;4952&#44;4955&#44;4958&#44;4961&#44;4962&#44;4963&#44;4969&#44;4972&#44;4973&#44;4974&#44;4982&#44;4983&#44;4985&#44;4987&#44;4989&#44;4990&#44;4991&#44;4992&#44;4994&#44;4996&#44;4998&#44;4999&#44;6181&#44;6186&#44;6188&#44;6189&#44;6201&#44;6202&#44;6203&#44;6204&#44;6205&#44;6212&#44;6213&#44;6216&#44;6217&#44;6218&#44;6219&#44;6220&#44;6228&#44;6235&#44;6236&#44;6238&#44;6239&#44;6240&#44;6242&#44;6244&#44;6245&#44;6246&#44;6247&#44;6249&#44;6251&#44;6252&#44;6254&#44;6255&#44;6256&#44;6257&#44;6259&#44;6260&#44;6261&#44;6262&#44;6265&#44;6267&#44;6269&#44;6275&#44;6302&#44;6304&#44;6305&#44;6307&#44;6308&#44;6309&#44;6310&#44;6311&#44;6312&#44;6313&#44;6314&#44;6315&#44;6317&#44;6319&#44;6320&#44;6321&#44;6322&#44;6324&#44;6325&#44;6326&#44;6327&#44;6328&#44;6329&#44;6330&#44;6331&#44;6332&#44;6333&#44;6334&#44;6335&#44;6336&#44;6338&#44;6339&#44;6341&#44;6342&#44;6343&#44;6344&#44;6345&#44;6347&#44;6348&#44;6349&#44;6350&#44;6351&#44;6352&#44;6353&#44;6354&#44;6355&#44;6356&#44;6357&#44;6358&#44;6360&#44;6361&#44;6363&#44;6364&#44;6365&#44;6366&#44;6367&#44;6368&#44;6369&#44;6371&#44;6372&#44;6373&#44;6375&#44;6376&#44;6377&#44;6378&#44;6379&#44;6380&#44;6381&#44;6382&#44;6383&#44;6384&#44;6385&#44;6386&#44;6387&#44;6388&#44;6401&#44;6402&#44;6403&#44;6404&#44;6405&#44;6406&#44;6407&#44;6408&#44;6409&#44;6410&#44;6412&#44;6413&#44;6414&#44;6415&#44;6417&#44;6418&#44;6419&#44;6420&#44;6421&#44;6422&#44;6423&#44;6424&#44;6425&#44;6426&#44;6427&#44;6428&#44;6429&#44;6430&#44;6431&#44;6432&#44;6433&#44;6434&#44;6435&#44;6436&#44;6437&#44;6439&#44;6440&#44;6441&#44;6443&#44;6444&#44;6445&#44;6448&#44;6449&#44;6450&#44;6452&#44;6453&#44;6454&#44;6455&#44;6456&#44;6457&#44;6458&#44;6460&#44;6461&#44;6462&#44;6463&#44;6464&#44;6471&#44;6472&#44;6474&#44;6479&#44;6482&#44;6485&#44;6487&#44;6489&#44;6501&#44;6502&#44;6503&#44;6505&#44;6506&#44;6507&#44;6509&#44;6510&#44;6512&#44;6514&#44;6517&#44;6518&#44;6520&#44;6521&#44;6524&#44;6527&#44;6528&#44;6533&#44;6535&#44;6536&#44;6539&#44;6540&#44;6547&#44;6549&#44;6556&#44;6562&#44;6565&#44;6567&#44;6568&#44;6569&#44;6570&#44;6571&#44;6572&#44;6573&#44;6575&#44;6581&#44;6582&#44;6604&#44;6605&#44;6606&#44;6608&#44;6609&#44;6610&#44;6612&#44;6613&#44;6614&#44;6615&#44;6616&#44;6617&#44;6619&#44;6620&#44;6621&#44;6622&#44;6624&#44;6626&#44;6628&#44;6630&#44;6631&#44;6632&#44;6633&#44;6634&#44;6635&#44;6636&#44;6637&#44;6643&#44;6644&#44;6646&#44;6650&#44;6651&#44;6652&#44;6653&#44;6655&#44;6657&#44;6658&#44;6659&#44;6660&#44;6661&#44;6662&#44;6663&#44;6664&#44;6666&#44;6667&#44;6670&#44;6671&#44;6672&#44;6673&#44;6674&#44;6675&#44;6676&#44;6677&#44;6678&#44;6679&#44;6682&#44;6683&#44;6684&#44;6685&#44;6686&#44;6692&#44;6693&#44;6779&#44;6781&#44;6867&#44;6976&#44;6979&#44;7189&#44;7658&#44;7676&#44;8102&#44;8104&#44;8106&#44;8107&#44;8111&#44;8112&#44;8114&#44;8115&#44;8116&#44;8117&#44;8119&#44;8120&#44;8123&#44;8125&#44;8126&#44;8128&#44;8129&#44;8130&#44;8132&#44;8133&#44;8134&#44;8135&#44;8136&#44;8138&#44;8139&#44;8141&#44;8142&#44;8144&#44;8145&#44;8146&#44;8147&#44;8149&#44;8150&#44;8151&#44;8152&#44;8153&#44;8155&#44;8156&#44;8157&#44;8158&#44;8160&#44;8161&#44;8162&#44;8163&#44;8164&#44;8165&#44;8166&#44;8167&#44;8168&#44;8169&#44;8172&#44;8173&#44;8174&#44;8175&#44;8176&#44;8177&#44;8180&#44;8181&#44;8182&#44;8183&#44;8184&#44;8185&#44;8186&#44;8188&#44;8189&#44;8190&#44;8191&#44;8192&#44;8193&#44;8194&#44;8196&#44;8197&#44;8201&#44;8202&#44;8203&#44;8205&#44;8207&#44;8208&#44;8209&#44;8210&#44;8211&#44;8213&#44;8215&#44;8218&#44;8219&#44;8220&#44;8221&#44;8222&#44;8223&#44;8224&#44;8225&#44;8226&#44;8227&#44;8228&#44;8236&#44;8237&#44;8238&#44;8239&#44;8241&#44;8242&#44;8243&#44;8244&#44;8245&#44;8246&#44;8247&#44;8248&#44;8250&#44;8251&#44;8252&#44;8253&#44;8254&#44;8256&#44;8257&#44;8259&#44;8261&#44;8262&#44;8263&#44;8264&#44;8265&#44;8266&#44;8267&#44;8268&#44;8269&#44;8270&#44;8271&#44;8272&#44;8273&#44;8274&#44;8275&#44;8276&#44;8277&#44;8278&#44;8279&#44;8280&#44;8281&#44;8282&#44;8283&#44;8284&#44;8285&#44;8286&#44;8287&#44;8288&#44;8289&#44;8290&#44;8291&#44;8292&#44;8293&#44;8294&#44;8295&#44;8296&#44;8297&#44;8298&#44;8299&#44;""",10/19/20,10/19/20,N
layouts,Meat and Seafood,"""72&#44;76&#44;93""",,2020,11/2/20,1-NewFolderStructure/C076_C072_C093_Fresh_Meat_Seafood/PR_C72_C76_C93_Effective_11022020_Planogram_Updated_10292020/,_C37_77_Bakery_Pallets_Effective_11022020_Updated_11022020.pdf,"""4866&#44;6225&#44;6270&#44;6543&#44;6680&#44;6689&#44;6690&#44;""",11/4/20,10/5/20,Y
layouts,Deli,57,,2020,11/2/20,1-NewFolderStructure/C057_Deli/C57_Effective_11022020_Planogram_Update_10-22-2020/,_C57_Effective_11022020_Planogram_Update_10-22-2020.pdf,"""4728&#44;4750&#44;4846&#44;4860&#44;4926&#44;4947&#44;4962&#44;4963&#44;6242&#44;6302&#44;6305&#44;6307&#44;6308&#44;6314&#44;6317&#44;6322&#44;6326&#44;6327&#44;6373&#44;6380&#44;6404&#44;6407&#44;6450&#44;6457&#44;6517&#44;6528&#44;6556&#44;6569&#44;6675&#44;8111&#44;8132&#44;8133&#44;8136&#44;8152&#44;8188&#44;8189&#44;""",11/4/20,10/22/20,Y
layouts,Bakery Dessert,"""37-2&#44;77-2""",,2020,11/2/20,1-NewFolderStructure/C037_C077_Bakery_Dessert/C77_C37_Dessert_Effective_11022020_Updated_10222020/,_C77_C37_Effective_11022020_Updated_10222020.pdf,"""4109&#44;4702&#44;4703&#44;4704&#44;4707&#44;4709&#44;4710&#44;4711&#44;4712&#44;4713&#44;4718&#44;4720&#44;4721&#44;4722&#44;4724&#44;4728&#44;4729&#44;4730&#44;4731&#44;4732&#44;4735&#44;4736&#44;4738&#44;4739&#44;4740&#44;4741&#44;4742&#44;4743&#44;4745&#44;4749&#44;4750&#44;4755&#44;4761&#44;4763&#44;4764&#44;4767&#44;4768&#44;4769&#44;4770&#44;4771&#44;4772&#44;4774&#44;4775&#44;4776&#44;4777&#44;4778&#44;4780&#44;4781&#44;4782&#44;4783&#44;4784&#44;4785&#44;4786&#44;4787&#44;4789&#44;4790&#44;4791&#44;4794&#44;4795&#44;4797&#44;4798&#44;4799&#44;4801&#44;4802&#44;4804&#44;4805&#44;4808&#44;4815&#44;4816&#44;4817&#44;4818&#44;4819&#44;4820&#44;4822&#44;4824&#44;4825&#44;4828&#44;4829&#44;4830&#44;4831&#44;4836&#44;4837&#44;4839&#44;4840&#44;4843&#44;4846&#44;4847&#44;4850&#44;4851&#44;4852&#44;4853&#44;4855&#44;4857&#44;4859&#44;4860&#44;4861&#44;4866&#44;4870&#44;4872&#44;4873&#44;4874&#44;4875&#44;4876&#44;4878&#44;4879&#44;4901&#44;4905&#44;4906&#44;4911&#44;4914&#44;4915&#44;4917&#44;4920&#44;4925&#44;4926&#44;4933&#44;4936&#44;4938&#44;4939&#44;4942&#44;4944&#44;4946&#44;4947&#44;4948&#44;4950&#44;4952&#44;4955&#44;4958&#44;4961&#44;4962&#44;4963&#44;4969&#44;4972&#44;4973&#44;4974&#44;4982&#44;4983&#44;4985&#44;4987&#44;4989&#44;4990&#44;4991&#44;4992&#44;4994&#44;4996&#44;4998&#44;4999&#44;6181&#44;6188&#44;6189&#44;6201&#44;6202&#44;6203&#44;6204&#44;6205&#44;6212&#44;6213&#44;6216&#44;6217&#44;6218&#44;6219&#44;6220&#44;6225&#44;6228&#44;6235&#44;6236&#44;6238&#44;6239&#44;6240&#44;6242&#44;6244&#44;6245&#44;6246&#44;6247&#44;6249&#44;6251&#44;6252&#44;6254&#44;6255&#44;6256&#44;6257&#44;6259&#44;6260&#44;6261&#44;6262&#44;6265&#44;6267&#44;6269&#44;6270&#44;6275&#44;6302&#44;6304&#44;6305&#44;6307&#44;6308&#44;6309&#44;6310&#44;6311&#44;6312&#44;6313&#44;6315&#44;6317&#44;6319&#44;6320&#44;6321&#44;6322&#44;6324&#44;6325&#44;6326&#44;6327&#44;6328&#44;6329&#44;6330&#44;6331&#44;6332&#44;6333&#44;6334&#44;6335&#44;6336&#44;6338&#44;6339&#44;6341&#44;6342&#44;6343&#44;6344&#44;6345&#44;6347&#44;6348&#44;6349&#44;6350&#44;6351&#44;6352&#44;6353&#44;6354&#44;6355&#44;6356&#44;6357&#44;6358&#44;6359&#44;6360&#44;6361&#44;6363&#44;6364&#44;6365&#44;6366&#44;6367&#44;6368&#44;6369&#44;6371&#44;6372&#44;6373&#44;6375&#44;6376&#44;6378&#44;6379&#44;6380&#44;6381&#44;6382&#44;6383&#44;6384&#44;6386&#44;6387&#44;6388&#44;6401&#44;6402&#44;6403&#44;6404&#44;6405&#44;6406&#44;6407&#44;6408&#44;6409&#44;6410&#44;6412&#44;6413&#44;6414&#44;6415&#44;6418&#44;6419&#44;6420&#44;6421&#44;6422&#44;6423&#44;6425&#44;6426&#44;6427&#44;6428&#44;6429&#44;6431&#44;6433&#44;6434&#44;6435&#44;6436&#44;6437&#44;6439&#44;6440&#44;6441&#44;6443&#44;6444&#44;6445&#44;6448&#44;6449&#44;6450&#44;6452&#44;6453&#44;6454&#44;6455&#44;6456&#44;6457&#44;6458&#44;6460&#44;6462&#44;6463&#44;6464&#44;6472&#44;6474&#44;6479&#44;6482&#44;6485&#44;6487&#44;6489&#44;6501&#44;6502&#44;6503&#44;6505&#44;6506&#44;6507&#44;6509&#44;6512&#44;6517&#44;6518&#44;6520&#44;6521&#44;6524&#44;6527&#44;6528&#44;6535&#44;6536&#44;6539&#44;6543&#44;6547&#44;6549&#44;6562&#44;6565&#44;6569&#44;6570&#44;6571&#44;6572&#44;6573&#44;6575&#44;6581&#44;6582&#44;6604&#44;6605&#44;6606&#44;6608&#44;6609&#44;6610&#44;6612&#44;6613&#44;6614&#44;6615&#44;6616&#44;6617&#44;6619&#44;6620&#44;6621&#44;6622&#44;6624&#44;6626&#44;6628&#44;6630&#44;6631&#44;6632&#44;6634&#44;6635&#44;6636&#44;6637&#44;6643&#44;6644&#44;6646&#44;6650&#44;6651&#44;6652&#44;6653&#44;6655&#44;6657&#44;6658&#44;6659&#44;6660&#44;6661&#44;6662&#44;6663&#44;6664&#44;6666&#44;6667&#44;6670&#44;6671&#44;6672&#44;6673&#44;6674&#44;6675&#44;6676&#44;6677&#44;6678&#44;6679&#44;6680&#44;6682&#44;6683&#44;6684&#44;6685&#44;6686&#44;6689&#44;6690&#44;6692&#44;6693&#44;6779&#44;6781&#44;6867&#44;6976&#44;6979&#44;7189&#44;7658&#44;7676&#44;8102&#44;8104&#44;8106&#44;8107&#44;8111&#44;8112&#44;8114&#44;8115&#44;8116&#44;8117&#44;8119&#44;8120&#44;8123&#44;8125&#44;8126&#44;8128&#44;8129&#44;8130&#44;8132&#44;8133&#44;8134&#44;8135&#44;8136&#44;8138&#44;8139&#44;8141&#44;8142&#44;8144&#44;8145&#44;8146&#44;8147&#44;8149&#44;8150&#44;8151&#44;8152&#44;8153&#44;8155&#44;8156&#44;8157&#44;8158&#44;8160&#44;8161&#44;8162&#44;8163&#44;8164&#44;8165&#44;8166&#44;8167&#44;8168&#44;8169&#44;8172&#44;8173&#44;8174&#44;8175&#44;8176&#44;8177&#44;8181&#44;8182&#44;8183&#44;8184&#44;8185&#44;8186&#44;8188&#44;8190&#44;8191&#44;8192&#44;8193&#44;8194&#44;8196&#44;8197&#44;8201&#44;8202&#44;8203&#44;8205&#44;8207&#44;8208&#44;8209&#44;8210&#44;8211&#44;8213&#44;8215&#44;8218&#44;8219&#44;8220&#44;8221&#44;8222&#44;8223&#44;8224&#44;8225&#44;8226&#44;8227&#44;8228&#44;8236&#44;8237&#44;8238&#44;8239&#44;8241&#44;8242&#44;8243&#44;8244&#44;8245&#44;8246&#44;8247&#44;8248&#44;8250&#44;8251&#44;8252&#44;8253&#44;8254&#44;8256&#44;8257&#44;8259&#44;8261&#44;8262&#44;8263&#44;8264&#44;8265&#44;8266&#44;8267&#44;8268&#44;8269&#44;8270&#44;8271&#44;8272&#44;8273&#44;8274&#44;8275&#44;8276&#44;8277&#44;8278&#44;8279&#44;8280&#44;8281&#44;8282&#44;8283&#44;8284&#44;8285&#44;8286&#44;8287&#44;8288&#44;8289&#44;8290&#44;8291&#44;8292&#44;8293&#44;8294&#44;8295&#44;8296&#44;8297&#44;8298&#44;8299&#44;""",10/29/20,10/22/20,Y
layouts,Cake Case,"""37-3&#44;77-3""",,2020,11/2/20,1-NewFolderStructure/C037_C077_Cake_Case/C77_C37_Cake_Effective_11022020_Updated_10222020/,_C77_C37_Effective_11022020_Updated_10222020.pdf,"""4109&#44;4702&#44;4703&#44;4704&#44;4707&#44;4709&#44;4710&#44;4711&#44;4712&#44;4713&#44;4718&#44;4720&#44;4721&#44;4722&#44;4724&#44;4728&#44;4729&#44;4730&#44;4731&#44;4732&#44;4735&#44;4736&#44;4738&#44;4739&#44;4740&#44;4741&#44;4742&#44;4743&#44;4745&#44;4749&#44;4750&#44;4755&#44;4761&#44;4763&#44;4764&#44;4767&#44;4768&#44;4769&#44;4770&#44;4771&#44;4772&#44;4774&#44;4775&#44;4776&#44;4777&#44;4778&#44;4780&#44;4781&#44;4782&#44;4783&#44;4784&#44;4785&#44;4786&#44;4787&#44;4789&#44;4790&#44;4791&#44;4794&#44;4795&#44;4797&#44;4798&#44;4799&#44;4801&#44;4802&#44;4804&#44;4805&#44;4808&#44;4815&#44;4816&#44;4817&#44;4818&#44;4819&#44;4820&#44;4822&#44;4824&#44;4825&#44;4828&#44;4829&#44;4830&#44;4831&#44;4836&#44;4837&#44;4839&#44;4840&#44;4843&#44;4846&#44;4847&#44;4850&#44;4851&#44;4852&#44;4853&#44;4855&#44;4857&#44;4859&#44;4860&#44;4861&#44;4866&#44;4870&#44;4872&#44;4873&#44;4874&#44;4875&#44;4876&#44;4878&#44;4879&#44;4901&#44;4905&#44;4906&#44;4911&#44;4914&#44;4915&#44;4917&#44;4920&#44;4925&#44;4926&#44;4933&#44;4936&#44;4938&#44;4939&#44;4942&#44;4944&#44;4946&#44;4947&#44;4948&#44;4950&#44;4952&#44;4955&#44;4958&#44;4961&#44;4962&#44;4963&#44;4969&#44;4972&#44;4973&#44;4974&#44;4982&#44;4983&#44;4985&#44;4987&#44;4989&#44;4990&#44;4991&#44;4992&#44;4994&#44;4996&#44;4998&#44;4999&#44;6181&#44;6188&#44;6189&#44;6201&#44;6202&#44;6203&#44;6204&#44;6205&#44;6212&#44;6213&#44;6216&#44;6217&#44;6218&#44;6219&#44;6220&#44;6225&#44;6228&#44;6235&#44;6236&#44;6238&#44;6239&#44;6240&#44;6242&#44;6244&#44;6245&#44;6246&#44;6247&#44;6249&#44;6251&#44;6252&#44;6254&#44;6255&#44;6256&#44;6257&#44;6259&#44;6260&#44;6261&#44;6262&#44;6265&#44;6267&#44;6269&#44;6270&#44;6275&#44;6302&#44;6304&#44;6305&#44;6307&#44;6308&#44;6309&#44;6310&#44;6311&#44;6312&#44;6313&#44;6314&#44;6315&#44;6317&#44;6319&#44;6320&#44;6321&#44;6322&#44;6324&#44;6325&#44;6326&#44;6327&#44;6328&#44;6329&#44;6330&#44;6331&#44;6332&#44;6333&#44;6334&#44;6335&#44;6336&#44;6338&#44;6339&#44;6341&#44;6342&#44;6343&#44;6344&#44;6345&#44;6347&#44;6348&#44;6349&#44;6350&#44;6351&#44;6352&#44;6353&#44;6354&#44;6355&#44;6356&#44;6357&#44;6358&#44;6359&#44;6360&#44;6361&#44;6363&#44;6364&#44;6365&#44;6366&#44;6367&#44;6368&#44;6369&#44;6371&#44;6372&#44;6373&#44;6375&#44;6376&#44;6378&#44;6379&#44;6380&#44;6381&#44;6382&#44;6383&#44;6384&#44;6386&#44;6387&#44;6388&#44;6401&#44;6402&#44;6403&#44;6404&#44;6405&#44;6406&#44;6407&#44;6408&#44;6409&#44;6410&#44;6412&#44;6413&#44;6414&#44;6415&#44;6418&#44;6419&#44;6420&#44;6421&#44;6422&#44;6423&#44;6425&#44;6426&#44;6427&#44;6428&#44;6429&#44;6431&#44;6433&#44;6434&#44;6435&#44;6436&#44;6437&#44;6439&#44;6440&#44;6441&#44;6443&#44;6444&#44;6445&#44;6448&#44;6449&#44;6450&#44;6452&#44;6453&#44;6454&#44;6455&#44;6456&#44;6457&#44;6458&#44;6460&#44;6462&#44;6463&#44;6464&#44;6472&#44;6474&#44;6479&#44;6482&#44;6485&#44;6487&#44;6489&#44;6501&#44;6502&#44;6503&#44;6505&#44;6506&#44;6507&#44;6509&#44;6512&#44;6517&#44;6518&#44;6520&#44;6521&#44;6524&#44;6527&#44;6528&#44;6535&#44;6536&#44;6539&#44;6540&#44;6543&#44;6547&#44;6549&#44;6562&#44;6565&#44;6569&#44;6570&#44;6571&#44;6572&#44;6573&#44;6575&#44;6581&#44;6582&#44;6604&#44;6605&#44;6606&#44;6608&#44;6609&#44;6610&#44;6612&#44;6613&#44;6614&#44;6615&#44;6616&#44;6617&#44;6619&#44;6620&#44;6621&#44;6622&#44;6624&#44;6626&#44;6628&#44;6630&#44;6631&#44;6632&#44;6633&#44;6634&#44;6635&#44;6636&#44;6637&#44;6643&#44;6644&#44;6646&#44;6650&#44;6651&#44;6652&#44;6653&#44;6655&#44;6657&#44;6658&#44;6659&#44;6660&#44;6661&#44;6662&#44;6663&#44;6664&#44;6666&#44;6667&#44;6670&#44;6671&#44;6672&#44;6673&#44;6674&#44;6675&#44;6676&#44;6677&#44;6678&#44;6679&#44;6680&#44;6682&#44;6683&#44;6684&#44;6685&#44;6686&#44;6689&#44;6690&#44;6692&#44;6693&#44;6779&#44;6781&#44;6867&#44;6976&#44;6979&#44;7189&#44;7658&#44;7676&#44;8102&#44;8104&#44;8106&#44;8107&#44;8111&#44;8112&#44;8114&#44;8115&#44;8116&#44;8117&#44;8119&#44;8120&#44;8123&#44;8125&#44;8126&#44;8128&#44;8129&#44;8130&#44;8132&#44;8133&#44;8134&#44;8135&#44;8136&#44;8138&#44;8139&#44;8141&#44;8142&#44;8144&#44;8145&#44;8146&#44;8147&#44;8149&#44;8150&#44;8151&#44;8152&#44;8153&#44;8155&#44;8156&#44;8157&#44;8158&#44;8160&#44;8161&#44;8162&#44;8163&#44;8164&#44;8165&#44;8166&#44;8167&#44;8168&#44;8169&#44;8172&#44;8173&#44;8174&#44;8175&#44;8176&#44;8177&#44;8181&#44;8182&#44;8183&#44;8184&#44;8185&#44;8186&#44;8188&#44;8190&#44;8191&#44;8192&#44;8193&#44;8194&#44;8196&#44;8197&#44;8201&#44;8202&#44;8203&#44;8205&#44;8207&#44;8208&#44;8209&#44;8210&#44;8211&#44;8213&#44;8215&#44;8218&#44;8219&#44;8220&#44;8221&#44;8222&#44;8223&#44;8224&#44;8225&#44;8226&#44;8227&#44;8228&#44;8236&#44;8237&#44;8238&#44;8239&#44;8241&#44;8242&#44;8243&#44;8244&#44;8245&#44;8246&#44;8247&#44;8248&#44;8250&#44;8251&#44;8252&#44;8253&#44;8254&#44;8256&#44;8257&#44;8259&#44;8261&#44;8262&#44;8263&#44;8264&#44;8265&#44;8266&#44;8267&#44;8268&#44;8269&#44;8270&#44;8271&#44;8272&#44;8273&#44;8274&#44;8275&#44;8276&#44;8277&#44;8278&#44;8279&#44;8280&#44;8281&#44;8282&#44;8283&#44;8284&#44;8285&#44;8286&#44;8287&#44;8288&#44;8289&#44;8290&#44;8291&#44;8292&#44;8293&#44;8294&#44;8295&#44;8296&#44;8297&#44;8298&#44;8299&#44;""",10/29/20,10/22/20,Y
layouts,Bakery Tables,"""37&#44;77""",,2020,11/2/20,1-NewFolderStructure/C037_C077_Bakery_Tables/C37_77_Bakery_Tables_Effective_11022020_Updated_10232020/,_C37_77_Bakery_Tables_Effective_11022020_Updated_10232020.pdf,"""4109&#44;4702&#44;4703&#44;4704&#44;4707&#44;4709&#44;4710&#44;4711&#44;4712&#44;4713&#44;4718&#44;4720&#44;4721&#44;4722&#44;4724&#44;4728&#44;4729&#44;4730&#44;4731&#44;4732&#44;4735&#44;4736&#44;4738&#44;4739&#44;4740&#44;4742&#44;4743&#44;4745&#44;4749&#44;4750&#44;4755&#44;4761&#44;4763&#44;4764&#44;4767&#44;4768&#44;4769&#44;4770&#44;4771&#44;4772&#44;4774&#44;4775&#44;4776&#44;4777&#44;4778&#44;4780&#44;4781&#44;4782&#44;4783&#44;4784&#44;4785&#44;4786&#44;4787&#44;4789&#44;4790&#44;4791&#44;4794&#44;4795&#44;4797&#44;4798&#44;4799&#44;4801&#44;4802&#44;4804&#44;4805&#44;4808&#44;4815&#44;4816&#44;4817&#44;4818&#44;4819&#44;4820&#44;4822&#44;4824&#44;4825&#44;4828&#44;4829&#44;4830&#44;4831&#44;4836&#44;4837&#44;4839&#44;4840&#44;4843&#44;4846&#44;4847&#44;4850&#44;4851&#44;4852&#44;4853&#44;4855&#44;4857&#44;4859&#44;4860&#44;4861&#44;4866&#44;4870&#44;4872&#44;4873&#44;4874&#44;4875&#44;4876&#44;4878&#44;4879&#44;4901&#44;4905&#44;4906&#44;4911&#44;4914&#44;4915&#44;4917&#44;4920&#44;4925&#44;4926&#44;4933&#44;4936&#44;4938&#44;4939&#44;4942&#44;4944&#44;4946&#44;4947&#44;4948&#44;4950&#44;4952&#44;4955&#44;4958&#44;4961&#44;4962&#44;4963&#44;4969&#44;4972&#44;4973&#44;4974&#44;4982&#44;4983&#44;4985&#44;4987&#44;4989&#44;4990&#44;4991&#44;4992&#44;4994&#44;4996&#44;4998&#44;4999&#44;6181&#44;6188&#44;6189&#44;6201&#44;6202&#44;6203&#44;6204&#44;6205&#44;6212&#44;6213&#44;6216&#44;6217&#44;6218&#44;6219&#44;6220&#44;6225&#44;6228&#44;6235&#44;6236&#44;6238&#44;6239&#44;6240&#44;6242&#44;6244&#44;6245&#44;6245&#44;6246&#44;6247&#44;6249&#44;6251&#44;6252&#44;6254&#44;6255&#44;6256&#44;6257&#44;6259&#44;6260&#44;6261&#44;6262&#44;6265&#44;6267&#44;6269&#44;6270&#44;6275&#44;6302&#44;6304&#44;6305&#44;6307&#44;6308&#44;6309&#44;6310&#44;6311&#44;6312&#44;6313&#44;6314&#44;6315&#44;6317&#44;6319&#44;6320&#44;6321&#44;6322&#44;6324&#44;6325&#44;6326&#44;6327&#44;6328&#44;6329&#44;6330&#44;6331&#44;6332&#44;6333&#44;6334&#44;6335&#44;6336&#44;6338&#44;6339&#44;6341&#44;6342&#44;6343&#44;6344&#44;6345&#44;6347&#44;6348&#44;6349&#44;6350&#44;6351&#44;6352&#44;6353&#44;6354&#44;6355&#44;6356&#44;6357&#44;6358&#44;6359&#44;6360&#44;6361&#44;6363&#44;6364&#44;6365&#44;6366&#44;6367&#44;6368&#44;6369&#44;6371&#44;6372&#44;6373&#44;6375&#44;6376&#44;6378&#44;6379&#44;6380&#44;6381&#44;6382&#44;6383&#44;6384&#44;6385&#44;6386&#44;6387&#44;6388&#44;6401&#44;6402&#44;6403&#44;6404&#44;6405&#44;6406&#44;6407&#44;6408&#44;6409&#44;6410&#44;6412&#44;6413&#44;6414&#44;6415&#44;6418&#44;6419&#44;6420&#44;6421&#44;6422&#44;6423&#44;6425&#44;6426&#44;6427&#44;6428&#44;6429&#44;6430&#44;6431&#44;6433&#44;6434&#44;6435&#44;6436&#44;6437&#44;6439&#44;6440&#44;6441&#44;6443&#44;6444&#44;6445&#44;6448&#44;6449&#44;6450&#44;6452&#44;6453&#44;6454&#44;6455&#44;6456&#44;6457&#44;6458&#44;6460&#44;6462&#44;6463&#44;6464&#44;6472&#44;6474&#44;6479&#44;6482&#44;6485&#44;6487&#44;6489&#44;6501&#44;6502&#44;6503&#44;6505&#44;6506&#44;6507&#44;6509&#44;6512&#44;6517&#44;6518&#44;6520&#44;6521&#44;6524&#44;6527&#44;6528&#44;6535&#44;6536&#44;6539&#44;6540&#44;6543&#44;6547&#44;6549&#44;6562&#44;6565&#44;6569&#44;6570&#44;6571&#44;6572&#44;6573&#44;6575&#44;6581&#44;6582&#44;6604&#44;6605&#44;6606&#44;6608&#44;6609&#44;6610&#44;6612&#44;6613&#44;6614&#44;6615&#44;6616&#44;6617&#44;6619&#44;6620&#44;6621&#44;6622&#44;6624&#44;6626&#44;6628&#44;6630&#44;6631&#44;6632&#44;6633&#44;6634&#44;6635&#44;6636&#44;6637&#44;6643&#44;6644&#44;6646&#44;6650&#44;6651&#44;6652&#44;6653&#44;6655&#44;6657&#44;6658&#44;6659&#44;6660&#44;6661&#44;6662&#44;6663&#44;6664&#44;6666&#44;6667&#44;6670&#44;6671&#44;6672&#44;6673&#44;6674&#44;6675&#44;6676&#44;6677&#44;6678&#44;6679&#44;6680&#44;6682&#44;6683&#44;6684&#44;6685&#44;6686&#44;6689&#44;6690&#44;6692&#44;6693&#44;6779&#44;6781&#44;6867&#44;6976&#44;6979&#44;7189&#44;7658&#44;7676&#44;8102&#44;8104&#44;8106&#44;8107&#44;8111&#44;8112&#44;8114&#44;8115&#44;8116&#44;8117&#44;8119&#44;8120&#44;8123&#44;8125&#44;8126&#44;8128&#44;8129&#44;8130&#44;8132&#44;8133&#44;8134&#44;8135&#44;8136&#44;8138&#44;8139&#44;8141&#44;8142&#44;8144&#44;8145&#44;8146&#44;8147&#44;8149&#44;8150&#44;8151&#44;8152&#44;8153&#44;8155&#44;8156&#44;8157&#44;8158&#44;8160&#44;8161&#44;8162&#44;8163&#44;8164&#44;8165&#44;8166&#44;8167&#44;8168&#44;8169&#44;8172&#44;8173&#44;8174&#44;8175&#44;8176&#44;8177&#44;8181&#44;8182&#44;8183&#44;8184&#44;8185&#44;8186&#44;8188&#44;8189&#44;8190&#44;8191&#44;8192&#44;8193&#44;8194&#44;8196&#44;8197&#44;8201&#44;8202&#44;8203&#44;8205&#44;8207&#44;8208&#44;8209&#44;8210&#44;8211&#44;8213&#44;8215&#44;8218&#44;8219&#44;8220&#44;8221&#44;8222&#44;8223&#44;8224&#44;8225&#44;8226&#44;8227&#44;8228&#44;8236&#44;8237&#44;8238&#44;8239&#44;8241&#44;8242&#44;8243&#44;8244&#44;8245&#44;8246&#44;8247&#44;8248&#44;8250&#44;8251&#44;8252&#44;8253&#44;8254&#44;8256&#44;8257&#44;8259&#44;8261&#44;8262&#44;8263&#44;8264&#44;8265&#44;8266&#44;8267&#44;8268&#44;8269&#44;8270&#44;8271&#44;8272&#44;8273&#44;8274&#44;8275&#44;8276&#44;8277&#44;8278&#44;8279&#44;8280&#44;8281&#44;8282&#44;8283&#44;8284&#44;8285&#44;8286&#44;8287&#44;8288&#44;8289&#44;8290&#44;8291&#44;8292&#44;8293&#44;8294&#44;8295&#44;8296&#44;8297&#44;8298&#44;8299&#44;""",10/28/20,10/23/20,Y
layouts,Bakery Pallets,"""37-4&#44;77-4""",,2020,11/2/20,1-NewFolderStructure/C037_C077_Bakery_Pallets/C37_77_Bakery_Pallets_Effective_11022020_Updated_10232020/,_C37_77_Bakery_Pallets_Effective_11022020_Updated_10232020.pdf,"""4109&#44;4702&#44;4703&#44;4704&#44;4707&#44;4709&#44;4710&#44;4711&#44;4712&#44;4713&#44;4718&#44;4720&#44;4721&#44;4722&#44;4724&#44;4728&#44;4729&#44;4730&#44;4731&#44;4732&#44;4735&#44;4736&#44;4738&#44;4739&#44;4740&#44;4741&#44;4742&#44;4743&#44;4745&#44;4749&#44;4750&#44;4755&#44;4761&#44;4763&#44;4764&#44;4767&#44;4768&#44;4769&#44;4770&#44;4771&#44;4772&#44;4774&#44;4775&#44;4776&#44;4777&#44;4778&#44;4780&#44;4781&#44;4782&#44;4783&#44;4784&#44;4785&#44;4786&#44;4787&#44;4789&#44;4790&#44;4791&#44;4794&#44;4795&#44;4797&#44;4798&#44;4799&#44;4801&#44;4802&#44;4804&#44;4805&#44;4808&#44;4815&#44;4816&#44;4817&#44;4818&#44;4819&#44;4820&#44;4822&#44;4824&#44;4825&#44;4828&#44;4829&#44;4830&#44;4831&#44;4836&#44;4837&#44;4839&#44;4840&#44;4843&#44;4846&#44;4847&#44;4850&#44;4851&#44;4852&#44;4853&#44;4855&#44;4857&#44;4859&#44;4860&#44;4861&#44;4866&#44;4870&#44;4871&#44;4872&#44;4873&#44;4874&#44;4875&#44;4876&#44;4878&#44;4879&#44;4901&#44;4905&#44;4906&#44;4908&#44;4911&#44;4914&#44;4915&#44;4917&#44;4920&#44;4926&#44;4930&#44;4933&#44;4936&#44;4938&#44;4939&#44;4942&#44;4944&#44;4946&#44;4947&#44;4948&#44;4950&#44;4952&#44;4955&#44;4958&#44;4961&#44;4962&#44;4963&#44;4969&#44;4972&#44;4973&#44;4974&#44;4983&#44;4985&#44;4987&#44;4989&#44;4990&#44;4991&#44;4992&#44;4994&#44;4996&#44;4998&#44;4999&#44;6181&#44;6188&#44;6189&#44;6201&#44;6202&#44;6203&#44;6204&#44;6205&#44;6212&#44;6213&#44;6216&#44;6217&#44;6218&#44;6219&#44;6220&#44;6225&#44;6228&#44;6235&#44;6236&#44;6238&#44;6239&#44;6240&#44;6242&#44;6244&#44;6245&#44;6246&#44;6247&#44;6249&#44;6251&#44;6252&#44;6254&#44;6255&#44;6256&#44;6257&#44;6259&#44;6260&#44;6261&#44;6262&#44;6265&#44;6267&#44;6269&#44;6270&#44;6275&#44;6302&#44;6304&#44;6305&#44;6307&#44;6308&#44;6309&#44;6310&#44;6311&#44;6312&#44;6313&#44;6314&#44;6315&#44;6317&#44;6319&#44;6320&#44;6321&#44;6322&#44;6325&#44;6326&#44;6327&#44;6328&#44;6329&#44;6330&#44;6331&#44;6332&#44;6333&#44;6334&#44;6335&#44;6336&#44;6338&#44;6339&#44;6341&#44;6342&#44;6343&#44;6344&#44;6345&#44;6347&#44;6348&#44;6349&#44;6350&#44;6351&#44;6352&#44;6353&#44;6354&#44;6355&#44;6356&#44;6357&#44;6358&#44;6359&#44;6360&#44;6361&#44;6363&#44;6364&#44;6365&#44;6366&#44;6367&#44;6368&#44;6369&#44;6371&#44;6372&#44;6373&#44;6375&#44;6376&#44;6378&#44;6379&#44;6380&#44;6381&#44;6382&#44;6383&#44;6384&#44;6385&#44;6386&#44;6387&#44;6388&#44;6401&#44;6402&#44;6403&#44;6404&#44;6405&#44;6406&#44;6407&#44;6408&#44;6409&#44;6410&#44;6413&#44;6414&#44;6415&#44;6417&#44;6418&#44;6419&#44;6420&#44;6421&#44;6422&#44;6423&#44;6424&#44;6425&#44;6427&#44;6428&#44;6429&#44;6430&#44;6431&#44;6432&#44;6433&#44;6434&#44;6435&#44;6436&#44;6437&#44;6439&#44;6440&#44;6441&#44;6443&#44;6444&#44;6445&#44;6448&#44;6449&#44;6450&#44;6452&#44;6453&#44;6454&#44;6455&#44;6456&#44;6457&#44;6458&#44;6460&#44;6461&#44;6462&#44;6463&#44;6464&#44;6471&#44;6472&#44;6474&#44;6479&#44;6482&#44;6485&#44;6487&#44;6489&#44;6501&#44;6502&#44;6503&#44;6505&#44;6506&#44;6507&#44;6509&#44;6510&#44;6512&#44;6514&#44;6517&#44;6518&#44;6520&#44;6521&#44;6524&#44;6527&#44;6528&#44;6533&#44;6535&#44;6536&#44;6539&#44;6540&#44;6543&#44;6547&#44;6549&#44;6556&#44;6562&#44;6565&#44;6567&#44;6568&#44;6569&#44;6570&#44;6571&#44;6572&#44;6573&#44;6575&#44;6581&#44;6582&#44;6604&#44;6605&#44;6606&#44;6608&#44;6609&#44;6610&#44;6612&#44;6613&#44;6614&#44;6615&#44;6616&#44;6617&#44;6619&#44;6620&#44;6621&#44;6622&#44;6624&#44;6626&#44;6628&#44;6630&#44;6631&#44;6632&#44;6633&#44;6634&#44;6635&#44;6636&#44;6637&#44;6643&#44;6644&#44;6646&#44;6650&#44;6651&#44;6652&#44;6653&#44;6655&#44;6657&#44;6658&#44;6659&#44;6660&#44;6661&#44;6662&#44;6663&#44;6664&#44;6666&#44;6667&#44;6670&#44;6671&#44;6672&#44;6673&#44;6674&#44;6675&#44;6676&#44;6677&#44;6678&#44;6679&#44;6680&#44;6682&#44;6683&#44;6684&#44;6685&#44;6686&#44;6689&#44;6690&#44;6692&#44;6693&#44;6779&#44;6781&#44;6867&#44;6976&#44;6979&#44;7189&#44;7658&#44;7676&#44;8102&#44;8104&#44;8106&#44;8107&#44;8111&#44;8112&#44;8114&#44;8115&#44;8116&#44;8117&#44;8119&#44;8120&#44;8123&#44;8125&#44;8126&#44;8128&#44;8129&#44;8130&#44;8132&#44;8133&#44;8134&#44;8135&#44;8136&#44;8138&#44;8139&#44;8141&#44;8142&#44;8144&#44;8145&#44;8146&#44;8147&#44;8149&#44;8150&#44;8151&#44;8152&#44;8153&#44;8155&#44;8156&#44;8157&#44;8158&#44;8160&#44;8161&#44;8162&#44;8163&#44;8164&#44;8165&#44;8166&#44;8167&#44;8168&#44;8169&#44;8172&#44;8173&#44;8174&#44;8175&#44;8176&#44;8177&#44;8180&#44;8181&#44;8182&#44;8183&#44;8184&#44;8185&#44;8186&#44;8188&#44;8189&#44;8190&#44;8191&#44;8192&#44;8193&#44;8194&#44;8196&#44;8197&#44;8201&#44;8202&#44;8203&#44;8205&#44;8207&#44;8208&#44;8209&#44;8210&#44;8211&#44;8213&#44;8215&#44;8218&#44;8219&#44;8220&#44;8221&#44;8222&#44;8223&#44;8224&#44;8225&#44;8226&#44;8227&#44;8228&#44;8236&#44;8237&#44;8238&#44;8239&#44;8241&#44;8242&#44;8243&#44;8244&#44;8245&#44;8246&#44;8247&#44;8248&#44;8250&#44;8251&#44;8252&#44;8253&#44;8254&#44;8256&#44;8257&#44;8259&#44;8261&#44;8262&#44;8263&#44;8264&#44;8265&#44;8266&#44;8267&#44;8268&#44;8269&#44;8270&#44;8271&#44;8272&#44;8273&#44;8274&#44;8275&#44;8276&#44;8277&#44;8278&#44;8279&#44;8280&#44;8281&#44;8282&#44;8283&#44;8284&#44;8285&#44;8286&#44;8287&#44;8288&#44;8289&#44;8290&#44;8291&#44;8292&#44;8293&#44;8294&#44;8295&#44;8296&#44;8297&#44;8298&#44;8299&#44;""",10/28/20,10/23/20,Y
layouts,Sushi,79,,2020,11/2/20,1-NewFolderStructure/C079_Sushi/C79_Sushi_Effective_11022020/,_C79_Sushi_Effective_11022020.pdf,"""4702&#44;4704&#44;4707&#44;4709&#44;4711&#44;4712&#44;4713&#44;4718&#44;4721&#44;4722&#44;4728&#44;4731&#44;4732&#44;4735&#44;4736&#44;4739&#44;4740&#44;4741&#44;4742&#44;4743&#44;4745&#44;4749&#44;4755&#44;4763&#44;4764&#44;4767&#44;4768&#44;4769&#44;4771&#44;4772&#44;4774&#44;4775&#44;4776&#44;4777&#44;4778&#44;4780&#44;4781&#44;4782&#44;4783&#44;4784&#44;4785&#44;4786&#44;4787&#44;4789&#44;4790&#44;4794&#44;4795&#44;4797&#44;4801&#44;4802&#44;4804&#44;4805&#44;4808&#44;4816&#44;4818&#44;4822&#44;4824&#44;4825&#44;4828&#44;4829&#44;4830&#44;4831&#44;4837&#44;4839&#44;4840&#44;4843&#44;4847&#44;4850&#44;4851&#44;4852&#44;4853&#44;4855&#44;4857&#44;4859&#44;4861&#44;4870&#44;4873&#44;4874&#44;4875&#44;4878&#44;4901&#44;4905&#44;4906&#44;4908&#44;4911&#44;4914&#44;4915&#44;4917&#44;4920&#44;4925&#44;4926&#44;4938&#44;4939&#44;4942&#44;4944&#44;4946&#44;4955&#44;4958&#44;4961&#44;4969&#44;4972&#44;4974&#44;4983&#44;4985&#44;4987&#44;4989&#44;4990&#44;4991&#44;4992&#44;4998&#44;6181&#44;6188&#44;6189&#44;6202&#44;6205&#44;6212&#44;6213&#44;6216&#44;6217&#44;6218&#44;6219&#44;6220&#44;6228&#44;6236&#44;6238&#44;6239&#44;6240&#44;6242&#44;6244&#44;6245&#44;6246&#44;6247&#44;6249&#44;6251&#44;6252&#44;6254&#44;6255&#44;6257&#44;6259&#44;6261&#44;6262&#44;6265&#44;6267&#44;6269&#44;6304&#44;6308&#44;6309&#44;6310&#44;6311&#44;6312&#44;6313&#44;6314&#44;6315&#44;6317&#44;6319&#44;6320&#44;6321&#44;6324&#44;6325&#44;6326&#44;6328&#44;6332&#44;6335&#44;6341&#44;6342&#44;6343&#44;6344&#44;6348&#44;6350&#44;6351&#44;6354&#44;6355&#44;6357&#44;6358&#44;6359&#44;6360&#44;6361&#44;6363&#44;6367&#44;6368&#44;6369&#44;6371&#44;6372&#44;6376&#44;6378&#44;6381&#44;6382&#44;6383&#44;6384&#44;6385&#44;6401&#44;6402&#44;6403&#44;6408&#44;6409&#44;6410&#44;6412&#44;6413&#44;6414&#44;6415&#44;6418&#44;6419&#44;6420&#44;6422&#44;6428&#44;6429&#44;6434&#44;6437&#44;6440&#44;6443&#44;6444&#44;6445&#44;6452&#44;6457&#44;6458&#44;6463&#44;6464&#44;6472&#44;6474&#44;6479&#44;6482&#44;6487&#44;6489&#44;6501&#44;6505&#44;6512&#44;6518&#44;6520&#44;6524&#44;6527&#44;6535&#44;6536&#44;6540&#44;6565&#44;6567&#44;6568&#44;6570&#44;6572&#44;6573&#44;6575&#44;6604&#44;6608&#44;6609&#44;6610&#44;6612&#44;6613&#44;6614&#44;6615&#44;6616&#44;6617&#44;6619&#44;6621&#44;6622&#44;6624&#44;6626&#44;6628&#44;6630&#44;6631&#44;6633&#44;6636&#44;6637&#44;6643&#44;6644&#44;6646&#44;6650&#44;6651&#44;6652&#44;6653&#44;6655&#44;6657&#44;6658&#44;6659&#44;6660&#44;6661&#44;6662&#44;6663&#44;6664&#44;6666&#44;6667&#44;6670&#44;6671&#44;6674&#44;6676&#44;6677&#44;6678&#44;6682&#44;6684&#44;6685&#44;6686&#44;6692&#44;6779&#44;6781&#44;6976&#44;6979&#44;7189&#44;7676&#44;8104&#44;8106&#44;8111&#44;8112&#44;8114&#44;8115&#44;8116&#44;8117&#44;8119&#44;8120&#44;8123&#44;8129&#44;8134&#44;8135&#44;8138&#44;8139&#44;8141&#44;8142&#44;8145&#44;8146&#44;8149&#44;8151&#44;8155&#44;8157&#44;8158&#44;8160&#44;8161&#44;8164&#44;8165&#44;8166&#44;8167&#44;8168&#44;8173&#44;8174&#44;8175&#44;8176&#44;8177&#44;8181&#44;8182&#44;8183&#44;8188&#44;8191&#44;8193&#44;8194&#44;8197&#44;8201&#44;8203&#44;8205&#44;8207&#44;8208&#44;8209&#44;8210&#44;8213&#44;8215&#44;8218&#44;8219&#44;8220&#44;8221&#44;8222&#44;8223&#44;8224&#44;8225&#44;8227&#44;8236&#44;8237&#44;8238&#44;8239&#44;8241&#44;8242&#44;8243&#44;8246&#44;8248&#44;8250&#44;8251&#44;8252&#44;8253&#44;8257&#44;8259&#44;8261&#44;8262&#44;8263&#44;8264&#44;8265&#44;8266&#44;8267&#44;8268&#44;8269&#44;8270&#44;8271&#44;8272&#44;8275&#44;8277&#44;8278&#44;8279&#44;8282&#44;8284&#44;8285&#44;8287&#44;8290&#44;8291&#44;8293&#44;8294&#44;8296&#44;8297&#44;8298&#44;8299&#44;""",10/29/20,10/28/20,Y
layouts,Café Grab and Go,79-3,,2020,11/2/20,1-NewFolderStructure/C079_Cafe_Grab_n_Go/C79_Cafe_Grab_and_Go_Effective_11022020/,_C79_Cafe_Grab_and_Go_Effective_11022020.pdf,"""4109&#44;4702&#44;4703&#44;4704&#44;4707&#44;4709&#44;4710&#44;4711&#44;4712&#44;4713&#44;4718&#44;4720&#44;4721&#44;4722&#44;4724&#44;4728&#44;4729&#44;4730&#44;4731&#44;4732&#44;4735&#44;4736&#44;4738&#44;4739&#44;4740&#44;4741&#44;4742&#44;4743&#44;4745&#44;4749&#44;4750&#44;4755&#44;4761&#44;4763&#44;4764&#44;4767&#44;4768&#44;4769&#44;4770&#44;4771&#44;4772&#44;4774&#44;4775&#44;4776&#44;4777&#44;4778&#44;4780&#44;4781&#44;4782&#44;4783&#44;4784&#44;4785&#44;4786&#44;4787&#44;4789&#44;4790&#44;4791&#44;4794&#44;4795&#44;4797&#44;4798&#44;4799&#44;4801&#44;4802&#44;4804&#44;4805&#44;4808&#44;4815&#44;4816&#44;4817&#44;4818&#44;4820&#44;4822&#44;4824&#44;4825&#44;4828&#44;4829&#44;4830&#44;4831&#44;4836&#44;4837&#44;4839&#44;4840&#44;4843&#44;4846&#44;4847&#44;4850&#44;4851&#44;4852&#44;4853&#44;4855&#44;4857&#44;4859&#44;4860&#44;4861&#44;4870&#44;4871&#44;4872&#44;4873&#44;4874&#44;4875&#44;4876&#44;4878&#44;4879&#44;4901&#44;4905&#44;4906&#44;4908&#44;4911&#44;4914&#44;4915&#44;4917&#44;4920&#44;4925&#44;4926&#44;4930&#44;4933&#44;4936&#44;4938&#44;4939&#44;4942&#44;4944&#44;4946&#44;4947&#44;4948&#44;4950&#44;4952&#44;4955&#44;4958&#44;4961&#44;4962&#44;4963&#44;4969&#44;4972&#44;4973&#44;4974&#44;4982&#44;4983&#44;4985&#44;4987&#44;4989&#44;4990&#44;4991&#44;4992&#44;4994&#44;4996&#44;4998&#44;4999&#44;6181&#44;6188&#44;6189&#44;6201&#44;6202&#44;6203&#44;6204&#44;6205&#44;6212&#44;6213&#44;6216&#44;6217&#44;6218&#44;6219&#44;6220&#44;6228&#44;6235&#44;6236&#44;6238&#44;6239&#44;6240&#44;6242&#44;6244&#44;6245&#44;6246&#44;6247&#44;6249&#44;6251&#44;6252&#44;6254&#44;6255&#44;6256&#44;6257&#44;6259&#44;6260&#44;6261&#44;6262&#44;6265&#44;6267&#44;6269&#44;6275&#44;6302&#44;6304&#44;6305&#44;6307&#44;6308&#44;6309&#44;6310&#44;6311&#44;6312&#44;6313&#44;6314&#44;6315&#44;6317&#44;6319&#44;6320&#44;6321&#44;6322&#44;6324&#44;6325&#44;6326&#44;6327&#44;6328&#44;6329&#44;6330&#44;6331&#44;6332&#44;6333&#44;6334&#44;6335&#44;6336&#44;6338&#44;6339&#44;6341&#44;6342&#44;6343&#44;6344&#44;6345&#44;6347&#44;6348&#44;6349&#44;6350&#44;6351&#44;6352&#44;6353&#44;6354&#44;6355&#44;6356&#44;6357&#44;6358&#44;6359&#44;6360&#44;6361&#44;6363&#44;6364&#44;6365&#44;6366&#44;6367&#44;6368&#44;6369&#44;6371&#44;6372&#44;6373&#44;6375&#44;6376&#44;6377&#44;6380&#44;6381&#44;6382&#44;6383&#44;6384&#44;6385&#44;6386&#44;6387&#44;6388&#44;6401&#44;6402&#44;6403&#44;6405&#44;6406&#44;6407&#44;6408&#44;6409&#44;6410&#44;6412&#44;6413&#44;6414&#44;6415&#44;6417&#44;6418&#44;6419&#44;6420&#44;6421&#44;6422&#44;6423&#44;6424&#44;6425&#44;6426&#44;6427&#44;6428&#44;6429&#44;6430&#44;6431&#44;6432&#44;6433&#44;6434&#44;6435&#44;6436&#44;6437&#44;6439&#44;6440&#44;6441&#44;6443&#44;6444&#44;6445&#44;6448&#44;6450&#44;6452&#44;6453&#44;6454&#44;6456&#44;6457&#44;6458&#44;6460&#44;6461&#44;6462&#44;6463&#44;6464&#44;6471&#44;6472&#44;6474&#44;6482&#44;6485&#44;6487&#44;6489&#44;6501&#44;6502&#44;6503&#44;6505&#44;6506&#44;6507&#44;6509&#44;6510&#44;6512&#44;6514&#44;6517&#44;6518&#44;6520&#44;6521&#44;6524&#44;6527&#44;6528&#44;6533&#44;6535&#44;6536&#44;6539&#44;6540&#44;6547&#44;6549&#44;6556&#44;6562&#44;6565&#44;6567&#44;6568&#44;6569&#44;6570&#44;6571&#44;6572&#44;6573&#44;6575&#44;6581&#44;6582&#44;6604&#44;6605&#44;6606&#44;6608&#44;6609&#44;6610&#44;6612&#44;6613&#44;6614&#44;6615&#44;6616&#44;6617&#44;6619&#44;6620&#44;6621&#44;6622&#44;6624&#44;6626&#44;6628&#44;6630&#44;6631&#44;6632&#44;6633&#44;6634&#44;6635&#44;6636&#44;6637&#44;6643&#44;6644&#44;6646&#44;6650&#44;6651&#44;6652&#44;6653&#44;6655&#44;6657&#44;6658&#44;6659&#44;6660&#44;6661&#44;6662&#44;6663&#44;6664&#44;6666&#44;6667&#44;6670&#44;6671&#44;6672&#44;6673&#44;6674&#44;6675&#44;6676&#44;6677&#44;6678&#44;6679&#44;6682&#44;6683&#44;6684&#44;6685&#44;6686&#44;6692&#44;6693&#44;6779&#44;6781&#44;6867&#44;6976&#44;6979&#44;7189&#44;7658&#44;7676&#44;8102&#44;8104&#44;8106&#44;8107&#44;8111&#44;8112&#44;8114&#44;8115&#44;8116&#44;8117&#44;8119&#44;8120&#44;8123&#44;8125&#44;8126&#44;8128&#44;8129&#44;8130&#44;8132&#44;8133&#44;8134&#44;8135&#44;8136&#44;8138&#44;8139&#44;8141&#44;8142&#44;8144&#44;8145&#44;8146&#44;8147&#44;8149&#44;8150&#44;8151&#44;8152&#44;8153&#44;8155&#44;8156&#44;8157&#44;8158&#44;8160&#44;8161&#44;8162&#44;8163&#44;8164&#44;8165&#44;8166&#44;8167&#44;8168&#44;8169&#44;8172&#44;8173&#44;8174&#44;8175&#44;8176&#44;8177&#44;8180&#44;8181&#44;8182&#44;8183&#44;8184&#44;8185&#44;8186&#44;8188&#44;8189&#44;8190&#44;8191&#44;8192&#44;8193&#44;8194&#44;8196&#44;8197&#44;8201&#44;8202&#44;8203&#44;8205&#44;8207&#44;8208&#44;8209&#44;8210&#44;8211&#44;8213&#44;8215&#44;8218&#44;8219&#44;8220&#44;8221&#44;8222&#44;8223&#44;8224&#44;8225&#44;8226&#44;8227&#44;8228&#44;8236&#44;8237&#44;8238&#44;8239&#44;8241&#44;8242&#44;8243&#44;8244&#44;8245&#44;8246&#44;8247&#44;8248&#44;8250&#44;8251&#44;8252&#44;8253&#44;8254&#44;8256&#44;8257&#44;8259&#44;8261&#44;8262&#44;8263&#44;8264&#44;8265&#44;8266&#44;8267&#44;8268&#44;8269&#44;8270&#44;8271&#44;8272&#44;8273&#44;8274&#44;8275&#44;8276&#44;8277&#44;8278&#44;8279&#44;8280&#44;8281&#44;8282&#44;8283&#44;8284&#44;8285&#44;8286&#44;8287&#44;8288&#44;8289&#44;8290&#44;8291&#44;8292&#44;8293&#44;8294&#44;8295&#44;8296&#44;8297&#44;8298&#44;8299&#44;""",10/29/20,10/28/20,Y
layouts,HMS,79-2,,2020,11/2/20,1-NewFolderStructure/C079_HMS/C79_HMS_Effective_11022020_Update_10302020/,_C79_HMS_Effective_11022020_Update_10302020.pdf,"""6369&#44;6540&#44;""",10/30/20,10/30/20,Y
layouts,Bakery Tables,"""37&#44;77""",,2020,11/2/20,1-NewFolderStructure/C037_C077_Bakery_Tables/C37_77_Bakery_Tables_Effective_11022020_Updated_11022020/,_C37_77_Bakery_Tables_Effective_11022020_Updated_11022020.pdf,"""4741&#44;""",11/4/20,11/2/20,Y
layouts,HMS,79-2,,2020,11/2/20,1-NewFolderStructure/C079_HMS/C79_HMS_Effective_11022020_Update_11022020/,_C79_HMS_Effective_11022020_Update_11022020.pdf,"""4109&#44;4702&#44;4703&#44;4704&#44;4707&#44;4709&#44;4710&#44;4711&#44;4712&#44;4713&#44;4718&#44;4720&#44;4721&#44;4722&#44;4724&#44;4728&#44;4729&#44;4730&#44;4731&#44;4732&#44;4735&#44;4736&#44;4738&#44;4739&#44;4740&#44;4741&#44;4742&#44;4743&#44;4745&#44;4749&#44;4750&#44;4755&#44;4761&#44;4763&#44;4764&#44;4767&#44;4768&#44;4769&#44;4770&#44;4771&#44;4772&#44;4774&#44;4775&#44;4776&#44;4777&#44;4778&#44;4780&#44;4781&#44;4782&#44;4783&#44;4784&#44;4785&#44;4786&#44;4787&#44;4789&#44;4790&#44;4791&#44;4794&#44;4795&#44;4797&#44;4798&#44;4799&#44;4801&#44;4802&#44;4804&#44;4805&#44;4808&#44;4815&#44;4816&#44;4817&#44;4818&#44;4819&#44;4820&#44;4822&#44;4824&#44;4825&#44;4828&#44;4829&#44;4830&#44;4831&#44;4836&#44;4837&#44;4839&#44;4840&#44;4843&#44;4846&#44;4847&#44;4850&#44;4851&#44;4852&#44;4853&#44;4855&#44;4857&#44;4859&#44;4860&#44;4861&#44;4870&#44;4871&#44;4872&#44;4873&#44;4874&#44;4875&#44;4876&#44;4878&#44;4879&#44;4901&#44;4905&#44;4906&#44;4908&#44;4911&#44;4914&#44;4915&#44;4917&#44;4920&#44;4925&#44;4926&#44;4930&#44;4933&#44;4936&#44;4938&#44;4942&#44;4944&#44;4946&#44;4947&#44;4948&#44;4950&#44;4952&#44;4955&#44;4958&#44;4961&#44;4962&#44;4963&#44;4969&#44;4972&#44;4973&#44;4974&#44;4982&#44;4983&#44;4985&#44;4987&#44;4989&#44;4990&#44;4991&#44;4992&#44;4994&#44;4996&#44;4998&#44;4999&#44;6188&#44;6189&#44;6201&#44;6202&#44;6203&#44;6204&#44;6205&#44;6212&#44;6213&#44;6216&#44;6217&#44;6218&#44;6219&#44;6220&#44;6228&#44;6235&#44;6236&#44;6238&#44;6239&#44;6240&#44;6242&#44;6244&#44;6245&#44;6246&#44;6247&#44;6249&#44;6251&#44;6252&#44;6254&#44;6255&#44;6256&#44;6257&#44;6259&#44;6260&#44;6261&#44;6262&#44;6265&#44;6267&#44;6269&#44;6275&#44;6302&#44;6304&#44;6305&#44;6307&#44;6308&#44;6309&#44;6310&#44;6311&#44;6312&#44;6313&#44;6314&#44;6315&#44;6317&#44;6319&#44;6320&#44;6321&#44;6322&#44;6324&#44;6325&#44;6326&#44;6327&#44;6328&#44;6329&#44;6330&#44;6331&#44;6332&#44;6333&#44;6334&#44;6335&#44;6336&#44;6338&#44;6339&#44;6341&#44;6342&#44;6343&#44;6344&#44;6345&#44;6347&#44;6348&#44;6349&#44;6350&#44;6351&#44;6352&#44;6353&#44;6354&#44;6355&#44;6356&#44;6357&#44;6358&#44;6359&#44;6360&#44;6361&#44;6363&#44;6364&#44;6365&#44;6366&#44;6367&#44;6368&#44;6371&#44;6372&#44;6373&#44;6375&#44;6376&#44;6377&#44;6378&#44;6379&#44;6380&#44;6381&#44;6382&#44;6383&#44;6384&#44;6385&#44;6386&#44;6387&#44;6388&#44;6401&#44;6402&#44;6403&#44;6404&#44;6405&#44;6406&#44;6407&#44;6408&#44;6409&#44;6410&#44;6412&#44;6413&#44;6414&#44;6415&#44;6417&#44;6418&#44;6419&#44;6420&#44;6421&#44;6422&#44;6423&#44;6424&#44;6425&#44;6426&#44;6427&#44;6428&#44;6429&#44;6430&#44;6431&#44;6432&#44;6433&#44;6434&#44;6435&#44;6436&#44;6437&#44;6439&#44;6440&#44;6441&#44;6443&#44;6444&#44;6445&#44;6448&#44;6449&#44;6450&#44;6452&#44;6453&#44;6454&#44;6455&#44;6456&#44;6457&#44;6458&#44;6460&#44;6461&#44;6462&#44;6463&#44;6464&#44;6471&#44;6472&#44;6474&#44;6479&#44;6482&#44;6485&#44;6487&#44;6489&#44;6501&#44;6502&#44;6503&#44;6505&#44;6506&#44;6507&#44;6509&#44;6510&#44;6512&#44;6514&#44;6517&#44;6518&#44;6520&#44;6521&#44;6524&#44;6527&#44;6528&#44;6533&#44;6535&#44;6536&#44;6539&#44;6547&#44;6549&#44;6556&#44;6562&#44;6565&#44;6567&#44;6568&#44;6569&#44;6570&#44;6571&#44;6572&#44;6573&#44;6575&#44;6581&#44;6582&#44;6604&#44;6605&#44;6606&#44;6608&#44;6609&#44;6610&#44;6612&#44;6613&#44;6614&#44;6615&#44;6616&#44;6617&#44;6619&#44;6620&#44;6621&#44;6622&#44;6624&#44;6626&#44;6628&#44;6630&#44;6631&#44;6632&#44;6633&#44;6634&#44;6635&#44;6636&#44;6637&#44;6643&#44;6644&#44;6646&#44;6650&#44;6651&#44;6652&#44;6653&#44;6655&#44;6657&#44;6658&#44;6659&#44;6660&#44;6661&#44;6662&#44;6663&#44;6664&#44;6666&#44;6667&#44;6670&#44;6671&#44;6672&#44;6673&#44;6674&#44;6675&#44;6676&#44;6677&#44;6678&#44;6679&#44;6682&#44;6683&#44;6684&#44;6685&#44;6686&#44;6692&#44;6779&#44;6781&#44;6867&#44;6976&#44;6979&#44;7189&#44;7658&#44;7676&#44;8102&#44;8104&#44;8106&#44;8107&#44;8111&#44;8112&#44;8114&#44;8115&#44;8116&#44;8117&#44;8119&#44;8120&#44;8123&#44;8125&#44;8126&#44;8128&#44;8129&#44;8130&#44;8132&#44;8133&#44;8134&#44;8135&#44;8136&#44;8138&#44;8139&#44;8141&#44;8142&#44;8144&#44;8145&#44;8146&#44;8147&#44;8149&#44;8150&#44;8151&#44;8152&#44;8153&#44;8155&#44;8156&#44;8157&#44;8158&#44;8160&#44;8161&#44;8162&#44;8163&#44;8164&#44;8165&#44;8166&#44;8167&#44;8168&#44;8169&#44;8172&#44;8173&#44;8174&#44;8175&#44;8176&#44;8177&#44;8180&#44;8181&#44;8182&#44;8183&#44;8184&#44;8185&#44;8186&#44;8188&#44;8189&#44;8190&#44;8191&#44;8192&#44;8193&#44;8194&#44;8196&#44;8197&#44;8201&#44;8202&#44;8203&#44;8205&#44;8207&#44;8208&#44;8209&#44;8210&#44;8211&#44;8213&#44;8215&#44;8218&#44;8219&#44;8220&#44;8221&#44;8222&#44;8223&#44;8224&#44;8225&#44;8226&#44;8227&#44;8228&#44;8236&#44;8237&#44;8238&#44;8239&#44;8241&#44;8242&#44;8243&#44;8244&#44;8245&#44;8246&#44;8247&#44;8248&#44;8250&#44;8251&#44;8252&#44;8253&#44;8254&#44;8256&#44;8257&#44;8259&#44;8261&#44;8262&#44;8263&#44;8264&#44;8265&#44;8266&#44;8267&#44;8268&#44;8269&#44;8270&#44;8271&#44;8272&#44;8273&#44;8274&#44;8275&#44;8276&#44;8277&#44;8278&#44;8279&#44;8280&#44;8281&#44;8282&#44;8283&#44;8284&#44;8285&#44;8286&#44;8287&#44;8288&#44;8289&#44;8290&#44;8291&#44;8292&#44;8293&#44;8294&#44;8295&#44;8296&#44;8297&#44;8298&#44;8299&#44;""",11/4/20,11/2/20,Y
layouts,Café Grab and Go,79-3,,2020,11/2/20,1-NewFolderStructure/C079_Cafe_Grab_n_Go/C79_Cafe_Grab_and_Go_Effective_11022020_Update_11022020/,_C79_Cafe_Grab_and_Go_Effective_11022020_Update_11022020.pdf,"""6379&#44;""",11/4/20,11/2/20,Y
layouts,Bakery Dessert,"""37-2&#44;77-2""",,2020,11/2/20,1-NewFolderStructure/C037_C077_Bakery_Dessert/C77_C37_Dessert_Effective_11022020_Updated_11042020/,_C77_C37_Effective_11022020_Updated_11042020.pdf,"""6633&#44;""",11/4/20,11/4/20,Y
layouts,Café Grab and Go,79-3,,2020,11/2/20,1-NewFolderStructure/C079_Cafe_Grab_n_Go/C79_Cafe_Grab_and_Go_Effective_11022020_Update_11052020/,_C79_Cafe_Grab_and_Go_Effective_11022020_Update_11052020.pdf,"""4819&#44;""",11/10/20,11/5/20,Y
layouts,Meat and Seafood,"""72&#44;76&#44;93""",,2020,11/2/20,1-NewFolderStructure/C076_C072_C093_Fresh_Meat_Seafood/C72_C76_C93_Effective_11022020_Planogram_Updated_11062020/,_C72_C76_C93_Effective_11022020_Planogram_Updated_11062020.pdf,"""4109&#44;4702&#44;4703&#44;4704&#44;4707&#44;4709&#44;4710&#44;4711&#44;4712&#44;4713&#44;4718&#44;4720&#44;4721&#44;4722&#44;4724&#44;4728&#44;4729&#44;4730&#44;4731&#44;4732&#44;4735&#44;4736&#44;4738&#44;4739&#44;4740&#44;4741&#44;4742&#44;4743&#44;4745&#44;4749&#44;4750&#44;4755&#44;4761&#44;4763&#44;4764&#44;4767&#44;4768&#44;4769&#44;4770&#44;4771&#44;4772&#44;4774&#44;4775&#44;4776&#44;4777&#44;4778&#44;4780&#44;4781&#44;4782&#44;4783&#44;4784&#44;4785&#44;4786&#44;4787&#44;4789&#44;4790&#44;4791&#44;4794&#44;4795&#44;4797&#44;4798&#44;4799&#44;4801&#44;4802&#44;4804&#44;4805&#44;4808&#44;4815&#44;4816&#44;4817&#44;4818&#44;4819&#44;4820&#44;4822&#44;4824&#44;4825&#44;4828&#44;4829&#44;4830&#44;4831&#44;4836&#44;4837&#44;4839&#44;4840&#44;4843&#44;4846&#44;4847&#44;4850&#44;4851&#44;4852&#44;4853&#44;4855&#44;4857&#44;4859&#44;4860&#44;4861&#44;4866&#44;4870&#44;4871&#44;4872&#44;4873&#44;4874&#44;4875&#44;4876&#44;4878&#44;4879&#44;4901&#44;4905&#44;4906&#44;4908&#44;4911&#44;4914&#44;4915&#44;4917&#44;4920&#44;4925&#44;4926&#44;4930&#44;4933&#44;4936&#44;4938&#44;4939&#44;4942&#44;4944&#44;4946&#44;4947&#44;4948&#44;4950&#44;4952&#44;4955&#44;4958&#44;4961&#44;4962&#44;4963&#44;4969&#44;4972&#44;4973&#44;4974&#44;4982&#44;4983&#44;4985&#44;4987&#44;4989&#44;4990&#44;4991&#44;4992&#44;4994&#44;4996&#44;4998&#44;4999&#44;6181&#44;6188&#44;6189&#44;6201&#44;6202&#44;6203&#44;6204&#44;6205&#44;6212&#44;6213&#44;6216&#44;6217&#44;6218&#44;6219&#44;6220&#44;6225&#44;6228&#44;6235&#44;6236&#44;6238&#44;6239&#44;6240&#44;6242&#44;6244&#44;6245&#44;6246&#44;6247&#44;6249&#44;6251&#44;6252&#44;6254&#44;6255&#44;6256&#44;6257&#44;6259&#44;6260&#44;6261&#44;6262&#44;6265&#44;6267&#44;6269&#44;6270&#44;6275&#44;6302&#44;6304&#44;6305&#44;6307&#44;6308&#44;6309&#44;6310&#44;6311&#44;6312&#44;6313&#44;6314&#44;6315&#44;6317&#44;6319&#44;6320&#44;6321&#44;6322&#44;6324&#44;6325&#44;6326&#44;6327&#44;6328&#44;6329&#44;6330&#44;6331&#44;6332&#44;6333&#44;6334&#44;6335&#44;6336&#44;6338&#44;6339&#44;6341&#44;6342&#44;6343&#44;6344&#44;6345&#44;6347&#44;6348&#44;6349&#44;6350&#44;6351&#44;6352&#44;6353&#44;6354&#44;6355&#44;6356&#44;6357&#44;6358&#44;6359&#44;6360&#44;6361&#44;6363&#44;6364&#44;6365&#44;6366&#44;6367&#44;6368&#44;6369&#44;6371&#44;6372&#44;6373&#44;6375&#44;6376&#44;6377&#44;6378&#44;6379&#44;6380&#44;6381&#44;6382&#44;6383&#44;6384&#44;6385&#44;6386&#44;6387&#44;6388&#44;6401&#44;6402&#44;6403&#44;6404&#44;6405&#44;6406&#44;6407&#44;6408&#44;6409&#44;6410&#44;6412&#44;6413&#44;6414&#44;6415&#44;6417&#44;6418&#44;6419&#44;6420&#44;6421&#44;6422&#44;6423&#44;6424&#44;6425&#44;6426&#44;6427&#44;6428&#44;6429&#44;6430&#44;6431&#44;6432&#44;6433&#44;6434&#44;6435&#44;6436&#44;6437&#44;6439&#44;6440&#44;6441&#44;6443&#44;6444&#44;6445&#44;6448&#44;6449&#44;6450&#44;6452&#44;6453&#44;6454&#44;6455&#44;6456&#44;6457&#44;6458&#44;6460&#44;6461&#44;6462&#44;6463&#44;6464&#44;6471&#44;6472&#44;6474&#44;6479&#44;6482&#44;6485&#44;6487&#44;6489&#44;6501&#44;6502&#44;6503&#44;6505&#44;6506&#44;6507&#44;6509&#44;6510&#44;6512&#44;6514&#44;6517&#44;6518&#44;6520&#44;6521&#44;6524&#44;6527&#44;6528&#44;6533&#44;6535&#44;6536&#44;6539&#44;6540&#44;6543&#44;6547&#44;6549&#44;6556&#44;6562&#44;6565&#44;6567&#44;6568&#44;6569&#44;6570&#44;6571&#44;6572&#44;6573&#44;6575&#44;6581&#44;6582&#44;6604&#44;6605&#44;6606&#44;6608&#44;6609&#44;6610&#44;6612&#44;6613&#44;6614&#44;6615&#44;6616&#44;6617&#44;6619&#44;6620&#44;6621&#44;6622&#44;6624&#44;6626&#44;6628&#44;6630&#44;6631&#44;6632&#44;6633&#44;6634&#44;6635&#44;6636&#44;6637&#44;6643&#44;6644&#44;6646&#44;6650&#44;6651&#44;6652&#44;6653&#44;6655&#44;6657&#44;6658&#44;6659&#44;6660&#44;6661&#44;6662&#44;6663&#44;6664&#44;6666&#44;6667&#44;6670&#44;6671&#44;6672&#44;6673&#44;6674&#44;6675&#44;6676&#44;6677&#44;6678&#44;6679&#44;6680&#44;6682&#44;6683&#44;6684&#44;6685&#44;6686&#44;6689&#44;6690&#44;6692&#44;6693&#44;6779&#44;6781&#44;6867&#44;6976&#44;6979&#44;7189&#44;7658&#44;7676&#44;8102&#44;8104&#44;8106&#44;8107&#44;8111&#44;8112&#44;8114&#44;8115&#44;8116&#44;8117&#44;8119&#44;8120&#44;8123&#44;8125&#44;8126&#44;8128&#44;8129&#44;8130&#44;8132&#44;8133&#44;8134&#44;8135&#44;8136&#44;8138&#44;8139&#44;8141&#44;8142&#44;8144&#44;8145&#44;8146&#44;8147&#44;8149&#44;8150&#44;8151&#44;8152&#44;8153&#44;8155&#44;8156&#44;8157&#44;8158&#44;8160&#44;8161&#44;8162&#44;8163&#44;8164&#44;8165&#44;8166&#44;8167&#44;8168&#44;8169&#44;8172&#44;8173&#44;8174&#44;8175&#44;8176&#44;8177&#44;8180&#44;8181&#44;8182&#44;8183&#44;8184&#44;8185&#44;8186&#44;8188&#44;8189&#44;8190&#44;8191&#44;8192&#44;8193&#44;8194&#44;8196&#44;8197&#44;8201&#44;8202&#44;8203&#44;8205&#44;8207&#44;8208&#44;8209&#44;8210&#44;8211&#44;8213&#44;8215&#44;8218&#44;8219&#44;8220&#44;8221&#44;8222&#44;8223&#44;8224&#44;8225&#44;8226&#44;8227&#44;8228&#44;8236&#44;8237&#44;8238&#44;8239&#44;8241&#44;8242&#44;8243&#44;8244&#44;8245&#44;8246&#44;8247&#44;8248&#44;8250&#44;8251&#44;8252&#44;8253&#44;8254&#44;8256&#44;8257&#44;8259&#44;8261&#44;8262&#44;8263&#44;8264&#44;8265&#44;8266&#44;8267&#44;8268&#44;8269&#44;8270&#44;8271&#44;8272&#44;8273&#44;8274&#44;8275&#44;8276&#44;8277&#44;8278&#44;8279&#44;8280&#44;8281&#44;8282&#44;8283&#44;8284&#44;8285&#44;8286&#44;8287&#44;8288&#44;8289&#44;8290&#44;8291&#44;8292&#44;8293&#44;8294&#44;8295&#44;8296&#44;8297&#44;8298&#44;8299&#44;""",11/10/20,11/6/20,Y
layouts,Sushi,79,,2020,11/2/20,1-NewFolderStructure/C079_Sushi/C79_Sushi_Effective_11022020_Update_11112020/,_C79_Sushi_Effective_11022020_Update_11112020.pdf,"""4819&#44;""",11/16/20,11/11/20,Y
layouts,HMS,79-2,,2020,11/2/20,1-NewFolderStructure/C079_HMS/C79_HMS_Effective_11022020_Update_11112020/,_C79_HMS_Effective_11022020_Update_11112020.pdf,"""4939&#44;6181&#44;""",11/16/20,11/16/20,Y
layouts,Sushi,79,,2020,11/2/20,1-NewFolderStructure/C079_Sushi/C79_Sushi_Effective_11022020_Update_11172020/,_C79_Sushi_Effective_11022020_Update_11172020.pdf,"""6635&#44;""",11/18/20,11/17/20,Y
layouts,Bakery Pallets,"""37-4&#44;77-4""",,2020,11/2/20,1-NewFolderStructure/C037_C077_Bakery_Pallets/C37_77_Bakery_Pallets_Effective_11022020_Updated_11192020/,_C37_77_Bakery_Pallets_Effective_11022020_Updated_11192020.pdf,"""6426&#44;""",11/30/20,11/19/20,Y
layouts,HMS,79-2,,2020,11/27/20,1-NewFolderStructure/C079_HMS/C79_HMS_Effective_11272020/,_C79_HMS_Effective_11272020.pdf,"""4109&#44;4702&#44;4703&#44;4704&#44;4707&#44;4709&#44;4710&#44;4711&#44;4712&#44;4713&#44;4718&#44;4720&#44;4721&#44;4722&#44;4724&#44;4728&#44;4729&#44;4730&#44;4731&#44;4732&#44;4735&#44;4736&#44;4738&#44;4739&#44;4740&#44;4741&#44;4742&#44;4743&#44;4745&#44;4749&#44;4750&#44;4755&#44;4761&#44;4763&#44;4764&#44;4767&#44;4768&#44;4769&#44;4770&#44;4771&#44;4772&#44;4774&#44;4775&#44;4776&#44;4777&#44;4778&#44;4780&#44;4781&#44;4782&#44;4783&#44;4784&#44;4785&#44;4786&#44;4787&#44;4789&#44;4790&#44;4791&#44;4794&#44;4795&#44;4797&#44;4798&#44;4799&#44;4801&#44;4802&#44;4804&#44;4805&#44;4808&#44;4815&#44;4817&#44;4818&#44;4819&#44;4820&#44;4822&#44;4824&#44;4825&#44;4828&#44;4829&#44;4830&#44;4831&#44;4836&#44;4837&#44;4839&#44;4840&#44;4843&#44;4846&#44;4847&#44;4850&#44;4851&#44;4852&#44;4853&#44;4855&#44;4857&#44;4859&#44;4860&#44;4861&#44;4870&#44;4871&#44;4872&#44;4873&#44;4874&#44;4875&#44;4876&#44;4878&#44;4879&#44;4901&#44;4905&#44;4906&#44;4908&#44;4914&#44;4915&#44;4917&#44;4920&#44;4925&#44;4926&#44;4930&#44;4933&#44;4936&#44;4938&#44;4939&#44;4942&#44;4944&#44;4946&#44;4947&#44;4948&#44;4950&#44;4952&#44;4955&#44;4958&#44;4961&#44;4962&#44;4963&#44;4969&#44;4972&#44;4973&#44;4974&#44;4982&#44;4983&#44;4985&#44;4987&#44;4989&#44;4990&#44;4991&#44;4992&#44;4994&#44;4996&#44;4998&#44;4999&#44;6181&#44;6188&#44;6189&#44;6201&#44;6202&#44;6203&#44;6204&#44;6205&#44;6212&#44;6213&#44;6216&#44;6217&#44;6218&#44;6219&#44;6220&#44;6228&#44;6235&#44;6236&#44;6238&#44;6239&#44;6240&#44;6242&#44;6244&#44;6245&#44;6246&#44;6247&#44;6249&#44;6251&#44;6252&#44;6254&#44;6255&#44;6256&#44;6257&#44;6259&#44;6260&#44;6261&#44;6262&#44;6265&#44;6267&#44;6269&#44;6275&#44;6302&#44;6304&#44;6305&#44;6307&#44;6308&#44;6309&#44;6310&#44;6311&#44;6312&#44;6313&#44;6314&#44;6315&#44;6317&#44;6319&#44;6320&#44;6321&#44;6322&#44;6324&#44;6325&#44;6326&#44;6327&#44;6328&#44;6329&#44;6330&#44;6331&#44;6332&#44;6333&#44;6334&#44;6335&#44;6336&#44;6338&#44;6339&#44;6341&#44;6342&#44;6343&#44;6344&#44;6345&#44;6347&#44;6348&#44;6349&#44;6350&#44;6351&#44;6352&#44;6353&#44;6354&#44;6355&#44;6356&#44;6357&#44;6358&#44;6359&#44;6360&#44;6361&#44;6363&#44;6364&#44;6365&#44;6366&#44;6367&#44;6368&#44;6369&#44;6371&#44;6372&#44;6373&#44;6375&#44;6376&#44;6377&#44;6378&#44;6379&#44;6380&#44;6381&#44;6382&#44;6383&#44;6384&#44;6385&#44;6386&#44;6387&#44;6388&#44;6401&#44;6402&#44;6403&#44;6404&#44;6405&#44;6406&#44;6407&#44;6408&#44;6409&#44;6410&#44;6412&#44;6413&#44;6414&#44;6415&#44;6417&#44;6418&#44;6419&#44;6420&#44;6421&#44;6422&#44;6423&#44;6424&#44;6425&#44;6426&#44;6427&#44;6428&#44;6429&#44;6430&#44;6431&#44;6432&#44;6433&#44;6434&#44;6435&#44;6436&#44;6437&#44;6439&#44;6440&#44;6441&#44;6443&#44;6444&#44;6445&#44;6448&#44;6449&#44;6450&#44;6452&#44;6453&#44;6454&#44;6455&#44;6456&#44;6457&#44;6458&#44;6460&#44;6461&#44;6462&#44;6463&#44;6464&#44;6471&#44;6472&#44;6474&#44;6479&#44;6482&#44;6485&#44;6487&#44;6489&#44;6501&#44;6502&#44;6503&#44;6505&#44;6506&#44;6507&#44;6509&#44;6510&#44;6512&#44;6514&#44;6517&#44;6518&#44;6520&#44;6521&#44;6524&#44;6527&#44;6528&#44;6533&#44;6535&#44;6536&#44;6539&#44;6540&#44;6547&#44;6549&#44;6556&#44;6562&#44;6565&#44;6567&#44;6568&#44;6569&#44;6570&#44;6571&#44;6572&#44;6573&#44;6575&#44;6581&#44;6582&#44;6604&#44;6605&#44;6606&#44;6608&#44;6609&#44;6610&#44;6612&#44;6613&#44;6614&#44;6615&#44;6616&#44;6617&#44;6619&#44;6620&#44;6621&#44;6622&#44;6624&#44;6626&#44;6628&#44;6630&#44;6631&#44;6632&#44;6633&#44;6634&#44;6636&#44;6637&#44;6643&#44;6644&#44;6646&#44;6650&#44;6651&#44;6652&#44;6653&#44;6655&#44;6657&#44;6658&#44;6659&#44;6660&#44;6661&#44;6662&#44;6663&#44;6664&#44;6666&#44;6667&#44;6670&#44;6671&#44;6672&#44;6673&#44;6674&#44;6675&#44;6676&#44;6677&#44;6678&#44;6679&#44;6682&#44;6683&#44;6684&#44;6685&#44;6686&#44;6692&#44;6779&#44;6781&#44;6867&#44;6976&#44;6979&#44;7189&#44;7658&#44;7676&#44;8102&#44;8104&#44;8106&#44;8107&#44;8111&#44;8112&#44;8114&#44;8115&#44;8116&#44;8117&#44;8119&#44;8120&#44;8123&#44;8125&#44;8126&#44;8128&#44;8129&#44;8130&#44;8132&#44;8133&#44;8134&#44;8135&#44;8136&#44;8138&#44;8139&#44;8141&#44;8142&#44;8144&#44;8145&#44;8146&#44;8147&#44;8149&#44;8150&#44;8151&#44;8152&#44;8153&#44;8155&#44;8156&#44;8157&#44;8158&#44;8160&#44;8161&#44;8162&#44;8163&#44;8164&#44;8165&#44;8166&#44;8167&#44;8168&#44;8169&#44;8172&#44;8173&#44;8174&#44;8175&#44;8176&#44;8177&#44;8180&#44;8181&#44;8182&#44;8183&#44;8184&#44;8185&#44;8186&#44;8188&#44;8189&#44;8190&#44;8191&#44;8192&#44;8193&#44;8194&#44;8196&#44;8197&#44;8201&#44;8202&#44;8203&#44;8205&#44;8207&#44;8208&#44;8209&#44;8210&#44;8211&#44;8213&#44;8215&#44;8218&#44;8219&#44;8220&#44;8221&#44;8222&#44;8223&#44;8224&#44;8225&#44;8226&#44;8227&#44;8228&#44;8236&#44;8237&#44;8238&#44;8239&#44;8241&#44;8242&#44;8243&#44;8244&#44;8245&#44;8246&#44;8247&#44;8248&#44;8250&#44;8251&#44;8252&#44;8253&#44;8254&#44;8256&#44;8257&#44;8259&#44;8261&#44;8262&#44;8263&#44;8264&#44;8265&#44;8266&#44;8267&#44;8268&#44;8269&#44;8270&#44;8271&#44;8272&#44;8273&#44;8274&#44;8275&#44;8276&#44;8277&#44;8278&#44;8279&#44;8280&#44;8281&#44;8282&#44;8283&#44;8284&#44;8285&#44;8286&#44;8287&#44;8288&#44;8289&#44;8290&#44;8291&#44;8292&#44;8293&#44;8294&#44;8295&#44;8296&#44;8297&#44;8298&#44;8299&#44;""",11/16/20,11/16/20,Y
layouts,HMS,79-2,,2020,11/27/20,1-NewFolderStructure/C079_HMS/C79_HMS_Effective_11272020_Update_11172020/,_C79_HMS_Effective_11272020_Update_11172020.pdf,"""4816&#44;4911&#44;6635&#44;""",11/18/20,11/17/20,Y
layouts,Mobile Phones,74,,2020,11/30/20,1-NewFolderStructure/C074_NoContract_UnlockedPhones/C74_Effective_113020_Planogram_Updated_112420/,_C74_Effective_113020_Planogram_Updated_112420.pdf,"""4109&#44;4702&#44;4703&#44;4704&#44;4707&#44;4709&#44;4710&#44;4711&#44;4712&#44;4713&#44;4718&#44;4720&#44;4721&#44;4722&#44;4724&#44;4728&#44;4729&#44;4730&#44;4731&#44;4732&#44;4735&#44;4736&#44;4738&#44;4739&#44;4740&#44;4741&#44;4742&#44;4743&#44;4745&#44;4749&#44;4750&#44;4755&#44;4761&#44;4763&#44;4764&#44;4767&#44;4768&#44;4769&#44;4770&#44;4771&#44;4772&#44;4774&#44;4775&#44;4776&#44;4777&#44;4778&#44;4780&#44;4781&#44;4782&#44;4783&#44;4784&#44;4785&#44;4786&#44;4787&#44;4789&#44;4790&#44;4791&#44;4794&#44;4795&#44;4797&#44;4798&#44;4799&#44;4801&#44;4802&#44;4804&#44;4805&#44;4808&#44;4815&#44;4816&#44;4817&#44;4818&#44;4819&#44;4820&#44;4822&#44;4824&#44;4825&#44;4828&#44;4829&#44;4830&#44;4831&#44;4836&#44;4837&#44;4839&#44;4840&#44;4843&#44;4846&#44;4847&#44;4850&#44;4851&#44;4852&#44;4853&#44;4855&#44;4857&#44;4859&#44;4860&#44;4861&#44;4870&#44;4871&#44;4872&#44;4873&#44;4874&#44;4875&#44;4876&#44;4878&#44;4879&#44;4901&#44;4905&#44;4906&#44;4908&#44;4911&#44;4914&#44;4915&#44;4917&#44;4920&#44;4926&#44;4930&#44;4933&#44;4936&#44;4938&#44;4939&#44;4942&#44;4944&#44;4946&#44;4947&#44;4948&#44;4950&#44;4952&#44;4955&#44;4958&#44;4961&#44;4962&#44;4963&#44;4969&#44;4972&#44;4973&#44;4974&#44;4982&#44;4983&#44;4985&#44;4987&#44;4989&#44;4990&#44;4991&#44;4992&#44;4994&#44;4996&#44;4998&#44;4999&#44;6181&#44;6188&#44;6189&#44;6201&#44;6202&#44;6203&#44;6204&#44;6205&#44;6212&#44;6213&#44;6216&#44;6217&#44;6218&#44;6219&#44;6220&#44;6228&#44;6235&#44;6236&#44;6238&#44;6239&#44;6240&#44;6242&#44;6244&#44;6245&#44;6246&#44;6247&#44;6249&#44;6251&#44;6252&#44;6254&#44;6255&#44;6256&#44;6257&#44;6259&#44;6260&#44;6261&#44;6262&#44;6265&#44;6267&#44;6269&#44;6275&#44;6302&#44;6304&#44;6305&#44;6307&#44;6308&#44;6309&#44;6310&#44;6311&#44;6312&#44;6313&#44;6314&#44;6315&#44;6317&#44;6319&#44;6320&#44;6321&#44;6322&#44;6324&#44;6325&#44;6326&#44;6327&#44;6328&#44;6329&#44;6330&#44;6331&#44;6332&#44;6333&#44;6334&#44;6335&#44;6336&#44;6338&#44;6339&#44;6341&#44;6342&#44;6343&#44;6344&#44;6345&#44;6347&#44;6348&#44;6349&#44;6350&#44;6351&#44;6352&#44;6353&#44;6354&#44;6355&#44;6356&#44;6357&#44;6358&#44;6359&#44;6360&#44;6361&#44;6363&#44;6364&#44;6365&#44;6366&#44;6367&#44;6368&#44;6369&#44;6371&#44;6372&#44;6373&#44;6375&#44;6376&#44;6377&#44;6378&#44;6379&#44;6380&#44;6381&#44;6382&#44;6383&#44;6384&#44;6385&#44;6386&#44;6387&#44;6388&#44;6401&#44;6402&#44;6403&#44;6404&#44;6405&#44;6406&#44;6407&#44;6408&#44;6409&#44;6410&#44;6412&#44;6413&#44;6414&#44;6415&#44;6417&#44;6418&#44;6419&#44;6420&#44;6421&#44;6422&#44;6423&#44;6424&#44;6425&#44;6426&#44;6427&#44;6428&#44;6429&#44;6430&#44;6431&#44;6432&#44;6433&#44;6434&#44;6435&#44;6436&#44;6437&#44;6439&#44;6440&#44;6441&#44;6443&#44;6444&#44;6445&#44;6448&#44;6449&#44;6450&#44;6452&#44;6453&#44;6454&#44;6455&#44;6456&#44;6457&#44;6458&#44;6460&#44;6461&#44;6462&#44;6463&#44;6464&#44;6471&#44;6472&#44;6474&#44;6479&#44;6482&#44;6485&#44;6487&#44;6489&#44;6501&#44;6502&#44;6503&#44;6505&#44;6506&#44;6507&#44;6509&#44;6510&#44;6512&#44;6514&#44;6517&#44;6518&#44;6520&#44;6521&#44;6524&#44;6527&#44;6528&#44;6533&#44;6535&#44;6536&#44;6539&#44;6540&#44;6547&#44;6549&#44;6556&#44;6562&#44;6565&#44;6567&#44;6568&#44;6569&#44;6570&#44;6571&#44;6572&#44;6573&#44;6575&#44;6581&#44;6582&#44;6604&#44;6605&#44;6606&#44;6608&#44;6609&#44;6610&#44;6612&#44;6613&#44;6614&#44;6615&#44;6616&#44;6617&#44;6619&#44;6620&#44;6621&#44;6622&#44;6624&#44;6626&#44;6628&#44;6630&#44;6631&#44;6632&#44;6633&#44;6634&#44;6635&#44;6636&#44;6637&#44;6643&#44;6644&#44;6646&#44;6650&#44;6651&#44;6652&#44;6653&#44;6655&#44;6657&#44;6658&#44;6659&#44;6660&#44;6661&#44;6662&#44;6663&#44;6664&#44;6666&#44;6667&#44;6670&#44;6671&#44;6672&#44;6673&#44;6674&#44;6675&#44;6676&#44;6677&#44;6678&#44;6679&#44;6682&#44;6683&#44;6684&#44;6685&#44;6686&#44;6692&#44;6693&#44;6779&#44;6781&#44;6867&#44;6976&#44;6979&#44;7189&#44;7658&#44;7676&#44;8102&#44;8104&#44;8106&#44;8107&#44;8111&#44;8112&#44;8114&#44;8115&#44;8116&#44;8117&#44;8119&#44;8120&#44;8123&#44;8125&#44;8126&#44;8128&#44;8129&#44;8130&#44;8132&#44;8133&#44;8134&#44;8135&#44;8136&#44;8138&#44;8139&#44;8141&#44;8142&#44;8144&#44;8145&#44;8146&#44;8147&#44;8149&#44;8150&#44;8151&#44;8152&#44;8153&#44;8155&#44;8156&#44;8157&#44;8158&#44;8160&#44;8161&#44;8162&#44;8163&#44;8164&#44;8165&#44;8166&#44;8167&#44;8168&#44;8169&#44;8172&#44;8173&#44;8174&#44;8175&#44;8176&#44;8177&#44;8180&#44;8181&#44;8182&#44;8183&#44;8184&#44;8185&#44;8186&#44;8188&#44;8189&#44;8190&#44;8191&#44;8192&#44;8193&#44;8194&#44;8196&#44;8197&#44;8201&#44;8202&#44;8203&#44;8205&#44;8207&#44;8208&#44;8209&#44;8210&#44;8211&#44;8213&#44;8215&#44;8218&#44;8219&#44;8220&#44;8221&#44;8222&#44;8223&#44;8224&#44;8225&#44;8226&#44;8227&#44;8228&#44;8236&#44;8237&#44;8238&#44;8239&#44;8241&#44;8242&#44;8243&#44;8244&#44;8245&#44;8246&#44;8247&#44;8248&#44;8250&#44;8251&#44;8252&#44;8253&#44;8254&#44;8256&#44;8257&#44;8259&#44;8261&#44;8262&#44;8263&#44;8264&#44;8265&#44;8266&#44;8267&#44;8268&#44;8269&#44;8270&#44;8271&#44;8272&#44;8273&#44;8274&#44;8275&#44;8276&#44;8277&#44;8278&#44;8279&#44;8280&#44;8281&#44;8282&#44;8283&#44;8284&#44;8285&#44;8286&#44;8287&#44;8288&#44;8289&#44;8290&#44;8291&#44;8292&#44;8293&#44;8294&#44;8295&#44;8296&#44;8297&#44;8298&#44;8299&#44;""",11/30/20,11/24/20,Y
layouts,Deli,57,,2020,12/7/20,1-NewFolderStructure/C057_Deli/C57_Effective_12072020_Planogram_Update_11-20-2020/,_C57_Effective_12072020_Planogram_Update_11-20-2020.pdf,"""4109&#44;4702&#44;4703&#44;4704&#44;4707&#44;4709&#44;4710&#44;4711&#44;4712&#44;4713&#44;4718&#44;4720&#44;4721&#44;4722&#44;4724&#44;4729&#44;4730&#44;4731&#44;4732&#44;4735&#44;4736&#44;4738&#44;4739&#44;4740&#44;4741&#44;4742&#44;4743&#44;4745&#44;4749&#44;4755&#44;4761&#44;4763&#44;4764&#44;4767&#44;4768&#44;4769&#44;4770&#44;4771&#44;4772&#44;4774&#44;4775&#44;4776&#44;4777&#44;4778&#44;4780&#44;4781&#44;4782&#44;4783&#44;4784&#44;4785&#44;4786&#44;4787&#44;4789&#44;4790&#44;4791&#44;4794&#44;4795&#44;4798&#44;4799&#44;4801&#44;4802&#44;4804&#44;4805&#44;4808&#44;4815&#44;4816&#44;4817&#44;4818&#44;4819&#44;4820&#44;4822&#44;4824&#44;4825&#44;4828&#44;4829&#44;4830&#44;4831&#44;4836&#44;4837&#44;4839&#44;4840&#44;4843&#44;4847&#44;4850&#44;4851&#44;4852&#44;4853&#44;4855&#44;4857&#44;4859&#44;4861&#44;4866&#44;4870&#44;4871&#44;4872&#44;4873&#44;4874&#44;4875&#44;4876&#44;4878&#44;4879&#44;4901&#44;4905&#44;4906&#44;4908&#44;4911&#44;4914&#44;4915&#44;4917&#44;4920&#44;4925&#44;4930&#44;4933&#44;4936&#44;4938&#44;4939&#44;4942&#44;4944&#44;4946&#44;4948&#44;4950&#44;4952&#44;4955&#44;4958&#44;4961&#44;4969&#44;4972&#44;4973&#44;4974&#44;4982&#44;4983&#44;4985&#44;4987&#44;4989&#44;4990&#44;4991&#44;4992&#44;4994&#44;4996&#44;4998&#44;4999&#44;6181&#44;6188&#44;6189&#44;6201&#44;6202&#44;6203&#44;6204&#44;6205&#44;6212&#44;6213&#44;6216&#44;6217&#44;6218&#44;6219&#44;6220&#44;6225&#44;6228&#44;6235&#44;6236&#44;6238&#44;6239&#44;6240&#44;6244&#44;6245&#44;6246&#44;6247&#44;6249&#44;6251&#44;6252&#44;6254&#44;6255&#44;6256&#44;6257&#44;6259&#44;6260&#44;6261&#44;6262&#44;6265&#44;6267&#44;6269&#44;6270&#44;6275&#44;6304&#44;6309&#44;6310&#44;6311&#44;6312&#44;6313&#44;6315&#44;6319&#44;6320&#44;6321&#44;6324&#44;6325&#44;6328&#44;6329&#44;6330&#44;6331&#44;6332&#44;6333&#44;6334&#44;6335&#44;6336&#44;6338&#44;6339&#44;6341&#44;6342&#44;6343&#44;6344&#44;6345&#44;6347&#44;6348&#44;6349&#44;6350&#44;6351&#44;6352&#44;6353&#44;6354&#44;6355&#44;6356&#44;6357&#44;6358&#44;6359&#44;6360&#44;6361&#44;6363&#44;6364&#44;6365&#44;6366&#44;6367&#44;6368&#44;6369&#44;6371&#44;6372&#44;6375&#44;6376&#44;6377&#44;6378&#44;6379&#44;6381&#44;6382&#44;6383&#44;6384&#44;6385&#44;6386&#44;6387&#44;6388&#44;6401&#44;6402&#44;6403&#44;6405&#44;6406&#44;6408&#44;6409&#44;6410&#44;6412&#44;6413&#44;6414&#44;6415&#44;6417&#44;6418&#44;6419&#44;6420&#44;6421&#44;6422&#44;6423&#44;6424&#44;6425&#44;6426&#44;6427&#44;6428&#44;6429&#44;6430&#44;6431&#44;6432&#44;6433&#44;6434&#44;6435&#44;6436&#44;6437&#44;6439&#44;6440&#44;6441&#44;6443&#44;6444&#44;6445&#44;6448&#44;6449&#44;6452&#44;6453&#44;6454&#44;6455&#44;6456&#44;6458&#44;6460&#44;6461&#44;6462&#44;6463&#44;6464&#44;6471&#44;6472&#44;6474&#44;6479&#44;6482&#44;6485&#44;6487&#44;6489&#44;6501&#44;6502&#44;6503&#44;6505&#44;6506&#44;6507&#44;6509&#44;6510&#44;6512&#44;6514&#44;6518&#44;6520&#44;6521&#44;6524&#44;6527&#44;6533&#44;6535&#44;6536&#44;6539&#44;6540&#44;6543&#44;6547&#44;6549&#44;6562&#44;6565&#44;6567&#44;6568&#44;6570&#44;6571&#44;6572&#44;6573&#44;6575&#44;6581&#44;6582&#44;6604&#44;6605&#44;6608&#44;6609&#44;6610&#44;6612&#44;6613&#44;6614&#44;6615&#44;6616&#44;6617&#44;6619&#44;6620&#44;6621&#44;6622&#44;6624&#44;6626&#44;6628&#44;6630&#44;6631&#44;6632&#44;6633&#44;6634&#44;6635&#44;6636&#44;6637&#44;6643&#44;6644&#44;6646&#44;6650&#44;6651&#44;6652&#44;6653&#44;6655&#44;6657&#44;6658&#44;6659&#44;6660&#44;6661&#44;6662&#44;6663&#44;6664&#44;6666&#44;6667&#44;6670&#44;6671&#44;6672&#44;6673&#44;6674&#44;6676&#44;6677&#44;6678&#44;6679&#44;6680&#44;6682&#44;6683&#44;6684&#44;6685&#44;6686&#44;6689&#44;6690&#44;6692&#44;6693&#44;6779&#44;6781&#44;6867&#44;6976&#44;6979&#44;7189&#44;7658&#44;7676&#44;8102&#44;8104&#44;8106&#44;8107&#44;8112&#44;8114&#44;8115&#44;8116&#44;8117&#44;8119&#44;8120&#44;8123&#44;8125&#44;8126&#44;8128&#44;8129&#44;8130&#44;8134&#44;8135&#44;8138&#44;8139&#44;8141&#44;8142&#44;8144&#44;8145&#44;8146&#44;8147&#44;8149&#44;8150&#44;8151&#44;8153&#44;8155&#44;8156&#44;8157&#44;8158&#44;8160&#44;8161&#44;8162&#44;8163&#44;8164&#44;8165&#44;8166&#44;8167&#44;8168&#44;8169&#44;8172&#44;8173&#44;8174&#44;8175&#44;8176&#44;8177&#44;8180&#44;8181&#44;8182&#44;8183&#44;8184&#44;8185&#44;8186&#44;8190&#44;8191&#44;8192&#44;8193&#44;8194&#44;8196&#44;8197&#44;8201&#44;8202&#44;8203&#44;8205&#44;8207&#44;8208&#44;8209&#44;8210&#44;8211&#44;8213&#44;8215&#44;8218&#44;8219&#44;8220&#44;8221&#44;8222&#44;8223&#44;8224&#44;8225&#44;8226&#44;8227&#44;8228&#44;8236&#44;8237&#44;8238&#44;8239&#44;8241&#44;8242&#44;8243&#44;8244&#44;8245&#44;8246&#44;8247&#44;8248&#44;8250&#44;8251&#44;8252&#44;8253&#44;8254&#44;8256&#44;8257&#44;8259&#44;8261&#44;8262&#44;8263&#44;8264&#44;8265&#44;8266&#44;8268&#44;8269&#44;8270&#44;8271&#44;8272&#44;8273&#44;8274&#44;8275&#44;8276&#44;8277&#44;8278&#44;8279&#44;8280&#44;8281&#44;8282&#44;8283&#44;8284&#44;8285&#44;8286&#44;8287&#44;8288&#44;8289&#44;8290&#44;8291&#44;8292&#44;8293&#44;8294&#44;8295&#44;8296&#44;8297&#44;8298&#44;8299&#44;""",12/2/20,11/20/20,Y
layouts,Bakery Tables,"""37&#44;77""",,2020,12/7/20,1-NewFolderStructure/C037_C077_Bakery_Tables/C37_77_Bakery_Tables_Effective_12072020_Updated_11202020/,_C37_77_Bakery_Tables_Effective_12072020_Updated_11202020.pdf,"""4109&#44;4702&#44;4707&#44;4710&#44;4711&#44;4712&#44;4713&#44;4720&#44;4721&#44;4722&#44;4724&#44;4728&#44;4729&#44;4731&#44;4735&#44;4736&#44;4738&#44;4739&#44;4740&#44;4742&#44;4743&#44;4749&#44;4750&#44;4761&#44;4763&#44;4764&#44;4769&#44;4771&#44;4772&#44;4774&#44;4775&#44;4776&#44;4778&#44;4780&#44;4781&#44;4782&#44;4783&#44;4785&#44;4787&#44;4789&#44;4790&#44;4791&#44;4794&#44;4795&#44;4797&#44;4798&#44;4801&#44;4802&#44;4804&#44;4808&#44;4815&#44;4817&#44;4818&#44;4820&#44;4825&#44;4828&#44;4831&#44;4836&#44;4837&#44;4839&#44;4840&#44;4843&#44;4846&#44;4847&#44;4850&#44;4852&#44;4855&#44;4857&#44;4859&#44;4860&#44;4861&#44;4866&#44;4870&#44;4872&#44;4873&#44;4874&#44;4879&#44;4901&#44;4905&#44;4906&#44;4911&#44;4914&#44;4917&#44;4920&#44;4925&#44;4926&#44;4933&#44;4936&#44;4939&#44;4942&#44;4944&#44;4946&#44;4947&#44;4948&#44;4950&#44;4952&#44;4958&#44;4961&#44;4963&#44;4969&#44;4972&#44;4973&#44;4982&#44;4983&#44;4985&#44;4989&#44;4990&#44;4991&#44;4994&#44;4996&#44;4998&#44;4999&#44;6181&#44;6188&#44;6189&#44;6201&#44;6202&#44;6203&#44;6204&#44;6212&#44;6216&#44;6217&#44;6218&#44;6220&#44;6225&#44;6228&#44;6235&#44;6236&#44;6238&#44;6239&#44;6242&#44;6244&#44;6245&#44;6246&#44;6247&#44;6249&#44;6251&#44;6252&#44;6254&#44;6255&#44;6256&#44;6257&#44;6259&#44;6260&#44;6262&#44;6265&#44;6267&#44;6269&#44;6270&#44;6275&#44;6302&#44;6305&#44;6307&#44;6308&#44;6309&#44;6310&#44;6311&#44;6312&#44;6314&#44;6315&#44;6317&#44;6319&#44;6320&#44;6321&#44;6322&#44;6324&#44;6326&#44;6327&#44;6328&#44;6329&#44;6330&#44;6331&#44;6332&#44;6333&#44;6334&#44;6335&#44;6336&#44;6338&#44;6339&#44;6341&#44;6342&#44;6343&#44;6344&#44;6348&#44;6349&#44;6350&#44;6351&#44;6352&#44;6353&#44;6354&#44;6355&#44;6356&#44;6357&#44;6358&#44;6359&#44;6361&#44;6363&#44;6364&#44;6365&#44;6366&#44;6367&#44;6368&#44;6369&#44;6371&#44;6372&#44;6373&#44;6375&#44;6376&#44;6378&#44;6380&#44;6381&#44;6382&#44;6383&#44;6384&#44;6385&#44;6386&#44;6387&#44;6388&#44;6401&#44;6402&#44;6403&#44;6404&#44;6406&#44;6407&#44;6409&#44;6412&#44;6413&#44;6414&#44;6415&#44;6418&#44;6419&#44;6420&#44;6421&#44;6422&#44;6423&#44;6426&#44;6427&#44;6428&#44;6429&#44;6431&#44;6433&#44;6434&#44;6435&#44;6436&#44;6439&#44;6440&#44;6441&#44;6443&#44;6444&#44;6445&#44;6448&#44;6449&#44;6450&#44;6452&#44;6453&#44;6454&#44;6455&#44;6456&#44;6457&#44;6458&#44;6460&#44;6462&#44;6463&#44;6464&#44;6472&#44;6474&#44;6479&#44;6482&#44;6485&#44;6487&#44;6489&#44;6503&#44;6505&#44;6506&#44;6507&#44;6509&#44;6512&#44;6517&#44;6518&#44;6520&#44;6521&#44;6524&#44;6527&#44;6528&#44;6535&#44;6536&#44;6539&#44;6540&#44;6543&#44;6547&#44;6562&#44;6569&#44;6570&#44;6571&#44;6572&#44;6573&#44;6575&#44;6581&#44;6582&#44;6604&#44;6605&#44;6610&#44;6612&#44;6613&#44;6614&#44;6622&#44;6624&#44;6636&#44;6637&#44;6643&#44;6644&#44;6646&#44;6650&#44;6651&#44;6652&#44;6653&#44;6655&#44;6657&#44;6658&#44;6660&#44;6661&#44;6662&#44;6663&#44;6666&#44;6670&#44;6671&#44;6673&#44;6674&#44;6675&#44;6676&#44;6677&#44;6678&#44;6679&#44;6680&#44;6689&#44;6690&#44;6692&#44;6693&#44;6779&#44;6781&#44;6867&#44;6976&#44;6979&#44;7189&#44;7658&#44;7676&#44;8102&#44;8104&#44;8106&#44;8107&#44;8111&#44;8112&#44;8114&#44;8115&#44;8116&#44;8117&#44;8119&#44;8120&#44;8126&#44;8128&#44;8129&#44;8130&#44;8132&#44;8133&#44;8134&#44;8136&#44;8138&#44;8139&#44;8141&#44;8142&#44;8144&#44;8145&#44;8146&#44;8149&#44;8150&#44;8151&#44;8152&#44;8155&#44;8156&#44;8157&#44;8158&#44;8160&#44;8161&#44;8162&#44;8164&#44;8165&#44;8166&#44;8167&#44;8168&#44;872&#44;8173&#44;8175&#44;8176&#44;8181&#44;8182&#44;8183&#44;8184&#44;8185&#44;8186&#44;8188&#44;8189&#44;8190&#44;8191&#44;8192&#44;8193&#44;8194&#44;8196&#44;8201&#44;8202&#44;8203&#44;8207&#44;8208&#44;8209&#44;8210&#44;8211&#44;8213&#44;8215&#44;8218&#44;8219&#44;8220&#44;8221&#44;8222&#44;8223&#44;8224&#44;8225&#44;8226&#44;8227&#44;8228&#44;8236&#44;8237&#44;8238&#44;8239&#44;8241&#44;8242&#44;8243&#44;8244&#44;8245&#44;8246&#44;8247&#44;8248&#44;8250&#44;8252&#44;8253&#44;8254&#44;8256&#44;8259&#44;8261&#44;8262&#44;8263&#44;8264&#44;8265&#44;8266&#44;8267&#44;8268&#44;8269&#44;8270&#44;8271&#44;8273&#44;8274&#44;8275&#44;8277&#44;8278&#44;8279&#44;8281&#44;8282&#44;8283&#44;8284&#44;8286&#44;8287&#44;8288&#44;8289&#44;8290&#44;8291&#44;8292&#44;8293&#44;8295&#44;8296&#44;8297&#44;8298&#44;8299&#44;""",12/2/20,11/20/20,Y
layouts,Bakery Dessert,"""37-2&#44;77-2""",,2020,12/7/20,1-NewFolderStructure/C037_C077_Bakery_Dessert/C77_C37_Dessert_Effective_12072020_Updated_11202020/,_C77_C37_Effective_12072020_Updated_11202020.pdf,"""4109&#44;4702&#44;4703&#44;4704&#44;4707&#44;4709&#44;4710&#44;4711&#44;4712&#44;4713&#44;4718&#44;4720&#44;4721&#44;4722&#44;4724&#44;4728&#44;4729&#44;4730&#44;4731&#44;4732&#44;4735&#44;4736&#44;4738&#44;4739&#44;4740&#44;4741&#44;4742&#44;4743&#44;4745&#44;4749&#44;4750&#44;4755&#44;4761&#44;4763&#44;4764&#44;4767&#44;4768&#44;4769&#44;4770&#44;4771&#44;4772&#44;4774&#44;4775&#44;4776&#44;4777&#44;4778&#44;4780&#44;4781&#44;4782&#44;4783&#44;4784&#44;4785&#44;4786&#44;4787&#44;4789&#44;4790&#44;4791&#44;4794&#44;4795&#44;4797&#44;4798&#44;4799&#44;4801&#44;4802&#44;4804&#44;4805&#44;4808&#44;4816&#44;4817&#44;4818&#44;4819&#44;4820&#44;4822&#44;4824&#44;4825&#44;4828&#44;4829&#44;4830&#44;4831&#44;4836&#44;4837&#44;4839&#44;4840&#44;4843&#44;4846&#44;4847&#44;4850&#44;4851&#44;4852&#44;4853&#44;4855&#44;4857&#44;4859&#44;4860&#44;4861&#44;4866&#44;4870&#44;4872&#44;4873&#44;4874&#44;4875&#44;4876&#44;4878&#44;4879&#44;4901&#44;4905&#44;4906&#44;4911&#44;4914&#44;4915&#44;4917&#44;4920&#44;4925&#44;4926&#44;4933&#44;4936&#44;4938&#44;4939&#44;4942&#44;4944&#44;4946&#44;4947&#44;4948&#44;4950&#44;4952&#44;4955&#44;4958&#44;4961&#44;4962&#44;4963&#44;4969&#44;4972&#44;4973&#44;4974&#44;4982&#44;4983&#44;4985&#44;4987&#44;4989&#44;4990&#44;4991&#44;4992&#44;4994&#44;4996&#44;4998&#44;4999&#44;6181&#44;6188&#44;6189&#44;6201&#44;6202&#44;6203&#44;6204&#44;6205&#44;6212&#44;6213&#44;6216&#44;6217&#44;6218&#44;6219&#44;6220&#44;6225&#44;6228&#44;6235&#44;6236&#44;6238&#44;6239&#44;6240&#44;6242&#44;6244&#44;6245&#44;6246&#44;6247&#44;6249&#44;6251&#44;6252&#44;6254&#44;6255&#44;6256&#44;6257&#44;6259&#44;6260&#44;6261&#44;6262&#44;6265&#44;6267&#44;6269&#44;6270&#44;6275&#44;6302&#44;6304&#44;6305&#44;6307&#44;6308&#44;6309&#44;6310&#44;6311&#44;6312&#44;6313&#44;6314&#44;6315&#44;6317&#44;6319&#44;6320&#44;6321&#44;6322&#44;6324&#44;6325&#44;6326&#44;6327&#44;6328&#44;6329&#44;6330&#44;6331&#44;6332&#44;6333&#44;6334&#44;6335&#44;6336&#44;6338&#44;6339&#44;6341&#44;6342&#44;6343&#44;6344&#44;6345&#44;6347&#44;6348&#44;6349&#44;6350&#44;6351&#44;6352&#44;6353&#44;6354&#44;6355&#44;6356&#44;6357&#44;6358&#44;6359&#44;6360&#44;6361&#44;6363&#44;6364&#44;6365&#44;6366&#44;6367&#44;6368&#44;6369&#44;6371&#44;6372&#44;6373&#44;6375&#44;6376&#44;6378&#44;6379&#44;6380&#44;6381&#44;6382&#44;6383&#44;6384&#44;6386&#44;6387&#44;6388&#44;6401&#44;6402&#44;6403&#44;6404&#44;6405&#44;6406&#44;6407&#44;6408&#44;6409&#44;6410&#44;6412&#44;6413&#44;6414&#44;6415&#44;6418&#44;6419&#44;6420&#44;6421&#44;6422&#44;6423&#44;6425&#44;6426&#44;6427&#44;6428&#44;6429&#44;6431&#44;6433&#44;6434&#44;6435&#44;6436&#44;6437&#44;6439&#44;6440&#44;6441&#44;6443&#44;6444&#44;6445&#44;6448&#44;6449&#44;6450&#44;6452&#44;6453&#44;6454&#44;6455&#44;6456&#44;6457&#44;6458&#44;6460&#44;6462&#44;6463&#44;6464&#44;6472&#44;6474&#44;6479&#44;6482&#44;6485&#44;6487&#44;6489&#44;6501&#44;6502&#44;6503&#44;6505&#44;6506&#44;6507&#44;6509&#44;6512&#44;6517&#44;6518&#44;6520&#44;6521&#44;6524&#44;6527&#44;6528&#44;6535&#44;6536&#44;6539&#44;6543&#44;6547&#44;6549&#44;6562&#44;6565&#44;6569&#44;6570&#44;6571&#44;6572&#44;6573&#44;6575&#44;6581&#44;6582&#44;6604&#44;6605&#44;6606&#44;6608&#44;6609&#44;6610&#44;6612&#44;6613&#44;6614&#44;6615&#44;6616&#44;6617&#44;6619&#44;6620&#44;6621&#44;6622&#44;6624&#44;6626&#44;6628&#44;6630&#44;6631&#44;6632&#44;6633&#44;6634&#44;6635&#44;6636&#44;6637&#44;6643&#44;6644&#44;6646&#44;6650&#44;6651&#44;6652&#44;6653&#44;6655&#44;6657&#44;6658&#44;6659&#44;6660&#44;6661&#44;6662&#44;6663&#44;6664&#44;6666&#44;6667&#44;6670&#44;6671&#44;6672&#44;6673&#44;6674&#44;6675&#44;6676&#44;6677&#44;6678&#44;6679&#44;6680&#44;6682&#44;6683&#44;6684&#44;6685&#44;6686&#44;6689&#44;6690&#44;6692&#44;6693&#44;6779&#44;6781&#44;6867&#44;6976&#44;6979&#44;7189&#44;7658&#44;7676&#44;8102&#44;8104&#44;8106&#44;8107&#44;8111&#44;8112&#44;8114&#44;8115&#44;8116&#44;8117&#44;8119&#44;8120&#44;8123&#44;8125&#44;8126&#44;8128&#44;8129&#44;8130&#44;8132&#44;8133&#44;8134&#44;8135&#44;8136&#44;8138&#44;8139&#44;8141&#44;8142&#44;8144&#44;8145&#44;8146&#44;8147&#44;8149&#44;8150&#44;8151&#44;8152&#44;8153&#44;8155&#44;8156&#44;8157&#44;8158&#44;8160&#44;8161&#44;8162&#44;8163&#44;8164&#44;8165&#44;8166&#44;8167&#44;8168&#44;8169&#44;8172&#44;8173&#44;8174&#44;8175&#44;8176&#44;8177&#44;8181&#44;8182&#44;8183&#44;8184&#44;8185&#44;8186&#44;8188&#44;8190&#44;8191&#44;8192&#44;8193&#44;8194&#44;8196&#44;8197&#44;8201&#44;8202&#44;8203&#44;8205&#44;8207&#44;8208&#44;8209&#44;8210&#44;8211&#44;8213&#44;8215&#44;8218&#44;8219&#44;8220&#44;8221&#44;8222&#44;8223&#44;8224&#44;8225&#44;8226&#44;8227&#44;8228&#44;8236&#44;8237&#44;8238&#44;8239&#44;8241&#44;8242&#44;8243&#44;8244&#44;8245&#44;8246&#44;8247&#44;8248&#44;8250&#44;8251&#44;8252&#44;8253&#44;8254&#44;8256&#44;8257&#44;8259&#44;8261&#44;8262&#44;8263&#44;8264&#44;8265&#44;8266&#44;8267&#44;8268&#44;8269&#44;8270&#44;8271&#44;8272&#44;8273&#44;8274&#44;8275&#44;8276&#44;8277&#44;8278&#44;8279&#44;8280&#44;8281&#44;8282&#44;8283&#44;8284&#44;8285&#44;8286&#44;8287&#44;8288&#44;8289&#44;8290&#44;8291&#44;8292&#44;8293&#44;8294&#44;8295&#44;8296&#44;8297&#44;8298&#44;8299&#44;""",12/2/20,11/20/20,Y
layouts,Bakery Dessert,"""37-2&#44;77-2""",,2020,12/7/20,1-NewFolderStructure/C037_C077_Bakery_Dessert/C77_C37_Dessert_Effective_12072020_Updated_11202020/,_C77_C37_Effective_12072020_Updated_11202020.pdf,"""4815&#44;""",12/14/20,11/20/20,Y
layouts,Bakery Pallets,"""37-4&#44;77-4""",,2020,12/7/20,1-NewFolderStructure/C037_C077_Bakery_Pallets/C37_77_Bakery_Pallets_Effective_12072020_Updated_11202020/,_C37_77_Bakery_Pallets_Effective_12072020_Updated_11202020.pdf,"""4109&#44;4702&#44;4703&#44;4704&#44;4707&#44;4709&#44;4710&#44;4711&#44;4712&#44;4713&#44;4718&#44;4720&#44;4721&#44;4722&#44;4724&#44;4728&#44;4729&#44;4730&#44;4731&#44;4732&#44;4735&#44;4736&#44;4738&#44;4739&#44;4740&#44;4741&#44;4742&#44;4743&#44;4745&#44;4749&#44;4750&#44;4755&#44;4761&#44;4763&#44;4764&#44;4767&#44;4768&#44;4769&#44;4770&#44;4771&#44;4772&#44;4774&#44;4775&#44;4776&#44;4777&#44;4778&#44;4780&#44;4781&#44;4782&#44;4783&#44;4784&#44;4785&#44;4786&#44;4787&#44;4789&#44;4790&#44;4791&#44;4794&#44;4795&#44;4797&#44;4798&#44;4799&#44;4801&#44;4802&#44;4804&#44;4805&#44;4808&#44;4815&#44;4816&#44;4817&#44;4818&#44;4819&#44;4820&#44;4822&#44;4824&#44;4825&#44;4828&#44;4829&#44;4830&#44;4831&#44;4836&#44;4837&#44;4839&#44;4840&#44;4843&#44;4846&#44;4847&#44;4850&#44;4851&#44;4852&#44;4853&#44;4855&#44;4857&#44;4859&#44;4860&#44;4861&#44;4866&#44;4870&#44;4871&#44;4872&#44;4873&#44;4874&#44;4875&#44;4876&#44;4878&#44;4879&#44;4901&#44;4905&#44;4906&#44;4908&#44;4911&#44;4914&#44;4915&#44;4917&#44;4920&#44;4926&#44;4930&#44;4933&#44;4936&#44;4938&#44;4939&#44;4942&#44;4944&#44;4946&#44;4947&#44;4948&#44;4950&#44;4952&#44;4955&#44;4958&#44;4961&#44;4962&#44;4963&#44;4969&#44;4972&#44;4973&#44;4974&#44;4983&#44;4985&#44;4987&#44;4989&#44;4990&#44;4991&#44;4992&#44;4994&#44;4996&#44;4998&#44;4999&#44;6181&#44;6188&#44;6189&#44;6201&#44;6202&#44;6203&#44;6204&#44;6205&#44;6212&#44;6213&#44;6216&#44;6217&#44;6218&#44;6219&#44;6220&#44;6225&#44;6228&#44;6235&#44;6236&#44;6238&#44;6239&#44;6240&#44;6242&#44;6244&#44;6245&#44;6246&#44;6247&#44;6249&#44;6251&#44;6252&#44;6254&#44;6255&#44;6256&#44;6257&#44;6259&#44;6260&#44;6261&#44;6262&#44;6265&#44;6267&#44;6269&#44;6270&#44;6275&#44;6302&#44;6304&#44;6305&#44;6307&#44;6308&#44;6309&#44;6310&#44;6311&#44;6312&#44;6313&#44;6314&#44;6315&#44;6317&#44;6319&#44;6320&#44;6321&#44;6322&#44;6325&#44;6326&#44;6327&#44;6328&#44;6329&#44;6330&#44;6331&#44;6332&#44;6333&#44;6334&#44;6335&#44;6336&#44;6338&#44;6339&#44;6341&#44;6342&#44;6343&#44;6344&#44;6345&#44;6347&#44;6348&#44;6349&#44;6350&#44;6351&#44;6352&#44;6353&#44;6354&#44;6355&#44;6356&#44;6357&#44;6358&#44;6359&#44;6360&#44;6361&#44;6363&#44;6364&#44;6365&#44;6366&#44;6367&#44;6368&#44;6369&#44;6371&#44;6372&#44;6373&#44;6375&#44;6376&#44;6378&#44;6379&#44;6380&#44;6381&#44;6382&#44;6383&#44;6384&#44;6385&#44;6386&#44;6387&#44;6388&#44;6401&#44;6402&#44;6403&#44;6404&#44;6405&#44;6406&#44;6407&#44;6408&#44;6409&#44;6410&#44;6413&#44;6414&#44;6415&#44;6417&#44;6418&#44;6419&#44;6420&#44;6421&#44;6422&#44;6423&#44;6424&#44;6425&#44;6426&#44;6427&#44;6428&#44;6429&#44;6430&#44;6431&#44;6432&#44;6433&#44;6434&#44;6435&#44;6436&#44;6437&#44;6439&#44;6440&#44;6441&#44;6443&#44;6444&#44;6445&#44;6448&#44;6449&#44;6450&#44;6452&#44;6453&#44;6454&#44;6455&#44;6456&#44;6457&#44;6458&#44;6460&#44;6461&#44;6462&#44;6463&#44;6464&#44;6471&#44;6472&#44;6474&#44;6479&#44;6482&#44;6485&#44;6487&#44;6489&#44;6501&#44;6502&#44;6503&#44;6505&#44;6506&#44;6507&#44;6509&#44;6510&#44;6512&#44;6514&#44;6517&#44;6518&#44;6520&#44;6521&#44;6524&#44;6527&#44;6528&#44;6533&#44;6535&#44;6536&#44;6539&#44;6540&#44;6543&#44;6547&#44;6549&#44;6556&#44;6562&#44;6565&#44;6567&#44;6568&#44;6569&#44;6570&#44;6571&#44;6572&#44;6573&#44;6575&#44;6581&#44;6582&#44;6604&#44;6605&#44;6606&#44;6608&#44;6609&#44;6610&#44;6612&#44;6613&#44;6614&#44;6615&#44;6616&#44;6617&#44;6619&#44;6620&#44;6621&#44;6622&#44;6624&#44;6626&#44;6628&#44;6630&#44;6631&#44;6632&#44;6633&#44;6634&#44;6635&#44;6636&#44;6637&#44;6643&#44;6644&#44;6646&#44;6650&#44;6651&#44;6652&#44;6653&#44;6655&#44;6657&#44;6658&#44;6659&#44;6660&#44;6661&#44;6662&#44;6663&#44;6664&#44;6666&#44;6667&#44;6670&#44;6671&#44;6672&#44;6673&#44;6674&#44;6675&#44;6676&#44;6677&#44;6678&#44;6679&#44;6680&#44;6682&#44;6683&#44;6684&#44;6685&#44;6686&#44;6689&#44;6690&#44;6692&#44;6693&#44;6779&#44;6781&#44;6867&#44;6976&#44;6979&#44;7189&#44;7658&#44;7676&#44;8102&#44;8104&#44;8106&#44;8107&#44;8111&#44;8112&#44;8114&#44;8115&#44;8116&#44;8117&#44;8119&#44;8120&#44;8123&#44;8125&#44;8126&#44;8128&#44;8129&#44;8130&#44;8132&#44;8133&#44;8134&#44;8135&#44;8136&#44;8138&#44;8139&#44;8141&#44;8142&#44;8144&#44;8145&#44;8146&#44;8147&#44;8149&#44;8150&#44;8151&#44;8152&#44;8153&#44;8155&#44;8156&#44;8157&#44;8158&#44;8160&#44;8161&#44;8162&#44;8163&#44;8164&#44;8165&#44;8166&#44;8167&#44;8168&#44;8169&#44;8172&#44;8173&#44;8174&#44;8175&#44;8176&#44;8177&#44;8180&#44;8181&#44;8182&#44;8183&#44;8184&#44;8185&#44;8186&#44;8188&#44;8189&#44;8190&#44;8191&#44;8192&#44;8193&#44;8194&#44;8196&#44;8197&#44;8201&#44;8202&#44;8203&#44;8205&#44;8207&#44;8208&#44;8209&#44;8210&#44;8211&#44;8213&#44;8215&#44;8218&#44;8219&#44;8220&#44;8221&#44;8222&#44;8223&#44;8224&#44;8225&#44;8226&#44;8227&#44;8228&#44;8236&#44;8237&#44;8238&#44;8239&#44;8241&#44;8242&#44;8243&#44;8244&#44;8245&#44;8246&#44;8247&#44;8248&#44;8250&#44;8251&#44;8252&#44;8253&#44;8254&#44;8256&#44;8257&#44;8259&#44;8261&#44;8262&#44;8263&#44;8264&#44;8265&#44;8266&#44;8267&#44;8268&#44;8269&#44;8270&#44;8271&#44;8272&#44;8273&#44;8274&#44;8275&#44;8276&#44;8277&#44;8278&#44;8279&#44;8280&#44;8281&#44;8282&#44;8283&#44;8284&#44;8285&#44;8286&#44;8287&#44;8288&#44;8289&#44;8290&#44;8291&#44;8292&#44;8293&#44;8294&#44;8295&#44;8296&#44;8297&#44;8298&#44;8299&#44;""",12/8/20,11/20/20,Y
layouts,Meat and Seafood,"""72&#44;76&#44;93""",,2020,12/7/20,1-NewFolderStructure/C076_C072_C093_Fresh_Meat_Seafood/C72_C76_C93_Effective_12072020_Planogram_Updated_11242020/,_C72_C76_C93_Effective_12072020_Planogram_Updated_11242020.pdf,"""4109&#44;4702&#44;4703&#44;4704&#44;4707&#44;4709&#44;4710&#44;4711&#44;4712&#44;4713&#44;4718&#44;4720&#44;4721&#44;4722&#44;4724&#44;4728&#44;4729&#44;4730&#44;4731&#44;4732&#44;4735&#44;4736&#44;4738&#44;4739&#44;4740&#44;4741&#44;4742&#44;4743&#44;4745&#44;4749&#44;4750&#44;4755&#44;4761&#44;4763&#44;4764&#44;4767&#44;4768&#44;4769&#44;4770&#44;4771&#44;4772&#44;4774&#44;4775&#44;4776&#44;4777&#44;4778&#44;4780&#44;4781&#44;4782&#44;4783&#44;4784&#44;4785&#44;4786&#44;4787&#44;4789&#44;4790&#44;4791&#44;4794&#44;4795&#44;4797&#44;4798&#44;4799&#44;4801&#44;4802&#44;4804&#44;4805&#44;4808&#44;4815&#44;4816&#44;4817&#44;4818&#44;4819&#44;4820&#44;4822&#44;4824&#44;4825&#44;4828&#44;4829&#44;4830&#44;4831&#44;4836&#44;4837&#44;4839&#44;4840&#44;4843&#44;4846&#44;4847&#44;4850&#44;4851&#44;4852&#44;4853&#44;4855&#44;4857&#44;4859&#44;4860&#44;4861&#44;4866&#44;4870&#44;4871&#44;4872&#44;4873&#44;4874&#44;4875&#44;4876&#44;4878&#44;4879&#44;4901&#44;4905&#44;4906&#44;4908&#44;4911&#44;4914&#44;4915&#44;4917&#44;4920&#44;4925&#44;4926&#44;4930&#44;4933&#44;4936&#44;4938&#44;4939&#44;4942&#44;4944&#44;4946&#44;4947&#44;4948&#44;4950&#44;4952&#44;4955&#44;4958&#44;4961&#44;4962&#44;4963&#44;4969&#44;4972&#44;4973&#44;4974&#44;4982&#44;4983&#44;4985&#44;4987&#44;4989&#44;4990&#44;4991&#44;4992&#44;4994&#44;4996&#44;4998&#44;4999&#44;6181&#44;6188&#44;6189&#44;6201&#44;6202&#44;6203&#44;6204&#44;6205&#44;6212&#44;6213&#44;6216&#44;6217&#44;6218&#44;6219&#44;6220&#44;6225&#44;6228&#44;6235&#44;6236&#44;6238&#44;6239&#44;6240&#44;6242&#44;6244&#44;6245&#44;6246&#44;6247&#44;6249&#44;6251&#44;6252&#44;6254&#44;6255&#44;6256&#44;6257&#44;6259&#44;6260&#44;6261&#44;6262&#44;6265&#44;6267&#44;6269&#44;6270&#44;6275&#44;6302&#44;6304&#44;6305&#44;6307&#44;6308&#44;6309&#44;6310&#44;6311&#44;6312&#44;6313&#44;6314&#44;6315&#44;6317&#44;6319&#44;6320&#44;6321&#44;6322&#44;6324&#44;6325&#44;6326&#44;6327&#44;6328&#44;6329&#44;6330&#44;6331&#44;6332&#44;6333&#44;6334&#44;6335&#44;6336&#44;6338&#44;6339&#44;6341&#44;6342&#44;6343&#44;6344&#44;6345&#44;6347&#44;6348&#44;6349&#44;6350&#44;6351&#44;6352&#44;6353&#44;6354&#44;6355&#44;6356&#44;6357&#44;6358&#44;6359&#44;6360&#44;6361&#44;6363&#44;6364&#44;6365&#44;6366&#44;6367&#44;6368&#44;6369&#44;6371&#44;6372&#44;6373&#44;6375&#44;6376&#44;6377&#44;6378&#44;6379&#44;6380&#44;6381&#44;6382&#44;6383&#44;6384&#44;6385&#44;6386&#44;6387&#44;6388&#44;6401&#44;6402&#44;6403&#44;6404&#44;6405&#44;6406&#44;6407&#44;6408&#44;6409&#44;6410&#44;6412&#44;6413&#44;6414&#44;6415&#44;6417&#44;6418&#44;6419&#44;6420&#44;6421&#44;6422&#44;6423&#44;6424&#44;6425&#44;6426&#44;6427&#44;6428&#44;6429&#44;6430&#44;6431&#44;6432&#44;6433&#44;6434&#44;6435&#44;6436&#44;6437&#44;6439&#44;6440&#44;6441&#44;6443&#44;6444&#44;6445&#44;6448&#44;6449&#44;6450&#44;6452&#44;6453&#44;6454&#44;6455&#44;6456&#44;6457&#44;6458&#44;6460&#44;6461&#44;6462&#44;6463&#44;6464&#44;6471&#44;6472&#44;6474&#44;6479&#44;6482&#44;6485&#44;6487&#44;6489&#44;6501&#44;6502&#44;6503&#44;6505&#44;6506&#44;6507&#44;6509&#44;6510&#44;6512&#44;6514&#44;6517&#44;6518&#44;6520&#44;6521&#44;6524&#44;6527&#44;6528&#44;6533&#44;6535&#44;6536&#44;6539&#44;6540&#44;6543&#44;6547&#44;6549&#44;6556&#44;6562&#44;6565&#44;6567&#44;6568&#44;6569&#44;6570&#44;6571&#44;6572&#44;6573&#44;6575&#44;6581&#44;6582&#44;6604&#44;6605&#44;6606&#44;6608&#44;6609&#44;6610&#44;6612&#44;6613&#44;6614&#44;6615&#44;6616&#44;6617&#44;6619&#44;6620&#44;6621&#44;6622&#44;6624&#44;6626&#44;6628&#44;6630&#44;6631&#44;6632&#44;6633&#44;6634&#44;6635&#44;6636&#44;6637&#44;6643&#44;6644&#44;6646&#44;6650&#44;6651&#44;6652&#44;6653&#44;6655&#44;6657&#44;6658&#44;6659&#44;6660&#44;6661&#44;6662&#44;6663&#44;6664&#44;6666&#44;6667&#44;6670&#44;6671&#44;6672&#44;6673&#44;6674&#44;6675&#44;6676&#44;6677&#44;6678&#44;6679&#44;6680&#44;6682&#44;6683&#44;6684&#44;6685&#44;6686&#44;6689&#44;6690&#44;6692&#44;6693&#44;6779&#44;6781&#44;6867&#44;6976&#44;6979&#44;7189&#44;7658&#44;7676&#44;8102&#44;8104&#44;8106&#44;8107&#44;8111&#44;8112&#44;8114&#44;8115&#44;8116&#44;8117&#44;8119&#44;8120&#44;8123&#44;8125&#44;8126&#44;8128&#44;8129&#44;8130&#44;8132&#44;8133&#44;8134&#44;8135&#44;8136&#44;8138&#44;8139&#44;8141&#44;8142&#44;8144&#44;8145&#44;8146&#44;8147&#44;8149&#44;8150&#44;8151&#44;8152&#44;8153&#44;8155&#44;8156&#44;8157&#44;8158&#44;8160&#44;8161&#44;8162&#44;8163&#44;8164&#44;8165&#44;8166&#44;8167&#44;8168&#44;8169&#44;8172&#44;8173&#44;8174&#44;8175&#44;8176&#44;8177&#44;8180&#44;8181&#44;8182&#44;8183&#44;8184&#44;8185&#44;8186&#44;8188&#44;8189&#44;8190&#44;8191&#44;8192&#44;8193&#44;8194&#44;8196&#44;8197&#44;8201&#44;8202&#44;8203&#44;8205&#44;8207&#44;8208&#44;8209&#44;8210&#44;8211&#44;8213&#44;8215&#44;8218&#44;8219&#44;8220&#44;8221&#44;8222&#44;8223&#44;8224&#44;8225&#44;8226&#44;8227&#44;8228&#44;8236&#44;8237&#44;8238&#44;8239&#44;8241&#44;8242&#44;8243&#44;8244&#44;8245&#44;8246&#44;8247&#44;8248&#44;8250&#44;8251&#44;8252&#44;8253&#44;8254&#44;8256&#44;8257&#44;8259&#44;8261&#44;8262&#44;8263&#44;8264&#44;8265&#44;8266&#44;8267&#44;8268&#44;8269&#44;8270&#44;8271&#44;8272&#44;8273&#44;8274&#44;8275&#44;8276&#44;8277&#44;8278&#44;8279&#44;8280&#44;8281&#44;8282&#44;8283&#44;8284&#44;8285&#44;8286&#44;8287&#44;8288&#44;8289&#44;8290&#44;8291&#44;8292&#44;8293&#44;8294&#44;8295&#44;8296&#44;8297&#44;8298&#44;8299&#44;""",12/2/20,11/24/20,Y
layouts,Sushi,79,,2020,12/7/20,1-NewFolderStructure/C079_Sushi/C79_Sushi_Effective_12072020/,_C79_Sushi_Effective_12072020.pdf,"""4702&#44;4704&#44;4707&#44;4709&#44;4711&#44;4712&#44;4713&#44;4718&#44;4721&#44;4722&#44;4728&#44;4731&#44;4732&#44;4735&#44;4736&#44;4739&#44;4740&#44;4741&#44;4742&#44;4743&#44;4745&#44;4749&#44;4755&#44;4763&#44;4764&#44;4767&#44;4768&#44;4769&#44;4771&#44;4772&#44;4774&#44;4775&#44;4776&#44;4777&#44;4778&#44;4780&#44;4781&#44;4782&#44;4783&#44;4784&#44;4785&#44;4786&#44;4787&#44;4789&#44;4790&#44;4794&#44;4795&#44;4797&#44;4801&#44;4802&#44;4804&#44;4805&#44;4808&#44;4816&#44;4818&#44;4819&#44;4822&#44;4824&#44;4825&#44;4828&#44;4829&#44;4830&#44;4831&#44;4837&#44;4839&#44;4840&#44;4843&#44;4847&#44;4850&#44;4851&#44;4852&#44;4853&#44;4855&#44;4857&#44;4859&#44;4861&#44;4870&#44;4873&#44;4874&#44;4875&#44;4878&#44;4901&#44;4905&#44;4906&#44;4908&#44;4911&#44;4914&#44;4915&#44;4917&#44;4920&#44;4925&#44;4926&#44;4938&#44;4939&#44;4942&#44;4944&#44;4946&#44;4955&#44;4958&#44;4961&#44;4969&#44;4972&#44;4974&#44;4983&#44;4985&#44;4987&#44;4989&#44;4990&#44;4991&#44;4992&#44;4998&#44;6181&#44;6188&#44;6189&#44;6202&#44;6205&#44;6212&#44;6213&#44;6216&#44;6217&#44;6218&#44;6219&#44;6220&#44;6228&#44;6236&#44;6238&#44;6239&#44;6240&#44;6242&#44;6244&#44;6245&#44;6246&#44;6247&#44;6249&#44;6251&#44;6252&#44;6254&#44;6255&#44;6257&#44;6259&#44;6261&#44;6262&#44;6265&#44;6267&#44;6269&#44;6304&#44;6308&#44;6309&#44;6310&#44;6311&#44;6312&#44;6313&#44;6314&#44;6315&#44;6317&#44;6319&#44;6320&#44;6321&#44;6324&#44;6325&#44;6326&#44;6328&#44;6332&#44;6335&#44;6341&#44;6342&#44;6343&#44;6344&#44;6348&#44;6350&#44;6351&#44;6354&#44;6355&#44;6357&#44;6358&#44;6359&#44;6360&#44;6361&#44;6363&#44;6367&#44;6368&#44;6369&#44;6371&#44;6372&#44;6376&#44;6378&#44;6381&#44;6382&#44;6383&#44;6384&#44;6385&#44;6401&#44;6402&#44;6403&#44;6408&#44;6409&#44;6410&#44;6412&#44;6413&#44;6414&#44;6415&#44;6418&#44;6419&#44;6420&#44;6422&#44;6428&#44;6429&#44;6434&#44;6437&#44;6440&#44;6443&#44;6444&#44;6445&#44;6452&#44;6457&#44;6458&#44;6463&#44;6464&#44;6472&#44;6474&#44;6479&#44;6482&#44;6487&#44;6489&#44;6501&#44;6505&#44;6512&#44;6518&#44;6520&#44;6524&#44;6527&#44;6535&#44;6536&#44;6540&#44;6565&#44;6567&#44;6568&#44;6570&#44;6572&#44;6573&#44;6575&#44;6604&#44;6608&#44;6609&#44;6610&#44;6612&#44;6613&#44;6614&#44;6615&#44;6616&#44;6617&#44;6619&#44;6621&#44;6622&#44;6624&#44;6626&#44;6628&#44;6630&#44;6631&#44;6633&#44;6635&#44;6636&#44;6637&#44;6643&#44;6644&#44;6646&#44;6650&#44;6651&#44;6652&#44;6653&#44;6655&#44;6657&#44;6658&#44;6659&#44;6660&#44;6661&#44;6662&#44;6663&#44;6664&#44;6666&#44;6667&#44;6670&#44;6671&#44;6674&#44;6676&#44;6677&#44;6678&#44;6682&#44;6684&#44;6685&#44;6686&#44;6692&#44;6779&#44;6781&#44;6976&#44;6979&#44;7189&#44;7676&#44;8104&#44;8106&#44;8111&#44;8112&#44;8114&#44;8115&#44;8116&#44;8117&#44;8119&#44;8120&#44;8123&#44;8129&#44;8134&#44;8135&#44;8138&#44;8139&#44;8141&#44;8142&#44;8145&#44;8146&#44;8149&#44;8151&#44;8155&#44;8157&#44;8158&#44;8160&#44;8161&#44;8164&#44;8165&#44;8166&#44;8167&#44;8168&#44;8173&#44;8174&#44;8175&#44;8176&#44;8177&#44;8181&#44;8182&#44;8183&#44;8188&#44;8191&#44;8193&#44;8194&#44;8197&#44;8201&#44;8203&#44;8205&#44;8207&#44;8208&#44;8209&#44;8210&#44;8213&#44;8215&#44;8218&#44;8219&#44;8220&#44;8221&#44;8222&#44;8223&#44;8224&#44;8225&#44;8227&#44;8236&#44;8237&#44;8238&#44;8239&#44;8241&#44;8242&#44;8243&#44;8246&#44;8248&#44;8250&#44;8251&#44;8252&#44;8253&#44;8257&#44;8259&#44;8261&#44;8262&#44;8263&#44;8264&#44;8265&#44;8266&#44;8267&#44;8268&#44;8269&#44;8270&#44;8271&#44;8272&#44;8275&#44;8277&#44;8278&#44;8279&#44;8282&#44;8284&#44;8285&#44;8287&#44;8290&#44;8291&#44;8293&#44;8294&#44;8296&#44;8297&#44;8298&#44;8299&#44;""",12/8/20,11/30/20,Y
layouts,HMS,79-2,,2020,12/7/20,1-NewFolderStructure/C079_HMS/C79_HMS_Effective_12072020/,_C79_HMS_Effective_12072020.pdf,"""4702&#44;4703&#44;4707&#44;4709&#44;4711&#44;4712&#44;4713&#44;4720&#44;4721&#44;4722&#44;4724&#44;4728&#44;4730&#44;4731&#44;4732&#44;4735&#44;4736&#44;4738&#44;4739&#44;4740&#44;4741&#44;4742&#44;4743&#44;4745&#44;4749&#44;4750&#44;4755&#44;4761&#44;4763&#44;4764&#44;4767&#44;4768&#44;4769&#44;4770&#44;4771&#44;4772&#44;4775&#44;4776&#44;4777&#44;4778&#44;4780&#44;4781&#44;4782&#44;4783&#44;4784&#44;4785&#44;4786&#44;4787&#44;4789&#44;4790&#44;4791&#44;4794&#44;4795&#44;4797&#44;4798&#44;4799&#44;4801&#44;4802&#44;4804&#44;4805&#44;4808&#44;4815&#44;4816&#44;4817&#44;4818&#44;4819&#44;4820&#44;4822&#44;4824&#44;4825&#44;4828&#44;4829&#44;4830&#44;4831&#44;4836&#44;4837&#44;4839&#44;4840&#44;4843&#44;4846&#44;4847&#44;4850&#44;4851&#44;4852&#44;4853&#44;4855&#44;4857&#44;4859&#44;4860&#44;4861&#44;4866&#44;4870&#44;4871&#44;4872&#44;4873&#44;4874&#44;4875&#44;4876&#44;4878&#44;4879&#44;4901&#44;4905&#44;4906&#44;4908&#44;4911&#44;4914&#44;4915&#44;4917&#44;4920&#44;4925&#44;4926&#44;4930&#44;4933&#44;4938&#44;4939&#44;4942&#44;4944&#44;4946&#44;4947&#44;4948&#44;4950&#44;4955&#44;4958&#44;4961&#44;4962&#44;4963&#44;4969&#44;4972&#44;4973&#44;4974&#44;4982&#44;4983&#44;4985&#44;4987&#44;4989&#44;4990&#44;4991&#44;4992&#44;4996&#44;4998&#44;4999&#44;6181&#44;6188&#44;6189&#44;6201&#44;6202&#44;6203&#44;6204&#44;6205&#44;6212&#44;6213&#44;6216&#44;6217&#44;6218&#44;6219&#44;6220&#44;6225&#44;6228&#44;6235&#44;6236&#44;6238&#44;6239&#44;6240&#44;6242&#44;6244&#44;6245&#44;6246&#44;6247&#44;6249&#44;6252&#44;6254&#44;6255&#44;6256&#44;6257&#44;6259&#44;6260&#44;6261&#44;6262&#44;6265&#44;6267&#44;6269&#44;6270&#44;6275&#44;6302&#44;6304&#44;6305&#44;6307&#44;6308&#44;6309&#44;6310&#44;6311&#44;6312&#44;6313&#44;6314&#44;6315&#44;6317&#44;6319&#44;6320&#44;6321&#44;6322&#44;6324&#44;6325&#44;6326&#44;6327&#44;6328&#44;6329&#44;6330&#44;6331&#44;6332&#44;6334&#44;6335&#44;6336&#44;6338&#44;6339&#44;6341&#44;6342&#44;6343&#44;6344&#44;6345&#44;6347&#44;6348&#44;6349&#44;6350&#44;6351&#44;6352&#44;6353&#44;6354&#44;6355&#44;6356&#44;6357&#44;6358&#44;6359&#44;6360&#44;6361&#44;6363&#44;6364&#44;6365&#44;6366&#44;6367&#44;6368&#44;6369&#44;6371&#44;6372&#44;6373&#44;6375&#44;6376&#44;6377&#44;6378&#44;6379&#44;6380&#44;6381&#44;6382&#44;6383&#44;6384&#44;6385&#44;6386&#44;6387&#44;6388&#44;6401&#44;6402&#44;6403&#44;6404&#44;6405&#44;6406&#44;6407&#44;6408&#44;6409&#44;6410&#44;6412&#44;6413&#44;6414&#44;6415&#44;6417&#44;6418&#44;6419&#44;6420&#44;6421&#44;6422&#44;6423&#44;6424&#44;6425&#44;6426&#44;6427&#44;6428&#44;6429&#44;6430&#44;6431&#44;6432&#44;6433&#44;6434&#44;6435&#44;6436&#44;6437&#44;6439&#44;6440&#44;6441&#44;6443&#44;6444&#44;6445&#44;6448&#44;6449&#44;6450&#44;6452&#44;6453&#44;6454&#44;6455&#44;6456&#44;6457&#44;6458&#44;6460&#44;6461&#44;6462&#44;6463&#44;6464&#44;6471&#44;6472&#44;6474&#44;6479&#44;6482&#44;6485&#44;6487&#44;6489&#44;6501&#44;6502&#44;6503&#44;6505&#44;6506&#44;6507&#44;6509&#44;6510&#44;6512&#44;6514&#44;6517&#44;6518&#44;6520&#44;6521&#44;6524&#44;6527&#44;6528&#44;6533&#44;6535&#44;6536&#44;6539&#44;6540&#44;6543&#44;6547&#44;6549&#44;6556&#44;6562&#44;6565&#44;6568&#44;6569&#44;6570&#44;6571&#44;6572&#44;6573&#44;6575&#44;6581&#44;6582&#44;6604&#44;6605&#44;6606&#44;6608&#44;6609&#44;6610&#44;6612&#44;6613&#44;6614&#44;6615&#44;6616&#44;6617&#44;6619&#44;6620&#44;6621&#44;6622&#44;6624&#44;6626&#44;6628&#44;6630&#44;6631&#44;6632&#44;6633&#44;6634&#44;6635&#44;6636&#44;6637&#44;6643&#44;6644&#44;6646&#44;6650&#44;6651&#44;6652&#44;6653&#44;6655&#44;6657&#44;6658&#44;6659&#44;6660&#44;6661&#44;6662&#44;6663&#44;6664&#44;6666&#44;6667&#44;6670&#44;6671&#44;6672&#44;6673&#44;6674&#44;6675&#44;6676&#44;6678&#44;6679&#44;6680&#44;6682&#44;6683&#44;6684&#44;6685&#44;6686&#44;6689&#44;6690&#44;6692&#44;6779&#44;6781&#44;6867&#44;6976&#44;6979&#44;7189&#44;7658&#44;7676&#44;8102&#44;8104&#44;8106&#44;8107&#44;8111&#44;8112&#44;8114&#44;8115&#44;8116&#44;8117&#44;8119&#44;8120&#44;8123&#44;8125&#44;8126&#44;8128&#44;8129&#44;8130&#44;8132&#44;8133&#44;8134&#44;8135&#44;8136&#44;8138&#44;8139&#44;8141&#44;8142&#44;8144&#44;8145&#44;8146&#44;8147&#44;8149&#44;8150&#44;8151&#44;8152&#44;8153&#44;8156&#44;8157&#44;8158&#44;8160&#44;8161&#44;8162&#44;8163&#44;8164&#44;8165&#44;8166&#44;8167&#44;8168&#44;8169&#44;8172&#44;8173&#44;8174&#44;8175&#44;8176&#44;8177&#44;8180&#44;8181&#44;8182&#44;8183&#44;8184&#44;8185&#44;8186&#44;8188&#44;8189&#44;8190&#44;8191&#44;8192&#44;8193&#44;8194&#44;8196&#44;8197&#44;8201&#44;8202&#44;8203&#44;8205&#44;8207&#44;8208&#44;8209&#44;8210&#44;8211&#44;8213&#44;8215&#44;8218&#44;8219&#44;8220&#44;8221&#44;8222&#44;8223&#44;8224&#44;8225&#44;8226&#44;8227&#44;8228&#44;8236&#44;8237&#44;8238&#44;8239&#44;8241&#44;8242&#44;8243&#44;8244&#44;8245&#44;8246&#44;8247&#44;8248&#44;8250&#44;8251&#44;8252&#44;8253&#44;8254&#44;8256&#44;8257&#44;8259&#44;8261&#44;8262&#44;8263&#44;8264&#44;8265&#44;8266&#44;8267&#44;8268&#44;8269&#44;8270&#44;8271&#44;8272&#44;8273&#44;8274&#44;8275&#44;8276&#44;8277&#44;8278&#44;8279&#44;8280&#44;8281&#44;8282&#44;8283&#44;8284&#44;8285&#44;8286&#44;8287&#44;8288&#44;8289&#44;8290&#44;8291&#44;8292&#44;8293&#44;8294&#44;8295&#44;8296&#44;8297&#44;8298&#44;8299&#44;""",12/8/20,11/30/20,Y
layouts,Café Grab and Go,79-3,,2020,12/7/20,1-NewFolderStructure/C079_Cafe_Grab_n_Go/C79_Cafe_Grab_and_Go_Effective_12072020/,_C79_Cafe_Grab_and_Go_Effective_12072020.pdf,"""4109&#44;4702&#44;4703&#44;4704&#44;4707&#44;4709&#44;4710&#44;4711&#44;4712&#44;4713&#44;4718&#44;4720&#44;4721&#44;4722&#44;4724&#44;4728&#44;4729&#44;4730&#44;4731&#44;4732&#44;4735&#44;4736&#44;4738&#44;4739&#44;4740&#44;4741&#44;4742&#44;4743&#44;4745&#44;4749&#44;4750&#44;4755&#44;4761&#44;4763&#44;4764&#44;4767&#44;4768&#44;4769&#44;4770&#44;4771&#44;4772&#44;4774&#44;4775&#44;4776&#44;4777&#44;4778&#44;4780&#44;4781&#44;4782&#44;4783&#44;4784&#44;4785&#44;4786&#44;4787&#44;4789&#44;4790&#44;4791&#44;4794&#44;4795&#44;4797&#44;4798&#44;4799&#44;4801&#44;4802&#44;4804&#44;4805&#44;4808&#44;4815&#44;4816&#44;4817&#44;4818&#44;4819&#44;4820&#44;4822&#44;4824&#44;4825&#44;4828&#44;4829&#44;4830&#44;4831&#44;4836&#44;4837&#44;4839&#44;4840&#44;4843&#44;4846&#44;4847&#44;4850&#44;4851&#44;4852&#44;4853&#44;4855&#44;4857&#44;4859&#44;4860&#44;4861&#44;4870&#44;4871&#44;4872&#44;4873&#44;4874&#44;4875&#44;4876&#44;4878&#44;4879&#44;4901&#44;4905&#44;4906&#44;4908&#44;4911&#44;4914&#44;4915&#44;4917&#44;4920&#44;4925&#44;4926&#44;4930&#44;4933&#44;4936&#44;4938&#44;4939&#44;4942&#44;4944&#44;4946&#44;4947&#44;4948&#44;4950&#44;4952&#44;4955&#44;4958&#44;4961&#44;4962&#44;4963&#44;4992&#44;4994&#44;4996&#44;4998&#44;4999&#44;6181&#44;6188&#44;6189&#44;6201&#44;6202&#44;6203&#44;6204&#44;6205&#44;6212&#44;6213&#44;6216&#44;6217&#44;6218&#44;6219&#44;6220&#44;6228&#44;6235&#44;6236&#44;6238&#44;6240&#44;6242&#44;6244&#44;6245&#44;6246&#44;6247&#44;6249&#44;6251&#44;6252&#44;6254&#44;6255&#44;6256&#44;6257&#44;6259&#44;6260&#44;6261&#44;6262&#44;6265&#44;6267&#44;6269&#44;6275&#44;6302&#44;6304&#44;6305&#44;6307&#44;6308&#44;6309&#44;6310&#44;6311&#44;6312&#44;6313&#44;6314&#44;6315&#44;6317&#44;6319&#44;6320&#44;6321&#44;6322&#44;6324&#44;6325&#44;6326&#44;6327&#44;6328&#44;6329&#44;6330&#44;6331&#44;6332&#44;6333&#44;6334&#44;6335&#44;6336&#44;6338&#44;6339&#44;6341&#44;6342&#44;6343&#44;6344&#44;6345&#44;6347&#44;6348&#44;6349&#44;6350&#44;6351&#44;6352&#44;6353&#44;6354&#44;6355&#44;6356&#44;6357&#44;6358&#44;6359&#44;6360&#44;6361&#44;6363&#44;6364&#44;6365&#44;6366&#44;6367&#44;6368&#44;6369&#44;6371&#44;6372&#44;6373&#44;6375&#44;6376&#44;6377&#44;6379&#44;6380&#44;6381&#44;6382&#44;6383&#44;6384&#44;6385&#44;6386&#44;6387&#44;6388&#44;6401&#44;6402&#44;6403&#44;6405&#44;6406&#44;6407&#44;6408&#44;6409&#44;6410&#44;6412&#44;6413&#44;6414&#44;6415&#44;6417&#44;6418&#44;6419&#44;6420&#44;6421&#44;6422&#44;6423&#44;6424&#44;6425&#44;6426&#44;6427&#44;6428&#44;6429&#44;6430&#44;6431&#44;6432&#44;6433&#44;6434&#44;6435&#44;6436&#44;6437&#44;6439&#44;6440&#44;6441&#44;6443&#44;6444&#44;6445&#44;6448&#44;6450&#44;6452&#44;6453&#44;6454&#44;6456&#44;6457&#44;6458&#44;6460&#44;6461&#44;6462&#44;6463&#44;6464&#44;6471&#44;6472&#44;6474&#44;6482&#44;6485&#44;6487&#44;6489&#44;6501&#44;6502&#44;6503&#44;6505&#44;6506&#44;6507&#44;6509&#44;6512&#44;6514&#44;6517&#44;6518&#44;6520&#44;6521&#44;6524&#44;6527&#44;6528&#44;6533&#44;6535&#44;6536&#44;6539&#44;6540&#44;6547&#44;6549&#44;6556&#44;6562&#44;6565&#44;6567&#44;6568&#44;6569&#44;6570&#44;6571&#44;6572&#44;6573&#44;6575&#44;6581&#44;6582&#44;6604&#44;6605&#44;6606&#44;6608&#44;6609&#44;6610&#44;6612&#44;6613&#44;6614&#44;6615&#44;6616&#44;6617&#44;6620&#44;6621&#44;6622&#44;6624&#44;6626&#44;6628&#44;6630&#44;6631&#44;6632&#44;6633&#44;6634&#44;6635&#44;6636&#44;6637&#44;6643&#44;6644&#44;6646&#44;6650&#44;6651&#44;6652&#44;6653&#44;6655&#44;6657&#44;6658&#44;6659&#44;6660&#44;6661&#44;6662&#44;6663&#44;6664&#44;6666&#44;6667&#44;6670&#44;6671&#44;6672&#44;6673&#44;6674&#44;6675&#44;6676&#44;6677&#44;6678&#44;6679&#44;6682&#44;6683&#44;6684&#44;6685&#44;6686&#44;6692&#44;6779&#44;6781&#44;6867&#44;6976&#44;6979&#44;7189&#44;7658&#44;7676&#44;8102&#44;8104&#44;8106&#44;8107&#44;8111&#44;8112&#44;8114&#44;8115&#44;8116&#44;8117&#44;8119&#44;8120&#44;8123&#44;8125&#44;8126&#44;8128&#44;8129&#44;8130&#44;8132&#44;8133&#44;8134&#44;8135&#44;8136&#44;8138&#44;8139&#44;8141&#44;8142&#44;8144&#44;8145&#44;8146&#44;8147&#44;8149&#44;8150&#44;8151&#44;8152&#44;8153&#44;8155&#44;8156&#44;8157&#44;8158&#44;8160&#44;8161&#44;8162&#44;8163&#44;8164&#44;8165&#44;8166&#44;8167&#44;8168&#44;8169&#44;8172&#44;8173&#44;8174&#44;8175&#44;8176&#44;8177&#44;8180&#44;8181&#44;8182&#44;8183&#44;8184&#44;8185&#44;8186&#44;8188&#44;8189&#44;8190&#44;8191&#44;8192&#44;8193&#44;8194&#44;8196&#44;8197&#44;8201&#44;8202&#44;8203&#44;8205&#44;8207&#44;8208&#44;8209&#44;8210&#44;8211&#44;8213&#44;8215&#44;8218&#44;8219&#44;8220&#44;8221&#44;8222&#44;8223&#44;8224&#44;8225&#44;8226&#44;8227&#44;8228&#44;8236&#44;8237&#44;8238&#44;8239&#44;8241&#44;8242&#44;8243&#44;8244&#44;8245&#44;8246&#44;8247&#44;8248&#44;8250&#44;8251&#44;8252&#44;8253&#44;8254&#44;8256&#44;8257&#44;8259&#44;8261&#44;8262&#44;8263&#44;8264&#44;8265&#44;8266&#44;8267&#44;8268&#44;8269&#44;8270&#44;8271&#44;8272&#44;8273&#44;8274&#44;8275&#44;8276&#44;8277&#44;8278&#44;8279&#44;8280&#44;8281&#44;8282&#44;8283&#44;8284&#44;8285&#44;8286&#44;8287&#44;8288&#44;8289&#44;8290&#44;8291&#44;8292&#44;8293&#44;8294&#44;8295&#44;8296&#44;8297&#44;8298&#44;8299&#44;4109&#44;4702&#44;4703&#44;4704&#44;4707&#44;4709&#44;4710&#44;4711&#44;4712&#44;4713&#44;4718&#44;4720&#44;4721&#44;4722&#44;4724&#44;4728&#44;4729&#44;4730&#44;4731&#44;4732&#44;4735&#44;4736&#44;4738&#44;4739&#44;4740&#44;4741&#44;4742&#44;4743&#44;4745&#44;4749&#44;4750&#44;4755&#44;4761&#44;4763&#44;4764&#44;4767&#44;4768&#44;4769&#44;4770&#44;4771&#44;4772&#44;4774&#44;4775&#44;4776&#44;4777&#44;4778&#44;4780&#44;4781&#44;4782&#44;4783&#44;4784&#44;4785&#44;4786&#44;4787&#44;4789&#44;4790&#44;4791&#44;4794&#44;4795&#44;4797&#44;4798&#44;4799&#44;4801&#44;4802&#44;4804&#44;4805&#44;4808&#44;4815&#44;4816&#44;4817&#44;4818&#44;4819&#44;4820&#44;4822&#44;4824&#44;4825&#44;4828&#44;4829&#44;4830&#44;4831&#44;4836&#44;4837&#44;4839&#44;4840&#44;4843&#44;4846&#44;4847&#44;4850&#44;4851&#44;4852&#44;4853&#44;4855&#44;4857&#44;4859&#44;4860&#44;4861&#44;4870&#44;4871&#44;4872&#44;4873&#44;4874&#44;4875&#44;4876&#44;4878&#44;4879&#44;4901&#44;4905&#44;4906&#44;4908&#44;4911&#44;4914&#44;4915&#44;4917&#44;4920&#44;4925&#44;4926&#44;4930&#44;4933&#44;4936&#44;4938&#44;4939&#44;4942&#44;4944&#44;4946&#44;4947&#44;4948&#44;4950&#44;4952&#44;4955&#44;4958&#44;4961&#44;4962&#44;4963&#44;4992&#44;4994&#44;4996&#44;4998&#44;4999&#44;6181&#44;6188&#44;6189&#44;6201&#44;6202&#44;6203&#44;6204&#44;6205&#44;6212&#44;6213&#44;6216&#44;6217&#44;6218&#44;6219&#44;6220&#44;6228&#44;6235&#44;6236&#44;6238&#44;6239&#44;6240&#44;6242&#44;6244&#44;6245&#44;6246&#44;6247&#44;6249&#44;6251&#44;6252&#44;6254&#44;6255&#44;6256&#44;6257&#44;6259&#44;6260&#44;6261&#44;6262&#44;6265&#44;6267&#44;6269&#44;6275&#44;6302&#44;6304&#44;6305&#44;6307&#44;6308&#44;6309&#44;6310&#44;6311&#44;6312&#44;6313&#44;6314&#44;6315&#44;6317&#44;6319&#44;6320&#44;6321&#44;6322&#44;6324&#44;6325&#44;6326&#44;6327&#44;6328&#44;6329&#44;6330&#44;6331&#44;6332&#44;6333&#44;6334&#44;6335&#44;6336&#44;6338&#44;6339&#44;6341&#44;6342&#44;6343&#44;6344&#44;6345&#44;6347&#44;6348&#44;6349&#44;6350&#44;6351&#44;6352&#44;6353&#44;6354&#44;6355&#44;6356&#44;6357&#44;6358&#44;6359&#44;6360&#44;6361&#44;6363&#44;6364&#44;6365&#44;6366&#44;6367&#44;6368&#44;6369&#44;6371&#44;6372&#44;6373&#44;6375&#44;6376&#44;6377&#44;6379&#44;6380&#44;6381&#44;6382&#44;6383&#44;6384&#44;6385&#44;6386&#44;6387&#44;6388&#44;6401&#44;6402&#44;6403&#44;6405&#44;6406&#44;6407&#44;6408&#44;6409&#44;6410&#44;6412&#44;6413&#44;6414&#44;6415&#44;6417&#44;6418&#44;6419&#44;6420&#44;6421&#44;6422&#44;6423&#44;6424&#44;6425&#44;6426&#44;6427&#44;6428&#44;6429&#44;6430&#44;6431&#44;6432&#44;6433&#44;6434&#44;6435&#44;6436&#44;6437&#44;6439&#44;6440&#44;6441&#44;6443&#44;6444&#44;6445&#44;6448&#44;6450&#44;6452&#44;6453&#44;6454&#44;6456&#44;6457&#44;6458&#44;6460&#44;6461&#44;6462&#44;6463&#44;6464&#44;6471&#44;6472&#44;6474&#44;6482&#44;6485&#44;6487&#44;6489&#44;6501&#44;6502&#44;6503&#44;6505&#44;6506&#44;6507&#44;6509&#44;6510&#44;6512&#44;6514&#44;6517&#44;6518&#44;6520&#44;6521&#44;6524&#44;6527&#44;6528&#44;6533&#44;6535&#44;6536&#44;6539&#44;6540&#44;6547&#44;6549&#44;6556&#44;6562&#44;6565&#44;6567&#44;6568&#44;6569&#44;6570&#44;6571&#44;6572&#44;6573&#44;6575&#44;6581&#44;6582&#44;6604&#44;6605&#44;6606&#44;6608&#44;6609&#44;6610&#44;6612&#44;6613&#44;6614&#44;6615&#44;6616&#44;6617&#44;6619&#44;6620&#44;6621&#44;6622&#44;6624&#44;6626&#44;6628&#44;6630&#44;6631&#44;6632&#44;6633&#44;6634&#44;6635&#44;6636&#44;6637&#44;6643&#44;6644&#44;6646&#44;6650&#44;6651&#44;6652&#44;6653&#44;6655&#44;6657&#44;6658&#44;6659&#44;6660&#44;6661&#44;6662&#44;6663&#44;6664&#44;6666&#44;6667&#44;6670&#44;6671&#44;6672&#44;6673&#44;6674&#44;6675&#44;6676&#44;6677&#44;6678&#44;6679&#44;6682&#44;6683&#44;6684&#44;6685&#44;6686&#44;6692&#44;6693&#44;6779&#44;6781&#44;6867&#44;6976&#44;6979&#44;7189&#44;7658&#44;7676&#44;8102&#44;8104&#44;8106&#44;8107&#44;8111&#44;8112&#44;8114&#44;8115&#44;8116&#44;8117&#44;8119&#44;8120&#44;8123&#44;8125&#44;8126&#44;8128&#44;8129&#44;8130&#44;8132&#44;8133&#44;8134&#44;8135&#44;8136&#44;8138&#44;8139&#44;8141&#44;8142&#44;8144&#44;8145&#44;8146&#44;8147&#44;8149&#44;8150&#44;8151&#44;8152&#44;8153&#44;8155&#44;8156&#44;8157&#44;8158&#44;8160&#44;8161&#44;8162&#44;8163&#44;8164&#44;8165&#44;8166&#44;8167&#44;8168&#44;8169&#44;8172&#44;8173&#44;8174&#44;8175&#44;8176&#44;8177&#44;8180&#44;8181&#44;8182&#44;8183&#44;8184&#44;8185&#44;8186&#44;8188&#44;8189&#44;8190&#44;8191&#44;8192&#44;8193&#44;8194&#44;8196&#44;8197&#44;8201&#44;8202&#44;8203&#44;8205&#44;8207&#44;8208&#44;8209&#44;8210&#44;8211&#44;8213&#44;8215&#44;8218&#44;8219&#44;8220&#44;8221&#44;8222&#44;8223&#44;8224&#44;8225&#44;8226&#44;8227&#44;8228&#44;8236&#44;8237&#44;8238&#44;8239&#44;8241&#44;8242&#44;8243&#44;8244&#44;8245&#44;8246&#44;8247&#44;8248&#44;8250&#44;8251&#44;8252&#44;8253&#44;8254&#44;8256&#44;8257&#44;8259&#44;8261&#44;8262&#44;8263&#44;8264&#44;8265&#44;8266&#44;8267&#44;8268&#44;8269&#44;8270&#44;8271&#44;8272&#44;8273&#44;8274&#44;8275&#44;8276&#44;8277&#44;8278&#44;8279&#44;8280&#44;8281&#44;8282&#44;8283&#44;8284&#44;8285&#44;8286&#44;8287&#44;8288&#44;8289&#44;8290&#44;8291&#44;8292&#44;8293&#44;8294&#44;8295&#44;8296&#44;8297&#44;8298&#44;8299&#44;""",12/8/20,11/30/20,Y
layouts,Bakery Tables,"""37&#44;77""",,2020,12/7/20,1-NewFolderStructure/C037_C077_Bakery_Tables/C37_77_Bakery_Tables_Effective_12072020_Updated_12102020/,_C37_77_Bakery_Tables_Effective_12072020_Updated_12102020.pdf,"""4703&#44;4704&#44;4709&#44;4718&#44;4730&#44;4732&#44;4741&#44;4745&#44;4755&#44;4767&#44;4768&#44;4770&#44;4777&#44;4784&#44;4786&#44;4799&#44;4805&#44;4816&#44;4819&#44;4822&#44;4824&#44;4829&#44;4830&#44;4851&#44;4853&#44;4875&#44;4876&#44;4878&#44;4915&#44;4938&#44;4955&#44;4962&#44;4974&#44;4987&#44;4992&#44;6205&#44;6213&#44;6219&#44;6240&#44;6261&#44;6304&#44;6313&#44;6325&#44;6345&#44;6347&#44;6360&#44;6379&#44;6405&#44;6408&#44;6410&#44;6425&#44;6430&#44;6437&#44;6501&#44;6502&#44;6549&#44;6565&#44;6606&#44;6608&#44;6609&#44;6615&#44;6616&#44;6617&#44;6619&#44;6620&#44;6621&#44;6626&#44;6628&#44;6630&#44;6631&#44;6632&#44;6633&#44;6634&#44;6635&#44;6659&#44;6664&#44;6667&#44;6672&#44;6682&#44;6683&#44;6684&#44;6685&#44;6686&#44;8123&#44;8125&#44;8135&#44;8147&#44;8153&#44;8163&#44;8169&#44;8174&#44;8177&#44;8197&#44;8205&#44;8251&#44;8257&#44;8272&#44;8276&#44;8280&#44;8285&#44;8294&#44;""",12/21/20,12/10/20,Y
layouts,Café Grab and Go,79-3,,2020,12/7/20,1-NewFolderStructure/C079_Cafe_Grab_n_Go/C79_Cafe_Grab_and_Go_Effective_12072020_Update_12102020/,_C79_Cafe_Grab_and_Go_Effective_12072020_Update_12102020.pdf,"""6239&#44;""",12/14/20,12/10/20,Y
layouts,Cake Case,"""37-3&#44;77-3""",,2020,12/7/20,1-NewFolderStructure/C037_C077_Cake_Case/C77_C37_Cake_Effective_12072020_Updated_12112020/,_C77_C37_Effective_12072020_Updated_12112020.pdf,"""4109&#44;4702&#44;4703&#44;4704&#44;4707&#44;4709&#44;4710&#44;4711&#44;4712&#44;4713&#44;4718&#44;4720&#44;4721&#44;4722&#44;4724&#44;4728&#44;4729&#44;4730&#44;4731&#44;4732&#44;4735&#44;4736&#44;4738&#44;4739&#44;4740&#44;4741&#44;4742&#44;4743&#44;4745&#44;4749&#44;4750&#44;4755&#44;4761&#44;4763&#44;4764&#44;4767&#44;4768&#44;4769&#44;4770&#44;4771&#44;4772&#44;4774&#44;4775&#44;4776&#44;4777&#44;4778&#44;4780&#44;4781&#44;4782&#44;4783&#44;4784&#44;4785&#44;4786&#44;4787&#44;4789&#44;4790&#44;4791&#44;4794&#44;4795&#44;4797&#44;4798&#44;4799&#44;4801&#44;4802&#44;4804&#44;4805&#44;4808&#44;4815&#44;4816&#44;4817&#44;4818&#44;4819&#44;4820&#44;4822&#44;4824&#44;4825&#44;4828&#44;4829&#44;4830&#44;4831&#44;4836&#44;4837&#44;4839&#44;4840&#44;4843&#44;4846&#44;4847&#44;4850&#44;4851&#44;4852&#44;4853&#44;4855&#44;4857&#44;4859&#44;4860&#44;4861&#44;4866&#44;4870&#44;4872&#44;4873&#44;4874&#44;4875&#44;4876&#44;4878&#44;4879&#44;4901&#44;4905&#44;4906&#44;4911&#44;4914&#44;4915&#44;4917&#44;4920&#44;4925&#44;4926&#44;4933&#44;4936&#44;4938&#44;4939&#44;4942&#44;4944&#44;4946&#44;4947&#44;4948&#44;4950&#44;4952&#44;4955&#44;4958&#44;4961&#44;4962&#44;4963&#44;4969&#44;4972&#44;4973&#44;4974&#44;4982&#44;4983&#44;4985&#44;4987&#44;4989&#44;4990&#44;4991&#44;4992&#44;4994&#44;4996&#44;4998&#44;4999&#44;6181&#44;6188&#44;6189&#44;6201&#44;6202&#44;6203&#44;6204&#44;6205&#44;6212&#44;6213&#44;6216&#44;6217&#44;6218&#44;6219&#44;6220&#44;6225&#44;6228&#44;6235&#44;6236&#44;6238&#44;6239&#44;6240&#44;6242&#44;6244&#44;6245&#44;6246&#44;6247&#44;6249&#44;6251&#44;6252&#44;6254&#44;6255&#44;6256&#44;6257&#44;6259&#44;6260&#44;6261&#44;6262&#44;6265&#44;6267&#44;6269&#44;6270&#44;6275&#44;6302&#44;6304&#44;6305&#44;6307&#44;6308&#44;6309&#44;6310&#44;6311&#44;6312&#44;6313&#44;6314&#44;6315&#44;6317&#44;6319&#44;6320&#44;6321&#44;6322&#44;6324&#44;6325&#44;6326&#44;6327&#44;6328&#44;6329&#44;6330&#44;6331&#44;6332&#44;6333&#44;6334&#44;6335&#44;6336&#44;6338&#44;6339&#44;6341&#44;6342&#44;6343&#44;6344&#44;6345&#44;6347&#44;6348&#44;6349&#44;6350&#44;6351&#44;6352&#44;6353&#44;6354&#44;6355&#44;6356&#44;6357&#44;6358&#44;6359&#44;6360&#44;6361&#44;6363&#44;6364&#44;6365&#44;6366&#44;6367&#44;6368&#44;6369&#44;6371&#44;6372&#44;6373&#44;6375&#44;6376&#44;6378&#44;6379&#44;6380&#44;6381&#44;6382&#44;6383&#44;6384&#44;6386&#44;6387&#44;6388&#44;6401&#44;6402&#44;6403&#44;6404&#44;6405&#44;6406&#44;6407&#44;6408&#44;6409&#44;6410&#44;6412&#44;6413&#44;6414&#44;6415&#44;6418&#44;6419&#44;6420&#44;6421&#44;6422&#44;6423&#44;6425&#44;6426&#44;6427&#44;6428&#44;6429&#44;6431&#44;6433&#44;6434&#44;6435&#44;6436&#44;6437&#44;6439&#44;6440&#44;6441&#44;6443&#44;6444&#44;6445&#44;6448&#44;6449&#44;6450&#44;6452&#44;6453&#44;6454&#44;6455&#44;6456&#44;6457&#44;6458&#44;6460&#44;6462&#44;6463&#44;6464&#44;6472&#44;6474&#44;6479&#44;6482&#44;6485&#44;6487&#44;6489&#44;6501&#44;6502&#44;6503&#44;6505&#44;6506&#44;6507&#44;6509&#44;6512&#44;6517&#44;6518&#44;6520&#44;6521&#44;6524&#44;6527&#44;6528&#44;6535&#44;6536&#44;6539&#44;6540&#44;6543&#44;6547&#44;6549&#44;6562&#44;6565&#44;6569&#44;6570&#44;6571&#44;6572&#44;6573&#44;6575&#44;6581&#44;6582&#44;6604&#44;6605&#44;6606&#44;6608&#44;6609&#44;6610&#44;6612&#44;6613&#44;6614&#44;6615&#44;6616&#44;6617&#44;6619&#44;6620&#44;6621&#44;6622&#44;6624&#44;6626&#44;6628&#44;6630&#44;6631&#44;6632&#44;6633&#44;6634&#44;6635&#44;6636&#44;6637&#44;6643&#44;6644&#44;6646&#44;6650&#44;6651&#44;6652&#44;6653&#44;6655&#44;6657&#44;6658&#44;6659&#44;6660&#44;6661&#44;6662&#44;6663&#44;6664&#44;6666&#44;6667&#44;6670&#44;6671&#44;6672&#44;6673&#44;6674&#44;6675&#44;6676&#44;6677&#44;6678&#44;6679&#44;6680&#44;6682&#44;6683&#44;6684&#44;6685&#44;6686&#44;6689&#44;6690&#44;6692&#44;6693&#44;6779&#44;6781&#44;6867&#44;6976&#44;6979&#44;7189&#44;7658&#44;7676&#44;8102&#44;8104&#44;8106&#44;8107&#44;8111&#44;8112&#44;8114&#44;8115&#44;8116&#44;8117&#44;8119&#44;8120&#44;8123&#44;8125&#44;8126&#44;8128&#44;8129&#44;8130&#44;8132&#44;8133&#44;8134&#44;8135&#44;8136&#44;8138&#44;8139&#44;8141&#44;8142&#44;8144&#44;8145&#44;8146&#44;8147&#44;8149&#44;8150&#44;8151&#44;8152&#44;8153&#44;8155&#44;8156&#44;8157&#44;8158&#44;8160&#44;8161&#44;8162&#44;8163&#44;8164&#44;8165&#44;8166&#44;8167&#44;8168&#44;8169&#44;8172&#44;8173&#44;8174&#44;8175&#44;8176&#44;8177&#44;8181&#44;8182&#44;8183&#44;8184&#44;8185&#44;8186&#44;8188&#44;8190&#44;8191&#44;8192&#44;8193&#44;8194&#44;8196&#44;8197&#44;8201&#44;8202&#44;8203&#44;8205&#44;8207&#44;8208&#44;8209&#44;8210&#44;8211&#44;8213&#44;8215&#44;8218&#44;8219&#44;8220&#44;8221&#44;8222&#44;8223&#44;8224&#44;8225&#44;8226&#44;8227&#44;8228&#44;8236&#44;8237&#44;8238&#44;8239&#44;8241&#44;8242&#44;8243&#44;8244&#44;8245&#44;8246&#44;8247&#44;8248&#44;8250&#44;8251&#44;8252&#44;8253&#44;8254&#44;8256&#44;8257&#44;8259&#44;8261&#44;8262&#44;8263&#44;8264&#44;8265&#44;8266&#44;8267&#44;8268&#44;8269&#44;8270&#44;8271&#44;8272&#44;8273&#44;8274&#44;8275&#44;8276&#44;8277&#44;8278&#44;8279&#44;8280&#44;8281&#44;8282&#44;8283&#44;8284&#44;8285&#44;8286&#44;8287&#44;8288&#44;8289&#44;8290&#44;8291&#44;8292&#44;8293&#44;8294&#44;8295&#44;8296&#44;8297&#44;8298&#44;8299&#44;""",12/21/20,12/11/20,Y
layouts,HMS,79-2,,2020,12/7/20,1-NewFolderStructure/C079_HMS/C79_HMS_Effective_12072020_Update_12112020/,_C79_HMS_Effective_12072020_Update_12112020.pdf,"""4729&#44;4774&#44;4936&#44;4952&#44;4994&#44;6251&#44;6333&#44;6567&#44;6677&#44;8155&#44;""",12/14/20,12/11/20,Y
layouts,Café Grab and Go,79-3,,2020,12/7/20,1-NewFolderStructure/C079_Cafe_Grab_n_Go/C79_Cafe_Grab_and_Go_Effective_12072020_Update_12182020/,_C79_Cafe_Grab_and_Go_Effective_12072020_Update_12182020.pdf,"""6510&#44;6619&#44;6693&#44;""",12/21/20,12/18/20,Y
layouts,Pop Up Shops,63,,2021,12/26/20,https://sams-csp.cld.samsclub.com/clubs/,/planograms/63,"""4703&#44;4930&#44;6240&#44;6252&#44;6310&#44;6487&#44;6524&#44;8181&#44;8190&#44;8191&#44;8201&#44;8203&#44;8228&#44;8239&#44;8245&#44;8252&#44;8276&#44;8293&#44;4702&#44;4704&#44;4707&#44;4709&#44;4710&#44;4711&#44;4712&#44;4713&#44;4718&#44;4720&#44;4721&#44;4722&#44;4724&#44;4728&#44;4729&#44;4730&#44;4731&#44;4732&#44;4735&#44;4736&#44;4738&#44;4739&#44;4740&#44;4741&#44;4742&#44;4743&#44;4745&#44;4749&#44;4750&#44;4755&#44;4761&#44;4763&#44;4764&#44;4767&#44;4768&#44;4769&#44;4770&#44;4771&#44;4772&#44;4774&#44;4775&#44;4776&#44;4777&#44;4778&#44;4780&#44;4781&#44;4782&#44;4783&#44;4784&#44;4785&#44;4786&#44;4787&#44;4789&#44;4790&#44;4791&#44;4794&#44;4797&#44;4798&#44;4799&#44;4801&#44;4802&#44;4804&#44;4805&#44;4808&#44;4815&#44;4816&#44;4817&#44;4818&#44;4819&#44;4820&#44;4822&#44;4824&#44;4825&#44;4828&#44;4829&#44;4830&#44;4831&#44;4836&#44;4837&#44;4840&#44;4843&#44;4846&#44;4850&#44;4851&#44;4852&#44;4853&#44;4855&#44;4857&#44;4859&#44;4860&#44;4861&#44;4871&#44;4872&#44;4873&#44;4874&#44;4875&#44;4876&#44;4878&#44;4879&#44;4901&#44;4905&#44;4906&#44;4908&#44;4914&#44;4915&#44;4917&#44;4920&#44;4926&#44;4933&#44;4936&#44;4938&#44;4939&#44;4942&#44;4944&#44;4946&#44;4947&#44;4948&#44;4950&#44;4952&#44;4955&#44;4958&#44;4961&#44;4962&#44;4963&#44;4969&#44;4972&#44;4973&#44;4974&#44;4982&#44;4983&#44;4985&#44;4987&#44;4989&#44;4990&#44;4991&#44;4992&#44;4994&#44;4996&#44;4998&#44;4999&#44;6181&#44;6189&#44;6201&#44;6202&#44;6203&#44;6204&#44;6205&#44;6212&#44;6213&#44;6216&#44;6217&#44;6218&#44;6219&#44;6220&#44;6228&#44;6235&#44;6236&#44;6239&#44;6242&#44;6244&#44;6245&#44;6246&#44;6247&#44;6249&#44;6251&#44;6254&#44;6255&#44;6256&#44;6257&#44;6259&#44;6260&#44;6261&#44;6262&#44;6267&#44;6269&#44;6302&#44;6304&#44;6305&#44;6307&#44;6308&#44;6309&#44;6311&#44;6312&#44;6313&#44;6314&#44;6315&#44;6319&#44;6320&#44;6321&#44;6324&#44;6325&#44;6326&#44;6328&#44;6329&#44;6330&#44;6331&#44;6332&#44;6333&#44;6334&#44;6335&#44;6336&#44;6338&#44;6339&#44;6341&#44;6342&#44;6343&#44;6344&#44;6345&#44;6347&#44;6348&#44;6349&#44;6350&#44;6351&#44;6352&#44;6353&#44;6354&#44;6355&#44;6356&#44;6357&#44;6358&#44;6359&#44;6361&#44;6363&#44;6364&#44;6365&#44;6366&#44;6367&#44;6368&#44;6369&#44;6371&#44;6372&#44;6373&#44;6375&#44;6376&#44;6377&#44;6378&#44;6379&#44;6380&#44;6381&#44;6382&#44;6383&#44;6384&#44;6385&#44;6386&#44;6387&#44;6388&#44;6401&#44;6402&#44;6403&#44;6404&#44;6405&#44;6406&#44;6407&#44;6408&#44;6409&#44;6410&#44;6412&#44;6413&#44;6414&#44;6415&#44;6417&#44;6418&#44;6419&#44;6420&#44;6421&#44;6422&#44;6423&#44;6424&#44;6425&#44;6426&#44;6427&#44;6428&#44;6429&#44;6430&#44;6431&#44;6432&#44;6433&#44;6434&#44;6435&#44;6436&#44;6437&#44;6439&#44;6440&#44;6441&#44;6443&#44;6445&#44;6448&#44;6449&#44;6450&#44;6452&#44;6453&#44;6454&#44;6455&#44;6456&#44;6457&#44;6458&#44;6460&#44;6461&#44;6462&#44;6463&#44;6464&#44;6471&#44;6472&#44;6474&#44;6479&#44;6482&#44;6485&#44;6489&#44;6501&#44;6502&#44;6503&#44;6505&#44;6506&#44;6507&#44;6509&#44;6510&#44;6512&#44;6514&#44;6517&#44;6518&#44;6520&#44;6521&#44;6527&#44;6528&#44;6533&#44;6535&#44;6536&#44;6539&#44;6540&#44;6547&#44;6549&#44;6556&#44;6562&#44;6565&#44;6567&#44;6568&#44;6569&#44;6570&#44;6571&#44;6572&#44;6573&#44;6581&#44;6582&#44;6604&#44;6605&#44;6606&#44;6608&#44;6609&#44;6610&#44;6612&#44;6613&#44;6614&#44;6615&#44;6616&#44;6617&#44;6619&#44;6620&#44;6621&#44;6622&#44;6624&#44;6626&#44;6628&#44;6630&#44;6631&#44;6632&#44;6633&#44;6636&#44;6637&#44;6643&#44;6644&#44;6646&#44;6650&#44;6651&#44;6652&#44;6653&#44;6655&#44;6657&#44;6658&#44;6659&#44;6660&#44;6661&#44;6662&#44;6663&#44;6664&#44;6666&#44;6667&#44;6670&#44;6671&#44;6672&#44;6673&#44;6674&#44;6675&#44;6676&#44;6677&#44;6678&#44;6679&#44;6682&#44;6683&#44;6684&#44;6685&#44;6686&#44;6692&#44;6693&#44;6779&#44;6781&#44;6867&#44;6976&#44;6979&#44;7189&#44;7658&#44;7676&#44;8102&#44;8104&#44;8106&#44;8107&#44;8111&#44;8112&#44;8114&#44;8115&#44;8116&#44;8117&#44;8119&#44;8120&#44;8123&#44;8125&#44;8126&#44;8128&#44;8129&#44;8130&#44;8132&#44;8133&#44;8134&#44;8135&#44;8136&#44;8138&#44;8139&#44;8141&#44;8142&#44;8144&#44;8145&#44;8147&#44;8149&#44;8150&#44;8151&#44;8152&#44;8153&#44;8155&#44;8156&#44;8157&#44;8158&#44;8160&#44;8161&#44;8162&#44;8163&#44;8164&#44;8165&#44;8166&#44;8167&#44;8168&#44;8169&#44;8172&#44;8173&#44;8174&#44;8175&#44;8176&#44;8177&#44;8180&#44;8182&#44;8183&#44;8184&#44;8185&#44;8186&#44;8188&#44;8189&#44;8192&#44;8193&#44;8194&#44;8196&#44;8197&#44;8202&#44;8205&#44;8207&#44;8208&#44;8209&#44;8210&#44;8211&#44;8213&#44;8215&#44;8218&#44;8219&#44;8220&#44;8221&#44;8222&#44;8223&#44;8224&#44;8225&#44;8227&#44;8236&#44;8237&#44;8238&#44;8241&#44;8242&#44;8243&#44;8244&#44;8246&#44;8247&#44;8248&#44;8250&#44;8251&#44;8253&#44;8254&#44;8256&#44;8257&#44;8259&#44;8261&#44;8262&#44;8263&#44;8264&#44;8265&#44;8266&#44;8267&#44;8268&#44;8269&#44;8270&#44;8271&#44;8272&#44;8273&#44;8274&#44;8275&#44;8277&#44;8278&#44;8279&#44;8280&#44;8281&#44;8282&#44;8283&#44;8284&#44;8285&#44;8286&#44;8287&#44;8288&#44;8289&#44;8290&#44;8291&#44;8292&#44;8294&#44;8295&#44;8296&#44;8297&#44;8298&#44;8299&#44;4795&#44;4839&#44;4847&#44;4870&#44;4911&#44;6188&#44;6238&#44;6265&#44;6275&#44;6317&#44;6322&#44;6327&#44;6360&#44;6444&#44;6575&#44;6634&#44;6635&#44;8146&#44;8226&#44;4109&#44;4866&#44;6225&#44;6270&#44;6543&#44;6680&#44;6689&#44;6690&#44;4925&#44;8187&#44;""",12/23/20,2/15/21,N
layouts,Meat and Seafood,"""72&#44;76&#44;93""",,2021,1/4/21,1-NewFolderStructure/C076_C072_C093_Fresh_Meat_Seafood/C72_C76_C93_Effective_01042021_Planogram_Updated_01042021/,_C72_C76_C93_Effective_01042021_Planogram_Updated_01042021.pdf,"""4109&#44;4702&#44;4703&#44;4704&#44;4707&#44;4709&#44;4710&#44;4711&#44;4712&#44;4713&#44;4718&#44;4720&#44;4721&#44;4722&#44;4724&#44;4728&#44;4729&#44;4730&#44;4731&#44;4732&#44;4735&#44;4736&#44;4738&#44;4739&#44;4740&#44;4741&#44;4742&#44;4743&#44;4749&#44;4750&#44;4755&#44;4761&#44;4763&#44;4764&#44;4767&#44;4768&#44;4769&#44;4770&#44;4771&#44;4772&#44;4774&#44;4775&#44;4776&#44;4777&#44;4778&#44;4780&#44;4781&#44;4782&#44;4783&#44;4784&#44;4785&#44;4786&#44;4787&#44;4789&#44;4790&#44;4791&#44;4794&#44;4797&#44;4798&#44;4799&#44;4801&#44;4802&#44;4804&#44;4805&#44;4815&#44;4816&#44;4817&#44;4818&#44;4819&#44;4820&#44;4822&#44;4824&#44;4825&#44;4828&#44;4829&#44;4830&#44;4831&#44;4836&#44;4837&#44;4839&#44;4840&#44;4843&#44;4846&#44;4847&#44;4850&#44;4851&#44;4852&#44;4853&#44;4855&#44;4857&#44;4859&#44;4860&#44;4861&#44;4870&#44;4871&#44;4872&#44;4873&#44;4874&#44;4875&#44;4876&#44;4878&#44;4879&#44;4901&#44;4905&#44;4906&#44;4908&#44;4911&#44;4914&#44;4915&#44;4917&#44;4920&#44;4925&#44;4926&#44;4930&#44;4933&#44;4936&#44;4938&#44;4939&#44;4942&#44;4944&#44;4946&#44;4947&#44;4948&#44;4950&#44;4952&#44;4958&#44;4961&#44;4962&#44;4963&#44;4972&#44;4973&#44;4974&#44;4982&#44;4983&#44;4985&#44;4987&#44;4989&#44;4990&#44;4991&#44;4992&#44;4994&#44;4996&#44;4998&#44;4999&#44;6181&#44;6188&#44;6189&#44;6201&#44;6202&#44;6203&#44;6204&#44;6205&#44;6212&#44;6213&#44;6216&#44;6217&#44;6218&#44;6219&#44;6220&#44;6228&#44;6235&#44;6236&#44;6238&#44;6239&#44;6240&#44;6242&#44;6244&#44;6245&#44;6246&#44;6247&#44;6249&#44;6251&#44;6254&#44;6255&#44;6256&#44;6257&#44;6259&#44;6260&#44;6261&#44;6265&#44;6267&#44;6269&#44;6275&#44;6302&#44;6304&#44;6305&#44;6307&#44;6308&#44;6309&#44;6310&#44;6311&#44;6312&#44;6313&#44;6314&#44;6315&#44;6317&#44;6319&#44;6320&#44;6321&#44;6322&#44;6324&#44;6325&#44;6326&#44;6327&#44;6328&#44;6329&#44;6330&#44;6331&#44;6332&#44;6333&#44;6334&#44;6335&#44;6336&#44;6338&#44;6339&#44;6341&#44;6342&#44;6343&#44;6344&#44;6345&#44;6347&#44;6348&#44;6349&#44;6350&#44;6351&#44;6352&#44;6353&#44;6354&#44;6355&#44;6356&#44;6357&#44;6358&#44;6359&#44;6360&#44;6361&#44;6363&#44;6364&#44;6365&#44;6366&#44;6367&#44;6368&#44;6369&#44;6371&#44;6372&#44;6373&#44;6375&#44;6376&#44;6377&#44;6378&#44;6379&#44;6380&#44;6381&#44;6382&#44;6383&#44;6384&#44;6385&#44;6386&#44;6387&#44;6388&#44;6401&#44;6402&#44;6403&#44;6404&#44;6405&#44;6406&#44;6407&#44;6408&#44;6409&#44;6410&#44;6412&#44;6413&#44;6414&#44;6415&#44;6417&#44;6418&#44;6419&#44;6420&#44;6421&#44;6422&#44;6423&#44;6424&#44;6425&#44;6426&#44;6427&#44;6428&#44;6429&#44;6430&#44;6431&#44;6432&#44;6433&#44;6434&#44;6435&#44;6436&#44;6437&#44;6439&#44;6440&#44;6441&#44;6443&#44;6444&#44;6445&#44;6448&#44;6449&#44;6450&#44;6452&#44;6453&#44;6454&#44;6455&#44;6456&#44;6457&#44;6458&#44;6460&#44;6461&#44;6462&#44;6463&#44;6464&#44;6471&#44;6472&#44;6474&#44;6479&#44;6482&#44;6485&#44;6487&#44;6489&#44;6501&#44;6502&#44;6503&#44;6505&#44;6506&#44;6507&#44;6509&#44;6510&#44;6512&#44;6514&#44;6517&#44;6518&#44;6520&#44;6521&#44;6524&#44;6527&#44;6528&#44;6533&#44;6535&#44;6536&#44;6539&#44;6540&#44;6547&#44;6549&#44;6556&#44;6562&#44;6565&#44;6567&#44;6568&#44;6569&#44;6570&#44;6571&#44;6572&#44;6573&#44;6575&#44;6581&#44;6582&#44;6604&#44;6605&#44;6606&#44;6608&#44;6609&#44;6610&#44;6612&#44;6613&#44;6614&#44;6615&#44;6616&#44;6617&#44;6619&#44;6620&#44;6621&#44;6622&#44;6624&#44;6626&#44;6628&#44;6630&#44;6631&#44;6632&#44;6633&#44;6634&#44;6635&#44;6636&#44;6637&#44;6643&#44;6644&#44;6646&#44;6650&#44;6651&#44;6652&#44;6653&#44;6655&#44;6657&#44;6658&#44;6659&#44;6660&#44;6661&#44;6662&#44;6663&#44;6664&#44;6666&#44;6667&#44;6670&#44;6671&#44;6672&#44;6673&#44;6674&#44;6675&#44;6676&#44;6677&#44;6678&#44;6679&#44;6682&#44;6683&#44;6684&#44;6685&#44;6686&#44;6690&#44;6692&#44;6693&#44;6779&#44;6781&#44;6867&#44;6976&#44;6979&#44;7189&#44;7658&#44;7676&#44;8102&#44;8104&#44;8106&#44;8107&#44;8111&#44;8112&#44;8114&#44;8115&#44;8116&#44;8117&#44;8119&#44;8120&#44;8123&#44;8125&#44;8126&#44;8128&#44;8129&#44;8130&#44;8132&#44;8133&#44;8134&#44;8135&#44;8136&#44;8138&#44;8139&#44;8141&#44;8142&#44;8144&#44;8145&#44;8146&#44;8147&#44;8149&#44;8150&#44;8151&#44;8152&#44;8153&#44;8155&#44;8156&#44;8157&#44;8158&#44;8160&#44;8161&#44;8162&#44;8163&#44;8164&#44;8165&#44;8166&#44;8167&#44;8168&#44;8169&#44;8172&#44;8173&#44;8174&#44;8175&#44;8176&#44;8177&#44;8180&#44;8181&#44;8182&#44;8183&#44;8184&#44;8185&#44;8186&#44;8188&#44;8189&#44;8190&#44;8191&#44;8192&#44;8193&#44;8194&#44;8196&#44;8197&#44;8201&#44;8202&#44;8203&#44;8205&#44;8207&#44;8208&#44;8210&#44;8211&#44;8213&#44;8215&#44;8218&#44;8219&#44;8220&#44;8221&#44;8222&#44;8223&#44;8224&#44;8225&#44;8226&#44;8227&#44;8228&#44;8236&#44;8237&#44;8239&#44;8241&#44;8242&#44;8243&#44;8244&#44;8245&#44;8246&#44;8247&#44;8248&#44;8250&#44;8251&#44;8252&#44;8253&#44;8254&#44;8256&#44;8257&#44;8259&#44;8261&#44;8262&#44;8263&#44;8264&#44;8265&#44;8266&#44;8267&#44;8268&#44;8269&#44;8270&#44;8271&#44;8272&#44;8273&#44;8274&#44;8275&#44;8276&#44;8277&#44;8278&#44;8279&#44;8280&#44;8281&#44;8282&#44;8283&#44;8284&#44;8285&#44;8286&#44;8287&#44;8288&#44;8289&#44;8290&#44;8291&#44;8292&#44;8293&#44;8294&#44;8295&#44;8296&#44;8297&#44;8298&#44;8299&#44;""",1/4/20,1/4/20,Y
layouts,Bakery Tables,"""37&#44;77""",,2021,1/4/21,1-NewFolderStructure/C037_C077_Bakery_Tables/C37_77_Bakery_Tables_Effective_01042021_Updated_12182020/,_C37_77_Bakery_Tables_Effective_01042021_Updated_12182020.pdf,"""4109&#44;4702&#44;4703&#44;4704&#44;4707&#44;4709&#44;4710&#44;4711&#44;4712&#44;4713&#44;4718&#44;4720&#44;4721&#44;4722&#44;4724&#44;4728&#44;4729&#44;4730&#44;4731&#44;4732&#44;4735&#44;4736&#44;4738&#44;4739&#44;4740&#44;4741&#44;4742&#44;4743&#44;4745&#44;4749&#44;4750&#44;4755&#44;4761&#44;4763&#44;4764&#44;4767&#44;4768&#44;4769&#44;4770&#44;4771&#44;4772&#44;4774&#44;4775&#44;4776&#44;4777&#44;4778&#44;4780&#44;4781&#44;4782&#44;4783&#44;4784&#44;4785&#44;4786&#44;4787&#44;4789&#44;4790&#44;4791&#44;4794&#44;4795&#44;4797&#44;4798&#44;4799&#44;4801&#44;4802&#44;4804&#44;4805&#44;4808&#44;4815&#44;4816&#44;4817&#44;4818&#44;4819&#44;4820&#44;4822&#44;4824&#44;4825&#44;4828&#44;4829&#44;4830&#44;4831&#44;4836&#44;4837&#44;4839&#44;4840&#44;4843&#44;4846&#44;4847&#44;4850&#44;4851&#44;4852&#44;4853&#44;4855&#44;4857&#44;4859&#44;4860&#44;4861&#44;4866&#44;4870&#44;4872&#44;4873&#44;4874&#44;4875&#44;4876&#44;4878&#44;4879&#44;4901&#44;4905&#44;4906&#44;4911&#44;4914&#44;4915&#44;4917&#44;4920&#44;4925&#44;4926&#44;4933&#44;4936&#44;4938&#44;4939&#44;4942&#44;4944&#44;4946&#44;4947&#44;4948&#44;4950&#44;4952&#44;4955&#44;4958&#44;4961&#44;4962&#44;4963&#44;4969&#44;4972&#44;4973&#44;4974&#44;4982&#44;4983&#44;4985&#44;4987&#44;4989&#44;4990&#44;4991&#44;4992&#44;4994&#44;4996&#44;4998&#44;4999&#44;6181&#44;6188&#44;6189&#44;6201&#44;6202&#44;6203&#44;6204&#44;6205&#44;6212&#44;6213&#44;6216&#44;6217&#44;6218&#44;6219&#44;6220&#44;6225&#44;6228&#44;6235&#44;6236&#44;6238&#44;6239&#44;6240&#44;6242&#44;6244&#44;6245&#44;6246&#44;6247&#44;6249&#44;6251&#44;6252&#44;6254&#44;6255&#44;6256&#44;6257&#44;6259&#44;6260&#44;6261&#44;6262&#44;6265&#44;6267&#44;6269&#44;6270&#44;6275&#44;6302&#44;6304&#44;6305&#44;6307&#44;6308&#44;6309&#44;6310&#44;6311&#44;6312&#44;6313&#44;6314&#44;6315&#44;6317&#44;6319&#44;6320&#44;6321&#44;6322&#44;6324&#44;6325&#44;6326&#44;6327&#44;6328&#44;6329&#44;6330&#44;6331&#44;6332&#44;6333&#44;6334&#44;6335&#44;6336&#44;6338&#44;6339&#44;6341&#44;6342&#44;6343&#44;6344&#44;6345&#44;6347&#44;6348&#44;6349&#44;6350&#44;6351&#44;6352&#44;6353&#44;6354&#44;6355&#44;6356&#44;6357&#44;6358&#44;6359&#44;6360&#44;6361&#44;6363&#44;6364&#44;6365&#44;6366&#44;6367&#44;6368&#44;6369&#44;6371&#44;6372&#44;6373&#44;6375&#44;6376&#44;6378&#44;6379&#44;6380&#44;6381&#44;6382&#44;6383&#44;6384&#44;6385&#44;6386&#44;6387&#44;6388&#44;6401&#44;6402&#44;6403&#44;6404&#44;6405&#44;6406&#44;6407&#44;6408&#44;6409&#44;6410&#44;6412&#44;6413&#44;6414&#44;6415&#44;6418&#44;6419&#44;6420&#44;6421&#44;6422&#44;6423&#44;6425&#44;6426&#44;6427&#44;6428&#44;6429&#44;6430&#44;6431&#44;6433&#44;6434&#44;6435&#44;6436&#44;6437&#44;6439&#44;6440&#44;6441&#44;6443&#44;6444&#44;6445&#44;6448&#44;6449&#44;6450&#44;6452&#44;6453&#44;6454&#44;6455&#44;6456&#44;6457&#44;6458&#44;6460&#44;6462&#44;6463&#44;6464&#44;6472&#44;6474&#44;6479&#44;6482&#44;6485&#44;6487&#44;6489&#44;6501&#44;6502&#44;6503&#44;6505&#44;6506&#44;6507&#44;6509&#44;6512&#44;6517&#44;6518&#44;6520&#44;6521&#44;6524&#44;6527&#44;6528&#44;6535&#44;6536&#44;6539&#44;6540&#44;6543&#44;6547&#44;6549&#44;6562&#44;6565&#44;6569&#44;6570&#44;6571&#44;6572&#44;6573&#44;6575&#44;6581&#44;6582&#44;6604&#44;6605&#44;6606&#44;6608&#44;6609&#44;6610&#44;6612&#44;6613&#44;6614&#44;6615&#44;6616&#44;6617&#44;6619&#44;6620&#44;6621&#44;6622&#44;6624&#44;6626&#44;6628&#44;6630&#44;6631&#44;6632&#44;6633&#44;6634&#44;6635&#44;6636&#44;6637&#44;6643&#44;6644&#44;6646&#44;6650&#44;6651&#44;6652&#44;6653&#44;6655&#44;6657&#44;6658&#44;6659&#44;6660&#44;6661&#44;6662&#44;6663&#44;6664&#44;6666&#44;6667&#44;6670&#44;6671&#44;6672&#44;6673&#44;6674&#44;6675&#44;6676&#44;6677&#44;6678&#44;6679&#44;6680&#44;6682&#44;6683&#44;6684&#44;6685&#44;6686&#44;6689&#44;6690&#44;6692&#44;6693&#44;6779&#44;6781&#44;6867&#44;6976&#44;6979&#44;7189&#44;7658&#44;7676&#44;8102&#44;8104&#44;8106&#44;8107&#44;8111&#44;8112&#44;8114&#44;8115&#44;8116&#44;8117&#44;8119&#44;8120&#44;8123&#44;8125&#44;8126&#44;8128&#44;8129&#44;8130&#44;8132&#44;8133&#44;8134&#44;8135&#44;8136&#44;8138&#44;8139&#44;8141&#44;8142&#44;8144&#44;8145&#44;8146&#44;8147&#44;8149&#44;8150&#44;8151&#44;8152&#44;8153&#44;8155&#44;8156&#44;8157&#44;8158&#44;8160&#44;8161&#44;8162&#44;8163&#44;8164&#44;8165&#44;8166&#44;8167&#44;8168&#44;8169&#44;8172&#44;8173&#44;8174&#44;8175&#44;8176&#44;8177&#44;8181&#44;8182&#44;8183&#44;8184&#44;8185&#44;8186&#44;8188&#44;8189&#44;8190&#44;8191&#44;8192&#44;8193&#44;8194&#44;8196&#44;8197&#44;8201&#44;8202&#44;8203&#44;8205&#44;8207&#44;8208&#44;8209&#44;8210&#44;8211&#44;8213&#44;8215&#44;8218&#44;8219&#44;8220&#44;8221&#44;8222&#44;8223&#44;8224&#44;8225&#44;8226&#44;8227&#44;8228&#44;8236&#44;8237&#44;8238&#44;8239&#44;8241&#44;8242&#44;8243&#44;8244&#44;8245&#44;8246&#44;8247&#44;8248&#44;8250&#44;8251&#44;8252&#44;8253&#44;8254&#44;8256&#44;8257&#44;8259&#44;8261&#44;8262&#44;8263&#44;8264&#44;8265&#44;8266&#44;8267&#44;8268&#44;8269&#44;8270&#44;8271&#44;8272&#44;8273&#44;8274&#44;8275&#44;8276&#44;8277&#44;8278&#44;8279&#44;8280&#44;8281&#44;8282&#44;8283&#44;8284&#44;8285&#44;8286&#44;8287&#44;8288&#44;8289&#44;8290&#44;8291&#44;8292&#44;8293&#44;8294&#44;8295&#44;8296&#44;8297&#44;8298&#44;8299&#44;""",12/28/20,12/18/20,Y
layouts,Bakery Pallets,"""37-4&#44;77-4""",,2021,1/4/21,1-NewFolderStructure/C037_C077_Bakery_Pallets/C37_77_Bakery_Pallets_Effective_01042021_Updated_12182020/,_C37_77_Bakery_Pallets_Effective_01042021_Updated_12182020.pdf,"""4109&#44;4702&#44;4703&#44;4704&#44;4707&#44;4709&#44;4710&#44;4711&#44;4712&#44;4713&#44;4718&#44;4720&#44;4721&#44;4722&#44;4724&#44;4728&#44;4729&#44;4730&#44;4731&#44;4732&#44;4735&#44;4736&#44;4738&#44;4739&#44;4740&#44;4741&#44;4742&#44;4743&#44;4745&#44;4749&#44;4750&#44;4755&#44;4761&#44;4763&#44;4764&#44;4767&#44;4768&#44;4769&#44;4770&#44;4771&#44;4772&#44;4774&#44;4775&#44;4776&#44;4777&#44;4778&#44;4780&#44;4781&#44;4782&#44;4783&#44;4784&#44;4785&#44;4786&#44;4787&#44;4789&#44;4790&#44;4791&#44;4794&#44;4795&#44;4797&#44;4798&#44;4799&#44;4801&#44;4802&#44;4804&#44;4805&#44;4808&#44;4815&#44;4816&#44;4817&#44;4818&#44;4819&#44;4820&#44;4822&#44;4824&#44;4825&#44;4828&#44;4829&#44;4830&#44;4831&#44;4836&#44;4837&#44;4839&#44;4840&#44;4843&#44;4846&#44;4847&#44;4850&#44;4851&#44;4852&#44;4853&#44;4855&#44;4857&#44;4859&#44;4860&#44;4861&#44;4870&#44;4871&#44;4872&#44;4873&#44;4874&#44;4875&#44;4876&#44;4878&#44;4879&#44;4901&#44;4905&#44;4906&#44;4908&#44;4911&#44;4914&#44;4915&#44;4917&#44;4920&#44;4926&#44;4930&#44;4933&#44;4936&#44;4938&#44;4939&#44;4942&#44;4944&#44;4946&#44;4947&#44;4948&#44;4950&#44;4952&#44;4955&#44;4958&#44;4961&#44;4962&#44;4963&#44;4969&#44;4972&#44;4973&#44;4974&#44;4983&#44;4985&#44;4987&#44;4989&#44;4990&#44;4991&#44;4992&#44;4994&#44;4996&#44;4998&#44;4999&#44;6181&#44;6188&#44;6189&#44;6201&#44;6202&#44;6203&#44;6204&#44;6205&#44;6212&#44;6213&#44;6216&#44;6217&#44;6218&#44;6219&#44;6220&#44;6228&#44;6235&#44;6236&#44;6238&#44;6239&#44;6240&#44;6242&#44;6244&#44;6245&#44;6246&#44;6247&#44;6249&#44;6251&#44;6252&#44;6254&#44;6255&#44;6256&#44;6257&#44;6259&#44;6260&#44;6261&#44;6262&#44;6265&#44;6267&#44;6269&#44;6275&#44;6302&#44;6304&#44;6305&#44;6307&#44;6308&#44;6309&#44;6310&#44;6311&#44;6312&#44;6313&#44;6314&#44;6315&#44;6317&#44;6319&#44;6320&#44;6321&#44;6322&#44;6325&#44;6326&#44;6327&#44;6328&#44;6329&#44;6330&#44;6331&#44;6332&#44;6333&#44;6334&#44;6335&#44;6336&#44;6338&#44;6339&#44;6341&#44;6342&#44;6343&#44;6344&#44;6345&#44;6347&#44;6348&#44;6349&#44;6350&#44;6351&#44;6352&#44;6353&#44;6354&#44;6355&#44;6356&#44;6357&#44;6358&#44;6359&#44;6360&#44;6361&#44;6363&#44;6364&#44;6365&#44;6366&#44;6367&#44;6368&#44;6369&#44;6371&#44;6372&#44;6373&#44;6375&#44;6376&#44;6378&#44;6379&#44;6380&#44;6381&#44;6382&#44;6383&#44;6384&#44;6385&#44;6386&#44;6387&#44;6388&#44;6401&#44;6402&#44;6403&#44;6404&#44;6405&#44;6406&#44;6407&#44;6408&#44;6409&#44;6410&#44;6413&#44;6414&#44;6415&#44;6417&#44;6418&#44;6419&#44;6420&#44;6421&#44;6422&#44;6423&#44;6424&#44;6425&#44;6426&#44;6427&#44;6428&#44;6429&#44;6430&#44;6431&#44;6432&#44;6433&#44;6434&#44;6435&#44;6436&#44;6437&#44;6439&#44;6440&#44;6441&#44;6443&#44;6444&#44;6445&#44;6448&#44;6449&#44;6450&#44;6452&#44;6453&#44;6454&#44;6455&#44;6456&#44;6457&#44;6458&#44;6460&#44;6461&#44;6462&#44;6463&#44;6464&#44;6471&#44;6472&#44;6474&#44;6479&#44;6482&#44;6485&#44;6487&#44;6489&#44;6501&#44;6502&#44;6503&#44;6505&#44;6506&#44;6507&#44;6509&#44;6510&#44;6512&#44;6514&#44;6517&#44;6518&#44;6520&#44;6521&#44;6524&#44;6527&#44;6528&#44;6533&#44;6535&#44;6536&#44;6539&#44;6540&#44;6547&#44;6549&#44;6556&#44;6562&#44;6565&#44;6567&#44;6568&#44;6569&#44;6570&#44;6571&#44;6572&#44;6573&#44;6575&#44;6581&#44;6582&#44;6604&#44;6605&#44;6606&#44;6608&#44;6609&#44;6610&#44;6612&#44;6613&#44;6614&#44;6615&#44;6616&#44;6617&#44;6619&#44;6620&#44;6621&#44;6622&#44;6624&#44;6626&#44;6628&#44;6630&#44;6631&#44;6632&#44;6633&#44;6634&#44;6635&#44;6636&#44;6637&#44;6643&#44;6644&#44;6646&#44;6650&#44;6651&#44;6652&#44;6653&#44;6655&#44;6657&#44;6658&#44;6659&#44;6660&#44;6661&#44;6662&#44;6663&#44;6664&#44;6666&#44;6667&#44;6670&#44;6671&#44;6672&#44;6673&#44;6674&#44;6675&#44;6676&#44;6677&#44;6678&#44;6679&#44;6682&#44;6683&#44;6684&#44;6685&#44;6686&#44;6692&#44;6693&#44;6779&#44;6781&#44;6867&#44;6976&#44;6979&#44;7189&#44;7658&#44;7676&#44;8102&#44;8104&#44;8106&#44;8107&#44;8111&#44;8112&#44;8114&#44;8115&#44;8116&#44;8117&#44;8119&#44;8120&#44;8123&#44;8125&#44;8126&#44;8128&#44;8129&#44;8130&#44;8132&#44;8133&#44;8134&#44;8135&#44;8136&#44;8138&#44;8139&#44;8141&#44;8142&#44;8144&#44;8145&#44;8146&#44;8147&#44;8149&#44;8150&#44;8151&#44;8152&#44;8153&#44;8155&#44;8156&#44;8157&#44;8158&#44;8160&#44;8161&#44;8162&#44;8163&#44;8164&#44;8165&#44;8166&#44;8167&#44;8168&#44;8169&#44;8172&#44;8173&#44;8174&#44;8175&#44;8176&#44;8177&#44;8180&#44;8181&#44;8182&#44;8183&#44;8184&#44;8185&#44;8186&#44;8188&#44;8189&#44;8190&#44;8191&#44;8192&#44;8193&#44;8194&#44;8196&#44;8197&#44;8201&#44;8202&#44;8203&#44;8205&#44;8207&#44;8208&#44;8209&#44;8210&#44;8213&#44;8215&#44;8218&#44;8219&#44;8220&#44;8221&#44;8222&#44;8223&#44;8224&#44;8225&#44;8226&#44;8227&#44;8228&#44;8236&#44;8237&#44;8238&#44;8239&#44;8241&#44;8242&#44;8243&#44;8244&#44;8245&#44;8246&#44;8247&#44;8248&#44;8250&#44;8251&#44;8252&#44;8253&#44;8254&#44;8256&#44;8257&#44;8259&#44;8261&#44;8262&#44;8263&#44;8264&#44;8265&#44;8266&#44;8267&#44;8268&#44;8269&#44;8270&#44;8271&#44;8272&#44;8273&#44;8274&#44;8275&#44;8276&#44;8277&#44;8278&#44;8279&#44;8280&#44;8281&#44;8282&#44;8283&#44;8284&#44;8285&#44;8286&#44;8287&#44;8288&#44;8289&#44;8290&#44;8291&#44;8292&#44;8293&#44;8294&#44;8295&#44;8296&#44;8297&#44;8298&#44;8299&#44;""",12/28/20,12/18/20,Y
layouts,Coolers,42-2,,2021,1/4/21,1-NewFolderStructure/C042_Coolers/C42_Effective_01042021_Planogram_Updated_12182020/,_C42_Effective_01042021_Planogram_Updated_12182020.pdf,"""4109&#44;4702&#44;4703&#44;4704&#44;4707&#44;4709&#44;4710&#44;4711&#44;4712&#44;4713&#44;4718&#44;4720&#44;4721&#44;4722&#44;4724&#44;4728&#44;4729&#44;4730&#44;4731&#44;4732&#44;4735&#44;4736&#44;4738&#44;4739&#44;4740&#44;4741&#44;4742&#44;4743&#44;4745&#44;4749&#44;4750&#44;4755&#44;4761&#44;4763&#44;4764&#44;4767&#44;4768&#44;4769&#44;4770&#44;4771&#44;4772&#44;4774&#44;4775&#44;4776&#44;4777&#44;4778&#44;4780&#44;4781&#44;4782&#44;4783&#44;4784&#44;4785&#44;4786&#44;4787&#44;4789&#44;4790&#44;4791&#44;4794&#44;4795&#44;4797&#44;4798&#44;4799&#44;4801&#44;4802&#44;4804&#44;4805&#44;4808&#44;4815&#44;4816&#44;4817&#44;4818&#44;4819&#44;4820&#44;4822&#44;4824&#44;4825&#44;4828&#44;4829&#44;4830&#44;4831&#44;4836&#44;4837&#44;4839&#44;4840&#44;4843&#44;4846&#44;4847&#44;4850&#44;4851&#44;4852&#44;4853&#44;4855&#44;4857&#44;4859&#44;4860&#44;4861&#44;4866&#44;4870&#44;4871&#44;4872&#44;4873&#44;4874&#44;4875&#44;4876&#44;4878&#44;4879&#44;4901&#44;4905&#44;4906&#44;4908&#44;4911&#44;4914&#44;4915&#44;4917&#44;4920&#44;4926&#44;4930&#44;4933&#44;4936&#44;4938&#44;4939&#44;4942&#44;4944&#44;4946&#44;4947&#44;4948&#44;4950&#44;4952&#44;4955&#44;4958&#44;4961&#44;4962&#44;4963&#44;4969&#44;4972&#44;4973&#44;4974&#44;4982&#44;4983&#44;4985&#44;4987&#44;4989&#44;4990&#44;4991&#44;4992&#44;4994&#44;4996&#44;4998&#44;4999&#44;6181&#44;6188&#44;6189&#44;6201&#44;6202&#44;6203&#44;6204&#44;6205&#44;6212&#44;6213&#44;6216&#44;6217&#44;6218&#44;6219&#44;6220&#44;6225&#44;6228&#44;6235&#44;6236&#44;6238&#44;6239&#44;6240&#44;6242&#44;6244&#44;6245&#44;6246&#44;6247&#44;6249&#44;6251&#44;6252&#44;6254&#44;6255&#44;6256&#44;6257&#44;6259&#44;6260&#44;6261&#44;6262&#44;6265&#44;6267&#44;6269&#44;6270&#44;6275&#44;6302&#44;6304&#44;6305&#44;6307&#44;6308&#44;6309&#44;6310&#44;6311&#44;6312&#44;6313&#44;6314&#44;6315&#44;6317&#44;6319&#44;6320&#44;6321&#44;6322&#44;6324&#44;6325&#44;6326&#44;6327&#44;6328&#44;6329&#44;6330&#44;6331&#44;6332&#44;6333&#44;6334&#44;6335&#44;6336&#44;6338&#44;6339&#44;6341&#44;6342&#44;6343&#44;6344&#44;6345&#44;6347&#44;6348&#44;6349&#44;6350&#44;6351&#44;6352&#44;6353&#44;6354&#44;6355&#44;6356&#44;6357&#44;6358&#44;6359&#44;6360&#44;6361&#44;6363&#44;6364&#44;6365&#44;6366&#44;6367&#44;6368&#44;6369&#44;6371&#44;6372&#44;6373&#44;6375&#44;6376&#44;6377&#44;6378&#44;6379&#44;6380&#44;6381&#44;6382&#44;6383&#44;6384&#44;6385&#44;6386&#44;6387&#44;6388&#44;6401&#44;6402&#44;6403&#44;6404&#44;6405&#44;6406&#44;6407&#44;6408&#44;6409&#44;6410&#44;6412&#44;6413&#44;6414&#44;6415&#44;6417&#44;6418&#44;6419&#44;6420&#44;6421&#44;6422&#44;6423&#44;6424&#44;6425&#44;6426&#44;6427&#44;6428&#44;6429&#44;6430&#44;6431&#44;6432&#44;6433&#44;6434&#44;6435&#44;6436&#44;6437&#44;6439&#44;6440&#44;6441&#44;6443&#44;6444&#44;6445&#44;6448&#44;6449&#44;6450&#44;6452&#44;6453&#44;6454&#44;6455&#44;6456&#44;6457&#44;6458&#44;6460&#44;6461&#44;6462&#44;6463&#44;6464&#44;6471&#44;6472&#44;6474&#44;6479&#44;6482&#44;6485&#44;6487&#44;6489&#44;6501&#44;6502&#44;6503&#44;6505&#44;6506&#44;6507&#44;6509&#44;6510&#44;6512&#44;6514&#44;6517&#44;6518&#44;6520&#44;6521&#44;6524&#44;6527&#44;6528&#44;6533&#44;6535&#44;6536&#44;6539&#44;6540&#44;6543&#44;6547&#44;6549&#44;6556&#44;6562&#44;6565&#44;6567&#44;6568&#44;6569&#44;6570&#44;6571&#44;6572&#44;6573&#44;6575&#44;6581&#44;6582&#44;6604&#44;6605&#44;6606&#44;6608&#44;6609&#44;6610&#44;6612&#44;6613&#44;6614&#44;6615&#44;6616&#44;6617&#44;6619&#44;6620&#44;6621&#44;6622&#44;6624&#44;6626&#44;6628&#44;6630&#44;6631&#44;6632&#44;6633&#44;6634&#44;6635&#44;6636&#44;6637&#44;6643&#44;6644&#44;6646&#44;6650&#44;6651&#44;6652&#44;6653&#44;6655&#44;6657&#44;6658&#44;6659&#44;6660&#44;6661&#44;6662&#44;6663&#44;6664&#44;6666&#44;6667&#44;6670&#44;6671&#44;6672&#44;6673&#44;6674&#44;6675&#44;6676&#44;6677&#44;6678&#44;6679&#44;6680&#44;6682&#44;6683&#44;6684&#44;6685&#44;6686&#44;6689&#44;6690&#44;6692&#44;6693&#44;6779&#44;6781&#44;6867&#44;6976&#44;6979&#44;7189&#44;7658&#44;7676&#44;8102&#44;8104&#44;8106&#44;8107&#44;8111&#44;8112&#44;8114&#44;8115&#44;8116&#44;8117&#44;8119&#44;8120&#44;8123&#44;8125&#44;8126&#44;8128&#44;8129&#44;8130&#44;8132&#44;8133&#44;8134&#44;8135&#44;8136&#44;8138&#44;8139&#44;8141&#44;8142&#44;8144&#44;8145&#44;8146&#44;8147&#44;8149&#44;8150&#44;8151&#44;8152&#44;8153&#44;8155&#44;8156&#44;8157&#44;8158&#44;8160&#44;8161&#44;8162&#44;8163&#44;8164&#44;8165&#44;8166&#44;8167&#44;8168&#44;8169&#44;8172&#44;8173&#44;8174&#44;8175&#44;8176&#44;8177&#44;8180&#44;8181&#44;8182&#44;8183&#44;8184&#44;8185&#44;8186&#44;8188&#44;8189&#44;8190&#44;8191&#44;8192&#44;8193&#44;8194&#44;8196&#44;8197&#44;8201&#44;8202&#44;8203&#44;8205&#44;8207&#44;8208&#44;8209&#44;8210&#44;8211&#44;8213&#44;8215&#44;8218&#44;8219&#44;8220&#44;8221&#44;8222&#44;8223&#44;8224&#44;8225&#44;8226&#44;8227&#44;8228&#44;8236&#44;8237&#44;8238&#44;8239&#44;8241&#44;8242&#44;8243&#44;8244&#44;8245&#44;8246&#44;8247&#44;8248&#44;8250&#44;8251&#44;8252&#44;8253&#44;8254&#44;8256&#44;8257&#44;8259&#44;8261&#44;8262&#44;8263&#44;8264&#44;8265&#44;8266&#44;8267&#44;8268&#44;8269&#44;8270&#44;8271&#44;8272&#44;8273&#44;8274&#44;8275&#44;8276&#44;8277&#44;8278&#44;8279&#44;8280&#44;8281&#44;8282&#44;8283&#44;8284&#44;8285&#44;8286&#44;8287&#44;8288&#44;8289&#44;8290&#44;8291&#44;8292&#44;8293&#44;8294&#44;8295&#44;8296&#44;8297&#44;8298&#44;8299&#44;""",12/28/20,12/18/20,Y
layouts,Sushi,79,,2021,1/4/21,1-NewFolderStructure/C079_Sushi/C79_Sushi_Effective_01042021/,_C79_Sushi_Effective_01042021.pdf,"""4702&#44;4704&#44;4707&#44;4709&#44;4711&#44;4712&#44;4713&#44;4718&#44;4721&#44;4722&#44;4728&#44;4731&#44;4732&#44;4735&#44;4736&#44;4739&#44;4740&#44;4741&#44;4742&#44;4743&#44;4745&#44;4749&#44;4755&#44;4763&#44;4764&#44;4767&#44;4768&#44;4769&#44;4771&#44;4772&#44;4774&#44;4775&#44;4776&#44;4777&#44;4778&#44;4780&#44;4781&#44;4782&#44;4783&#44;4784&#44;4785&#44;4786&#44;4787&#44;4789&#44;4790&#44;4794&#44;4795&#44;4797&#44;4801&#44;4802&#44;4804&#44;4805&#44;4808&#44;4816&#44;4818&#44;4819&#44;4822&#44;4824&#44;4825&#44;4828&#44;4829&#44;4830&#44;4831&#44;4837&#44;4839&#44;4840&#44;4843&#44;4847&#44;4850&#44;4851&#44;4852&#44;4853&#44;4855&#44;4857&#44;4859&#44;4861&#44;4870&#44;4873&#44;4874&#44;4875&#44;4878&#44;4901&#44;4905&#44;4906&#44;4908&#44;4911&#44;4914&#44;4915&#44;4917&#44;4920&#44;4925&#44;4926&#44;4938&#44;4939&#44;4942&#44;4944&#44;4946&#44;4955&#44;4958&#44;4961&#44;4969&#44;4972&#44;4974&#44;4983&#44;4985&#44;4987&#44;4989&#44;4990&#44;4991&#44;4992&#44;4998&#44;6181&#44;6188&#44;6189&#44;6202&#44;6205&#44;6212&#44;6213&#44;6216&#44;6217&#44;6218&#44;6219&#44;6220&#44;6228&#44;6236&#44;6238&#44;6239&#44;6240&#44;6242&#44;6244&#44;6245&#44;6246&#44;6247&#44;6249&#44;6251&#44;6252&#44;6254&#44;6255&#44;6257&#44;6259&#44;6261&#44;6262&#44;6265&#44;6267&#44;6269&#44;6304&#44;6308&#44;6309&#44;6310&#44;6311&#44;6312&#44;6313&#44;6314&#44;6315&#44;6317&#44;6319&#44;6320&#44;6321&#44;6324&#44;6325&#44;6326&#44;6328&#44;6332&#44;6335&#44;6341&#44;6342&#44;6343&#44;6344&#44;6348&#44;6350&#44;6351&#44;6354&#44;6355&#44;6357&#44;6358&#44;6359&#44;6360&#44;6361&#44;6363&#44;6367&#44;6368&#44;6369&#44;6371&#44;6372&#44;6376&#44;6378&#44;6381&#44;6382&#44;6383&#44;6384&#44;6385&#44;6401&#44;6402&#44;6403&#44;6408&#44;6409&#44;6410&#44;6412&#44;6413&#44;6414&#44;6415&#44;6418&#44;6419&#44;6420&#44;6422&#44;6428&#44;6429&#44;6434&#44;6437&#44;6440&#44;6443&#44;6444&#44;6445&#44;6452&#44;6457&#44;6458&#44;6463&#44;6464&#44;6472&#44;6474&#44;6479&#44;6482&#44;6487&#44;6489&#44;6501&#44;6505&#44;6512&#44;6518&#44;6520&#44;6524&#44;6527&#44;6535&#44;6536&#44;6540&#44;6565&#44;6567&#44;6568&#44;6570&#44;6572&#44;6573&#44;6575&#44;6604&#44;6608&#44;6609&#44;6610&#44;6612&#44;6613&#44;6614&#44;6615&#44;6616&#44;6617&#44;6619&#44;6621&#44;6622&#44;6624&#44;6626&#44;6628&#44;6630&#44;6631&#44;6633&#44;6635&#44;6636&#44;6637&#44;6643&#44;6644&#44;6646&#44;6650&#44;6651&#44;6652&#44;6653&#44;6655&#44;6657&#44;6658&#44;6659&#44;6660&#44;6661&#44;6662&#44;6663&#44;6664&#44;6666&#44;6667&#44;6670&#44;6671&#44;6674&#44;6676&#44;6677&#44;6678&#44;6682&#44;6684&#44;6685&#44;6686&#44;6692&#44;6779&#44;6781&#44;6976&#44;6979&#44;7189&#44;7676&#44;8104&#44;8106&#44;8111&#44;8112&#44;8114&#44;8115&#44;8116&#44;8117&#44;8119&#44;8120&#44;8123&#44;8129&#44;8134&#44;8135&#44;8138&#44;8139&#44;8141&#44;8142&#44;8145&#44;8146&#44;8149&#44;8151&#44;8155&#44;8157&#44;8158&#44;8160&#44;8161&#44;8164&#44;8165&#44;8166&#44;8167&#44;8168&#44;8173&#44;8174&#44;8175&#44;8176&#44;8177&#44;8181&#44;8182&#44;8183&#44;8188&#44;8191&#44;8193&#44;8194&#44;8197&#44;8201&#44;8203&#44;8205&#44;8207&#44;8208&#44;8209&#44;8210&#44;8213&#44;8215&#44;8218&#44;8219&#44;8220&#44;8221&#44;8222&#44;8223&#44;8224&#44;8225&#44;8227&#44;8236&#44;8237&#44;8238&#44;8239&#44;8241&#44;8242&#44;8243&#44;8246&#44;8248&#44;8250&#44;8251&#44;8252&#44;8253&#44;8257&#44;8259&#44;8261&#44;8262&#44;8263&#44;8264&#44;8265&#44;8266&#44;8267&#44;8268&#44;8269&#44;8270&#44;8271&#44;8272&#44;8275&#44;8277&#44;8278&#44;8279&#44;8282&#44;8284&#44;8285&#44;8287&#44;8290&#44;8291&#44;8293&#44;8294&#44;8296&#44;8297&#44;8298&#44;8299&#44;""",12/28/20,12/21/20,Y
layouts,Bakery Dessert,"""37-2&#44;77-2""",,2021,1/4/21,1-NewFolderStructure/C037_C077_Bakery_Dessert/C77_C37_Desert_Effective_01042021_Updated_12212020/,_C77_C37_Effective_01042021_Updated_12212020.pdf,"""4109&#44;4702&#44;4703&#44;4704&#44;4707&#44;4709&#44;4710&#44;4711&#44;4712&#44;4713&#44;4718&#44;4720&#44;4721&#44;4722&#44;4724&#44;4728&#44;4729&#44;4730&#44;4731&#44;4732&#44;4735&#44;4736&#44;4738&#44;4739&#44;4740&#44;4741&#44;4742&#44;4743&#44;4745&#44;4749&#44;4750&#44;4755&#44;4761&#44;4763&#44;4764&#44;4767&#44;4768&#44;4769&#44;4770&#44;4771&#44;4772&#44;4774&#44;4775&#44;4776&#44;4777&#44;4778&#44;4780&#44;4781&#44;4782&#44;4783&#44;4784&#44;4785&#44;4786&#44;4787&#44;4789&#44;4790&#44;4791&#44;4794&#44;4795&#44;4797&#44;4798&#44;4799&#44;4801&#44;4802&#44;4804&#44;4805&#44;4808&#44;4815&#44;4816&#44;4817&#44;4818&#44;4819&#44;4820&#44;4822&#44;4824&#44;4825&#44;4828&#44;4829&#44;4830&#44;4831&#44;4836&#44;4837&#44;4839&#44;4840&#44;4843&#44;4846&#44;4847&#44;4850&#44;4851&#44;4852&#44;4853&#44;4855&#44;4857&#44;4859&#44;4860&#44;4861&#44;4866&#44;4870&#44;4872&#44;4873&#44;4874&#44;4875&#44;4876&#44;4878&#44;4879&#44;4901&#44;4905&#44;4906&#44;4911&#44;4914&#44;4915&#44;4917&#44;4920&#44;4925&#44;4926&#44;4933&#44;4936&#44;4938&#44;4939&#44;4942&#44;4944&#44;4946&#44;4947&#44;4948&#44;4950&#44;4952&#44;4955&#44;4958&#44;4961&#44;4962&#44;4963&#44;4969&#44;4972&#44;4973&#44;4974&#44;4982&#44;4983&#44;4985&#44;4987&#44;4989&#44;4990&#44;4991&#44;4992&#44;4994&#44;4996&#44;4998&#44;4999&#44;6181&#44;6188&#44;6189&#44;6201&#44;6202&#44;6203&#44;6204&#44;6205&#44;6212&#44;6213&#44;6216&#44;6217&#44;6218&#44;6219&#44;6220&#44;6225&#44;6228&#44;6235&#44;6236&#44;6238&#44;6239&#44;6240&#44;6242&#44;6244&#44;6245&#44;6246&#44;6247&#44;6249&#44;6251&#44;6252&#44;6254&#44;6255&#44;6256&#44;6257&#44;6259&#44;6260&#44;6261&#44;6262&#44;6265&#44;6267&#44;6269&#44;6270&#44;6275&#44;6302&#44;6304&#44;6305&#44;6307&#44;6308&#44;6309&#44;6310&#44;6311&#44;6312&#44;6313&#44;6314&#44;6315&#44;6317&#44;6319&#44;6320&#44;6321&#44;6322&#44;6324&#44;6325&#44;6326&#44;6327&#44;6328&#44;6329&#44;6330&#44;6331&#44;6332&#44;6333&#44;6334&#44;6335&#44;6336&#44;6338&#44;6339&#44;6341&#44;6342&#44;6343&#44;6344&#44;6345&#44;6347&#44;6348&#44;6349&#44;6350&#44;6351&#44;6352&#44;6353&#44;6354&#44;6355&#44;6356&#44;6357&#44;6358&#44;6359&#44;6360&#44;6361&#44;6363&#44;6364&#44;6365&#44;6366&#44;6367&#44;6368&#44;6369&#44;6371&#44;6372&#44;6373&#44;6375&#44;6376&#44;6378&#44;6379&#44;6380&#44;6381&#44;6382&#44;6383&#44;6384&#44;6386&#44;6387&#44;6388&#44;6401&#44;6402&#44;6403&#44;6404&#44;6405&#44;6406&#44;6407&#44;6408&#44;6409&#44;6410&#44;6412&#44;6413&#44;6414&#44;6415&#44;6418&#44;6419&#44;6420&#44;6421&#44;6422&#44;6423&#44;6425&#44;6426&#44;6427&#44;6428&#44;6429&#44;6431&#44;6433&#44;6434&#44;6435&#44;6436&#44;6437&#44;6439&#44;6440&#44;6441&#44;6443&#44;6444&#44;6445&#44;6448&#44;6449&#44;6450&#44;6452&#44;6453&#44;6454&#44;6455&#44;6456&#44;6457&#44;6458&#44;6460&#44;6462&#44;6463&#44;6464&#44;6472&#44;6474&#44;6479&#44;6482&#44;6485&#44;6487&#44;6489&#44;6501&#44;6502&#44;6503&#44;6505&#44;6506&#44;6507&#44;6509&#44;6512&#44;6517&#44;6518&#44;6520&#44;6521&#44;6524&#44;6527&#44;6528&#44;6535&#44;6536&#44;6539&#44;6543&#44;6547&#44;6549&#44;6562&#44;6565&#44;6569&#44;6570&#44;6571&#44;6572&#44;6573&#44;6575&#44;6581&#44;6582&#44;6604&#44;6605&#44;6606&#44;6608&#44;6609&#44;6610&#44;6612&#44;6613&#44;6614&#44;6615&#44;6616&#44;6617&#44;6619&#44;6620&#44;6621&#44;6622&#44;6624&#44;6626&#44;6628&#44;6630&#44;6631&#44;6632&#44;6633&#44;6634&#44;6635&#44;6636&#44;6637&#44;6643&#44;6644&#44;6646&#44;6650&#44;6651&#44;6652&#44;6653&#44;6655&#44;6657&#44;6658&#44;6659&#44;6660&#44;6661&#44;6662&#44;6663&#44;6664&#44;6666&#44;6667&#44;6670&#44;6671&#44;6672&#44;6673&#44;6674&#44;6675&#44;6676&#44;6677&#44;6678&#44;6679&#44;6680&#44;6682&#44;6683&#44;6684&#44;6685&#44;6686&#44;6689&#44;6690&#44;6692&#44;6693&#44;6779&#44;6781&#44;6867&#44;6976&#44;6979&#44;7189&#44;7658&#44;7676&#44;8102&#44;8104&#44;8106&#44;8107&#44;8111&#44;8112&#44;8114&#44;8115&#44;8116&#44;8117&#44;8119&#44;8120&#44;8123&#44;8125&#44;8126&#44;8128&#44;8129&#44;8130&#44;8132&#44;8133&#44;8134&#44;8135&#44;8136&#44;8138&#44;8139&#44;8141&#44;8142&#44;8144&#44;8145&#44;8146&#44;8147&#44;8149&#44;8150&#44;8151&#44;8152&#44;8153&#44;8155&#44;8156&#44;8157&#44;8158&#44;8160&#44;8161&#44;8162&#44;8163&#44;8164&#44;8165&#44;8166&#44;8167&#44;8168&#44;8169&#44;8172&#44;8173&#44;8174&#44;8175&#44;8176&#44;8177&#44;8181&#44;8182&#44;8183&#44;8184&#44;8185&#44;8186&#44;8188&#44;8190&#44;8191&#44;8192&#44;8193&#44;8194&#44;8196&#44;8197&#44;8201&#44;8202&#44;8203&#44;8205&#44;8207&#44;8208&#44;8209&#44;8210&#44;8211&#44;8213&#44;8215&#44;8218&#44;8219&#44;8220&#44;8221&#44;8222&#44;8223&#44;8224&#44;8225&#44;8226&#44;8227&#44;8228&#44;8236&#44;8237&#44;8238&#44;8239&#44;8241&#44;8242&#44;8243&#44;8244&#44;8245&#44;8246&#44;8247&#44;8248&#44;8250&#44;8251&#44;8252&#44;8253&#44;8254&#44;8256&#44;8257&#44;8259&#44;8261&#44;8262&#44;8263&#44;8264&#44;8265&#44;8266&#44;8267&#44;8268&#44;8269&#44;8270&#44;8271&#44;8272&#44;8273&#44;8274&#44;8275&#44;8276&#44;8277&#44;8278&#44;8279&#44;8280&#44;8281&#44;8282&#44;8283&#44;8284&#44;8285&#44;8286&#44;8287&#44;8288&#44;8289&#44;8290&#44;8291&#44;8292&#44;8293&#44;8294&#44;8295&#44;8296&#44;8297&#44;8298&#44;8299&#44;""",12/28/20,12/21/20,Y
layouts,HMS,79-2,,2021,1/4/21,1-NewFolderStructure/C079_HMS/C79_HMS_Effective_01042021/,_C79_HMS_Effective_01042021.pdf,"""4109&#44;4702&#44;4703&#44;4704&#44;4707&#44;4709&#44;4710&#44;4711&#44;4712&#44;4713&#44;4718&#44;4720&#44;4721&#44;4722&#44;4724&#44;4728&#44;4729&#44;4730&#44;4731&#44;4732&#44;4735&#44;4736&#44;4738&#44;4739&#44;4740&#44;4741&#44;4742&#44;4743&#44;4745&#44;4749&#44;4750&#44;4755&#44;4761&#44;4763&#44;4764&#44;4767&#44;4768&#44;4769&#44;4770&#44;4771&#44;4772&#44;4774&#44;4775&#44;4776&#44;4777&#44;4778&#44;4780&#44;4781&#44;4782&#44;4783&#44;4784&#44;4785&#44;4786&#44;4787&#44;4789&#44;4790&#44;4791&#44;4794&#44;4795&#44;4797&#44;4798&#44;4799&#44;4801&#44;4802&#44;4804&#44;4805&#44;4808&#44;4815&#44;4816&#44;4817&#44;4818&#44;4819&#44;4820&#44;4822&#44;4824&#44;4825&#44;4828&#44;4829&#44;4830&#44;4831&#44;4836&#44;4837&#44;4839&#44;4840&#44;4843&#44;4846&#44;4847&#44;4850&#44;4851&#44;4852&#44;4853&#44;4855&#44;4857&#44;4859&#44;4860&#44;4861&#44;4866&#44;4870&#44;4871&#44;4872&#44;4873&#44;4874&#44;4875&#44;4876&#44;4878&#44;4879&#44;4901&#44;4905&#44;4906&#44;4908&#44;4911&#44;4914&#44;4915&#44;4917&#44;4920&#44;4925&#44;4926&#44;4930&#44;4933&#44;4936&#44;4938&#44;4939&#44;4942&#44;4944&#44;4946&#44;4947&#44;4948&#44;4950&#44;4952&#44;4955&#44;4958&#44;4961&#44;4962&#44;4963&#44;4969&#44;4972&#44;4973&#44;4974&#44;4982&#44;4983&#44;4985&#44;4987&#44;4989&#44;4990&#44;4991&#44;4992&#44;4994&#44;4996&#44;4998&#44;4999&#44;6181&#44;6188&#44;6189&#44;6201&#44;6202&#44;6203&#44;6204&#44;6205&#44;6212&#44;6213&#44;6216&#44;6217&#44;6218&#44;6219&#44;6220&#44;6225&#44;6228&#44;6235&#44;6236&#44;6238&#44;6239&#44;6240&#44;6242&#44;6244&#44;6245&#44;6246&#44;6247&#44;6249&#44;6251&#44;6252&#44;6254&#44;6255&#44;6256&#44;6257&#44;6259&#44;6260&#44;6261&#44;6262&#44;6265&#44;6267&#44;6269&#44;6270&#44;6275&#44;6302&#44;6304&#44;6305&#44;6307&#44;6308&#44;6309&#44;6310&#44;6311&#44;6312&#44;6313&#44;6314&#44;6315&#44;6317&#44;6319&#44;6320&#44;6321&#44;6322&#44;6324&#44;6325&#44;6326&#44;6327&#44;6328&#44;6329&#44;6330&#44;6331&#44;6332&#44;6333&#44;6334&#44;6335&#44;6336&#44;6338&#44;6339&#44;6341&#44;6342&#44;6343&#44;6344&#44;6345&#44;6347&#44;6348&#44;6349&#44;6350&#44;6351&#44;6352&#44;6353&#44;6354&#44;6355&#44;6356&#44;6357&#44;6358&#44;6359&#44;6360&#44;6361&#44;6363&#44;6364&#44;6365&#44;6366&#44;6367&#44;6368&#44;6369&#44;6371&#44;6372&#44;6373&#44;6375&#44;6376&#44;6377&#44;6378&#44;6379&#44;6380&#44;6381&#44;6382&#44;6383&#44;6384&#44;6385&#44;6386&#44;6387&#44;6388&#44;6401&#44;6402&#44;6403&#44;6404&#44;6405&#44;6406&#44;6407&#44;6408&#44;6409&#44;6410&#44;6412&#44;6413&#44;6414&#44;6415&#44;6417&#44;6418&#44;6419&#44;6420&#44;6421&#44;6422&#44;6423&#44;6424&#44;6425&#44;6426&#44;6427&#44;6428&#44;6429&#44;6430&#44;6431&#44;6432&#44;6433&#44;6434&#44;6435&#44;6436&#44;6437&#44;6439&#44;6440&#44;6441&#44;6443&#44;6444&#44;6445&#44;6448&#44;6449&#44;6450&#44;6452&#44;6453&#44;6454&#44;6455&#44;6456&#44;6457&#44;6458&#44;6460&#44;6461&#44;6462&#44;6463&#44;6464&#44;6471&#44;6472&#44;6474&#44;6479&#44;6482&#44;6485&#44;6487&#44;6489&#44;6501&#44;6502&#44;6503&#44;6505&#44;6506&#44;6507&#44;6509&#44;6510&#44;6512&#44;6514&#44;6517&#44;6518&#44;6520&#44;6521&#44;6524&#44;6527&#44;6528&#44;6533&#44;6535&#44;6536&#44;6539&#44;6540&#44;6543&#44;6547&#44;6549&#44;6556&#44;6562&#44;6565&#44;6567&#44;6568&#44;6569&#44;6570&#44;6571&#44;6572&#44;6573&#44;6575&#44;6581&#44;6582&#44;6604&#44;6605&#44;6606&#44;6608&#44;6609&#44;6610&#44;6612&#44;6613&#44;6614&#44;6615&#44;6616&#44;6617&#44;6619&#44;6620&#44;6621&#44;6622&#44;6624&#44;6626&#44;6628&#44;6630&#44;6631&#44;6632&#44;6633&#44;6634&#44;6635&#44;6636&#44;6637&#44;6643&#44;6644&#44;6646&#44;6650&#44;6651&#44;6652&#44;6653&#44;6655&#44;6657&#44;6658&#44;6659&#44;6660&#44;6661&#44;6662&#44;6663&#44;6664&#44;6666&#44;6667&#44;6670&#44;6671&#44;6672&#44;6673&#44;6674&#44;6675&#44;6676&#44;6677&#44;6678&#44;6679&#44;6680&#44;6682&#44;6683&#44;6684&#44;6685&#44;6686&#44;6689&#44;6690&#44;6692&#44;6779&#44;6781&#44;6867&#44;6976&#44;6979&#44;7189&#44;7658&#44;7676&#44;8102&#44;8104&#44;8106&#44;8107&#44;8111&#44;8112&#44;8114&#44;8115&#44;8116&#44;8117&#44;8119&#44;8120&#44;8123&#44;8125&#44;8126&#44;8128&#44;8129&#44;8130&#44;8132&#44;8133&#44;8134&#44;8135&#44;8136&#44;8138&#44;8139&#44;8141&#44;8142&#44;8144&#44;8145&#44;8146&#44;8147&#44;8149&#44;8150&#44;8151&#44;8152&#44;8153&#44;8155&#44;8156&#44;8157&#44;8158&#44;8160&#44;8161&#44;8162&#44;8163&#44;8164&#44;8165&#44;8166&#44;8167&#44;8168&#44;8169&#44;8172&#44;8173&#44;8174&#44;8175&#44;8176&#44;8177&#44;8180&#44;8181&#44;8182&#44;8183&#44;8184&#44;8185&#44;8186&#44;8188&#44;8189&#44;8190&#44;8191&#44;8192&#44;8193&#44;8194&#44;8196&#44;8197&#44;8201&#44;8202&#44;8203&#44;8205&#44;8207&#44;8208&#44;8209&#44;8210&#44;8211&#44;8213&#44;8215&#44;8218&#44;8219&#44;8220&#44;8221&#44;8222&#44;8223&#44;8224&#44;8225&#44;8226&#44;8227&#44;8228&#44;8236&#44;8237&#44;8238&#44;8239&#44;8241&#44;8242&#44;8243&#44;8244&#44;8245&#44;8246&#44;8247&#44;8248&#44;8250&#44;8251&#44;8252&#44;8253&#44;8254&#44;8256&#44;8257&#44;8259&#44;8261&#44;8262&#44;8263&#44;8264&#44;8265&#44;8266&#44;8267&#44;8268&#44;8269&#44;8270&#44;8271&#44;8272&#44;8273&#44;8274&#44;8275&#44;8276&#44;8277&#44;8278&#44;8279&#44;8280&#44;8281&#44;8282&#44;8283&#44;8284&#44;8285&#44;8286&#44;8287&#44;8288&#44;8289&#44;8290&#44;8291&#44;8292&#44;8293&#44;8294&#44;8295&#44;8296&#44;8297&#44;8298&#44;8299&#44;""",12/28/20,12/21/20,Y
layouts,Café Grab and Go,79-3,,2021,1/4/21,1-NewFolderStructure/C079_Cafe_Grab_n_Go/C79_Cafe_Grab_and_Go_Effective_01042021/,_C79_Cafe_Grab_and_Go_Effective_01042021.pdf,"""4109&#44;4702&#44;4703&#44;4704&#44;4707&#44;4709&#44;4710&#44;4711&#44;4712&#44;4713&#44;4718&#44;4720&#44;4721&#44;4722&#44;4724&#44;4728&#44;4729&#44;4730&#44;4731&#44;4732&#44;4735&#44;4736&#44;4738&#44;4739&#44;4740&#44;4741&#44;4742&#44;4743&#44;4745&#44;4749&#44;4750&#44;4755&#44;4761&#44;4763&#44;4764&#44;4767&#44;4768&#44;4769&#44;4770&#44;4771&#44;4772&#44;4774&#44;4775&#44;4776&#44;4777&#44;4778&#44;4780&#44;4781&#44;4782&#44;4783&#44;4784&#44;4785&#44;4786&#44;4787&#44;4789&#44;4790&#44;4791&#44;4794&#44;4795&#44;4797&#44;4798&#44;4799&#44;4801&#44;4802&#44;4804&#44;4805&#44;4808&#44;4815&#44;4816&#44;4817&#44;4818&#44;4819&#44;4820&#44;4822&#44;4824&#44;4825&#44;4828&#44;4829&#44;4830&#44;4831&#44;4836&#44;4837&#44;4839&#44;4840&#44;4843&#44;4846&#44;4847&#44;4850&#44;4851&#44;4852&#44;4853&#44;4855&#44;4857&#44;4859&#44;4860&#44;4861&#44;4870&#44;4871&#44;4872&#44;4873&#44;4874&#44;4875&#44;4876&#44;4878&#44;4879&#44;4901&#44;4905&#44;4906&#44;4908&#44;4911&#44;4914&#44;4915&#44;4917&#44;4920&#44;4925&#44;4926&#44;4930&#44;4933&#44;4936&#44;4938&#44;4939&#44;4942&#44;4944&#44;4946&#44;4947&#44;4948&#44;4950&#44;4952&#44;4955&#44;4958&#44;4961&#44;4962&#44;4963&#44;4969&#44;4972&#44;4973&#44;4974&#44;4982&#44;4983&#44;4985&#44;4987&#44;4989&#44;4990&#44;4991&#44;4992&#44;4994&#44;4996&#44;4998&#44;4999&#44;6181&#44;6188&#44;6189&#44;6201&#44;6202&#44;6203&#44;6204&#44;6205&#44;6212&#44;6213&#44;6216&#44;6217&#44;6218&#44;6219&#44;6220&#44;6228&#44;6235&#44;6236&#44;6238&#44;6239&#44;6240&#44;6242&#44;6244&#44;6245&#44;6246&#44;6247&#44;6249&#44;6251&#44;6252&#44;6254&#44;6255&#44;6256&#44;6257&#44;6259&#44;6260&#44;6261&#44;6262&#44;6265&#44;6267&#44;6269&#44;6275&#44;6302&#44;6304&#44;6305&#44;6307&#44;6308&#44;6309&#44;6310&#44;6311&#44;6312&#44;6313&#44;6314&#44;6315&#44;6317&#44;6319&#44;6320&#44;6321&#44;6322&#44;6324&#44;6325&#44;6326&#44;6327&#44;6328&#44;6329&#44;6330&#44;6331&#44;6332&#44;6333&#44;6334&#44;6335&#44;6336&#44;6338&#44;6339&#44;6341&#44;6342&#44;6343&#44;6344&#44;6345&#44;6347&#44;6348&#44;6349&#44;6350&#44;6351&#44;6352&#44;6353&#44;6354&#44;6355&#44;6356&#44;6357&#44;6358&#44;6359&#44;6360&#44;6361&#44;6363&#44;6364&#44;6365&#44;6366&#44;6367&#44;6368&#44;6369&#44;6371&#44;6372&#44;6373&#44;6375&#44;6376&#44;6377&#44;6379&#44;6380&#44;6381&#44;6382&#44;6383&#44;6384&#44;6385&#44;6386&#44;6387&#44;6388&#44;6401&#44;6402&#44;6403&#44;6405&#44;6406&#44;6407&#44;6408&#44;6409&#44;6410&#44;6412&#44;6413&#44;6414&#44;6415&#44;6417&#44;6418&#44;6419&#44;6420&#44;6421&#44;6422&#44;6423&#44;6424&#44;6425&#44;6426&#44;6427&#44;6428&#44;6429&#44;6430&#44;6431&#44;6432&#44;6433&#44;6434&#44;6435&#44;6436&#44;6437&#44;6439&#44;6440&#44;6441&#44;6443&#44;6444&#44;6445&#44;6448&#44;6450&#44;6452&#44;6453&#44;6454&#44;6456&#44;6457&#44;6458&#44;6460&#44;6461&#44;6462&#44;6463&#44;6464&#44;6471&#44;6472&#44;6474&#44;6482&#44;6485&#44;6487&#44;6489&#44;6501&#44;6502&#44;6503&#44;6505&#44;6506&#44;6507&#44;6509&#44;6510&#44;6512&#44;6514&#44;6517&#44;6518&#44;6520&#44;6521&#44;6524&#44;6527&#44;6528&#44;6533&#44;6535&#44;6536&#44;6539&#44;6540&#44;6547&#44;6549&#44;6556&#44;6562&#44;6565&#44;6567&#44;6568&#44;6569&#44;6570&#44;6571&#44;6572&#44;6573&#44;6575&#44;6581&#44;6582&#44;6604&#44;6605&#44;6606&#44;6608&#44;6609&#44;6610&#44;6612&#44;6613&#44;6614&#44;6615&#44;6616&#44;6617&#44;6619&#44;6620&#44;6621&#44;6622&#44;6624&#44;6626&#44;6628&#44;6630&#44;6631&#44;6632&#44;6633&#44;6634&#44;6635&#44;6636&#44;6637&#44;6643&#44;6644&#44;6646&#44;6650&#44;6651&#44;6652&#44;6653&#44;6655&#44;6657&#44;6658&#44;6659&#44;6660&#44;6661&#44;6662&#44;6663&#44;6664&#44;6666&#44;6667&#44;6670&#44;6671&#44;6672&#44;6673&#44;6674&#44;6675&#44;6676&#44;6677&#44;6678&#44;6679&#44;6682&#44;6683&#44;6684&#44;6685&#44;6686&#44;6692&#44;6693&#44;6779&#44;6781&#44;6867&#44;6976&#44;6979&#44;7189&#44;7658&#44;7676&#44;8102&#44;8104&#44;8106&#44;8107&#44;8111&#44;8112&#44;8114&#44;8115&#44;8116&#44;8117&#44;8119&#44;8120&#44;8123&#44;8125&#44;8126&#44;8128&#44;8129&#44;8130&#44;8132&#44;8133&#44;8134&#44;8135&#44;8136&#44;8138&#44;8139&#44;8141&#44;8142&#44;8144&#44;8145&#44;8146&#44;8147&#44;8149&#44;8150&#44;8151&#44;8152&#44;8153&#44;8155&#44;8156&#44;8157&#44;8158&#44;8160&#44;8161&#44;8162&#44;8163&#44;8164&#44;8165&#44;8166&#44;8167&#44;8168&#44;8169&#44;8172&#44;8173&#44;8174&#44;8175&#44;8176&#44;8177&#44;8180&#44;8181&#44;8182&#44;8183&#44;8184&#44;8185&#44;8186&#44;8188&#44;8189&#44;8190&#44;8191&#44;8192&#44;8193&#44;8194&#44;8196&#44;8197&#44;8201&#44;8202&#44;8203&#44;8205&#44;8207&#44;8208&#44;8209&#44;8210&#44;8211&#44;8213&#44;8215&#44;8218&#44;8219&#44;8220&#44;8221&#44;8222&#44;8223&#44;8224&#44;8225&#44;8226&#44;8227&#44;8228&#44;8236&#44;8237&#44;8238&#44;8239&#44;8241&#44;8242&#44;8243&#44;8244&#44;8245&#44;8246&#44;8247&#44;8248&#44;8250&#44;8251&#44;8252&#44;8253&#44;8254&#44;8256&#44;8257&#44;8259&#44;8261&#44;8262&#44;8263&#44;8264&#44;8265&#44;8266&#44;8267&#44;8268&#44;8269&#44;8270&#44;8271&#44;8272&#44;8273&#44;8274&#44;8275&#44;8276&#44;8277&#44;8278&#44;8279&#44;8280&#44;8281&#44;8282&#44;8283&#44;8284&#44;8285&#44;8286&#44;8287&#44;8288&#44;8289&#44;8290&#44;8291&#44;8292&#44;8293&#44;8294&#44;8295&#44;8296&#44;8297&#44;8298&#44;8299&#44;""",12/28/20,12/21/20,Y
layouts,Cake Case,"""37-3&#44;77-3""",,2021,1/4/21,1-NewFolderStructure/C037_C077_Cake_Case/C77_C37_Cake_Effective_01042021_Updated_12222020/,_C77_C37_Effective_01042021_Updated_12222020.pdf,"""4109&#44;4702&#44;4703&#44;4704&#44;4707&#44;4709&#44;4710&#44;4711&#44;4712&#44;4713&#44;4718&#44;4720&#44;4721&#44;4722&#44;4724&#44;4728&#44;4729&#44;4730&#44;4731&#44;4732&#44;4735&#44;4736&#44;4738&#44;4739&#44;4740&#44;4741&#44;4742&#44;4743&#44;4745&#44;4749&#44;4750&#44;4755&#44;4761&#44;4763&#44;4764&#44;4767&#44;4768&#44;4769&#44;4770&#44;4771&#44;4772&#44;4774&#44;4775&#44;4776&#44;4777&#44;4778&#44;4780&#44;4781&#44;4782&#44;4783&#44;4784&#44;4785&#44;4786&#44;4787&#44;4789&#44;4790&#44;4791&#44;4794&#44;4795&#44;4797&#44;4798&#44;4799&#44;4801&#44;4802&#44;4804&#44;4805&#44;4808&#44;4815&#44;4816&#44;4817&#44;4818&#44;4819&#44;4820&#44;4822&#44;4824&#44;4825&#44;4828&#44;4829&#44;4830&#44;4831&#44;4836&#44;4837&#44;4839&#44;4840&#44;4843&#44;4846&#44;4847&#44;4850&#44;4851&#44;4852&#44;4853&#44;4855&#44;4857&#44;4859&#44;4860&#44;4861&#44;4866&#44;4870&#44;4872&#44;4873&#44;4874&#44;4875&#44;4876&#44;4878&#44;4879&#44;4901&#44;4905&#44;4906&#44;4911&#44;4914&#44;4915&#44;4917&#44;4920&#44;4925&#44;4926&#44;4933&#44;4936&#44;4938&#44;4939&#44;4942&#44;4944&#44;4946&#44;4947&#44;4948&#44;4950&#44;4952&#44;4955&#44;4958&#44;4961&#44;4962&#44;4963&#44;4969&#44;4972&#44;4973&#44;4974&#44;4982&#44;4983&#44;4985&#44;4987&#44;4989&#44;4990&#44;4991&#44;4992&#44;4994&#44;4996&#44;4998&#44;4999&#44;6181&#44;6188&#44;6189&#44;6201&#44;6202&#44;6203&#44;6204&#44;6205&#44;6212&#44;6213&#44;6216&#44;6217&#44;6218&#44;6219&#44;6220&#44;6225&#44;6228&#44;6235&#44;6236&#44;6238&#44;6239&#44;6240&#44;6242&#44;6244&#44;6245&#44;6246&#44;6247&#44;6249&#44;6251&#44;6252&#44;6254&#44;6255&#44;6256&#44;6257&#44;6259&#44;6260&#44;6261&#44;6262&#44;6265&#44;6267&#44;6269&#44;6270&#44;6275&#44;6302&#44;6304&#44;6305&#44;6307&#44;6308&#44;6309&#44;6310&#44;6311&#44;6312&#44;6313&#44;6314&#44;6315&#44;6317&#44;6319&#44;6320&#44;6321&#44;6322&#44;6324&#44;6325&#44;6326&#44;6327&#44;6328&#44;6329&#44;6330&#44;6331&#44;6332&#44;6333&#44;6334&#44;6335&#44;6336&#44;6338&#44;6339&#44;6341&#44;6342&#44;6343&#44;6344&#44;6345&#44;6347&#44;6348&#44;6349&#44;6350&#44;6351&#44;6352&#44;6353&#44;6354&#44;6355&#44;6356&#44;6357&#44;6358&#44;6359&#44;6360&#44;6361&#44;6363&#44;6364&#44;6365&#44;6366&#44;6367&#44;6368&#44;6369&#44;6371&#44;6372&#44;6373&#44;6375&#44;6376&#44;6378&#44;6379&#44;6380&#44;6381&#44;6382&#44;6383&#44;6384&#44;6386&#44;6387&#44;6388&#44;6401&#44;6402&#44;6403&#44;6404&#44;6405&#44;6406&#44;6407&#44;6408&#44;6409&#44;6410&#44;6412&#44;6413&#44;6414&#44;6415&#44;6418&#44;6419&#44;6420&#44;6421&#44;6422&#44;6423&#44;6425&#44;6426&#44;6427&#44;6428&#44;6429&#44;6431&#44;6433&#44;6434&#44;6435&#44;6436&#44;6437&#44;6439&#44;6440&#44;6441&#44;6443&#44;6444&#44;6445&#44;6448&#44;6449&#44;6450&#44;6452&#44;6453&#44;6454&#44;6455&#44;6456&#44;6457&#44;6458&#44;6460&#44;6462&#44;6463&#44;6464&#44;6472&#44;6474&#44;6479&#44;6482&#44;6485&#44;6487&#44;6489&#44;6501&#44;6502&#44;6503&#44;6505&#44;6506&#44;6507&#44;6509&#44;6512&#44;6517&#44;6518&#44;6520&#44;6521&#44;6524&#44;6527&#44;6528&#44;6535&#44;6536&#44;6539&#44;6540&#44;6543&#44;6547&#44;6549&#44;6562&#44;6565&#44;6569&#44;6570&#44;6571&#44;6572&#44;6573&#44;6575&#44;6581&#44;6582&#44;6604&#44;6605&#44;6606&#44;6608&#44;6609&#44;6610&#44;6612&#44;6613&#44;6614&#44;6615&#44;6616&#44;6617&#44;6619&#44;6620&#44;6621&#44;6622&#44;6624&#44;6626&#44;6628&#44;6630&#44;6631&#44;6632&#44;6633&#44;6634&#44;6635&#44;6636&#44;6637&#44;6643&#44;6644&#44;6646&#44;6650&#44;6651&#44;6652&#44;6653&#44;6655&#44;6657&#44;6658&#44;6659&#44;6660&#44;6661&#44;6662&#44;6663&#44;6664&#44;6666&#44;6667&#44;6670&#44;6671&#44;6672&#44;6673&#44;6674&#44;6675&#44;6676&#44;6677&#44;6678&#44;6679&#44;6680&#44;6682&#44;6683&#44;6684&#44;6685&#44;6686&#44;6689&#44;6690&#44;6692&#44;6693&#44;6779&#44;6781&#44;6867&#44;6976&#44;6979&#44;7189&#44;7658&#44;7676&#44;8102&#44;8104&#44;8106&#44;8107&#44;8111&#44;8112&#44;8114&#44;8115&#44;8116&#44;8117&#44;8119&#44;8120&#44;8123&#44;8125&#44;8126&#44;8128&#44;8129&#44;8130&#44;8132&#44;8133&#44;8134&#44;8135&#44;8136&#44;8138&#44;8139&#44;8141&#44;8142&#44;8144&#44;8145&#44;8146&#44;8147&#44;8149&#44;8150&#44;8151&#44;8152&#44;8153&#44;8155&#44;8156&#44;8157&#44;8158&#44;8160&#44;8161&#44;8162&#44;8163&#44;8164&#44;8165&#44;8166&#44;8167&#44;8168&#44;8169&#44;8172&#44;8173&#44;8174&#44;8175&#44;8176&#44;8177&#44;8181&#44;8182&#44;8183&#44;8184&#44;8185&#44;8186&#44;8188&#44;8190&#44;8191&#44;8192&#44;8193&#44;8194&#44;8196&#44;8197&#44;8201&#44;8202&#44;8203&#44;8205&#44;8207&#44;8208&#44;8209&#44;8210&#44;8211&#44;8213&#44;8215&#44;8218&#44;8219&#44;8220&#44;8221&#44;8222&#44;8223&#44;8224&#44;8225&#44;8226&#44;8227&#44;8228&#44;8236&#44;8237&#44;8238&#44;8239&#44;8241&#44;8242&#44;8243&#44;8244&#44;8245&#44;8246&#44;8247&#44;8248&#44;8250&#44;8251&#44;8252&#44;8253&#44;8254&#44;8256&#44;8257&#44;8259&#44;8261&#44;8262&#44;8263&#44;8264&#44;8265&#44;8266&#44;8267&#44;8268&#44;8269&#44;8270&#44;8271&#44;8272&#44;8273&#44;8274&#44;8275&#44;8276&#44;8277&#44;8278&#44;8279&#44;8280&#44;8281&#44;8282&#44;8283&#44;8284&#44;8285&#44;8286&#44;8287&#44;8288&#44;8289&#44;8290&#44;8291&#44;8292&#44;8293&#44;8294&#44;8295&#44;8296&#44;8297&#44;8298&#44;8299&#44;""",12/28/20,12/22/20,Y
layouts,Bakery Pallets,"""37-4&#44;77-4""",,2021,1/4/21,1-NewFolderStructure/C037_C077_Bakery_Pallets/C37_77_Bakery_Pallets_Effective_01042021_Updated_01122021/,_C37_77_Bakery_Pallets_Effective_01042021_Updated_01122021.pdf,"""4866&#44;6225&#44;6270&#44;6543&#44;6680&#44;6689&#44;6690&#44;8211&#44;""",1/25/21,1/11/21,N
layouts,Meat and Seafood,"""72&#44;76&#44;93""",,2021,1/4/21,1-NewFolderStructure/C076_C072_C093_Fresh_Meat_Seafood/Effective_01.11.2021/,_C72_C76_C93_Effective_01042021_Planogram_Updated_01082021.pdf,"""4745&#44;4795&#44;4866&#44;6225&#44;6252&#44;6270&#44;6543&#44;6680&#44;6689&#44;6690&#44;""",1/25/21,1/11/21,Y
layouts,Bakery Tables,"""37&#44;77""",,2021,1/4/21,1-NewFolderStructure/C037_C077_Bakery_Tables/C37_77_Bakery_Tables_Effective_01042021_Updated_01122021/,_C37_77_Bakery_Tables_Effective_01042021_Updated_01122021.pdf,"""4808&#44;4969&#44;6225&#44;6270&#44;6543&#44;6680&#44;6689&#44;6690&#44;6779&#44;""",1/25/21,1/12/21,N
layouts,Café Grab and Go,79-3,,2021,1/4/21,1-NewFolderStructure/C079_Cafe_Grab_n_Go/C79_Cafe_Grab_and_Go_Effective_01042021_Update_01132021/,_C79_Cafe_Grab_and_Go_Effective_01042021_Update_01132021.pdf,"""4772&#44;""",1/27/21,1/13/21,N
layouts,Meat and Seafood,"""72&#44;76&#44;93""",,2021,1/4/21,1-NewFolderStructure/C076_C072_C093_Fresh_Meat_Seafood/Effective_01.15.2021/,_C72_C76_C93_Effective_01042021_Planogram_Updated_01152021.pdf,"""8209&#44;4808&#44;8238&#44;4969&#44;6262&#44;""",1/25/21,1/15/21,Y
layouts,Coolers,42-2,,2021,1/4/21,1-NewFolderStructure/C042_Coolers/PR_C42_Effective_01042021_Planogram_Updated_02052021/,_C42_Effective_01042021_Planogram_Updated_02052021.pdf,"""4866&#44;6225&#44;6270&#44;6543&#44;6689&#44;6690&#44;""",2/9/21,2/5/21,N
layouts,Coolers,42-2,,2021,1/11/21,1-NewFolderStructure/C042_Coolers/C42_Effective_01112021_Planogram_Updated_02102021/,_C42_Effective_01112021_Planogram_Updated_02102021.pdf,"""4704&#44;4732&#44;4829&#44;6235&#44;6482&#44;6634&#44;""",2/10/21,2/10/21,N
layouts,Deli,57,,2021,1/25/21,1-NewFolderStructure/C057_Deli/C57_Effective_01252021_Planogram_Update_01-08-2021/,_C57_Effective_01252021_Planogram_Update_01-08-2021.pdf,"""4109&#44;4702&#44;4703&#44;4704&#44;4707&#44;4709&#44;4710&#44;4711&#44;4712&#44;4713&#44;4718&#44;4720&#44;4721&#44;4722&#44;4724&#44;4728&#44;4729&#44;4730&#44;4731&#44;4732&#44;4735&#44;4736&#44;4738&#44;4739&#44;4740&#44;4741&#44;4742&#44;4743&#44;4745&#44;4749&#44;4750&#44;4755&#44;4761&#44;4763&#44;4764&#44;4767&#44;4768&#44;4769&#44;4770&#44;4771&#44;4772&#44;4774&#44;4775&#44;4776&#44;4777&#44;4778&#44;4780&#44;4781&#44;4782&#44;4783&#44;4784&#44;4785&#44;4786&#44;4787&#44;4789&#44;4790&#44;4791&#44;4794&#44;4795&#44;4797&#44;4798&#44;4799&#44;4801&#44;4802&#44;4804&#44;4805&#44;4815&#44;4816&#44;4817&#44;4818&#44;4819&#44;4820&#44;4822&#44;4824&#44;4825&#44;4828&#44;4829&#44;4830&#44;4831&#44;4836&#44;4837&#44;4839&#44;4840&#44;4843&#44;4846&#44;4847&#44;4850&#44;4851&#44;4852&#44;4853&#44;4855&#44;4857&#44;4859&#44;4860&#44;4861&#44;4866&#44;4870&#44;4871&#44;4872&#44;4873&#44;4874&#44;4875&#44;4876&#44;4878&#44;4879&#44;4901&#44;4905&#44;4906&#44;4908&#44;4911&#44;4914&#44;4915&#44;4917&#44;4920&#44;4925&#44;4926&#44;4930&#44;4933&#44;4936&#44;4938&#44;4939&#44;4942&#44;4944&#44;4946&#44;4948&#44;4950&#44;4952&#44;4955&#44;4958&#44;4961&#44;4962&#44;4963&#44;4969&#44;4972&#44;4973&#44;4974&#44;4982&#44;4983&#44;4985&#44;4987&#44;4990&#44;4991&#44;4992&#44;4994&#44;4996&#44;4998&#44;4999&#44;6181&#44;6188&#44;6189&#44;6201&#44;6202&#44;6203&#44;6204&#44;6205&#44;6212&#44;6213&#44;6216&#44;6217&#44;6218&#44;6219&#44;6220&#44;6225&#44;6228&#44;6235&#44;6236&#44;6238&#44;6239&#44;6240&#44;6242&#44;6244&#44;6245&#44;6246&#44;6247&#44;6249&#44;6251&#44;6252&#44;6254&#44;6255&#44;6256&#44;6257&#44;6259&#44;6260&#44;6261&#44;6262&#44;6265&#44;6267&#44;6269&#44;6270&#44;6275&#44;6302&#44;6304&#44;6305&#44;6307&#44;6309&#44;6310&#44;6311&#44;6312&#44;6313&#44;6314&#44;6315&#44;6317&#44;6319&#44;6320&#44;6321&#44;6322&#44;6324&#44;6325&#44;6326&#44;6327&#44;6328&#44;6329&#44;6330&#44;6331&#44;6332&#44;6333&#44;6334&#44;6335&#44;6336&#44;6338&#44;6339&#44;6341&#44;6342&#44;6343&#44;6344&#44;6345&#44;6347&#44;6348&#44;6349&#44;6350&#44;6351&#44;6352&#44;6353&#44;6354&#44;6355&#44;6356&#44;6357&#44;6358&#44;6359&#44;6360&#44;6361&#44;6363&#44;6364&#44;6365&#44;6366&#44;6367&#44;6368&#44;6369&#44;6371&#44;6372&#44;6373&#44;6375&#44;6376&#44;6377&#44;6378&#44;6379&#44;6380&#44;6381&#44;6382&#44;6383&#44;6384&#44;6385&#44;6386&#44;6387&#44;6388&#44;6401&#44;6402&#44;6403&#44;6404&#44;6405&#44;6406&#44;6407&#44;6408&#44;6409&#44;6410&#44;6412&#44;6413&#44;6414&#44;6415&#44;6417&#44;6418&#44;6419&#44;6420&#44;6421&#44;6422&#44;6423&#44;6424&#44;6425&#44;6426&#44;6427&#44;6428&#44;6429&#44;6430&#44;6431&#44;6432&#44;6433&#44;6434&#44;6435&#44;6436&#44;6437&#44;6439&#44;6440&#44;6441&#44;6443&#44;6444&#44;6445&#44;6448&#44;6449&#44;6450&#44;6452&#44;6453&#44;6454&#44;6455&#44;6456&#44;6457&#44;6458&#44;6460&#44;6461&#44;6462&#44;6463&#44;6464&#44;6471&#44;6472&#44;6474&#44;6479&#44;6482&#44;6485&#44;6487&#44;6489&#44;6501&#44;6502&#44;6503&#44;6505&#44;6506&#44;6507&#44;6509&#44;6510&#44;6512&#44;6514&#44;6517&#44;6518&#44;6520&#44;6521&#44;6524&#44;6527&#44;6528&#44;6533&#44;6535&#44;6536&#44;6539&#44;6540&#44;6543&#44;6547&#44;6549&#44;6556&#44;6562&#44;6565&#44;6567&#44;6568&#44;6569&#44;6570&#44;6571&#44;6572&#44;6573&#44;6575&#44;6581&#44;6582&#44;6604&#44;6605&#44;6606&#44;6608&#44;6609&#44;6610&#44;6612&#44;6613&#44;6614&#44;6615&#44;6616&#44;6617&#44;6619&#44;6620&#44;6621&#44;6622&#44;6624&#44;6626&#44;6628&#44;6630&#44;6631&#44;6632&#44;6633&#44;6634&#44;6635&#44;6636&#44;6637&#44;6643&#44;6644&#44;6646&#44;6650&#44;6651&#44;6652&#44;6653&#44;6655&#44;6657&#44;6658&#44;6659&#44;6660&#44;6661&#44;6662&#44;6663&#44;6664&#44;6666&#44;6667&#44;6670&#44;6671&#44;6672&#44;6673&#44;6674&#44;6675&#44;6676&#44;6677&#44;6678&#44;6679&#44;6680&#44;6682&#44;6683&#44;6684&#44;6685&#44;6686&#44;6689&#44;6690&#44;6692&#44;6693&#44;6779&#44;6781&#44;6867&#44;6976&#44;6979&#44;7189&#44;7658&#44;7676&#44;8102&#44;8104&#44;8106&#44;8107&#44;8111&#44;8112&#44;8114&#44;8115&#44;8116&#44;8117&#44;8119&#44;8120&#44;8123&#44;8125&#44;8126&#44;8128&#44;8129&#44;8130&#44;8132&#44;8133&#44;8134&#44;8135&#44;8136&#44;8138&#44;8139&#44;8141&#44;8142&#44;8144&#44;8145&#44;8146&#44;8147&#44;8149&#44;8150&#44;8151&#44;8152&#44;8153&#44;8155&#44;8156&#44;8157&#44;8158&#44;8160&#44;8161&#44;8162&#44;8163&#44;8164&#44;8165&#44;8166&#44;8167&#44;8168&#44;8169&#44;8172&#44;8173&#44;8174&#44;8175&#44;8176&#44;8177&#44;8180&#44;8181&#44;8182&#44;8183&#44;8184&#44;8185&#44;8186&#44;8188&#44;8189&#44;8190&#44;8191&#44;8192&#44;8193&#44;8194&#44;8196&#44;8197&#44;8201&#44;8202&#44;8203&#44;8205&#44;8207&#44;8208&#44;8210&#44;8211&#44;8213&#44;8215&#44;8218&#44;8219&#44;8220&#44;8221&#44;8222&#44;8223&#44;8224&#44;8225&#44;8226&#44;8227&#44;8228&#44;8236&#44;8237&#44;8238&#44;8239&#44;8241&#44;8242&#44;8243&#44;8244&#44;8245&#44;8246&#44;8247&#44;8248&#44;8250&#44;8251&#44;8252&#44;8253&#44;8254&#44;8256&#44;8257&#44;8259&#44;8261&#44;8262&#44;8263&#44;8264&#44;8265&#44;8266&#44;8267&#44;8268&#44;8269&#44;8270&#44;8271&#44;8272&#44;8273&#44;8274&#44;8275&#44;8276&#44;8277&#44;8278&#44;8279&#44;8280&#44;8281&#44;8282&#44;8283&#44;8284&#44;8285&#44;8286&#44;8287&#44;8288&#44;8289&#44;8290&#44;8291&#44;8292&#44;8293&#44;8294&#44;8295&#44;8296&#44;8297&#44;8298&#44;8299&#44;""",1/11/21,1/8/21,Y
layouts,Deli,57,,2021,1/25/21,1-NewFolderStructure/C057_Deli/C57_Effective_01252021_Planogram_Update_01-27-2021/,_C57_Effective_01252021_Planogram_Update_01-27-2021.pdf,"""4808&#44;8209&#44;""",2/19/21,1/27/21,Y
layouts,Deli,57,,2021,1/25/21,1-NewFolderStructure/C057_Deli/C57_Effective_01252021_Planogram_Update_02-26-2021/,_C57_Effective_01252021_Planogram_Update_02-26-2021.pdf,"""4947&#44;4989&#44;6308&#44;""",3/4/21,2/26/21,N
layouts,Mattresses,60,,2021,1/26/21,https://sams-csp.cld.samsclub.com/clubs/,/planograms/60,"""4703&#44;4930&#44;6240&#44;6252&#44;6310&#44;6487&#44;6524&#44;8181&#44;8190&#44;8191&#44;8201&#44;8203&#44;8228&#44;8239&#44;8245&#44;8252&#44;8276&#44;8293&#44;4702&#44;4704&#44;4707&#44;4709&#44;4710&#44;4711&#44;4712&#44;4713&#44;4718&#44;4720&#44;4721&#44;4722&#44;4724&#44;4728&#44;4729&#44;4730&#44;4731&#44;4732&#44;4735&#44;4736&#44;4738&#44;4739&#44;4740&#44;4741&#44;4742&#44;4743&#44;4745&#44;4749&#44;4750&#44;4755&#44;4761&#44;4763&#44;4764&#44;4767&#44;4768&#44;4769&#44;4770&#44;4771&#44;4772&#44;4774&#44;4775&#44;4776&#44;4777&#44;4778&#44;4780&#44;4781&#44;4782&#44;4783&#44;4784&#44;4785&#44;4786&#44;4787&#44;4789&#44;4790&#44;4791&#44;4794&#44;4797&#44;4798&#44;4799&#44;4801&#44;4802&#44;4804&#44;4805&#44;4808&#44;4815&#44;4816&#44;4817&#44;4818&#44;4819&#44;4820&#44;4822&#44;4824&#44;4825&#44;4828&#44;4829&#44;4830&#44;4831&#44;4836&#44;4837&#44;4840&#44;4843&#44;4846&#44;4850&#44;4851&#44;4852&#44;4853&#44;4855&#44;4857&#44;4859&#44;4860&#44;4861&#44;4871&#44;4872&#44;4873&#44;4874&#44;4875&#44;4876&#44;4878&#44;4879&#44;4901&#44;4905&#44;4906&#44;4908&#44;4914&#44;4915&#44;4917&#44;4920&#44;4926&#44;4933&#44;4936&#44;4938&#44;4939&#44;4942&#44;4944&#44;4946&#44;4947&#44;4948&#44;4950&#44;4952&#44;4955&#44;4958&#44;4961&#44;4962&#44;4963&#44;4969&#44;4972&#44;4973&#44;4974&#44;4982&#44;4983&#44;4985&#44;4987&#44;4989&#44;4990&#44;4991&#44;4992&#44;4994&#44;4996&#44;4998&#44;4999&#44;6181&#44;6189&#44;6201&#44;6202&#44;6203&#44;6204&#44;6205&#44;6212&#44;6213&#44;6216&#44;6217&#44;6218&#44;6219&#44;6220&#44;6228&#44;6235&#44;6236&#44;6239&#44;6242&#44;6244&#44;6245&#44;6246&#44;6247&#44;6249&#44;6251&#44;6254&#44;6255&#44;6256&#44;6257&#44;6259&#44;6260&#44;6261&#44;6262&#44;6267&#44;6269&#44;6302&#44;6304&#44;6305&#44;6307&#44;6308&#44;6309&#44;6311&#44;6312&#44;6313&#44;6314&#44;6315&#44;6319&#44;6320&#44;6321&#44;6324&#44;6325&#44;6326&#44;6328&#44;6329&#44;6330&#44;6331&#44;6332&#44;6333&#44;6334&#44;6335&#44;6336&#44;6338&#44;6339&#44;6341&#44;6342&#44;6343&#44;6344&#44;6345&#44;6347&#44;6348&#44;6349&#44;6350&#44;6351&#44;6352&#44;6353&#44;6354&#44;6355&#44;6356&#44;6357&#44;6358&#44;6359&#44;6361&#44;6363&#44;6364&#44;6365&#44;6366&#44;6367&#44;6368&#44;6369&#44;6371&#44;6372&#44;6373&#44;6375&#44;6376&#44;6377&#44;6378&#44;6379&#44;6380&#44;6381&#44;6382&#44;6383&#44;6384&#44;6385&#44;6386&#44;6387&#44;6388&#44;6401&#44;6402&#44;6403&#44;6404&#44;6405&#44;6406&#44;6407&#44;6408&#44;6409&#44;6410&#44;6412&#44;6413&#44;6414&#44;6415&#44;6417&#44;6418&#44;6419&#44;6420&#44;6421&#44;6422&#44;6423&#44;6424&#44;6425&#44;6426&#44;6427&#44;6428&#44;6429&#44;6430&#44;6431&#44;6432&#44;6433&#44;6434&#44;6435&#44;6436&#44;6437&#44;6439&#44;6440&#44;6441&#44;6443&#44;6445&#44;6448&#44;6449&#44;6450&#44;6452&#44;6453&#44;6454&#44;6455&#44;6456&#44;6457&#44;6458&#44;6460&#44;6461&#44;6462&#44;6463&#44;6464&#44;6471&#44;6472&#44;6474&#44;6479&#44;6482&#44;6485&#44;6489&#44;6501&#44;6502&#44;6503&#44;6505&#44;6506&#44;6507&#44;6509&#44;6510&#44;6512&#44;6514&#44;6517&#44;6518&#44;6520&#44;6521&#44;6527&#44;6528&#44;6533&#44;6535&#44;6536&#44;6539&#44;6540&#44;6547&#44;6549&#44;6556&#44;6562&#44;6565&#44;6567&#44;6568&#44;6569&#44;6570&#44;6571&#44;6572&#44;6573&#44;6581&#44;6582&#44;6604&#44;6605&#44;6606&#44;6608&#44;6609&#44;6610&#44;6612&#44;6613&#44;6614&#44;6615&#44;6616&#44;6617&#44;6619&#44;6620&#44;6621&#44;6622&#44;6624&#44;6626&#44;6628&#44;6630&#44;6631&#44;6632&#44;6633&#44;6636&#44;6637&#44;6643&#44;6644&#44;6646&#44;6650&#44;6651&#44;6652&#44;6653&#44;6655&#44;6657&#44;6658&#44;6659&#44;6660&#44;6661&#44;6662&#44;6663&#44;6664&#44;6666&#44;6667&#44;6670&#44;6671&#44;6672&#44;6673&#44;6674&#44;6675&#44;6676&#44;6677&#44;6678&#44;6679&#44;6682&#44;6683&#44;6684&#44;6685&#44;6686&#44;6692&#44;6693&#44;6779&#44;6781&#44;6867&#44;6976&#44;6979&#44;7189&#44;7658&#44;7676&#44;8102&#44;8104&#44;8106&#44;8107&#44;8111&#44;8112&#44;8114&#44;8115&#44;8116&#44;8117&#44;8119&#44;8120&#44;8123&#44;8125&#44;8126&#44;8128&#44;8129&#44;8130&#44;8132&#44;8133&#44;8134&#44;8135&#44;8136&#44;8138&#44;8139&#44;8141&#44;8142&#44;8144&#44;8145&#44;8147&#44;8149&#44;8150&#44;8151&#44;8152&#44;8153&#44;8155&#44;8156&#44;8157&#44;8158&#44;8160&#44;8161&#44;8162&#44;8163&#44;8164&#44;8165&#44;8166&#44;8167&#44;8168&#44;8169&#44;8172&#44;8173&#44;8174&#44;8175&#44;8176&#44;8177&#44;8180&#44;8182&#44;8183&#44;8184&#44;8185&#44;8186&#44;8188&#44;8189&#44;8192&#44;8193&#44;8194&#44;8196&#44;8197&#44;8202&#44;8205&#44;8207&#44;8208&#44;8209&#44;8210&#44;8211&#44;8213&#44;8215&#44;8218&#44;8219&#44;8220&#44;8221&#44;8222&#44;8223&#44;8224&#44;8225&#44;8227&#44;8236&#44;8237&#44;8238&#44;8241&#44;8242&#44;8243&#44;8244&#44;8246&#44;8247&#44;8248&#44;8250&#44;8251&#44;8253&#44;8254&#44;8256&#44;8257&#44;8259&#44;8261&#44;8262&#44;8263&#44;8264&#44;8265&#44;8266&#44;8267&#44;8268&#44;8269&#44;8270&#44;8271&#44;8272&#44;8273&#44;8274&#44;8275&#44;8277&#44;8278&#44;8279&#44;8280&#44;8281&#44;8282&#44;8283&#44;8284&#44;8285&#44;8286&#44;8287&#44;8288&#44;8289&#44;8290&#44;8291&#44;8292&#44;8294&#44;8295&#44;8296&#44;8297&#44;8298&#44;8299&#44;4795&#44;4839&#44;4847&#44;4870&#44;4911&#44;6188&#44;6238&#44;6265&#44;6275&#44;6317&#44;6322&#44;6327&#44;6360&#44;6444&#44;6575&#44;6634&#44;6635&#44;8146&#44;8226&#44;4109&#44;4866&#44;6225&#44;6270&#44;6543&#44;6680&#44;6689&#44;6690&#44;4925&#44;8187&#44;""",1/29/21,2/15/21,N
layouts,Bakery Dessert,"""37-2&#44;77-2""",,2021,2/1/21,1-NewFolderStructure/C037_C077_Bakery_Dessert/C77_C37_Dessert_Effective_02012021_Updated_01212021/,_C77_C37_Effective_02012021_Updated_01212021.pdf,"""4109&#44;4702&#44;4703&#44;4704&#44;4707&#44;4709&#44;4710&#44;4711&#44;4712&#44;4713&#44;4718&#44;4720&#44;4721&#44;4722&#44;4724&#44;4728&#44;4729&#44;4730&#44;4731&#44;4732&#44;4735&#44;4736&#44;4738&#44;4739&#44;4740&#44;4741&#44;4742&#44;4743&#44;4745&#44;4749&#44;4750&#44;4755&#44;4761&#44;4763&#44;4764&#44;4767&#44;4768&#44;4769&#44;4770&#44;4771&#44;4772&#44;4774&#44;4775&#44;4776&#44;4777&#44;4778&#44;4780&#44;4781&#44;4782&#44;4783&#44;4784&#44;4785&#44;4786&#44;4787&#44;4789&#44;4790&#44;4791&#44;4794&#44;4795&#44;4797&#44;4798&#44;4799&#44;4801&#44;4802&#44;4804&#44;4805&#44;4808&#44;4815&#44;4816&#44;4817&#44;4818&#44;4819&#44;4820&#44;4822&#44;4824&#44;4825&#44;4828&#44;4829&#44;4830&#44;4831&#44;4836&#44;4837&#44;4839&#44;4840&#44;4843&#44;4846&#44;4847&#44;4850&#44;4851&#44;4852&#44;4853&#44;4855&#44;4857&#44;4859&#44;4860&#44;4861&#44;4866&#44;4870&#44;4872&#44;4873&#44;4874&#44;4875&#44;4876&#44;4878&#44;4879&#44;4901&#44;4905&#44;4906&#44;4911&#44;4914&#44;4915&#44;4917&#44;4920&#44;4925&#44;4926&#44;4933&#44;4936&#44;4938&#44;4939&#44;4942&#44;4944&#44;4946&#44;4947&#44;4948&#44;4950&#44;4952&#44;4955&#44;4958&#44;4961&#44;4962&#44;4963&#44;4969&#44;4972&#44;4973&#44;4974&#44;4982&#44;4983&#44;4985&#44;4987&#44;4989&#44;4990&#44;4991&#44;4992&#44;4994&#44;4996&#44;4998&#44;4999&#44;6181&#44;6188&#44;6189&#44;6201&#44;6202&#44;6203&#44;6204&#44;6205&#44;6212&#44;6213&#44;6216&#44;6217&#44;6218&#44;6219&#44;6220&#44;6225&#44;6228&#44;6235&#44;6236&#44;6238&#44;6239&#44;6240&#44;6242&#44;6244&#44;6245&#44;6246&#44;6247&#44;6249&#44;6251&#44;6252&#44;6254&#44;6255&#44;6256&#44;6257&#44;6259&#44;6260&#44;6261&#44;6262&#44;6265&#44;6267&#44;6269&#44;6270&#44;6275&#44;6302&#44;6304&#44;6305&#44;6307&#44;6308&#44;6309&#44;6310&#44;6311&#44;6312&#44;6313&#44;6314&#44;6315&#44;6317&#44;6319&#44;6320&#44;6321&#44;6322&#44;6324&#44;6325&#44;6326&#44;6327&#44;6328&#44;6329&#44;6330&#44;6331&#44;6332&#44;6333&#44;6334&#44;6335&#44;6336&#44;6338&#44;6339&#44;6341&#44;6342&#44;6343&#44;6344&#44;6345&#44;6347&#44;6348&#44;6349&#44;6350&#44;6351&#44;6352&#44;6353&#44;6354&#44;6355&#44;6356&#44;6357&#44;6358&#44;6359&#44;6360&#44;6361&#44;6363&#44;6364&#44;6365&#44;6366&#44;6367&#44;6368&#44;6369&#44;6371&#44;6372&#44;6373&#44;6375&#44;6376&#44;6378&#44;6379&#44;6380&#44;6381&#44;6382&#44;6383&#44;6384&#44;6386&#44;6387&#44;6388&#44;6401&#44;6402&#44;6403&#44;6404&#44;6405&#44;6406&#44;6407&#44;6408&#44;6409&#44;6410&#44;6412&#44;6413&#44;6414&#44;6415&#44;6418&#44;6419&#44;6420&#44;6421&#44;6422&#44;6423&#44;6425&#44;6426&#44;6427&#44;6428&#44;6429&#44;6431&#44;6433&#44;6434&#44;6435&#44;6436&#44;6437&#44;6439&#44;6440&#44;6441&#44;6443&#44;6444&#44;6445&#44;6448&#44;6449&#44;6450&#44;6452&#44;6453&#44;6454&#44;6455&#44;6456&#44;6457&#44;6458&#44;6460&#44;6462&#44;6463&#44;6464&#44;6472&#44;6474&#44;6479&#44;6482&#44;6485&#44;6487&#44;6489&#44;6501&#44;6502&#44;6503&#44;6505&#44;6506&#44;6507&#44;6509&#44;6512&#44;6517&#44;6518&#44;6520&#44;6521&#44;6524&#44;6527&#44;6528&#44;6535&#44;6536&#44;6539&#44;6543&#44;6547&#44;6549&#44;6562&#44;6565&#44;6569&#44;6570&#44;6571&#44;6572&#44;6573&#44;6575&#44;6581&#44;6582&#44;6604&#44;6605&#44;6606&#44;6608&#44;6609&#44;6610&#44;6612&#44;6613&#44;6614&#44;6615&#44;6616&#44;6617&#44;6619&#44;6620&#44;6621&#44;6622&#44;6624&#44;6626&#44;6628&#44;6630&#44;6631&#44;6632&#44;6633&#44;6634&#44;6635&#44;6636&#44;6637&#44;6643&#44;6644&#44;6646&#44;6650&#44;6651&#44;6652&#44;6653&#44;6655&#44;6657&#44;6658&#44;6659&#44;6660&#44;6661&#44;6662&#44;6663&#44;6664&#44;6666&#44;6667&#44;6670&#44;6671&#44;6672&#44;6673&#44;6674&#44;6675&#44;6676&#44;6677&#44;6678&#44;6679&#44;6680&#44;6682&#44;6683&#44;6684&#44;6685&#44;6686&#44;6689&#44;6690&#44;6692&#44;6693&#44;6779&#44;6781&#44;6867&#44;6976&#44;6979&#44;7189&#44;7658&#44;7676&#44;8102&#44;8104&#44;8106&#44;8107&#44;8111&#44;8112&#44;8114&#44;8115&#44;8116&#44;8117&#44;8119&#44;8120&#44;8123&#44;8125&#44;8126&#44;8128&#44;8129&#44;8130&#44;8132&#44;8133&#44;8134&#44;8135&#44;8136&#44;8138&#44;8139&#44;8141&#44;8142&#44;8144&#44;8145&#44;8146&#44;8147&#44;8149&#44;8150&#44;8151&#44;8152&#44;8153&#44;8155&#44;8156&#44;8157&#44;8158&#44;8160&#44;8161&#44;8162&#44;8163&#44;8164&#44;8165&#44;8166&#44;8167&#44;8168&#44;8169&#44;8172&#44;8173&#44;8174&#44;8175&#44;8176&#44;8177&#44;8181&#44;8182&#44;8183&#44;8184&#44;8185&#44;8186&#44;8188&#44;8190&#44;8191&#44;8192&#44;8193&#44;8194&#44;8196&#44;8197&#44;8201&#44;8202&#44;8203&#44;8205&#44;8207&#44;8208&#44;8209&#44;8210&#44;8211&#44;8213&#44;8215&#44;8218&#44;8219&#44;8220&#44;8221&#44;8222&#44;8223&#44;8224&#44;8225&#44;8226&#44;8227&#44;8228&#44;8236&#44;8237&#44;8238&#44;8239&#44;8241&#44;8242&#44;8243&#44;8244&#44;8245&#44;8246&#44;8247&#44;8248&#44;8250&#44;8251&#44;8252&#44;8253&#44;8254&#44;8256&#44;8257&#44;8259&#44;8261&#44;8262&#44;8263&#44;8264&#44;8265&#44;8266&#44;8267&#44;8268&#44;8269&#44;8270&#44;8271&#44;8272&#44;8273&#44;8274&#44;8275&#44;8276&#44;8277&#44;8278&#44;8279&#44;8280&#44;8281&#44;8282&#44;8283&#44;8284&#44;8285&#44;8286&#44;8287&#44;8288&#44;8289&#44;8290&#44;8291&#44;8292&#44;8293&#44;8294&#44;8295&#44;8296&#44;8297&#44;8298&#44;8299&#44;""",1/26/21,1/21/21,Y
layouts,Cake Case,"""37-3&#44;77-3""",,2021,2/1/21,1-NewFolderStructure/C037_C077_Cake_Case/C037_077 Effective 02012021_Cake_Case/,_C77_C37_Effective_02012021_Updated_01212021.pdf,"""4109&#44;4702&#44;4703&#44;4704&#44;4707&#44;4709&#44;4710&#44;4711&#44;4712&#44;4713&#44;4718&#44;4720&#44;4721&#44;4722&#44;4724&#44;4728&#44;4729&#44;4730&#44;4731&#44;4732&#44;4735&#44;4736&#44;4738&#44;4739&#44;4740&#44;4741&#44;4742&#44;4743&#44;4745&#44;4749&#44;4750&#44;4755&#44;4761&#44;4763&#44;4764&#44;4767&#44;4768&#44;4769&#44;4770&#44;4771&#44;4772&#44;4774&#44;4775&#44;4776&#44;4777&#44;4778&#44;4780&#44;4781&#44;4782&#44;4783&#44;4784&#44;4785&#44;4786&#44;4787&#44;4789&#44;4790&#44;4791&#44;4794&#44;4795&#44;4797&#44;4798&#44;4799&#44;4801&#44;4802&#44;4804&#44;4805&#44;4808&#44;4815&#44;4816&#44;4817&#44;4818&#44;4819&#44;4820&#44;4822&#44;4824&#44;4825&#44;4828&#44;4829&#44;4830&#44;4831&#44;4836&#44;4837&#44;4839&#44;4840&#44;4843&#44;4846&#44;4847&#44;4850&#44;4851&#44;4852&#44;4853&#44;4855&#44;4857&#44;4859&#44;4860&#44;4861&#44;4866&#44;4870&#44;4872&#44;4873&#44;4874&#44;4875&#44;4876&#44;4878&#44;4879&#44;4901&#44;4905&#44;4906&#44;4911&#44;4914&#44;4915&#44;4917&#44;4920&#44;4925&#44;4926&#44;4933&#44;4936&#44;4938&#44;4939&#44;4942&#44;4944&#44;4946&#44;4947&#44;4948&#44;4950&#44;4952&#44;4955&#44;4958&#44;4961&#44;4962&#44;4963&#44;4969&#44;4972&#44;4973&#44;4974&#44;4982&#44;4983&#44;4985&#44;4987&#44;4989&#44;4990&#44;4991&#44;4992&#44;4994&#44;4996&#44;4998&#44;4999&#44;6181&#44;6188&#44;6189&#44;6201&#44;6202&#44;6203&#44;6204&#44;6205&#44;6212&#44;6213&#44;6216&#44;6217&#44;6218&#44;6219&#44;6220&#44;6225&#44;6228&#44;6235&#44;6236&#44;6238&#44;6239&#44;6240&#44;6242&#44;6244&#44;6245&#44;6246&#44;6247&#44;6249&#44;6251&#44;6252&#44;6254&#44;6255&#44;6256&#44;6257&#44;6259&#44;6260&#44;6261&#44;6262&#44;6265&#44;6267&#44;6269&#44;6270&#44;6275&#44;6302&#44;6304&#44;6305&#44;6307&#44;6308&#44;6309&#44;6310&#44;6311&#44;6312&#44;6313&#44;6314&#44;6315&#44;6317&#44;6319&#44;6320&#44;6321&#44;6322&#44;6324&#44;6325&#44;6326&#44;6327&#44;6328&#44;6329&#44;6330&#44;6331&#44;6332&#44;6333&#44;6334&#44;6335&#44;6336&#44;6338&#44;6339&#44;6341&#44;6342&#44;6343&#44;6344&#44;6345&#44;6347&#44;6348&#44;6349&#44;6350&#44;6351&#44;6352&#44;6353&#44;6354&#44;6355&#44;6356&#44;6357&#44;6358&#44;6359&#44;6360&#44;6361&#44;6363&#44;6364&#44;6365&#44;6366&#44;6367&#44;6368&#44;6369&#44;6371&#44;6372&#44;6373&#44;6375&#44;6376&#44;6378&#44;6379&#44;6380&#44;6381&#44;6382&#44;6383&#44;6384&#44;6386&#44;6387&#44;6388&#44;6401&#44;6402&#44;6403&#44;6404&#44;6405&#44;6406&#44;6407&#44;6408&#44;6409&#44;6410&#44;6412&#44;6413&#44;6414&#44;6415&#44;6418&#44;6419&#44;6420&#44;6421&#44;6422&#44;6423&#44;6425&#44;6426&#44;6427&#44;6428&#44;6429&#44;6431&#44;6433&#44;6434&#44;6435&#44;6436&#44;6437&#44;6439&#44;6440&#44;6441&#44;6443&#44;6444&#44;6445&#44;6448&#44;6449&#44;6450&#44;6452&#44;6453&#44;6454&#44;6455&#44;6456&#44;6457&#44;6458&#44;6460&#44;6462&#44;6463&#44;6464&#44;6472&#44;6474&#44;6479&#44;6482&#44;6485&#44;6487&#44;6489&#44;6501&#44;6502&#44;6503&#44;6505&#44;6506&#44;6507&#44;6509&#44;6512&#44;6517&#44;6518&#44;6520&#44;6521&#44;6524&#44;6527&#44;6528&#44;6535&#44;6536&#44;6539&#44;6540&#44;6543&#44;6547&#44;6549&#44;6562&#44;6565&#44;6569&#44;6570&#44;6571&#44;6572&#44;6573&#44;6575&#44;6581&#44;6582&#44;6604&#44;6605&#44;6606&#44;6608&#44;6609&#44;6610&#44;6612&#44;6613&#44;6614&#44;6615&#44;6616&#44;6617&#44;6619&#44;6620&#44;6621&#44;6622&#44;6624&#44;6626&#44;6628&#44;6630&#44;6631&#44;6632&#44;6633&#44;6634&#44;6635&#44;6636&#44;6637&#44;6643&#44;6644&#44;6646&#44;6650&#44;6651&#44;6652&#44;6653&#44;6655&#44;6657&#44;6658&#44;6659&#44;6660&#44;6661&#44;6662&#44;6663&#44;6664&#44;6666&#44;6667&#44;6670&#44;6671&#44;6672&#44;6673&#44;6674&#44;6675&#44;6676&#44;6677&#44;6678&#44;6679&#44;6680&#44;6682&#44;6683&#44;6684&#44;6685&#44;6686&#44;6689&#44;6690&#44;6692&#44;6693&#44;6779&#44;6781&#44;6867&#44;6976&#44;6979&#44;7189&#44;7658&#44;7676&#44;8102&#44;8104&#44;8106&#44;8107&#44;8111&#44;8112&#44;8114&#44;8115&#44;8116&#44;8117&#44;8119&#44;8120&#44;8123&#44;8125&#44;8126&#44;8128&#44;8129&#44;8130&#44;8132&#44;8133&#44;8134&#44;8135&#44;8136&#44;8138&#44;8139&#44;8141&#44;8142&#44;8144&#44;8145&#44;8146&#44;8147&#44;8149&#44;8150&#44;8151&#44;8152&#44;8153&#44;8155&#44;8156&#44;8157&#44;8158&#44;8160&#44;8161&#44;8162&#44;8163&#44;8164&#44;8165&#44;8166&#44;8167&#44;8168&#44;8169&#44;8172&#44;8173&#44;8174&#44;8175&#44;8176&#44;8177&#44;8181&#44;8182&#44;8183&#44;8184&#44;8185&#44;8186&#44;8188&#44;8190&#44;8191&#44;8192&#44;8193&#44;8194&#44;8196&#44;8197&#44;8201&#44;8202&#44;8203&#44;8205&#44;8207&#44;8208&#44;8209&#44;8210&#44;8211&#44;8213&#44;8215&#44;8218&#44;8219&#44;8220&#44;8221&#44;8222&#44;8223&#44;8224&#44;8225&#44;8226&#44;8227&#44;8228&#44;8236&#44;8237&#44;8238&#44;8239&#44;8241&#44;8242&#44;8243&#44;8244&#44;8245&#44;8246&#44;8247&#44;8248&#44;8250&#44;8251&#44;8252&#44;8253&#44;8254&#44;8256&#44;8257&#44;8259&#44;8261&#44;8262&#44;8263&#44;8264&#44;8265&#44;8266&#44;8267&#44;8268&#44;8269&#44;8270&#44;8271&#44;8272&#44;8273&#44;8274&#44;8275&#44;8276&#44;8277&#44;8278&#44;8279&#44;8280&#44;8281&#44;8282&#44;8283&#44;8284&#44;8285&#44;8286&#44;8287&#44;8288&#44;8289&#44;8290&#44;8291&#44;8292&#44;8293&#44;8294&#44;8295&#44;8296&#44;8297&#44;8298&#44;8299&#44;""",1/26/21,1/21/21,Y
layouts,Bakery Tables,"""37&#44;77""",,2021,2/1/21,1-NewFolderStructure/C037_C077_Bakery_Tables/C37_77_Bakery_Tables_Effective_02012021_Updated_01222021/,_C37_77_Bakery_Tables_Effective_02012021_Updated_01222021.pdf,"""4109&#44;4702&#44;4703&#44;4704&#44;4707&#44;4709&#44;4710&#44;4711&#44;4712&#44;4713&#44;4718&#44;4720&#44;4721&#44;4722&#44;4724&#44;4728&#44;4729&#44;4730&#44;4731&#44;4732&#44;4735&#44;4736&#44;4738&#44;4739&#44;4740&#44;4741&#44;4742&#44;4743&#44;4745&#44;4749&#44;4750&#44;4755&#44;4761&#44;4763&#44;4764&#44;4767&#44;4768&#44;4769&#44;4771&#44;4772&#44;4774&#44;4775&#44;4776&#44;4777&#44;4778&#44;4780&#44;4781&#44;4782&#44;4783&#44;4784&#44;4785&#44;4786&#44;4787&#44;4789&#44;4790&#44;4791&#44;4794&#44;4795&#44;4797&#44;4798&#44;4799&#44;4801&#44;4802&#44;4804&#44;4805&#44;4808&#44;4815&#44;4816&#44;4817&#44;4818&#44;4819&#44;4820&#44;4822&#44;4824&#44;4825&#44;4828&#44;4829&#44;4830&#44;4831&#44;4836&#44;4837&#44;4840&#44;4843&#44;4846&#44;4847&#44;4850&#44;4851&#44;4852&#44;4853&#44;4855&#44;4857&#44;4859&#44;4860&#44;4861&#44;4866&#44;4870&#44;4872&#44;4873&#44;4874&#44;4875&#44;4876&#44;4878&#44;4879&#44;4901&#44;4905&#44;4906&#44;4911&#44;4914&#44;4915&#44;4917&#44;4925&#44;4926&#44;4933&#44;4936&#44;4938&#44;4939&#44;4942&#44;4944&#44;4946&#44;4947&#44;4948&#44;4950&#44;4952&#44;4955&#44;4958&#44;4961&#44;4962&#44;4963&#44;4969&#44;4972&#44;4973&#44;4974&#44;4982&#44;4983&#44;4989&#44;4990&#44;4991&#44;4992&#44;4994&#44;4996&#44;4998&#44;4999&#44;6181&#44;6188&#44;6189&#44;6201&#44;6202&#44;6203&#44;6204&#44;6205&#44;6212&#44;6213&#44;6216&#44;6217&#44;6218&#44;6219&#44;6220&#44;6225&#44;6228&#44;6235&#44;6236&#44;6239&#44;6240&#44;6242&#44;6244&#44;6245&#44;6246&#44;6249&#44;6251&#44;6252&#44;6254&#44;6255&#44;6256&#44;6257&#44;6259&#44;6260&#44;6261&#44;6262&#44;6265&#44;6269&#44;6270&#44;6302&#44;6304&#44;6305&#44;6307&#44;6308&#44;6309&#44;6310&#44;6311&#44;6312&#44;6313&#44;6314&#44;6315&#44;6317&#44;6319&#44;6320&#44;6321&#44;6322&#44;6324&#44;6325&#44;6326&#44;6327&#44;6328&#44;6329&#44;6330&#44;6331&#44;6332&#44;6333&#44;6334&#44;6335&#44;6336&#44;6338&#44;6339&#44;6341&#44;6342&#44;6343&#44;6344&#44;6345&#44;6347&#44;6348&#44;6349&#44;6350&#44;6351&#44;6352&#44;6353&#44;6354&#44;6355&#44;6356&#44;6357&#44;6358&#44;6359&#44;6360&#44;6361&#44;6363&#44;6364&#44;6365&#44;6366&#44;6367&#44;6368&#44;6369&#44;6371&#44;6372&#44;6373&#44;6375&#44;6376&#44;6378&#44;6379&#44;6380&#44;6381&#44;6382&#44;6383&#44;6384&#44;6385&#44;6386&#44;6387&#44;6388&#44;6401&#44;6402&#44;6403&#44;6404&#44;6405&#44;6406&#44;6407&#44;6408&#44;6409&#44;6410&#44;6412&#44;6413&#44;6414&#44;6415&#44;6418&#44;6419&#44;6420&#44;6421&#44;6422&#44;6423&#44;6426&#44;6427&#44;6428&#44;6429&#44;6430&#44;6431&#44;6433&#44;6434&#44;6435&#44;6436&#44;6437&#44;6439&#44;6440&#44;6441&#44;6443&#44;6444&#44;6445&#44;6448&#44;6449&#44;6450&#44;6452&#44;6453&#44;6454&#44;6455&#44;6456&#44;6457&#44;6458&#44;6460&#44;6462&#44;6463&#44;6464&#44;6472&#44;6479&#44;6482&#44;6485&#44;6487&#44;6489&#44;6501&#44;6502&#44;6503&#44;6505&#44;6506&#44;6507&#44;6509&#44;6512&#44;6517&#44;6518&#44;6520&#44;6521&#44;6524&#44;6527&#44;6528&#44;6535&#44;6536&#44;6539&#44;6540&#44;6543&#44;6547&#44;6562&#44;6565&#44;6569&#44;6570&#44;6571&#44;6572&#44;6573&#44;6575&#44;6581&#44;6582&#44;6604&#44;6605&#44;6606&#44;6608&#44;6609&#44;6610&#44;6612&#44;6613&#44;6614&#44;6615&#44;6616&#44;6617&#44;6619&#44;6620&#44;6621&#44;6622&#44;6624&#44;6626&#44;6628&#44;6630&#44;6631&#44;6632&#44;6634&#44;6635&#44;6636&#44;6637&#44;6643&#44;6644&#44;6646&#44;6650&#44;6651&#44;6652&#44;6653&#44;6655&#44;6657&#44;6658&#44;6659&#44;6660&#44;6661&#44;6662&#44;6664&#44;6666&#44;6667&#44;6670&#44;6672&#44;6673&#44;6674&#44;6675&#44;6676&#44;6677&#44;6678&#44;6679&#44;6680&#44;6682&#44;6683&#44;6684&#44;6685&#44;6686&#44;6689&#44;6690&#44;6692&#44;6693&#44;6779&#44;6781&#44;6867&#44;6976&#44;6979&#44;7189&#44;7658&#44;7676&#44;8102&#44;8106&#44;8107&#44;8111&#44;8112&#44;8114&#44;8115&#44;8116&#44;8117&#44;8120&#44;8123&#44;8125&#44;8126&#44;8128&#44;8129&#44;8130&#44;8132&#44;8133&#44;8134&#44;8135&#44;8136&#44;8138&#44;8139&#44;8141&#44;8142&#44;8144&#44;8145&#44;8146&#44;8149&#44;8150&#44;8151&#44;8152&#44;8153&#44;8155&#44;8156&#44;8157&#44;8158&#44;8160&#44;8161&#44;8162&#44;8163&#44;8164&#44;8165&#44;8166&#44;8167&#44;8168&#44;8169&#44;8172&#44;8173&#44;8174&#44;8175&#44;8176&#44;8177&#44;8181&#44;8182&#44;8183&#44;8184&#44;8185&#44;8186&#44;8188&#44;8189&#44;8190&#44;8191&#44;8192&#44;8193&#44;8194&#44;8196&#44;8197&#44;8201&#44;8202&#44;8203&#44;8205&#44;8207&#44;8210&#44;8211&#44;8213&#44;8215&#44;8218&#44;8219&#44;8220&#44;8221&#44;8222&#44;8223&#44;8224&#44;8225&#44;8226&#44;8227&#44;8228&#44;8236&#44;8237&#44;8238&#44;8239&#44;8241&#44;8242&#44;8244&#44;8245&#44;8246&#44;8247&#44;8248&#44;8250&#44;8251&#44;8252&#44;8253&#44;8254&#44;8256&#44;8257&#44;8259&#44;8261&#44;8262&#44;8263&#44;8264&#44;8265&#44;8267&#44;8268&#44;8269&#44;8270&#44;8271&#44;8272&#44;8273&#44;8274&#44;8275&#44;8276&#44;8277&#44;8278&#44;8279&#44;8280&#44;8281&#44;8282&#44;8283&#44;8284&#44;8285&#44;8286&#44;8287&#44;8288&#44;8289&#44;8290&#44;8291&#44;8292&#44;8294&#44;8295&#44;8297&#44;8299&#44;""",1/25/21,1/22/21,Y
layouts,Meat and Seafood,"""72&#44;76&#44;93""",,2021,2/1/21,1-NewFolderStructure/C076_C072_C093_Fresh_Meat_Seafood/C72_C76_C93_Effective_02012021_Planogram_Updated_01222021/,_C72_C76_C93_Effective_02012021_Planogram_Updated_01222021.pdf,"""4109&#44;4702&#44;4703&#44;4704&#44;4709&#44;4710&#44;4712&#44;4718&#44;4720&#44;4721&#44;4722&#44;4724&#44;4728&#44;4731&#44;4732&#44;4735&#44;4739&#44;4741&#44;4743&#44;4745&#44;4749&#44;4750&#44;4755&#44;4761&#44;4763&#44;4764&#44;4767&#44;4768&#44;4769&#44;4770&#44;4771&#44;4772&#44;4776&#44;4777&#44;4778&#44;4780&#44;4781&#44;4782&#44;4784&#44;4786&#44;4791&#44;4794&#44;4797&#44;4798&#44;4799&#44;4801&#44;4802&#44;4815&#44;4816&#44;4817&#44;4818&#44;4819&#44;4822&#44;4824&#44;4825&#44;4828&#44;4829&#44;4830&#44;4836&#44;4839&#44;4840&#44;4846&#44;4850&#44;4851&#44;4852&#44;4853&#44;4855&#44;4857&#44;4860&#44;4861&#44;4866&#44;4870&#44;4872&#44;4873&#44;4875&#44;4876&#44;4878&#44;4879&#44;4901&#44;4905&#44;4906&#44;4908&#44;4911&#44;4914&#44;4915&#44;4917&#44;4920&#44;4925&#44;4926&#44;4930&#44;4938&#44;4939&#44;4942&#44;4944&#44;4946&#44;4947&#44;4948&#44;4950&#44;4955&#44;4958&#44;4961&#44;4962&#44;4963&#44;4972&#44;4973&#44;4974&#44;4982&#44;4983&#44;4987&#44;4989&#44;4992&#44;4994&#44;4996&#44;4999&#44;6188&#44;6202&#44;6203&#44;6205&#44;6213&#44;6216&#44;6217&#44;6219&#44;6225&#44;6228&#44;6235&#44;6236&#44;6238&#44;6240&#44;6244&#44;6245&#44;6246&#44;6247&#44;6252&#44;6255&#44;6256&#44;6257&#44;6259&#44;6260&#44;6261&#44;6267&#44;6269&#44;6270&#44;6275&#44;6302&#44;6304&#44;6305&#44;6307&#44;6308&#44;6312&#44;6313&#44;6314&#44;6315&#44;6319&#44;6321&#44;6322&#44;6324&#44;6325&#44;6326&#44;6327&#44;6328&#44;6330&#44;6331&#44;6332&#44;6334&#44;6336&#44;6338&#44;6339&#44;6341&#44;6342&#44;6343&#44;6345&#44;6347&#44;6349&#44;6350&#44;6351&#44;6353&#44;6355&#44;6358&#44;6359&#44;6360&#44;6364&#44;6365&#44;6367&#44;6368&#44;6372&#44;6373&#44;6375&#44;6376&#44;6377&#44;6378&#44;6379&#44;6380&#44;6381&#44;6382&#44;6383&#44;6384&#44;6387&#44;6388&#44;6401&#44;6402&#44;6403&#44;6404&#44;6405&#44;6407&#44;6408&#44;6409&#44;6410&#44;6412&#44;6413&#44;6415&#44;6417&#44;6418&#44;6419&#44;6420&#44;6421&#44;6422&#44;6424&#44;6425&#44;6426&#44;6429&#44;6430&#44;6433&#44;6435&#44;6437&#44;6439&#44;6441&#44;6443&#44;6444&#44;6445&#44;6448&#44;6449&#44;6450&#44;6452&#44;6453&#44;6454&#44;6455&#44;6458&#44;6461&#44;6463&#44;6464&#44;6471&#44;6474&#44;6479&#44;6482&#44;6485&#44;6487&#44;6489&#44;6501&#44;6502&#44;6505&#44;6507&#44;6509&#44;6512&#44;6517&#44;6518&#44;6520&#44;6528&#44;6536&#44;6540&#44;6543&#44;6547&#44;6549&#44;6556&#44;6562&#44;6565&#44;6567&#44;6569&#44;6570&#44;6571&#44;6572&#44;6573&#44;6581&#44;6605&#44;6606&#44;6608&#44;6609&#44;6610&#44;6612&#44;6613&#44;6614&#44;6615&#44;6616&#44;6617&#44;6620&#44;6621&#44;6622&#44;6624&#44;6626&#44;6628&#44;6630&#44;6631&#44;6632&#44;6633&#44;6634&#44;6635&#44;6637&#44;6643&#44;6644&#44;8270&#44;8272&#44;8273&#44;8274&#44;8276&#44;8277&#44;8278&#44;8279&#44;8280&#44;8281&#44;8282&#44;8283&#44;8284&#44;8285&#44;8286&#44;8287&#44;8288&#44;8289&#44;8290&#44;8291&#44;8292&#44;8294&#44;8295&#44;8296&#44;8297&#44;8298&#44;""",1/27/21,1/22/21,Y
layouts,Branded Electronics,20,,2021,2/1/21,https://sams-csp.cld.samsclub.com/clubs/,/planograms/20,"""4109&#44;4702&#44;4703&#44;4704&#44;4707&#44;4709&#44;4710&#44;4711&#44;4712&#44;4713&#44;4718&#44;4720&#44;4721&#44;4722&#44;4724&#44;4728&#44;4729&#44;4730&#44;4731&#44;4732&#44;4735&#44;4736&#44;4738&#44;4739&#44;4740&#44;4741&#44;4742&#44;4743&#44;4745&#44;4749&#44;4750&#44;4755&#44;4761&#44;4763&#44;4764&#44;4767&#44;4768&#44;4769&#44;4770&#44;4771&#44;4772&#44;4774&#44;4775&#44;4776&#44;4777&#44;4778&#44;4780&#44;4781&#44;4782&#44;4783&#44;4784&#44;4785&#44;4786&#44;4787&#44;4789&#44;4790&#44;4791&#44;4794&#44;4795&#44;4797&#44;4798&#44;4799&#44;4801&#44;4802&#44;4804&#44;4805&#44;4808&#44;4815&#44;4816&#44;4817&#44;4818&#44;4819&#44;4820&#44;4822&#44;4824&#44;4825&#44;4828&#44;4829&#44;4830&#44;4831&#44;4836&#44;4837&#44;4839&#44;4840&#44;4843&#44;4846&#44;4847&#44;4850&#44;4851&#44;4852&#44;4853&#44;4855&#44;4857&#44;4859&#44;4860&#44;4861&#44;4866&#44;4870&#44;4871&#44;4872&#44;4873&#44;4874&#44;4875&#44;4876&#44;4878&#44;4879&#44;4901&#44;4905&#44;4906&#44;4908&#44;4911&#44;4914&#44;4915&#44;4917&#44;4920&#44;4925&#44;4926&#44;4930&#44;4933&#44;4936&#44;4938&#44;4939&#44;4942&#44;4944&#44;4946&#44;4947&#44;4948&#44;4950&#44;4952&#44;4955&#44;4958&#44;4961&#44;4962&#44;4963&#44;4969&#44;4972&#44;4973&#44;4974&#44;4982&#44;4983&#44;4985&#44;4987&#44;4989&#44;4990&#44;4991&#44;4992&#44;4994&#44;4996&#44;4998&#44;4999&#44;6181&#44;6188&#44;6189&#44;6201&#44;6202&#44;6203&#44;6204&#44;6205&#44;6212&#44;6213&#44;6216&#44;6217&#44;6218&#44;6219&#44;6220&#44;6225&#44;6228&#44;6235&#44;6236&#44;6238&#44;6239&#44;6240&#44;6242&#44;6244&#44;6245&#44;6246&#44;6247&#44;6249&#44;6251&#44;6252&#44;6254&#44;6255&#44;6256&#44;6257&#44;6259&#44;6260&#44;6261&#44;6262&#44;6265&#44;6267&#44;6269&#44;6270&#44;6275&#44;6302&#44;6304&#44;6305&#44;6307&#44;6308&#44;6309&#44;6310&#44;6311&#44;6312&#44;6313&#44;6314&#44;6315&#44;6317&#44;6319&#44;6320&#44;6321&#44;6322&#44;6324&#44;6325&#44;6326&#44;6327&#44;6328&#44;6329&#44;6330&#44;6331&#44;6332&#44;6333&#44;6334&#44;6335&#44;6336&#44;6338&#44;6339&#44;6341&#44;6342&#44;6343&#44;6344&#44;6345&#44;6347&#44;6348&#44;6349&#44;6350&#44;6351&#44;6352&#44;6353&#44;6354&#44;6355&#44;6356&#44;6357&#44;6358&#44;6359&#44;6360&#44;6361&#44;6363&#44;6364&#44;6365&#44;6366&#44;6367&#44;6368&#44;6369&#44;6371&#44;6372&#44;6373&#44;6375&#44;6376&#44;6377&#44;6378&#44;6379&#44;6380&#44;6381&#44;6382&#44;6383&#44;6384&#44;6385&#44;6386&#44;6387&#44;6388&#44;6401&#44;6402&#44;6403&#44;6404&#44;6405&#44;6406&#44;6407&#44;6408&#44;6409&#44;6410&#44;6412&#44;6413&#44;6414&#44;6415&#44;6417&#44;6418&#44;6419&#44;6420&#44;6421&#44;6422&#44;6423&#44;6424&#44;6425&#44;6426&#44;6427&#44;6428&#44;6429&#44;6430&#44;6431&#44;6432&#44;6433&#44;6434&#44;6435&#44;6436&#44;6437&#44;6439&#44;6440&#44;6441&#44;6443&#44;6444&#44;6445&#44;6448&#44;6449&#44;6450&#44;6452&#44;6453&#44;6454&#44;6455&#44;6456&#44;6457&#44;6458&#44;6460&#44;6461&#44;6462&#44;6463&#44;6464&#44;6471&#44;6472&#44;6474&#44;6479&#44;6482&#44;6485&#44;6487&#44;6489&#44;6501&#44;6502&#44;6503&#44;6505&#44;6506&#44;6507&#44;6509&#44;6510&#44;6512&#44;6514&#44;6517&#44;6518&#44;6520&#44;6521&#44;6524&#44;6527&#44;6528&#44;6533&#44;6535&#44;6536&#44;6539&#44;6540&#44;6543&#44;6547&#44;6549&#44;6556&#44;6562&#44;6565&#44;6567&#44;6568&#44;6569&#44;6570&#44;6571&#44;6572&#44;6573&#44;6575&#44;6581&#44;6582&#44;6604&#44;6605&#44;6606&#44;6608&#44;6609&#44;6610&#44;6612&#44;6613&#44;6614&#44;6615&#44;6616&#44;6617&#44;6619&#44;6620&#44;6621&#44;6622&#44;6624&#44;6626&#44;6628&#44;6630&#44;6631&#44;6632&#44;6633&#44;6634&#44;6635&#44;6636&#44;6637&#44;6643&#44;6644&#44;6646&#44;6650&#44;6651&#44;6652&#44;6653&#44;6655&#44;6657&#44;6658&#44;6659&#44;6660&#44;6661&#44;6662&#44;6663&#44;6664&#44;6666&#44;6667&#44;6670&#44;6671&#44;6672&#44;6673&#44;6674&#44;6675&#44;6676&#44;6677&#44;6678&#44;6679&#44;6680&#44;6682&#44;6683&#44;6684&#44;6685&#44;6686&#44;6689&#44;6690&#44;6692&#44;6693&#44;6779&#44;6781&#44;6867&#44;6976&#44;6979&#44;7189&#44;7658&#44;7676&#44;8102&#44;8104&#44;8106&#44;8107&#44;8111&#44;8112&#44;8114&#44;8115&#44;8116&#44;8117&#44;8119&#44;8120&#44;8123&#44;8125&#44;8126&#44;8128&#44;8129&#44;8130&#44;8132&#44;8133&#44;8134&#44;8135&#44;8136&#44;8138&#44;8139&#44;8141&#44;8142&#44;8144&#44;8145&#44;8146&#44;8147&#44;8149&#44;8150&#44;8151&#44;8152&#44;8153&#44;8155&#44;8156&#44;8157&#44;8158&#44;8160&#44;8161&#44;8162&#44;8163&#44;8164&#44;8165&#44;8166&#44;8167&#44;8168&#44;8169&#44;8172&#44;8173&#44;8174&#44;8175&#44;8176&#44;8177&#44;8180&#44;8181&#44;8182&#44;8183&#44;8184&#44;8185&#44;8186&#44;8188&#44;8189&#44;8190&#44;8191&#44;8192&#44;8193&#44;8194&#44;8196&#44;8197&#44;8201&#44;8202&#44;8203&#44;8205&#44;8207&#44;8208&#44;8209&#44;8210&#44;8211&#44;8213&#44;8215&#44;8218&#44;8219&#44;8220&#44;8221&#44;8222&#44;8223&#44;8224&#44;8225&#44;8226&#44;8227&#44;8228&#44;8236&#44;8237&#44;8238&#44;8239&#44;8241&#44;8242&#44;8243&#44;8244&#44;8245&#44;8246&#44;8247&#44;8248&#44;8250&#44;8251&#44;8252&#44;8253&#44;8254&#44;8256&#44;8257&#44;8259&#44;8261&#44;8262&#44;8263&#44;8264&#44;8265&#44;8266&#44;8267&#44;8268&#44;8269&#44;8270&#44;8271&#44;8272&#44;8273&#44;8274&#44;8275&#44;8276&#44;8277&#44;8278&#44;8279&#44;8280&#44;8281&#44;8282&#44;8283&#44;8284&#44;8285&#44;8286&#44;8287&#44;8288&#44;8289&#44;8290&#44;8291&#44;8292&#44;8293&#44;8294&#44;8295&#44;8296&#44;8297&#44;8298&#44;8299&#44;""",3/4/21,1/31/21,N
layouts,Bakery Pallets,"""37-4&#44;77-4""",,2021,2/1/21,1-NewFolderStructure/C037_C077_Bakery_Pallets/C37_77_Bakery_Pallets_Effective_02012021_Updated_02012021/,_C37_77_Bakery_Pallets_Effective_02012021_Updated_02012021.pdf,"""4109&#44;4702&#44;4703&#44;4704&#44;4707&#44;4709&#44;4710&#44;4711&#44;4712&#44;4713&#44;4718&#44;4720&#44;4721&#44;4722&#44;4724&#44;4728&#44;4729&#44;4730&#44;4731&#44;4732&#44;4735&#44;4736&#44;4738&#44;4739&#44;4740&#44;4741&#44;4742&#44;4743&#44;4745&#44;4749&#44;4750&#44;4755&#44;4761&#44;4763&#44;4764&#44;4767&#44;4768&#44;4769&#44;4771&#44;4772&#44;4774&#44;4775&#44;4776&#44;4777&#44;4778&#44;4780&#44;4781&#44;4782&#44;4783&#44;4784&#44;4785&#44;4786&#44;4787&#44;4789&#44;4790&#44;4791&#44;4794&#44;4795&#44;4797&#44;4798&#44;4799&#44;4801&#44;4802&#44;4804&#44;4805&#44;4808&#44;4815&#44;4816&#44;4817&#44;4818&#44;4819&#44;4820&#44;4822&#44;4824&#44;4825&#44;4828&#44;4829&#44;4830&#44;4831&#44;4836&#44;4837&#44;4839&#44;4840&#44;4843&#44;4846&#44;4847&#44;4850&#44;4851&#44;4852&#44;4853&#44;4855&#44;4857&#44;4859&#44;4860&#44;4861&#44;4866&#44;4870&#44;4871&#44;4872&#44;4873&#44;4874&#44;4875&#44;4876&#44;4878&#44;4879&#44;4901&#44;4905&#44;4906&#44;4908&#44;4911&#44;4914&#44;4915&#44;4917&#44;4920&#44;4926&#44;4930&#44;4933&#44;4936&#44;4938&#44;4939&#44;4942&#44;4944&#44;4946&#44;4947&#44;4948&#44;4950&#44;4952&#44;4955&#44;4958&#44;4961&#44;4962&#44;4963&#44;4969&#44;4972&#44;4973&#44;4974&#44;4983&#44;4985&#44;4987&#44;4989&#44;4990&#44;4991&#44;4992&#44;4994&#44;4996&#44;4998&#44;4999&#44;6181&#44;6188&#44;6189&#44;6201&#44;6202&#44;6203&#44;6204&#44;6205&#44;6212&#44;6213&#44;6216&#44;6217&#44;6218&#44;6219&#44;6220&#44;6225&#44;6228&#44;6235&#44;6236&#44;6238&#44;6239&#44;6240&#44;6242&#44;6244&#44;6245&#44;6246&#44;6247&#44;6249&#44;6251&#44;6252&#44;6254&#44;6255&#44;6256&#44;6257&#44;6259&#44;6260&#44;6261&#44;6262&#44;6265&#44;6267&#44;6269&#44;6270&#44;6275&#44;6302&#44;6304&#44;6305&#44;6307&#44;6308&#44;6309&#44;6310&#44;6311&#44;6312&#44;6313&#44;6314&#44;6315&#44;6317&#44;6319&#44;6320&#44;6321&#44;6322&#44;6325&#44;6326&#44;6327&#44;6328&#44;6329&#44;6330&#44;6331&#44;6332&#44;6333&#44;6334&#44;6335&#44;6336&#44;6338&#44;6339&#44;6341&#44;6342&#44;6343&#44;6344&#44;6345&#44;6347&#44;6348&#44;6349&#44;6350&#44;6351&#44;6352&#44;6353&#44;6354&#44;6355&#44;6356&#44;6357&#44;6358&#44;6359&#44;6360&#44;6361&#44;6363&#44;6364&#44;6365&#44;6366&#44;6367&#44;6368&#44;6369&#44;6371&#44;6372&#44;6373&#44;6375&#44;6376&#44;6378&#44;6379&#44;6380&#44;6381&#44;6382&#44;6383&#44;6384&#44;6385&#44;6386&#44;6387&#44;6388&#44;6401&#44;6402&#44;6403&#44;6404&#44;6405&#44;6406&#44;6407&#44;6408&#44;6409&#44;6410&#44;6413&#44;6414&#44;6415&#44;6417&#44;6418&#44;6419&#44;6420&#44;6421&#44;6422&#44;6423&#44;6424&#44;6425&#44;6426&#44;6427&#44;6428&#44;6429&#44;6430&#44;6431&#44;6432&#44;6433&#44;6434&#44;6435&#44;6436&#44;6437&#44;6439&#44;6440&#44;6441&#44;6443&#44;6444&#44;6445&#44;6448&#44;6449&#44;6450&#44;6452&#44;6453&#44;6454&#44;6455&#44;6456&#44;6457&#44;6458&#44;6460&#44;6461&#44;6462&#44;6463&#44;6464&#44;6471&#44;6472&#44;6474&#44;6479&#44;6482&#44;6485&#44;6487&#44;6489&#44;6501&#44;6502&#44;6503&#44;6505&#44;6506&#44;6507&#44;6509&#44;6510&#44;6512&#44;6514&#44;6517&#44;6518&#44;6520&#44;6521&#44;6524&#44;6527&#44;6528&#44;6533&#44;6535&#44;6536&#44;6539&#44;6540&#44;6543&#44;6547&#44;6556&#44;6562&#44;6565&#44;6567&#44;6568&#44;6569&#44;6570&#44;6571&#44;6572&#44;6573&#44;6575&#44;6581&#44;6582&#44;6604&#44;6605&#44;6606&#44;6608&#44;6609&#44;6610&#44;6612&#44;6613&#44;6614&#44;6615&#44;6616&#44;6617&#44;6619&#44;6620&#44;6621&#44;6622&#44;6624&#44;6626&#44;6628&#44;6630&#44;6631&#44;6632&#44;6633&#44;6634&#44;6635&#44;6636&#44;6637&#44;6643&#44;6644&#44;6646&#44;6650&#44;6651&#44;6652&#44;6653&#44;6655&#44;6657&#44;6658&#44;6659&#44;6660&#44;6661&#44;6662&#44;6664&#44;6666&#44;6667&#44;6670&#44;6672&#44;6673&#44;6674&#44;6675&#44;6676&#44;6677&#44;6678&#44;6679&#44;6680&#44;6682&#44;6683&#44;6684&#44;6685&#44;6686&#44;6689&#44;6690&#44;6692&#44;6693&#44;6779&#44;6781&#44;6867&#44;6976&#44;6979&#44;7189&#44;7658&#44;7676&#44;8102&#44;8106&#44;8107&#44;8111&#44;8112&#44;8114&#44;8115&#44;8116&#44;8117&#44;8120&#44;8123&#44;8125&#44;8126&#44;8128&#44;8129&#44;8130&#44;8132&#44;8133&#44;8134&#44;8135&#44;8136&#44;8138&#44;8139&#44;8141&#44;8142&#44;8144&#44;8145&#44;8146&#44;8149&#44;8150&#44;8151&#44;8152&#44;8153&#44;8155&#44;8156&#44;8157&#44;8158&#44;8160&#44;8161&#44;8162&#44;8163&#44;8164&#44;8165&#44;8166&#44;8167&#44;8168&#44;8169&#44;8172&#44;8173&#44;8174&#44;8175&#44;8176&#44;8177&#44;8180&#44;8181&#44;8182&#44;8183&#44;8184&#44;8185&#44;8186&#44;8188&#44;8189&#44;8190&#44;8191&#44;8192&#44;8193&#44;8194&#44;8196&#44;8197&#44;8201&#44;8202&#44;8203&#44;8205&#44;8207&#44;8208&#44;8209&#44;8210&#44;8211&#44;8213&#44;8215&#44;8218&#44;8219&#44;8220&#44;8221&#44;8222&#44;8223&#44;8224&#44;8225&#44;8226&#44;8227&#44;8228&#44;8236&#44;8237&#44;8238&#44;8239&#44;8241&#44;8242&#44;8243&#44;8244&#44;8245&#44;8246&#44;8247&#44;8248&#44;8250&#44;8251&#44;8252&#44;8253&#44;8254&#44;8256&#44;8257&#44;8259&#44;8261&#44;8262&#44;8263&#44;8264&#44;8265&#44;8267&#44;8268&#44;8269&#44;8270&#44;8271&#44;8272&#44;8273&#44;8274&#44;8275&#44;8276&#44;8277&#44;8278&#44;8279&#44;8280&#44;8281&#44;8282&#44;8283&#44;8284&#44;8285&#44;8286&#44;8287&#44;8288&#44;8289&#44;8290&#44;8291&#44;8292&#44;8293&#44;8294&#44;8295&#44;8296&#44;8297&#44;8299&#44;""",2/2/21,2/1/21,Y
layouts,Sushi,79,,2021,2/1/21,1-NewFolderStructure/C079_Sushi/C79_Sushi_Effective_02012021/,_C79_Sushi_Effective_02012021.pdf,"""4702&#44;4704&#44;4707&#44;4709&#44;4711&#44;4712&#44;4713&#44;4718&#44;4721&#44;4722&#44;4728&#44;4731&#44;4732&#44;4735&#44;4736&#44;4739&#44;4740&#44;4741&#44;4742&#44;4743&#44;4745&#44;4749&#44;4755&#44;4763&#44;4764&#44;4767&#44;4768&#44;4769&#44;4771&#44;4772&#44;4774&#44;4775&#44;4776&#44;4777&#44;4778&#44;4780&#44;4781&#44;4782&#44;4783&#44;4784&#44;4785&#44;4786&#44;4787&#44;4789&#44;4790&#44;4794&#44;4795&#44;4797&#44;4801&#44;4802&#44;4804&#44;4805&#44;4808&#44;4816&#44;4818&#44;4819&#44;4822&#44;4824&#44;4825&#44;4828&#44;4829&#44;4830&#44;4831&#44;4837&#44;4839&#44;4840&#44;4843&#44;4847&#44;4850&#44;4851&#44;4852&#44;4853&#44;4855&#44;4857&#44;4859&#44;4861&#44;4870&#44;4873&#44;4874&#44;4875&#44;4878&#44;4901&#44;4905&#44;4906&#44;4908&#44;4911&#44;4914&#44;4915&#44;4917&#44;4920&#44;4925&#44;4926&#44;4938&#44;4939&#44;4942&#44;4944&#44;4946&#44;4955&#44;4958&#44;4961&#44;4969&#44;4972&#44;4974&#44;4983&#44;4985&#44;4987&#44;4989&#44;4990&#44;4991&#44;4992&#44;4998&#44;6181&#44;6188&#44;6189&#44;6202&#44;6205&#44;6212&#44;6213&#44;6216&#44;6217&#44;6218&#44;6219&#44;6220&#44;6228&#44;6236&#44;6238&#44;6239&#44;6240&#44;6242&#44;6244&#44;6245&#44;6246&#44;6247&#44;6249&#44;6251&#44;6252&#44;6254&#44;6255&#44;6257&#44;6259&#44;6261&#44;6262&#44;6265&#44;6267&#44;6269&#44;6304&#44;6308&#44;6309&#44;6310&#44;6311&#44;6312&#44;6313&#44;6314&#44;6315&#44;6317&#44;6319&#44;6320&#44;6321&#44;6324&#44;6325&#44;6326&#44;6328&#44;6332&#44;6335&#44;6341&#44;6342&#44;6343&#44;6344&#44;6348&#44;6350&#44;6351&#44;6354&#44;6355&#44;6357&#44;6358&#44;6359&#44;6360&#44;6361&#44;6363&#44;6367&#44;6368&#44;6369&#44;6371&#44;6372&#44;6376&#44;6378&#44;6381&#44;6382&#44;6383&#44;6384&#44;6385&#44;6401&#44;6402&#44;6403&#44;6408&#44;6409&#44;6410&#44;6412&#44;6413&#44;6414&#44;6415&#44;6418&#44;6419&#44;6420&#44;6422&#44;6428&#44;6429&#44;6434&#44;6437&#44;6440&#44;6443&#44;6444&#44;6445&#44;6452&#44;6457&#44;6458&#44;6463&#44;6464&#44;6472&#44;6474&#44;6479&#44;6482&#44;6487&#44;6489&#44;6501&#44;6505&#44;6512&#44;6518&#44;6520&#44;6524&#44;6527&#44;6535&#44;6536&#44;6540&#44;6565&#44;6567&#44;6568&#44;6570&#44;6572&#44;6573&#44;6575&#44;6604&#44;6608&#44;6609&#44;6610&#44;6612&#44;6613&#44;6614&#44;6615&#44;6616&#44;6617&#44;6619&#44;6621&#44;6622&#44;6624&#44;6626&#44;6628&#44;6630&#44;6631&#44;6633&#44;6635&#44;6636&#44;6637&#44;6643&#44;6644&#44;6646&#44;6650&#44;6651&#44;6652&#44;6653&#44;6655&#44;6657&#44;6658&#44;6659&#44;6660&#44;6661&#44;6662&#44;6663&#44;6664&#44;6666&#44;6667&#44;6670&#44;6671&#44;6674&#44;6676&#44;6677&#44;6678&#44;6682&#44;6684&#44;6685&#44;6686&#44;6692&#44;6779&#44;6781&#44;6976&#44;6979&#44;7189&#44;7676&#44;8104&#44;8106&#44;8111&#44;8112&#44;8114&#44;8115&#44;8116&#44;8117&#44;8119&#44;8120&#44;8123&#44;8129&#44;8134&#44;8135&#44;8138&#44;8139&#44;8141&#44;8142&#44;8145&#44;8146&#44;8149&#44;8151&#44;8155&#44;8157&#44;8158&#44;8160&#44;8161&#44;8164&#44;8165&#44;8166&#44;8167&#44;8168&#44;8173&#44;8174&#44;8175&#44;8176&#44;8177&#44;8181&#44;8182&#44;8183&#44;8188&#44;8191&#44;8193&#44;8194&#44;8197&#44;8201&#44;8203&#44;8205&#44;8207&#44;8208&#44;8209&#44;8210&#44;8213&#44;8215&#44;8218&#44;8219&#44;8220&#44;8221&#44;8222&#44;8223&#44;8224&#44;8225&#44;8227&#44;8236&#44;8237&#44;8238&#44;8239&#44;8241&#44;8242&#44;8243&#44;8246&#44;8248&#44;8250&#44;8251&#44;8252&#44;8253&#44;8257&#44;8259&#44;8261&#44;8262&#44;8263&#44;8264&#44;8265&#44;8266&#44;8267&#44;8268&#44;8269&#44;8270&#44;8271&#44;8272&#44;8275&#44;8277&#44;8278&#44;8279&#44;8282&#44;8284&#44;8285&#44;8287&#44;8290&#44;8291&#44;8293&#44;8294&#44;8296&#44;8297&#44;8298&#44;8299&#44;""",2/9/21,2/2/21,Y
layouts,Café Grab and Go,79-3,,2021,2/1/21,1-NewFolderStructure/C079_Cafe_Grab_n_Go/C79_Cafe_Grab_and_Go_Effective_02012021_Update_02022021/,_C79_Cafe_Grab_and_Go_Effective_02012021_Update_02022021.pdf,"""4109&#44;4702&#44;4703&#44;4704&#44;4707&#44;4709&#44;4710&#44;4711&#44;4712&#44;4713&#44;4718&#44;4720&#44;4721&#44;4722&#44;4724&#44;4728&#44;4729&#44;4730&#44;4731&#44;4732&#44;4735&#44;4736&#44;4738&#44;4739&#44;4740&#44;4741&#44;4742&#44;4743&#44;4745&#44;4749&#44;4750&#44;4755&#44;4761&#44;4763&#44;4764&#44;4767&#44;4768&#44;4769&#44;4770&#44;4771&#44;4772&#44;4774&#44;4775&#44;4776&#44;4777&#44;4778&#44;4780&#44;4781&#44;4782&#44;4783&#44;4784&#44;4785&#44;4786&#44;4787&#44;4789&#44;4790&#44;4791&#44;4794&#44;4795&#44;4797&#44;4798&#44;4799&#44;4801&#44;4802&#44;4804&#44;4805&#44;4808&#44;4815&#44;4816&#44;4817&#44;4818&#44;4819&#44;4820&#44;4822&#44;4824&#44;4825&#44;4828&#44;4829&#44;4830&#44;4831&#44;4836&#44;4837&#44;4839&#44;4840&#44;4843&#44;4846&#44;4847&#44;4850&#44;4851&#44;4852&#44;4853&#44;4855&#44;4857&#44;4859&#44;4860&#44;4861&#44;4870&#44;4871&#44;4872&#44;4873&#44;4874&#44;4875&#44;4876&#44;4878&#44;4879&#44;4901&#44;4905&#44;4906&#44;4908&#44;4911&#44;4914&#44;4915&#44;4917&#44;4920&#44;4925&#44;4926&#44;4930&#44;4933&#44;4936&#44;4938&#44;4939&#44;4942&#44;4944&#44;4946&#44;4947&#44;4948&#44;4950&#44;4952&#44;4955&#44;4958&#44;4961&#44;4962&#44;4963&#44;4969&#44;4972&#44;4973&#44;4974&#44;4982&#44;4983&#44;4985&#44;4987&#44;4989&#44;4990&#44;4991&#44;4992&#44;4994&#44;4996&#44;4998&#44;4999&#44;6181&#44;6188&#44;6189&#44;6201&#44;6202&#44;6203&#44;6204&#44;6205&#44;6212&#44;6213&#44;6216&#44;6217&#44;6218&#44;6219&#44;6220&#44;6228&#44;6235&#44;6236&#44;6238&#44;6239&#44;6240&#44;6242&#44;6244&#44;6245&#44;6246&#44;6247&#44;6249&#44;6251&#44;6252&#44;6254&#44;6255&#44;6256&#44;6257&#44;6259&#44;6260&#44;6261&#44;6262&#44;6265&#44;6267&#44;6269&#44;6275&#44;6302&#44;6304&#44;6305&#44;6307&#44;6308&#44;6309&#44;6310&#44;6311&#44;6312&#44;6313&#44;6314&#44;6315&#44;6317&#44;6319&#44;6320&#44;6321&#44;6322&#44;6324&#44;6325&#44;6326&#44;6327&#44;6328&#44;6329&#44;6330&#44;6331&#44;6332&#44;6333&#44;6334&#44;6335&#44;6336&#44;6338&#44;6339&#44;6341&#44;6342&#44;6343&#44;6344&#44;6345&#44;6347&#44;6348&#44;6349&#44;6350&#44;6351&#44;6352&#44;6353&#44;6354&#44;6355&#44;6356&#44;6357&#44;6358&#44;6359&#44;6360&#44;6361&#44;6363&#44;6364&#44;6365&#44;6366&#44;6367&#44;6368&#44;6369&#44;6371&#44;6372&#44;6373&#44;6375&#44;6376&#44;6377&#44;6379&#44;6380&#44;6381&#44;6382&#44;6383&#44;6384&#44;6385&#44;6386&#44;6387&#44;6388&#44;6401&#44;6402&#44;6403&#44;6405&#44;6406&#44;6407&#44;6408&#44;6409&#44;6410&#44;6412&#44;6413&#44;6414&#44;6415&#44;6417&#44;6418&#44;6419&#44;6420&#44;6421&#44;6422&#44;6423&#44;6424&#44;6425&#44;6426&#44;6427&#44;6428&#44;6429&#44;6430&#44;6431&#44;6432&#44;6433&#44;6434&#44;6435&#44;6436&#44;6437&#44;6439&#44;6440&#44;6441&#44;6443&#44;6444&#44;6445&#44;6448&#44;6450&#44;6452&#44;6453&#44;6454&#44;6456&#44;6457&#44;6458&#44;6460&#44;6461&#44;6462&#44;6463&#44;6464&#44;6471&#44;6472&#44;6474&#44;6482&#44;6485&#44;6487&#44;6489&#44;6501&#44;6502&#44;6503&#44;6505&#44;6506&#44;6507&#44;6509&#44;6510&#44;6512&#44;6514&#44;6517&#44;6518&#44;6520&#44;6521&#44;6524&#44;6527&#44;6528&#44;6533&#44;6535&#44;6536&#44;6539&#44;6540&#44;6547&#44;6549&#44;6556&#44;6562&#44;6565&#44;6567&#44;6568&#44;6569&#44;6570&#44;6571&#44;6572&#44;6573&#44;6575&#44;6581&#44;6582&#44;6604&#44;6605&#44;6606&#44;6608&#44;6609&#44;6610&#44;6612&#44;6613&#44;6614&#44;6615&#44;6616&#44;6617&#44;6619&#44;6620&#44;6621&#44;6622&#44;6624&#44;6626&#44;6628&#44;6630&#44;6631&#44;6632&#44;6633&#44;6634&#44;6635&#44;6636&#44;6637&#44;6643&#44;6644&#44;6646&#44;6650&#44;6651&#44;6652&#44;6653&#44;6655&#44;6657&#44;6658&#44;6659&#44;6660&#44;6661&#44;6662&#44;6663&#44;6664&#44;6666&#44;6667&#44;6670&#44;6671&#44;6672&#44;6673&#44;6674&#44;6675&#44;6676&#44;6677&#44;6678&#44;6679&#44;6682&#44;6683&#44;6684&#44;6685&#44;6686&#44;6692&#44;6693&#44;6779&#44;6781&#44;6867&#44;6976&#44;6979&#44;7189&#44;7658&#44;7676&#44;8102&#44;8104&#44;8106&#44;8107&#44;8111&#44;8112&#44;8114&#44;8115&#44;8116&#44;8117&#44;8119&#44;8120&#44;8123&#44;8125&#44;8126&#44;8128&#44;8129&#44;8130&#44;8132&#44;8133&#44;8134&#44;8135&#44;8136&#44;8138&#44;8139&#44;8141&#44;8142&#44;8144&#44;8145&#44;8146&#44;8147&#44;8149&#44;8150&#44;8151&#44;8152&#44;8153&#44;8155&#44;8156&#44;8157&#44;8158&#44;8160&#44;8161&#44;8162&#44;8163&#44;8164&#44;8165&#44;8166&#44;8167&#44;8168&#44;8169&#44;8172&#44;8173&#44;8174&#44;8175&#44;8176&#44;8177&#44;8180&#44;8181&#44;8182&#44;8183&#44;8184&#44;8185&#44;8186&#44;8188&#44;8189&#44;8190&#44;8191&#44;8192&#44;8193&#44;8194&#44;8196&#44;8197&#44;8201&#44;8202&#44;8203&#44;8205&#44;8207&#44;8208&#44;8209&#44;8210&#44;8211&#44;8213&#44;8215&#44;8218&#44;8219&#44;8220&#44;8221&#44;8222&#44;8223&#44;8224&#44;8225&#44;8226&#44;8227&#44;8228&#44;8236&#44;8237&#44;8238&#44;8239&#44;8241&#44;8242&#44;8243&#44;8244&#44;8245&#44;8246&#44;8247&#44;8248&#44;8250&#44;8251&#44;8252&#44;8253&#44;8254&#44;8256&#44;8257&#44;8259&#44;8261&#44;8262&#44;8263&#44;8264&#44;8265&#44;8266&#44;8267&#44;8268&#44;8269&#44;8270&#44;8271&#44;8272&#44;8273&#44;8274&#44;8275&#44;8276&#44;8277&#44;8278&#44;8279&#44;8280&#44;8281&#44;8282&#44;8283&#44;8284&#44;8285&#44;8286&#44;8287&#44;8288&#44;8289&#44;8290&#44;8291&#44;8292&#44;8293&#44;8294&#44;8295&#44;8296&#44;8297&#44;8298&#44;8299&#44;""",2/9/21,2/2/21,Y
layouts,Bakery Tables,"""37&#44;77""",,2021,2/1/21,1-NewFolderStructure/C037_C077_Bakery_Tables/C37_77_Bakery_Tables_Effective_02012021_Updated_02052021/,_C37_77_Bakery_Tables_Effective_02012021_Updated_02052021.pdf,"""4987&#44;6425&#44;6633&#44;""",2/11/21,2/5/21,N
layouts,Meat and Seafood,"""72&#44;76&#44;93""",,2021,2/1/21,1-NewFolderStructure/C076_C072_C093_Fresh_Meat_Seafood/C72_C76_C93_Effective_02012021_Planogram_Updated_02052021/,_C72_C76_C93_Effective_02012021_Planogram_Updated_02052021.pdf,"""4707&#44;4711&#44;4713&#44;4740&#44;4742&#44;4783&#44;4789&#44;4804&#44;4808&#44;4831&#44;4969&#44;4983&#44;4985&#44;6239&#44;6242&#44;6249&#44;6262&#44;6265&#44;6317&#44;6348&#44;6354&#44;6414&#44;6457&#44;6524&#44;6604&#44;6619&#44;6662&#44;6666&#44;6692&#44;6781&#44;8104&#44;8106&#44;8115&#44;8123&#44;8168&#44;8209&#44;8238&#44;8246&#44;8269&#44;8293&#44;8299&#44;""",2/15/21,2/5/21,Y
layouts,HMS,79-2,,2021,2/1/21,1-NewFolderStructure/C079_HMS/C79_HMS_Effective_02012021/,_C79_HMS_Effective_02012021.pdf,"""4109&#44;4702&#44;4703&#44;4704&#44;4707&#44;4709&#44;4710&#44;4711&#44;4712&#44;4713&#44;4718&#44;4720&#44;4721&#44;4722&#44;4724&#44;4728&#44;4729&#44;4731&#44;4732&#44;4735&#44;4736&#44;4738&#44;4739&#44;4740&#44;4741&#44;4742&#44;4743&#44;4745&#44;4749&#44;4750&#44;4755&#44;4761&#44;4763&#44;4764&#44;4767&#44;4768&#44;4769&#44;4771&#44;4772&#44;4774&#44;4775&#44;4776&#44;4777&#44;4778&#44;4780&#44;4781&#44;4782&#44;4783&#44;4784&#44;4785&#44;4786&#44;4787&#44;4789&#44;4790&#44;4791&#44;4794&#44;4795&#44;4797&#44;4798&#44;4799&#44;4801&#44;4802&#44;4804&#44;4805&#44;4808&#44;4815&#44;4816&#44;4817&#44;4818&#44;4819&#44;4820&#44;4822&#44;4824&#44;4825&#44;4828&#44;4829&#44;4830&#44;4831&#44;4836&#44;4837&#44;4839&#44;4840&#44;4843&#44;4846&#44;4847&#44;4850&#44;4851&#44;4852&#44;4853&#44;4855&#44;4857&#44;4859&#44;4860&#44;4861&#44;4866&#44;4870&#44;4871&#44;4872&#44;4873&#44;4874&#44;4875&#44;4876&#44;4878&#44;4879&#44;4901&#44;4905&#44;4906&#44;4908&#44;4911&#44;4914&#44;4915&#44;4917&#44;4920&#44;4925&#44;4926&#44;4930&#44;4933&#44;4936&#44;4938&#44;4939&#44;4942&#44;4944&#44;4946&#44;4947&#44;4948&#44;4950&#44;4952&#44;4955&#44;4958&#44;4961&#44;4962&#44;4963&#44;4969&#44;4972&#44;4973&#44;4974&#44;4982&#44;4983&#44;4985&#44;4987&#44;4989&#44;4990&#44;4991&#44;4992&#44;4994&#44;4996&#44;4998&#44;4999&#44;6181&#44;6188&#44;6189&#44;6201&#44;6202&#44;6203&#44;6204&#44;6205&#44;6212&#44;6213&#44;6216&#44;6217&#44;6218&#44;6219&#44;6220&#44;6225&#44;6228&#44;6235&#44;6236&#44;6238&#44;6239&#44;6240&#44;6242&#44;6244&#44;6245&#44;6246&#44;6247&#44;6249&#44;6251&#44;6252&#44;6254&#44;6255&#44;6256&#44;6257&#44;6259&#44;6260&#44;6261&#44;6262&#44;6265&#44;6267&#44;6270&#44;6275&#44;6302&#44;6304&#44;6305&#44;6307&#44;6308&#44;6309&#44;6310&#44;6311&#44;6312&#44;6313&#44;6314&#44;6315&#44;6317&#44;6319&#44;6320&#44;6321&#44;6322&#44;6324&#44;6325&#44;6326&#44;6327&#44;6328&#44;6329&#44;6330&#44;6331&#44;6332&#44;6333&#44;6334&#44;6335&#44;6336&#44;6338&#44;6339&#44;6341&#44;6342&#44;6343&#44;6344&#44;6345&#44;6347&#44;6348&#44;6349&#44;6350&#44;6351&#44;6352&#44;6353&#44;6354&#44;6355&#44;6356&#44;6357&#44;6358&#44;6359&#44;6360&#44;6361&#44;6363&#44;6364&#44;6365&#44;6366&#44;6367&#44;6368&#44;6369&#44;6371&#44;6372&#44;6373&#44;6375&#44;6376&#44;6377&#44;6378&#44;6379&#44;6380&#44;6381&#44;6382&#44;6383&#44;6384&#44;6385&#44;6386&#44;6387&#44;6388&#44;6401&#44;6402&#44;6403&#44;6404&#44;6405&#44;6406&#44;6407&#44;6408&#44;6409&#44;6410&#44;6412&#44;6413&#44;6414&#44;6415&#44;6417&#44;6418&#44;6419&#44;6420&#44;6421&#44;6422&#44;6423&#44;6424&#44;6425&#44;6426&#44;6427&#44;6428&#44;6429&#44;6430&#44;6431&#44;6432&#44;6433&#44;6434&#44;6435&#44;6436&#44;6437&#44;6439&#44;6440&#44;6441&#44;6443&#44;6444&#44;6445&#44;6448&#44;6449&#44;6450&#44;6452&#44;6453&#44;6454&#44;6455&#44;6456&#44;6457&#44;6458&#44;6460&#44;6461&#44;6462&#44;6463&#44;6464&#44;6471&#44;6472&#44;6474&#44;6479&#44;6482&#44;6485&#44;6487&#44;6489&#44;6501&#44;6502&#44;6503&#44;6505&#44;6506&#44;6507&#44;6509&#44;6510&#44;6512&#44;6514&#44;6517&#44;6518&#44;6520&#44;6521&#44;6524&#44;6527&#44;6528&#44;6533&#44;6535&#44;6536&#44;6539&#44;6540&#44;6543&#44;6547&#44;6556&#44;6562&#44;6565&#44;6567&#44;6568&#44;6569&#44;6570&#44;6571&#44;6572&#44;6573&#44;6575&#44;6581&#44;6582&#44;6604&#44;6605&#44;6606&#44;6608&#44;6609&#44;6610&#44;6612&#44;6613&#44;6614&#44;6615&#44;6616&#44;6617&#44;6619&#44;6620&#44;6621&#44;6622&#44;6624&#44;6626&#44;6628&#44;6630&#44;6631&#44;6632&#44;6633&#44;6634&#44;6635&#44;6636&#44;6637&#44;6643&#44;6644&#44;6646&#44;6650&#44;6651&#44;6652&#44;6653&#44;6655&#44;6657&#44;6658&#44;6659&#44;6660&#44;6661&#44;6662&#44;6664&#44;6666&#44;6667&#44;6670&#44;6672&#44;6673&#44;6674&#44;6675&#44;6676&#44;6677&#44;6678&#44;6679&#44;6680&#44;6682&#44;6683&#44;6684&#44;6685&#44;6686&#44;6689&#44;6690&#44;6692&#44;6779&#44;6781&#44;6867&#44;6976&#44;6979&#44;7189&#44;7658&#44;7676&#44;8102&#44;8106&#44;8107&#44;8111&#44;8112&#44;8114&#44;8115&#44;8116&#44;8117&#44;8120&#44;8123&#44;8125&#44;8126&#44;8128&#44;8129&#44;8130&#44;8132&#44;8133&#44;8134&#44;8135&#44;8136&#44;8138&#44;8139&#44;8141&#44;8142&#44;8144&#44;8145&#44;8146&#44;8149&#44;8150&#44;8151&#44;8152&#44;8153&#44;8155&#44;8156&#44;8157&#44;8158&#44;8160&#44;8161&#44;8162&#44;8163&#44;8164&#44;8165&#44;8166&#44;8167&#44;8168&#44;8169&#44;8172&#44;8173&#44;8174&#44;8175&#44;8176&#44;8177&#44;8180&#44;8181&#44;8182&#44;8183&#44;8184&#44;8185&#44;8186&#44;8188&#44;8189&#44;8190&#44;8191&#44;8192&#44;8193&#44;8194&#44;8196&#44;8197&#44;8201&#44;8202&#44;8203&#44;8205&#44;8207&#44;8208&#44;8209&#44;8210&#44;8211&#44;8213&#44;8215&#44;8218&#44;8219&#44;8220&#44;8221&#44;8222&#44;8223&#44;8224&#44;8225&#44;8226&#44;8227&#44;8228&#44;8236&#44;8237&#44;8238&#44;8239&#44;8241&#44;8242&#44;8243&#44;8244&#44;8245&#44;8246&#44;8247&#44;8248&#44;8250&#44;8251&#44;8252&#44;8253&#44;8254&#44;8256&#44;8257&#44;8259&#44;8261&#44;8262&#44;8263&#44;8264&#44;8265&#44;8267&#44;8268&#44;8269&#44;8270&#44;8271&#44;8272&#44;8273&#44;8274&#44;8275&#44;8276&#44;8277&#44;8278&#44;8279&#44;8280&#44;8281&#44;8282&#44;8283&#44;8284&#44;8285&#44;8286&#44;8287&#44;8288&#44;8289&#44;8290&#44;8291&#44;8292&#44;8293&#44;8294&#44;8295&#44;8296&#44;8297&#44;8299&#44;""",2/5/21,2/5/21,N
layouts,Bakery Tables,"""37&#44;77""",,2021,2/1/21,1-NewFolderStructure/C037_C077_Bakery_Tables/C37_77_Bakery_Tables_Effective_02012021_Updated_02082021/,_C37_77_Bakery_Tables_Effective_02012021_Updated_02082021.pdf,"""6474&#44;""",2/10/21,2/8/21,N
layouts,HMS,79-2,,2021,2/1/21,1-NewFolderStructure/C079_HMS/C79_HMS_Effective_02012021_Update_02112021/,_C79_HMS_Effective_02012021_Update_02112021.pdf,"""4730&#44;6269&#44;""",2/15/21,2/11/21,N
layouts,Meat and Seafood,"""72&#44;76&#44;93""",,2021,2/1/21,1-NewFolderStructure/C076_C072_C093_Fresh_Meat_Seafood/C72_C76_C93_Effective_02012021_Planogram_Updated_02122021/,_C72_C76_C93_Effective_02012021_Planogram_Updated_02122021.pdf,"""4729&#44;4730&#44;4736&#44;4738&#44;4774&#44;4775&#44;4785&#44;4787&#44;4790&#44;4795&#44;4805&#44;4820&#44;4837&#44;4847&#44;4859&#44;4871&#44;4874&#44;4933&#44;4936&#44;4952&#44;4990&#44;4991&#44;4998&#44;6181&#44;6189&#44;6201&#44;6204&#44;6212&#44;6218&#44;6220&#44;6251&#44;6254&#44;6309&#44;6310&#44;6311&#44;6320&#44;6329&#44;6333&#44;6335&#44;6344&#44;6352&#44;6356&#44;6357&#44;6361&#44;6363&#44;6366&#44;6369&#44;6371&#44;6385&#44;6386&#44;6406&#44;6423&#44;6427&#44;6428&#44;6431&#44;6432&#44;6434&#44;6436&#44;6440&#44;6456&#44;6460&#44;6462&#44;6472&#44;6503&#44;6506&#44;6510&#44;6514&#44;6521&#44;6527&#44;6533&#44;6535&#44;6539&#44;6568&#44;6575&#44;6582&#44;6636&#44;6652&#44;6653&#44;6655&#44;6671&#44;6673&#44;6674&#44;6677&#44;6678&#44;6679&#44;6683&#44;6686&#44;6979&#44;7658&#44;8102&#44;8114&#44;8116&#44;8119&#44;8120&#44;8138&#44;8141&#44;8146&#44;8151&#44;8155&#44;8165&#44;8172&#44;8181&#44;8183&#44;8185&#44;8186&#44;8192&#44;8193&#44;8202&#44;8221&#44;8236&#44;8237&#44;8252&#44;8253&#44;8261&#44;8265&#44;8271&#44;8275&#44;""",2/18/21,2/12/21,N
layouts,Oil,36,,2021,2/1/21,https://sams-csp.cld.samsclub.com/clubs/,/planograms/36,"""4703&#44;4930&#44;6240&#44;6252&#44;6310&#44;6487&#44;6524&#44;8181&#44;8190&#44;8191&#44;8201&#44;8203&#44;8228&#44;8239&#44;8245&#44;8252&#44;8276&#44;8293&#44;4702&#44;4704&#44;4707&#44;4709&#44;4710&#44;4711&#44;4712&#44;4713&#44;4718&#44;4720&#44;4721&#44;4722&#44;4724&#44;4728&#44;4729&#44;4730&#44;4731&#44;4732&#44;4735&#44;4736&#44;4738&#44;4739&#44;4740&#44;4741&#44;4742&#44;4743&#44;4745&#44;4749&#44;4750&#44;4755&#44;4761&#44;4763&#44;4764&#44;4767&#44;4768&#44;4769&#44;4770&#44;4771&#44;4772&#44;4774&#44;4775&#44;4776&#44;4777&#44;4778&#44;4780&#44;4781&#44;4782&#44;4783&#44;4784&#44;4785&#44;4786&#44;4787&#44;4789&#44;4790&#44;4791&#44;4794&#44;4797&#44;4798&#44;4799&#44;4801&#44;4802&#44;4804&#44;4805&#44;4808&#44;4815&#44;4816&#44;4817&#44;4818&#44;4819&#44;4820&#44;4822&#44;4824&#44;4825&#44;4828&#44;4829&#44;4830&#44;4831&#44;4836&#44;4837&#44;4840&#44;4843&#44;4846&#44;4850&#44;4851&#44;4852&#44;4853&#44;4855&#44;4857&#44;4859&#44;4860&#44;4861&#44;4871&#44;4872&#44;4873&#44;4874&#44;4875&#44;4876&#44;4878&#44;4879&#44;4901&#44;4905&#44;4906&#44;4908&#44;4914&#44;4915&#44;4917&#44;4920&#44;4926&#44;4933&#44;4936&#44;4938&#44;4939&#44;4942&#44;4944&#44;4946&#44;4947&#44;4948&#44;4950&#44;4952&#44;4955&#44;4958&#44;4961&#44;4962&#44;4963&#44;4969&#44;4972&#44;4973&#44;4974&#44;4982&#44;4983&#44;4985&#44;4987&#44;4989&#44;4990&#44;4991&#44;4992&#44;4994&#44;4996&#44;4998&#44;4999&#44;6181&#44;6189&#44;6201&#44;6202&#44;6203&#44;6204&#44;6205&#44;6212&#44;6213&#44;6216&#44;6217&#44;6218&#44;6219&#44;6220&#44;6228&#44;6235&#44;6236&#44;6239&#44;6242&#44;6244&#44;6245&#44;6246&#44;6247&#44;6249&#44;6251&#44;6254&#44;6255&#44;6256&#44;6257&#44;6259&#44;6260&#44;6261&#44;6262&#44;6267&#44;6269&#44;6302&#44;6304&#44;6305&#44;6307&#44;6308&#44;6309&#44;6311&#44;6312&#44;6313&#44;6314&#44;6315&#44;6319&#44;6320&#44;6321&#44;6324&#44;6325&#44;6326&#44;6328&#44;6329&#44;6330&#44;6331&#44;6332&#44;6333&#44;6334&#44;6335&#44;6336&#44;6338&#44;6339&#44;6341&#44;6342&#44;6343&#44;6344&#44;6345&#44;6347&#44;6348&#44;6349&#44;6350&#44;6351&#44;6352&#44;6353&#44;6354&#44;6355&#44;6356&#44;6357&#44;6358&#44;6359&#44;6361&#44;6363&#44;6364&#44;6365&#44;6366&#44;6367&#44;6368&#44;6369&#44;6371&#44;6372&#44;6373&#44;6375&#44;6376&#44;6377&#44;6378&#44;6379&#44;6380&#44;6381&#44;6382&#44;6383&#44;6384&#44;6385&#44;6386&#44;6387&#44;6388&#44;6401&#44;6402&#44;6403&#44;6404&#44;6405&#44;6406&#44;6407&#44;6408&#44;6409&#44;6410&#44;6412&#44;6413&#44;6414&#44;6415&#44;6417&#44;6418&#44;6419&#44;6420&#44;6421&#44;6422&#44;6423&#44;6424&#44;6425&#44;6426&#44;6427&#44;6428&#44;6429&#44;6430&#44;6431&#44;6432&#44;6433&#44;6434&#44;6435&#44;6436&#44;6437&#44;6439&#44;6440&#44;6441&#44;6443&#44;6445&#44;6448&#44;6449&#44;6450&#44;6452&#44;6453&#44;6454&#44;6455&#44;6456&#44;6457&#44;6458&#44;6460&#44;6461&#44;6462&#44;6463&#44;6464&#44;6471&#44;6472&#44;6474&#44;6479&#44;6482&#44;6485&#44;6489&#44;6501&#44;6502&#44;6503&#44;6505&#44;6506&#44;6507&#44;6509&#44;6510&#44;6512&#44;6514&#44;6517&#44;6518&#44;6520&#44;6521&#44;6527&#44;6528&#44;6533&#44;6535&#44;6536&#44;6539&#44;6540&#44;6547&#44;6549&#44;6556&#44;6562&#44;6565&#44;6567&#44;6568&#44;6569&#44;6570&#44;6571&#44;6572&#44;6573&#44;6581&#44;6582&#44;6604&#44;6605&#44;6606&#44;6608&#44;6609&#44;6610&#44;6612&#44;6613&#44;6614&#44;6615&#44;6616&#44;6617&#44;6619&#44;6620&#44;6621&#44;6622&#44;6624&#44;6626&#44;6628&#44;6630&#44;6631&#44;6632&#44;6633&#44;6636&#44;6637&#44;6643&#44;6644&#44;6646&#44;6650&#44;6651&#44;6652&#44;6653&#44;6655&#44;6657&#44;6658&#44;6659&#44;6660&#44;6661&#44;6662&#44;6663&#44;6664&#44;6666&#44;6667&#44;6670&#44;6671&#44;6672&#44;6673&#44;6674&#44;6675&#44;6676&#44;6677&#44;6678&#44;6679&#44;6682&#44;6683&#44;6684&#44;6685&#44;6686&#44;6692&#44;6693&#44;6779&#44;6781&#44;6867&#44;6976&#44;6979&#44;7189&#44;7658&#44;7676&#44;8102&#44;8104&#44;8106&#44;8107&#44;8111&#44;8112&#44;8114&#44;8115&#44;8116&#44;8117&#44;8119&#44;8120&#44;8123&#44;8125&#44;8126&#44;8128&#44;8129&#44;8130&#44;8132&#44;8133&#44;8134&#44;8135&#44;8136&#44;8138&#44;8139&#44;8141&#44;8142&#44;8144&#44;8145&#44;8147&#44;8149&#44;8150&#44;8151&#44;8152&#44;8153&#44;8155&#44;8156&#44;8157&#44;8158&#44;8160&#44;8161&#44;8162&#44;8163&#44;8164&#44;8165&#44;8166&#44;8167&#44;8168&#44;8169&#44;8172&#44;8173&#44;8174&#44;8175&#44;8176&#44;8177&#44;8180&#44;8182&#44;8183&#44;8184&#44;8185&#44;8186&#44;8188&#44;8189&#44;8192&#44;8193&#44;8194&#44;8196&#44;8197&#44;8202&#44;8205&#44;8207&#44;8208&#44;8209&#44;8210&#44;8211&#44;8213&#44;8215&#44;8218&#44;8219&#44;8220&#44;8221&#44;8222&#44;8223&#44;8224&#44;8225&#44;8227&#44;8236&#44;8237&#44;8238&#44;8241&#44;8242&#44;8243&#44;8244&#44;8246&#44;8247&#44;8248&#44;8250&#44;8251&#44;8253&#44;8254&#44;8256&#44;8257&#44;8259&#44;8261&#44;8262&#44;8263&#44;8264&#44;8265&#44;8266&#44;8267&#44;8268&#44;8269&#44;8270&#44;8271&#44;8272&#44;8273&#44;8274&#44;8275&#44;8277&#44;8278&#44;8279&#44;8280&#44;8281&#44;8282&#44;8283&#44;8284&#44;8285&#44;8286&#44;8287&#44;8288&#44;8289&#44;8290&#44;8291&#44;8292&#44;8294&#44;8295&#44;8296&#44;8297&#44;8298&#44;8299&#44;4795&#44;4839&#44;4847&#44;4870&#44;4911&#44;6188&#44;6238&#44;6265&#44;6275&#44;6317&#44;6322&#44;6327&#44;6360&#44;6444&#44;6575&#44;6634&#44;6635&#44;8146&#44;8226&#44;4109&#44;4866&#44;6225&#44;6270&#44;6543&#44;6680&#44;6689&#44;6690&#44;4925&#44;8187&#44;""",2/5/21,2/15/21,N
layouts,Bakery Tables,"""37&#44;77""",,2021,2/1/21,1-NewFolderStructure/C037_C077_Bakery_Tables/C37_77_Bakery_Tables_Effective_02012021_Updated_02152021/,_C37_77_Bakery_Tables_Effective_02012021_Updated_02152021.pdf,"""4839&#44;4920&#44;4985&#44;6238&#44;6247&#44;6267&#44;6275&#44;8134&#44;8208&#44;8209&#44;8243&#44;8293&#44;8296&#44;""",2/23/21,2/15/21,N
layouts,Automotive,10,,2021,2/7/21,1-NewFolderStructure/C010_Automotive/C10_Effective_020721_Planogram_Updated_011921/,_C10_Effective_020721_Planogram_Updated_011921.pdf,"""4704&#44;4732&#44;4829&#44;6235&#44;6482&#44;6628&#44;""",1/21/21,1/19/21,N
layouts,Mobile Phones,74,,2021,2/8/21,1-NewFolderStructure/C074_NoContract_UnlockedPhones/C74_EFFECTIVE_02082021_UPDATED_01292021/,_C74_EFFECTIVE_02082021_UPDATED_01292021.pdf,"""4109&#44;4702&#44;4703&#44;4704&#44;4707&#44;4709&#44;4710&#44;4711&#44;4712&#44;4713&#44;4718&#44;4720&#44;4721&#44;4722&#44;4724&#44;4728&#44;4729&#44;4730&#44;4731&#44;4732&#44;4735&#44;4736&#44;4738&#44;4739&#44;4740&#44;4741&#44;4742&#44;4743&#44;4745&#44;4749&#44;4750&#44;4755&#44;4761&#44;4763&#44;4764&#44;4767&#44;4768&#44;4769&#44;4770&#44;4771&#44;4772&#44;4774&#44;4775&#44;4776&#44;4777&#44;4778&#44;4780&#44;4781&#44;4782&#44;4783&#44;4784&#44;4785&#44;4786&#44;4787&#44;4789&#44;4790&#44;4791&#44;4794&#44;4795&#44;4797&#44;4798&#44;4799&#44;4801&#44;4802&#44;4804&#44;4805&#44;4808&#44;4815&#44;4816&#44;4817&#44;4818&#44;4819&#44;4820&#44;4822&#44;4824&#44;4825&#44;4828&#44;4829&#44;4830&#44;4831&#44;4836&#44;4837&#44;4839&#44;4840&#44;4843&#44;4846&#44;4847&#44;4850&#44;4851&#44;4852&#44;4853&#44;4855&#44;4857&#44;4859&#44;4860&#44;4861&#44;4870&#44;4871&#44;4872&#44;4873&#44;4874&#44;4875&#44;4876&#44;4878&#44;4879&#44;4901&#44;4905&#44;4906&#44;4908&#44;4911&#44;4914&#44;4915&#44;4917&#44;4920&#44;4926&#44;4930&#44;4933&#44;4936&#44;4938&#44;4939&#44;4942&#44;4944&#44;4946&#44;4947&#44;4948&#44;4950&#44;4952&#44;4955&#44;4958&#44;4961&#44;4962&#44;4963&#44;4969&#44;4972&#44;4973&#44;4974&#44;4982&#44;4983&#44;4985&#44;4987&#44;4989&#44;4990&#44;4991&#44;4992&#44;4994&#44;4996&#44;4998&#44;4999&#44;6181&#44;6188&#44;6189&#44;6201&#44;6202&#44;6203&#44;6204&#44;6205&#44;6212&#44;6213&#44;6216&#44;6217&#44;6218&#44;6219&#44;6220&#44;6228&#44;6235&#44;6236&#44;6238&#44;6239&#44;6240&#44;6242&#44;6244&#44;6245&#44;6246&#44;6247&#44;6249&#44;6251&#44;6252&#44;6254&#44;6255&#44;6256&#44;6257&#44;6259&#44;6260&#44;6261&#44;6262&#44;6265&#44;6267&#44;6269&#44;6275&#44;6302&#44;6304&#44;6305&#44;6307&#44;6308&#44;6309&#44;6310&#44;6311&#44;6312&#44;6313&#44;6314&#44;6315&#44;6317&#44;6319&#44;6320&#44;6321&#44;6322&#44;6324&#44;6325&#44;6326&#44;6327&#44;6328&#44;6329&#44;6330&#44;6331&#44;6332&#44;6333&#44;6334&#44;6335&#44;6336&#44;6338&#44;6339&#44;6341&#44;6342&#44;6343&#44;6344&#44;6345&#44;6347&#44;6348&#44;6349&#44;6350&#44;6351&#44;6352&#44;6353&#44;6354&#44;6355&#44;6356&#44;6357&#44;6358&#44;6359&#44;6360&#44;6361&#44;6363&#44;6364&#44;6365&#44;6366&#44;6367&#44;6368&#44;6369&#44;6371&#44;6372&#44;6373&#44;6375&#44;6376&#44;6377&#44;6378&#44;6379&#44;6380&#44;6381&#44;6382&#44;6383&#44;6384&#44;6385&#44;6386&#44;6387&#44;6388&#44;6401&#44;6402&#44;6403&#44;6404&#44;6405&#44;6406&#44;6407&#44;6408&#44;6409&#44;6410&#44;6412&#44;6413&#44;6414&#44;6415&#44;6417&#44;6418&#44;6419&#44;6420&#44;6421&#44;6422&#44;6423&#44;6424&#44;6425&#44;6426&#44;6427&#44;6428&#44;6429&#44;6430&#44;6431&#44;6432&#44;6433&#44;6434&#44;6435&#44;6436&#44;6437&#44;6439&#44;6440&#44;6441&#44;6443&#44;6444&#44;6445&#44;6448&#44;6449&#44;6450&#44;6452&#44;6453&#44;6454&#44;6455&#44;6456&#44;6457&#44;6458&#44;6460&#44;6461&#44;6462&#44;6463&#44;6464&#44;6471&#44;6472&#44;6474&#44;6479&#44;6482&#44;6485&#44;6487&#44;6489&#44;6501&#44;6502&#44;6503&#44;6505&#44;6506&#44;6507&#44;6509&#44;6510&#44;6512&#44;6514&#44;6517&#44;6518&#44;6520&#44;6521&#44;6524&#44;6527&#44;6528&#44;6533&#44;6535&#44;6536&#44;6539&#44;6540&#44;6547&#44;6549&#44;6556&#44;6562&#44;6565&#44;6567&#44;6568&#44;6569&#44;6570&#44;6571&#44;6572&#44;6573&#44;6575&#44;6581&#44;6582&#44;6604&#44;6605&#44;6606&#44;6608&#44;6609&#44;6610&#44;6612&#44;6613&#44;6614&#44;6615&#44;6616&#44;6617&#44;6619&#44;6620&#44;6621&#44;6622&#44;6624&#44;6626&#44;6628&#44;6630&#44;6631&#44;6632&#44;6633&#44;6634&#44;6635&#44;6636&#44;6637&#44;6643&#44;6644&#44;6646&#44;6650&#44;6651&#44;6652&#44;6653&#44;6655&#44;6657&#44;6658&#44;6659&#44;6660&#44;6661&#44;6662&#44;6663&#44;6664&#44;6666&#44;6667&#44;6670&#44;6671&#44;6672&#44;6673&#44;6674&#44;6675&#44;6676&#44;6677&#44;6678&#44;6679&#44;6682&#44;6683&#44;6684&#44;6685&#44;6686&#44;6692&#44;6693&#44;6779&#44;6781&#44;6867&#44;6976&#44;6979&#44;7189&#44;7658&#44;7676&#44;8102&#44;8104&#44;8106&#44;8107&#44;8111&#44;8112&#44;8114&#44;8115&#44;8116&#44;8117&#44;8119&#44;8120&#44;8123&#44;8125&#44;8126&#44;8128&#44;8129&#44;8130&#44;8132&#44;8133&#44;8134&#44;8135&#44;8136&#44;8138&#44;8139&#44;8141&#44;8142&#44;8144&#44;8145&#44;8146&#44;8147&#44;8149&#44;8150&#44;8151&#44;8152&#44;8153&#44;8155&#44;8156&#44;8157&#44;8158&#44;8160&#44;8161&#44;8162&#44;8163&#44;8164&#44;8165&#44;8166&#44;8167&#44;8168&#44;8169&#44;8172&#44;8173&#44;8174&#44;8175&#44;8176&#44;8177&#44;8180&#44;8181&#44;8182&#44;8183&#44;8184&#44;8185&#44;8186&#44;8188&#44;8189&#44;8190&#44;8191&#44;8192&#44;8193&#44;8194&#44;8196&#44;8197&#44;8201&#44;8202&#44;8203&#44;8205&#44;8207&#44;8208&#44;8209&#44;8210&#44;8211&#44;8213&#44;8215&#44;8218&#44;8219&#44;8220&#44;8221&#44;8222&#44;8223&#44;8224&#44;8225&#44;8226&#44;8227&#44;8228&#44;8236&#44;8237&#44;8238&#44;8239&#44;8241&#44;8242&#44;8243&#44;8244&#44;8245&#44;8246&#44;8247&#44;8248&#44;8250&#44;8251&#44;8252&#44;8253&#44;8254&#44;8256&#44;8257&#44;8259&#44;8261&#44;8262&#44;8263&#44;8264&#44;8265&#44;8266&#44;8267&#44;8268&#44;8269&#44;8270&#44;8271&#44;8272&#44;8273&#44;8274&#44;8275&#44;8276&#44;8277&#44;8278&#44;8279&#44;8280&#44;8281&#44;8282&#44;8283&#44;8284&#44;8285&#44;8286&#44;8287&#44;8288&#44;8289&#44;8290&#44;8291&#44;8292&#44;8293&#44;8294&#44;8295&#44;8296&#44;8297&#44;8298&#44;8299&#44;""",2/5/21,1/29/21,N
layouts,Sushi,79,,2021,2/8/21,1-NewFolderStructure/C079_Sushi/C79_Sushi_Effective_02082021/,_C79_Sushi_Effective_02082021.pdf,"""8104&#44;""",2/9/21,2/4/21,N
layouts,Bakery Tables,"""37&#44;77""",,2021,2/8/21,1-NewFolderStructure/C037_C077_Bakery_Tables/C77_C37_Bakery_Tables_Effective_02082021_Updated_02042021/,_C77_C37_Table_Layout.pdf,"""4770&#44;6549&#44;6663&#44;6671&#44;8104&#44;8119&#44;8147&#44;8266&#44;8298&#44;""",2/11/21,2/4/21,N
layouts,Bakery Pallets,"""37-4&#44;77-4""",,2021,2/8/21,1-NewFolderStructure/C037_C077_Bakery_Pallets/C37_77_Bakery_Pallets_Effective_02082021_Updated_02042021/,_C37_77_Bakery_Pallets_Effective_02082021_Updated_02042021.pdf,"""4770&#44;6549&#44;6663&#44;6671&#44;8104&#44;8119&#44;8147&#44;8266&#44;8298&#44;""",2/9/21,2/4/21,N
layouts,HMS,79-2,,2021,2/8/21,1-NewFolderStructure/C079_HMS/C79_HMS_Effective_02082021/,_C79_HMS_Effective_02082021.pdf,"""4770&#44;6549&#44;6663&#44;6671&#44;8104&#44;8119&#44;8147&#44;8266&#44;8298&#44;""",2/5/21,2/5/21,N
layouts,Café Grab and Go,79-3,,2021,2/8/21,1-NewFolderStructure/C079_Cafe_Grab_n_Go/C79_Cafe_Grab_and_Go_Effective_01042021_Update_01132021/,_C79_Cafe_Grab_and_Go_Effective_02082021.pdf,"""8104&#44;""",2/9/21,2/8/21,N
layouts,Coolers,42-2,,2021,2/8/21,1-NewFolderStructure/C042_Coolers/C42_Effective_02082021_Planogram_Updated_02102021/,_C42_Effective_02082021_Planogram_Updated_02102021.pdf,"""4770&#44;6549&#44;6663&#44;6671&#44;8119&#44;8147&#44;8298&#44;""",2/10/21,2/10/21,N
layouts,Coolers,42-2,,2021,2/8/21,1-NewFolderStructure/C042_Coolers/C42_Effective_02082021_Planogram_Updated_03052021/,_C42_Effective_02082021_Planogram_Updated_03052021.pdf,"""8104&#44;""",3/12/21,3/5/21,N
layouts,HMS,79-2,,2021,2/9/21,1-NewFolderStructure/C079_HMS/C79_HMS_Effective_02092021/,_C79_HMS_Effective_02092021.pdf,"""4711&#44;4770&#44;6549&#44;6663&#44;6671&#44;8104&#44;8119&#44;8147&#44;8266&#44;8298&#44;""",2/10/21,2/10/21,N
layouts,Candy,1,,2021,2/16/21,https://sams-csp.cld.samsclub.com/clubs/,/planograms/1,"""4703&#44;4930&#44;6240&#44;6252&#44;6310&#44;6487&#44;6524&#44;8181&#44;8190&#44;8191&#44;8201&#44;8203&#44;8228&#44;8239&#44;8245&#44;8252&#44;8276&#44;8293&#44;4702&#44;4704&#44;4707&#44;4709&#44;4710&#44;4711&#44;4712&#44;4713&#44;4718&#44;4720&#44;4721&#44;4722&#44;4724&#44;4728&#44;4729&#44;4730&#44;4731&#44;4732&#44;4735&#44;4736&#44;4738&#44;4739&#44;4740&#44;4741&#44;4742&#44;4743&#44;4745&#44;4749&#44;4750&#44;4755&#44;4761&#44;4763&#44;4764&#44;4767&#44;4768&#44;4769&#44;4770&#44;4771&#44;4772&#44;4774&#44;4775&#44;4776&#44;4777&#44;4778&#44;4780&#44;4781&#44;4782&#44;4783&#44;4784&#44;4785&#44;4786&#44;4787&#44;4789&#44;4790&#44;4791&#44;4794&#44;4797&#44;4798&#44;4799&#44;4801&#44;4802&#44;4804&#44;4805&#44;4808&#44;4815&#44;4816&#44;4817&#44;4818&#44;4819&#44;4820&#44;4822&#44;4824&#44;4825&#44;4828&#44;4829&#44;4830&#44;4831&#44;4836&#44;4837&#44;4840&#44;4843&#44;4846&#44;4850&#44;4851&#44;4852&#44;4853&#44;4855&#44;4857&#44;4859&#44;4860&#44;4861&#44;4871&#44;4872&#44;4873&#44;4874&#44;4875&#44;4876&#44;4878&#44;4879&#44;4901&#44;4905&#44;4906&#44;4908&#44;4914&#44;4915&#44;4917&#44;4920&#44;4926&#44;4933&#44;4936&#44;4938&#44;4939&#44;4942&#44;4944&#44;4946&#44;4947&#44;4948&#44;4950&#44;4952&#44;4955&#44;4958&#44;4961&#44;4962&#44;4963&#44;4969&#44;4972&#44;4973&#44;4974&#44;4982&#44;4983&#44;4985&#44;4987&#44;4989&#44;4990&#44;4991&#44;4992&#44;4994&#44;4996&#44;4998&#44;4999&#44;6181&#44;6189&#44;6201&#44;6202&#44;6203&#44;6204&#44;6205&#44;6212&#44;6213&#44;6216&#44;6217&#44;6218&#44;6219&#44;6220&#44;6228&#44;6235&#44;6236&#44;6239&#44;6242&#44;6244&#44;6245&#44;6246&#44;6247&#44;6249&#44;6251&#44;6254&#44;6255&#44;6256&#44;6257&#44;6259&#44;6260&#44;6261&#44;6262&#44;6267&#44;6269&#44;6302&#44;6304&#44;6305&#44;6307&#44;6308&#44;6309&#44;6311&#44;6312&#44;6313&#44;6314&#44;6315&#44;6319&#44;6320&#44;6321&#44;6324&#44;6325&#44;6326&#44;6328&#44;6329&#44;6330&#44;6331&#44;6332&#44;6333&#44;6334&#44;6335&#44;6336&#44;6338&#44;6339&#44;6341&#44;6342&#44;6343&#44;6344&#44;6345&#44;6347&#44;6348&#44;6349&#44;6350&#44;6351&#44;6352&#44;6353&#44;6354&#44;6355&#44;6356&#44;6357&#44;6358&#44;6359&#44;6361&#44;6363&#44;6364&#44;6365&#44;6366&#44;6367&#44;6368&#44;6369&#44;6371&#44;6372&#44;6373&#44;6375&#44;6376&#44;6377&#44;6378&#44;6379&#44;6380&#44;6381&#44;6382&#44;6383&#44;6384&#44;6385&#44;6386&#44;6387&#44;6388&#44;6401&#44;6402&#44;6403&#44;6404&#44;6405&#44;6406&#44;6407&#44;6408&#44;6409&#44;6410&#44;6412&#44;6413&#44;6414&#44;6415&#44;6417&#44;6418&#44;6419&#44;6420&#44;6421&#44;6422&#44;6423&#44;6424&#44;6425&#44;6426&#44;6427&#44;6428&#44;6429&#44;6430&#44;6431&#44;6432&#44;6433&#44;6434&#44;6435&#44;6436&#44;6437&#44;6439&#44;6440&#44;6441&#44;6443&#44;6445&#44;6448&#44;6449&#44;6450&#44;6452&#44;6453&#44;6454&#44;6455&#44;6456&#44;6457&#44;6458&#44;6460&#44;6461&#44;6462&#44;6463&#44;6464&#44;6471&#44;6472&#44;6474&#44;6479&#44;6482&#44;6485&#44;6489&#44;6501&#44;6502&#44;6503&#44;6505&#44;6506&#44;6507&#44;6509&#44;6510&#44;6512&#44;6514&#44;6517&#44;6518&#44;6520&#44;6521&#44;6527&#44;6528&#44;6533&#44;6535&#44;6536&#44;6539&#44;6540&#44;6547&#44;6549&#44;6556&#44;6562&#44;6565&#44;6567&#44;6568&#44;6569&#44;6570&#44;6571&#44;6572&#44;6573&#44;6581&#44;6582&#44;6604&#44;6605&#44;6606&#44;6608&#44;6609&#44;6610&#44;6612&#44;6613&#44;6614&#44;6615&#44;6616&#44;6617&#44;6619&#44;6620&#44;6621&#44;6622&#44;6624&#44;6626&#44;6628&#44;6630&#44;6631&#44;6632&#44;6633&#44;6636&#44;6637&#44;6643&#44;6644&#44;6646&#44;6650&#44;6651&#44;6652&#44;6653&#44;6655&#44;6657&#44;6658&#44;6659&#44;6660&#44;6661&#44;6662&#44;6663&#44;6664&#44;6666&#44;6667&#44;6670&#44;6671&#44;6672&#44;6673&#44;6674&#44;6675&#44;6676&#44;6677&#44;6678&#44;6679&#44;6682&#44;6683&#44;6684&#44;6685&#44;6686&#44;6692&#44;6693&#44;6779&#44;6781&#44;6867&#44;6976&#44;6979&#44;7189&#44;7658&#44;7676&#44;8102&#44;8104&#44;8106&#44;8107&#44;8111&#44;8112&#44;8114&#44;8115&#44;8116&#44;8117&#44;8119&#44;8120&#44;8123&#44;8125&#44;8126&#44;8128&#44;8129&#44;8130&#44;8132&#44;8133&#44;8134&#44;8135&#44;8136&#44;8138&#44;8139&#44;8141&#44;8142&#44;8144&#44;8145&#44;8147&#44;8149&#44;8150&#44;8151&#44;8152&#44;8153&#44;8155&#44;8156&#44;8157&#44;8158&#44;8160&#44;8161&#44;8162&#44;8163&#44;8164&#44;8165&#44;8166&#44;8167&#44;8168&#44;8169&#44;8172&#44;8173&#44;8174&#44;8175&#44;8176&#44;8177&#44;8180&#44;8182&#44;8183&#44;8184&#44;8185&#44;8186&#44;8188&#44;8189&#44;8192&#44;8193&#44;8194&#44;8196&#44;8197&#44;8202&#44;8205&#44;8207&#44;8208&#44;8209&#44;8210&#44;8211&#44;8213&#44;8215&#44;8218&#44;8219&#44;8220&#44;8221&#44;8222&#44;8223&#44;8224&#44;8225&#44;8227&#44;8236&#44;8237&#44;8238&#44;8241&#44;8242&#44;8243&#44;8244&#44;8246&#44;8247&#44;8248&#44;8250&#44;8251&#44;8253&#44;8254&#44;8256&#44;8257&#44;8259&#44;8261&#44;8262&#44;8263&#44;8264&#44;8265&#44;8266&#44;8267&#44;8268&#44;8269&#44;8270&#44;8271&#44;8272&#44;8273&#44;8274&#44;8275&#44;8277&#44;8278&#44;8279&#44;8280&#44;8281&#44;8282&#44;8283&#44;8284&#44;8285&#44;8286&#44;8287&#44;8288&#44;8289&#44;8290&#44;8291&#44;8292&#44;8294&#44;8295&#44;8296&#44;8297&#44;8298&#44;8299&#44;4795&#44;4839&#44;4847&#44;4870&#44;4911&#44;6188&#44;6238&#44;6265&#44;6275&#44;6317&#44;6322&#44;6327&#44;6360&#44;6444&#44;6575&#44;6634&#44;6635&#44;8146&#44;8226&#44;4109&#44;4925&#44;8187&#44;""",2/14/21,2/14/21,Y
layouts,Paper Goods,94,,2021,2/16/21,https://sams-csp.cld.samsclub.com/clubs/,/planograms/94,"""4703&#44;4930&#44;6240&#44;6252&#44;6310&#44;6487&#44;6524&#44;8181&#44;8190&#44;8191&#44;8201&#44;8203&#44;8228&#44;8239&#44;8245&#44;8252&#44;8276&#44;8293&#44;4702&#44;4704&#44;4707&#44;4709&#44;4710&#44;4711&#44;4712&#44;4713&#44;4718&#44;4720&#44;4721&#44;4722&#44;4724&#44;4728&#44;4729&#44;4730&#44;4731&#44;4732&#44;4735&#44;4736&#44;4738&#44;4739&#44;4740&#44;4741&#44;4742&#44;4743&#44;4745&#44;4749&#44;4750&#44;4755&#44;4761&#44;4763&#44;4764&#44;4767&#44;4768&#44;4769&#44;4770&#44;4771&#44;4772&#44;4774&#44;4775&#44;4776&#44;4777&#44;4778&#44;4780&#44;4781&#44;4782&#44;4783&#44;4784&#44;4785&#44;4786&#44;4787&#44;4789&#44;4790&#44;4791&#44;4794&#44;4797&#44;4798&#44;4799&#44;4801&#44;4802&#44;4804&#44;4805&#44;4808&#44;4815&#44;4816&#44;4817&#44;4818&#44;4819&#44;4820&#44;4822&#44;4824&#44;4825&#44;4828&#44;4829&#44;4830&#44;4831&#44;4836&#44;4837&#44;4840&#44;4843&#44;4846&#44;4850&#44;4851&#44;4852&#44;4853&#44;4855&#44;4857&#44;4859&#44;4860&#44;4861&#44;4871&#44;4872&#44;4873&#44;4874&#44;4875&#44;4876&#44;4878&#44;4879&#44;4901&#44;4905&#44;4906&#44;4908&#44;4914&#44;4915&#44;4917&#44;4920&#44;4926&#44;4933&#44;4936&#44;4938&#44;4939&#44;4942&#44;4944&#44;4946&#44;4947&#44;4948&#44;4950&#44;4952&#44;4955&#44;4958&#44;4961&#44;4962&#44;4963&#44;4969&#44;4972&#44;4973&#44;4974&#44;4982&#44;4983&#44;4985&#44;4987&#44;4989&#44;4990&#44;4991&#44;4992&#44;4994&#44;4996&#44;4998&#44;4999&#44;6181&#44;6189&#44;6201&#44;6202&#44;6203&#44;6204&#44;6205&#44;6212&#44;6213&#44;6216&#44;6217&#44;6218&#44;6219&#44;6220&#44;6228&#44;6235&#44;6236&#44;6239&#44;6242&#44;6244&#44;6245&#44;6246&#44;6247&#44;6249&#44;6251&#44;6254&#44;6255&#44;6256&#44;6257&#44;6259&#44;6260&#44;6261&#44;6262&#44;6267&#44;6269&#44;6302&#44;6304&#44;6305&#44;6307&#44;6308&#44;6309&#44;6311&#44;6312&#44;6313&#44;6314&#44;6315&#44;6319&#44;6320&#44;6321&#44;6324&#44;6325&#44;6326&#44;6328&#44;6329&#44;6330&#44;6331&#44;6332&#44;6333&#44;6334&#44;6335&#44;6336&#44;6338&#44;6339&#44;6341&#44;6342&#44;6343&#44;6344&#44;6345&#44;6347&#44;6348&#44;6349&#44;6350&#44;6351&#44;6352&#44;6353&#44;6354&#44;6355&#44;6356&#44;6357&#44;6358&#44;6359&#44;6361&#44;6363&#44;6364&#44;6365&#44;6366&#44;6367&#44;6368&#44;6369&#44;6371&#44;6372&#44;6373&#44;6375&#44;6376&#44;6377&#44;6378&#44;6379&#44;6380&#44;6381&#44;6382&#44;6383&#44;6384&#44;6385&#44;6386&#44;6387&#44;6388&#44;6401&#44;6402&#44;6403&#44;6404&#44;6405&#44;6406&#44;6407&#44;6408&#44;6409&#44;6410&#44;6412&#44;6413&#44;6414&#44;6415&#44;6417&#44;6418&#44;6419&#44;6420&#44;6421&#44;6422&#44;6423&#44;6424&#44;6425&#44;6426&#44;6427&#44;6428&#44;6429&#44;6430&#44;6431&#44;6432&#44;6433&#44;6434&#44;6435&#44;6436&#44;6437&#44;6439&#44;6440&#44;6441&#44;6443&#44;6445&#44;6448&#44;6449&#44;6450&#44;6452&#44;6453&#44;6454&#44;6455&#44;6456&#44;6457&#44;6458&#44;6460&#44;6461&#44;6462&#44;6463&#44;6464&#44;6471&#44;6472&#44;6474&#44;6479&#44;6482&#44;6485&#44;6489&#44;6501&#44;6502&#44;6503&#44;6505&#44;6506&#44;6507&#44;6509&#44;6510&#44;6512&#44;6514&#44;6517&#44;6518&#44;6520&#44;6521&#44;6527&#44;6528&#44;6533&#44;6535&#44;6536&#44;6539&#44;6540&#44;6547&#44;6549&#44;6556&#44;6562&#44;6565&#44;6567&#44;6568&#44;6569&#44;6570&#44;6571&#44;6572&#44;6573&#44;6581&#44;6582&#44;6604&#44;6605&#44;6606&#44;6608&#44;6609&#44;6610&#44;6612&#44;6613&#44;6614&#44;6615&#44;6616&#44;6617&#44;6619&#44;6620&#44;6621&#44;6622&#44;6624&#44;6626&#44;6628&#44;6630&#44;6631&#44;6632&#44;6633&#44;6636&#44;6637&#44;6643&#44;6644&#44;6646&#44;6650&#44;6651&#44;6652&#44;6653&#44;6655&#44;6657&#44;6658&#44;6659&#44;6660&#44;6661&#44;6662&#44;6663&#44;6664&#44;6666&#44;6667&#44;6670&#44;6671&#44;6672&#44;6673&#44;6674&#44;6675&#44;6676&#44;6677&#44;6678&#44;6679&#44;6682&#44;6683&#44;6684&#44;6685&#44;6686&#44;6692&#44;6693&#44;6779&#44;6781&#44;6867&#44;6976&#44;6979&#44;7189&#44;7658&#44;7676&#44;8102&#44;8104&#44;8106&#44;8107&#44;8111&#44;8112&#44;8114&#44;8115&#44;8116&#44;8117&#44;8119&#44;8120&#44;8123&#44;8125&#44;8126&#44;8128&#44;8129&#44;8130&#44;8132&#44;8133&#44;8134&#44;8135&#44;8136&#44;8138&#44;8139&#44;8141&#44;8142&#44;8144&#44;8145&#44;8147&#44;8149&#44;8150&#44;8151&#44;8152&#44;8153&#44;8155&#44;8156&#44;8157&#44;8158&#44;8160&#44;8161&#44;8162&#44;8163&#44;8164&#44;8165&#44;8166&#44;8167&#44;8168&#44;8169&#44;8172&#44;8173&#44;8174&#44;8175&#44;8176&#44;8177&#44;8180&#44;8182&#44;8183&#44;8184&#44;8185&#44;8186&#44;8188&#44;8189&#44;8192&#44;8193&#44;8194&#44;8196&#44;8197&#44;8202&#44;8205&#44;8207&#44;8208&#44;8209&#44;8210&#44;8211&#44;8213&#44;8215&#44;8218&#44;8219&#44;8220&#44;8221&#44;8222&#44;8223&#44;8224&#44;8225&#44;8227&#44;8236&#44;8237&#44;8238&#44;8241&#44;8242&#44;8243&#44;8244&#44;8246&#44;8247&#44;8248&#44;8250&#44;8251&#44;8253&#44;8254&#44;8256&#44;8257&#44;8259&#44;8261&#44;8262&#44;8263&#44;8264&#44;8265&#44;8266&#44;8267&#44;8268&#44;8269&#44;8270&#44;8271&#44;8272&#44;8273&#44;8274&#44;8275&#44;8277&#44;8278&#44;8279&#44;8280&#44;8281&#44;8282&#44;8283&#44;8284&#44;8285&#44;8286&#44;8287&#44;8288&#44;8289&#44;8290&#44;8291&#44;8292&#44;8294&#44;8295&#44;8296&#44;8297&#44;8298&#44;8299&#44;4795&#44;4839&#44;4847&#44;4870&#44;4911&#44;6188&#44;6238&#44;6265&#44;6275&#44;6317&#44;6322&#44;6327&#44;6360&#44;6444&#44;6575&#44;6634&#44;6635&#44;8146&#44;8226&#44;4109&#44;4866&#44;6225&#44;6270&#44;6543&#44;6680&#44;6689&#44;6690&#44;4925&#44;8187&#44;""",2/15/21,2/15/21,N
layouts,Automotive,10,,2021,2/22/21,https://sams-csp.cld.samsclub.com/clubs/,/planograms/10,"""4703&#44;4930&#44;6240&#44;6252&#44;6310&#44;6487&#44;6524&#44;8181&#44;8190&#44;8191&#44;8201&#44;8203&#44;8228&#44;8239&#44;8245&#44;8252&#44;8276&#44;8293&#44;4702&#44;4704&#44;4707&#44;4709&#44;4710&#44;4711&#44;4712&#44;4713&#44;4718&#44;4720&#44;4721&#44;4722&#44;4724&#44;4728&#44;4729&#44;4730&#44;4731&#44;4732&#44;4735&#44;4736&#44;4738&#44;4739&#44;4740&#44;4741&#44;4742&#44;4743&#44;4745&#44;4749&#44;4750&#44;4755&#44;4761&#44;4763&#44;4764&#44;4767&#44;4768&#44;4769&#44;4770&#44;4771&#44;4772&#44;4774&#44;4775&#44;4776&#44;4777&#44;4778&#44;4780&#44;4781&#44;4782&#44;4783&#44;4784&#44;4785&#44;4786&#44;4787&#44;4789&#44;4790&#44;4791&#44;4794&#44;4797&#44;4798&#44;4799&#44;4801&#44;4802&#44;4804&#44;4805&#44;4808&#44;4815&#44;4816&#44;4817&#44;4818&#44;4819&#44;4820&#44;4822&#44;4824&#44;4825&#44;4828&#44;4829&#44;4830&#44;4831&#44;4836&#44;4837&#44;4840&#44;4843&#44;4846&#44;4850&#44;4851&#44;4852&#44;4853&#44;4855&#44;4857&#44;4859&#44;4860&#44;4861&#44;4871&#44;4872&#44;4873&#44;4874&#44;4875&#44;4876&#44;4878&#44;4879&#44;4901&#44;4905&#44;4906&#44;4908&#44;4914&#44;4915&#44;4917&#44;4920&#44;4926&#44;4933&#44;4936&#44;4938&#44;4939&#44;4942&#44;4944&#44;4946&#44;4947&#44;4948&#44;4950&#44;4952&#44;4955&#44;4958&#44;4961&#44;4962&#44;4963&#44;4969&#44;4972&#44;4973&#44;4974&#44;4982&#44;4983&#44;4985&#44;4987&#44;4989&#44;4990&#44;4991&#44;4992&#44;4994&#44;4996&#44;4998&#44;4999&#44;6181&#44;6189&#44;6201&#44;6202&#44;6203&#44;6204&#44;6205&#44;6212&#44;6213&#44;6216&#44;6217&#44;6218&#44;6219&#44;6220&#44;6228&#44;6235&#44;6236&#44;6239&#44;6242&#44;6244&#44;6245&#44;6246&#44;6247&#44;6249&#44;6251&#44;6254&#44;6255&#44;6256&#44;6257&#44;6259&#44;6260&#44;6261&#44;6262&#44;6267&#44;6269&#44;6302&#44;6304&#44;6305&#44;6307&#44;6308&#44;6309&#44;6311&#44;6312&#44;6313&#44;6314&#44;6315&#44;6319&#44;6320&#44;6321&#44;6324&#44;6325&#44;6326&#44;6328&#44;6329&#44;6330&#44;6331&#44;6332&#44;6333&#44;6334&#44;6335&#44;6336&#44;6338&#44;6339&#44;6341&#44;6342&#44;6343&#44;6344&#44;6345&#44;6347&#44;6348&#44;6349&#44;6350&#44;6351&#44;6352&#44;6353&#44;6354&#44;6355&#44;6356&#44;6357&#44;6358&#44;6359&#44;6361&#44;6363&#44;6364&#44;6365&#44;6366&#44;6367&#44;6368&#44;6369&#44;6371&#44;6372&#44;6373&#44;6375&#44;6376&#44;6377&#44;6378&#44;6379&#44;6380&#44;6381&#44;6382&#44;6383&#44;6384&#44;6385&#44;6386&#44;6387&#44;6388&#44;6401&#44;6402&#44;6403&#44;6404&#44;6405&#44;6406&#44;6407&#44;6408&#44;6409&#44;6410&#44;6412&#44;6413&#44;6414&#44;6415&#44;6417&#44;6418&#44;6419&#44;6420&#44;6421&#44;6422&#44;6423&#44;6424&#44;6425&#44;6426&#44;6427&#44;6428&#44;6429&#44;6430&#44;6431&#44;6432&#44;6433&#44;6434&#44;6435&#44;6436&#44;6437&#44;6439&#44;6440&#44;6441&#44;6443&#44;6445&#44;6448&#44;6449&#44;6450&#44;6452&#44;6453&#44;6454&#44;6455&#44;6456&#44;6457&#44;6458&#44;6460&#44;6461&#44;6462&#44;6463&#44;6464&#44;6471&#44;6472&#44;6474&#44;6479&#44;6482&#44;6485&#44;6489&#44;6501&#44;6502&#44;6503&#44;6505&#44;6506&#44;6507&#44;6509&#44;6510&#44;6512&#44;6514&#44;6517&#44;6518&#44;6520&#44;6521&#44;6527&#44;6528&#44;6533&#44;6535&#44;6536&#44;6539&#44;6540&#44;6547&#44;6549&#44;6556&#44;6562&#44;6565&#44;6567&#44;6568&#44;6569&#44;6570&#44;6571&#44;6572&#44;6573&#44;6581&#44;6582&#44;6604&#44;6605&#44;6606&#44;6608&#44;6609&#44;6610&#44;6612&#44;6613&#44;6614&#44;6615&#44;6616&#44;6617&#44;6619&#44;6620&#44;6621&#44;6622&#44;6624&#44;6626&#44;6628&#44;6630&#44;6631&#44;6632&#44;6633&#44;6636&#44;6637&#44;6643&#44;6644&#44;6646&#44;6650&#44;6651&#44;6652&#44;6653&#44;6655&#44;6657&#44;6658&#44;6659&#44;6660&#44;6661&#44;6662&#44;6663&#44;6664&#44;6666&#44;6667&#44;6670&#44;6671&#44;6672&#44;6673&#44;6674&#44;6675&#44;6676&#44;6677&#44;6678&#44;6679&#44;6682&#44;6683&#44;6684&#44;6685&#44;6686&#44;6692&#44;6693&#44;6779&#44;6781&#44;6867&#44;6976&#44;6979&#44;7189&#44;7658&#44;7676&#44;8102&#44;8104&#44;8106&#44;8107&#44;8111&#44;8112&#44;8114&#44;8115&#44;8116&#44;8117&#44;8119&#44;8120&#44;8123&#44;8125&#44;8126&#44;8128&#44;8129&#44;8130&#44;8132&#44;8133&#44;8134&#44;8135&#44;8136&#44;8138&#44;8139&#44;8141&#44;8142&#44;8144&#44;8145&#44;8147&#44;8149&#44;8150&#44;8151&#44;8152&#44;8153&#44;8155&#44;8156&#44;8157&#44;8158&#44;8160&#44;8161&#44;8162&#44;8163&#44;8164&#44;8165&#44;8166&#44;8167&#44;8168&#44;8169&#44;8172&#44;8173&#44;8174&#44;8175&#44;8176&#44;8177&#44;8180&#44;8182&#44;8183&#44;8184&#44;8185&#44;8186&#44;8188&#44;8189&#44;8192&#44;8193&#44;8194&#44;8196&#44;8197&#44;8202&#44;8205&#44;8207&#44;8208&#44;8209&#44;8210&#44;8211&#44;8213&#44;8215&#44;8218&#44;8219&#44;8220&#44;8221&#44;8222&#44;8223&#44;8224&#44;8225&#44;8227&#44;8236&#44;8237&#44;8238&#44;8241&#44;8242&#44;8243&#44;8244&#44;8246&#44;8247&#44;8248&#44;8250&#44;8251&#44;8253&#44;8254&#44;8256&#44;8257&#44;8259&#44;8261&#44;8262&#44;8263&#44;8264&#44;8265&#44;8266&#44;8267&#44;8268&#44;8269&#44;8270&#44;8271&#44;8272&#44;8273&#44;8274&#44;8275&#44;8277&#44;8278&#44;8279&#44;8280&#44;8281&#44;8282&#44;8283&#44;8284&#44;8285&#44;8286&#44;8287&#44;8288&#44;8289&#44;8290&#44;8291&#44;8292&#44;8294&#44;8295&#44;8296&#44;8297&#44;8298&#44;8299&#44;4795&#44;4839&#44;4847&#44;4870&#44;4911&#44;6188&#44;6238&#44;6265&#44;6275&#44;6317&#44;6322&#44;6327&#44;6360&#44;6444&#44;6575&#44;6634&#44;6635&#44;8146&#44;8226&#44;4109&#44;4866&#44;6225&#44;6270&#44;6543&#44;6680&#44;6689&#44;6690&#44;4925&#44;8187&#44;""",2/18/21,2/18/21,N
layouts,Bakery Dessert,"""37-2&#44;77-2""",,2021,3/1/21,1-NewFolderStructure/C037_C077_Bakery_Dessert/C77_C37_Dessert_Effective_03012021_Updated_02192021/,_C77_C37_Effective_03012021_Updated_02192021.pdf,"""4109&#44;4702&#44;4703&#44;4704&#44;4707&#44;4709&#44;4710&#44;4711&#44;4712&#44;4713&#44;4718&#44;4720&#44;4721&#44;4722&#44;4724&#44;4728&#44;4729&#44;4730&#44;4731&#44;4732&#44;4735&#44;4736&#44;4738&#44;4739&#44;4740&#44;4741&#44;4742&#44;4743&#44;4745&#44;4749&#44;4750&#44;4755&#44;4761&#44;4763&#44;4764&#44;4767&#44;4768&#44;4769&#44;4770&#44;4771&#44;4772&#44;4774&#44;4775&#44;4776&#44;4777&#44;4778&#44;4780&#44;4781&#44;4782&#44;4783&#44;4784&#44;4785&#44;4786&#44;4787&#44;4789&#44;4790&#44;4791&#44;4794&#44;4795&#44;4797&#44;4798&#44;4799&#44;4801&#44;4802&#44;4804&#44;4805&#44;4808&#44;4815&#44;4816&#44;4817&#44;4818&#44;4819&#44;4820&#44;4822&#44;4824&#44;4825&#44;4828&#44;4829&#44;4830&#44;4831&#44;4836&#44;4837&#44;4839&#44;4840&#44;4843&#44;4846&#44;4847&#44;4850&#44;4851&#44;4852&#44;4853&#44;4855&#44;4857&#44;4859&#44;4860&#44;4861&#44;4866&#44;4870&#44;4872&#44;4873&#44;4874&#44;4875&#44;4876&#44;4878&#44;4879&#44;4901&#44;4905&#44;4906&#44;4911&#44;4914&#44;4915&#44;4917&#44;4920&#44;4925&#44;4926&#44;4933&#44;4936&#44;4938&#44;4939&#44;4942&#44;4944&#44;4946&#44;4947&#44;4948&#44;4950&#44;4952&#44;4955&#44;4958&#44;4961&#44;4962&#44;4963&#44;4969&#44;4972&#44;4973&#44;4974&#44;4982&#44;4983&#44;4985&#44;4987&#44;4989&#44;4990&#44;4991&#44;4992&#44;4994&#44;4996&#44;4998&#44;4999&#44;6181&#44;6188&#44;6189&#44;6201&#44;6202&#44;6203&#44;6204&#44;6205&#44;6212&#44;6213&#44;6216&#44;6217&#44;6218&#44;6219&#44;6220&#44;6225&#44;6228&#44;6235&#44;6236&#44;6238&#44;6239&#44;6240&#44;6242&#44;6244&#44;6245&#44;6246&#44;6247&#44;6249&#44;6251&#44;6252&#44;6254&#44;6255&#44;6256&#44;6257&#44;6259&#44;6260&#44;6262&#44;6265&#44;6267&#44;6269&#44;6270&#44;6275&#44;6302&#44;6304&#44;6305&#44;6307&#44;6308&#44;6309&#44;6310&#44;6311&#44;6312&#44;6313&#44;6314&#44;6315&#44;6317&#44;6319&#44;6320&#44;6321&#44;6322&#44;6324&#44;6325&#44;6326&#44;6327&#44;6328&#44;6329&#44;6330&#44;6331&#44;6332&#44;6333&#44;6334&#44;6335&#44;6336&#44;6338&#44;6339&#44;6341&#44;6342&#44;6343&#44;6344&#44;6345&#44;6347&#44;6348&#44;6349&#44;6350&#44;6351&#44;6352&#44;6353&#44;6354&#44;6355&#44;6356&#44;6357&#44;6358&#44;6359&#44;6360&#44;6361&#44;6363&#44;6364&#44;6365&#44;6366&#44;6367&#44;6368&#44;6369&#44;6371&#44;6372&#44;6373&#44;6375&#44;6376&#44;6378&#44;6379&#44;6380&#44;6381&#44;6382&#44;6383&#44;6384&#44;6386&#44;6387&#44;6388&#44;6401&#44;6402&#44;6403&#44;6404&#44;6405&#44;6406&#44;6407&#44;6408&#44;6409&#44;6410&#44;6412&#44;6413&#44;6414&#44;6415&#44;6418&#44;6419&#44;6420&#44;6421&#44;6422&#44;6423&#44;6425&#44;6426&#44;6427&#44;6428&#44;6429&#44;6431&#44;6433&#44;6434&#44;6435&#44;6436&#44;6437&#44;6439&#44;6440&#44;6441&#44;6443&#44;6444&#44;6445&#44;6448&#44;6449&#44;6450&#44;6452&#44;6453&#44;6454&#44;6455&#44;6456&#44;6457&#44;6458&#44;6460&#44;6462&#44;6463&#44;6464&#44;6472&#44;6474&#44;6479&#44;6482&#44;6485&#44;6487&#44;6489&#44;6501&#44;6502&#44;6503&#44;6505&#44;6506&#44;6507&#44;6509&#44;6512&#44;6517&#44;6518&#44;6520&#44;6521&#44;6524&#44;6527&#44;6528&#44;6535&#44;6536&#44;6539&#44;6543&#44;6547&#44;6549&#44;6562&#44;6565&#44;6569&#44;6570&#44;6571&#44;6572&#44;6573&#44;6575&#44;6581&#44;6582&#44;6604&#44;6605&#44;6606&#44;6608&#44;6609&#44;6610&#44;6612&#44;6613&#44;6614&#44;6615&#44;6616&#44;6617&#44;6619&#44;6620&#44;6621&#44;6622&#44;6624&#44;6626&#44;6628&#44;6630&#44;6631&#44;6632&#44;6633&#44;6634&#44;6635&#44;6636&#44;6637&#44;6643&#44;6644&#44;6646&#44;6650&#44;6651&#44;6652&#44;6653&#44;6655&#44;6657&#44;6658&#44;6659&#44;6660&#44;6661&#44;6662&#44;6663&#44;6664&#44;6666&#44;6667&#44;6670&#44;6671&#44;6672&#44;6673&#44;6674&#44;6675&#44;6676&#44;6677&#44;6678&#44;6679&#44;6680&#44;6682&#44;6683&#44;6684&#44;6685&#44;6686&#44;6689&#44;6690&#44;6692&#44;6693&#44;6779&#44;6781&#44;6867&#44;6976&#44;6979&#44;7189&#44;7658&#44;7676&#44;8102&#44;8104&#44;8106&#44;8107&#44;8111&#44;8112&#44;8114&#44;8115&#44;8116&#44;8117&#44;8119&#44;8120&#44;8123&#44;8125&#44;8126&#44;8128&#44;8129&#44;8130&#44;8132&#44;8133&#44;8134&#44;8135&#44;8136&#44;8138&#44;8139&#44;8141&#44;8142&#44;8144&#44;8145&#44;8146&#44;8147&#44;8149&#44;8150&#44;8151&#44;8152&#44;8153&#44;8155&#44;8156&#44;8157&#44;8158&#44;8160&#44;8161&#44;8162&#44;8163&#44;8164&#44;8165&#44;8166&#44;8167&#44;8168&#44;8169&#44;8172&#44;8173&#44;8174&#44;8175&#44;8176&#44;8177&#44;8181&#44;8182&#44;8183&#44;8184&#44;8185&#44;8186&#44;8188&#44;8190&#44;8191&#44;8192&#44;8193&#44;8194&#44;8196&#44;8197&#44;8201&#44;8202&#44;8203&#44;8205&#44;8207&#44;8208&#44;8209&#44;8210&#44;8211&#44;8213&#44;8215&#44;8218&#44;8219&#44;8220&#44;8221&#44;8222&#44;8223&#44;8224&#44;8225&#44;8226&#44;8227&#44;8228&#44;8236&#44;8237&#44;8238&#44;8239&#44;8241&#44;8242&#44;8243&#44;8244&#44;8245&#44;8246&#44;8247&#44;8248&#44;8250&#44;8251&#44;8252&#44;8253&#44;8254&#44;8256&#44;8257&#44;8259&#44;8261&#44;8262&#44;8263&#44;8264&#44;8265&#44;8266&#44;8267&#44;8268&#44;8269&#44;8270&#44;8271&#44;8272&#44;8273&#44;8274&#44;8275&#44;8276&#44;8277&#44;8278&#44;8279&#44;8280&#44;8281&#44;8282&#44;8283&#44;8284&#44;8285&#44;8286&#44;8287&#44;8288&#44;8289&#44;8290&#44;8291&#44;8292&#44;8293&#44;8294&#44;8295&#44;8296&#44;8297&#44;8298&#44;8299&#44;""",2/24/21,2/19/21,N
layouts,Cake Case,"""37-3&#44;77-3""",,2021,3/1/21,1-NewFolderStructure/C037_C077_Cake_Case/C77_C37_Cake_Effective_03012021_Updated_02192021/,_C77_C37_Effective_03012021_Updated_02192021.pdf,"""4109&#44;4702&#44;4703&#44;4704&#44;4707&#44;4709&#44;4710&#44;4711&#44;4712&#44;4713&#44;4718&#44;4720&#44;4721&#44;4722&#44;4724&#44;4728&#44;4729&#44;4730&#44;4731&#44;4732&#44;4735&#44;4736&#44;4738&#44;4739&#44;4740&#44;4741&#44;4742&#44;4743&#44;4745&#44;4749&#44;4750&#44;4755&#44;4761&#44;4763&#44;4764&#44;4767&#44;4768&#44;4769&#44;4770&#44;4771&#44;4772&#44;4774&#44;4775&#44;4776&#44;4777&#44;4778&#44;4780&#44;4781&#44;4782&#44;4783&#44;4784&#44;4785&#44;4786&#44;4787&#44;4789&#44;4790&#44;4791&#44;4794&#44;4795&#44;4797&#44;4798&#44;4799&#44;4801&#44;4802&#44;4804&#44;4805&#44;4808&#44;4815&#44;4816&#44;4817&#44;4818&#44;4819&#44;4820&#44;4822&#44;4824&#44;4825&#44;4828&#44;4829&#44;4830&#44;4831&#44;4836&#44;4837&#44;4839&#44;4840&#44;4843&#44;4846&#44;4847&#44;4850&#44;4851&#44;4852&#44;4853&#44;4855&#44;4857&#44;4859&#44;4860&#44;4861&#44;4866&#44;4870&#44;4872&#44;4873&#44;4874&#44;4875&#44;4876&#44;4878&#44;4879&#44;4901&#44;4905&#44;4906&#44;4911&#44;4914&#44;4915&#44;4917&#44;4920&#44;4925&#44;4926&#44;4933&#44;4936&#44;4938&#44;4939&#44;4942&#44;4944&#44;4946&#44;4947&#44;4948&#44;4950&#44;4952&#44;4955&#44;4958&#44;4961&#44;4962&#44;4963&#44;4969&#44;4972&#44;4973&#44;4974&#44;4982&#44;4983&#44;4985&#44;4987&#44;4989&#44;4990&#44;4991&#44;4992&#44;4994&#44;4996&#44;4998&#44;4999&#44;6181&#44;6188&#44;6189&#44;6201&#44;6202&#44;6203&#44;6204&#44;6205&#44;6212&#44;6213&#44;6216&#44;6217&#44;6218&#44;6219&#44;6220&#44;6225&#44;6228&#44;6235&#44;6236&#44;6238&#44;6239&#44;6240&#44;6242&#44;6244&#44;6245&#44;6246&#44;6247&#44;6249&#44;6251&#44;6252&#44;6254&#44;6255&#44;6256&#44;6257&#44;6259&#44;6260&#44;6261&#44;6262&#44;6265&#44;6267&#44;6269&#44;6270&#44;6275&#44;6302&#44;6304&#44;6305&#44;6307&#44;6308&#44;6309&#44;6310&#44;6311&#44;6312&#44;6313&#44;6314&#44;6315&#44;6317&#44;6319&#44;6320&#44;6321&#44;6322&#44;6324&#44;6325&#44;6326&#44;6327&#44;6328&#44;6329&#44;6330&#44;6331&#44;6332&#44;6333&#44;6334&#44;6335&#44;6336&#44;6338&#44;6339&#44;6341&#44;6342&#44;6343&#44;6344&#44;6345&#44;6347&#44;6348&#44;6349&#44;6350&#44;6351&#44;6352&#44;6353&#44;6354&#44;6355&#44;6356&#44;6357&#44;6358&#44;6359&#44;6360&#44;6361&#44;6363&#44;6364&#44;6365&#44;6366&#44;6367&#44;6368&#44;6369&#44;6371&#44;6372&#44;6373&#44;6375&#44;6376&#44;6378&#44;6379&#44;6380&#44;6381&#44;6382&#44;6383&#44;6384&#44;6386&#44;6387&#44;6388&#44;6401&#44;6402&#44;6403&#44;6404&#44;6405&#44;6406&#44;6407&#44;6408&#44;6409&#44;6410&#44;6412&#44;6413&#44;6414&#44;6415&#44;6418&#44;6419&#44;6420&#44;6421&#44;6422&#44;6423&#44;6425&#44;6426&#44;6427&#44;6428&#44;6429&#44;6431&#44;6433&#44;6434&#44;6435&#44;6436&#44;6437&#44;6439&#44;6440&#44;6441&#44;6443&#44;6444&#44;6445&#44;6448&#44;6449&#44;6450&#44;6452&#44;6453&#44;6454&#44;6455&#44;6456&#44;6457&#44;6458&#44;6460&#44;6462&#44;6463&#44;6464&#44;6472&#44;6474&#44;6479&#44;6482&#44;6485&#44;6487&#44;6489&#44;6501&#44;6502&#44;6503&#44;6505&#44;6506&#44;6507&#44;6509&#44;6512&#44;6517&#44;6518&#44;6520&#44;6521&#44;6524&#44;6527&#44;6528&#44;6535&#44;6536&#44;6539&#44;6540&#44;6543&#44;6547&#44;6549&#44;6562&#44;6565&#44;6569&#44;6570&#44;6571&#44;6572&#44;6573&#44;6575&#44;6581&#44;6582&#44;6604&#44;6605&#44;6606&#44;6608&#44;6609&#44;6610&#44;6612&#44;6613&#44;6614&#44;6615&#44;6616&#44;6617&#44;6619&#44;6620&#44;6621&#44;6622&#44;6624&#44;6626&#44;6628&#44;6630&#44;6631&#44;6632&#44;6633&#44;6634&#44;6635&#44;6636&#44;6637&#44;6643&#44;6644&#44;6646&#44;6650&#44;6651&#44;6652&#44;6653&#44;6655&#44;6657&#44;6658&#44;6659&#44;6660&#44;6661&#44;6662&#44;6663&#44;6664&#44;6666&#44;6667&#44;6670&#44;6671&#44;6672&#44;6673&#44;6674&#44;6675&#44;6676&#44;6677&#44;6678&#44;6679&#44;6680&#44;6682&#44;6683&#44;6684&#44;6685&#44;6686&#44;6689&#44;6690&#44;6692&#44;6693&#44;6779&#44;6781&#44;6867&#44;6976&#44;6979&#44;7189&#44;7658&#44;7676&#44;8102&#44;8104&#44;8106&#44;8107&#44;8111&#44;8112&#44;8114&#44;8115&#44;8116&#44;8117&#44;8119&#44;8120&#44;8123&#44;8125&#44;8126&#44;8128&#44;8129&#44;8130&#44;8132&#44;8133&#44;8134&#44;8135&#44;8136&#44;8138&#44;8139&#44;8141&#44;8142&#44;8144&#44;8145&#44;8146&#44;8147&#44;8149&#44;8150&#44;8151&#44;8152&#44;8153&#44;8155&#44;8156&#44;8157&#44;8158&#44;8160&#44;8161&#44;8162&#44;8163&#44;8164&#44;8165&#44;8166&#44;8167&#44;8168&#44;8169&#44;8172&#44;8173&#44;8174&#44;8175&#44;8176&#44;8177&#44;8181&#44;8182&#44;8183&#44;8184&#44;8185&#44;8186&#44;8188&#44;8190&#44;8191&#44;8192&#44;8193&#44;8194&#44;8196&#44;8197&#44;8201&#44;8202&#44;8203&#44;8205&#44;8207&#44;8208&#44;8209&#44;8210&#44;8211&#44;8213&#44;8215&#44;8218&#44;8219&#44;8220&#44;8221&#44;8222&#44;8223&#44;8224&#44;8225&#44;8226&#44;8227&#44;8228&#44;8236&#44;8237&#44;8238&#44;8239&#44;8241&#44;8242&#44;8243&#44;8244&#44;8245&#44;8246&#44;8247&#44;8248&#44;8250&#44;8251&#44;8252&#44;8253&#44;8254&#44;8256&#44;8257&#44;8259&#44;8261&#44;8262&#44;8263&#44;8264&#44;8265&#44;8266&#44;8267&#44;8268&#44;8269&#44;8270&#44;8271&#44;8272&#44;8273&#44;8274&#44;8275&#44;8276&#44;8277&#44;8278&#44;8279&#44;8280&#44;8281&#44;8282&#44;8283&#44;8284&#44;8285&#44;8286&#44;8287&#44;8288&#44;8289&#44;8290&#44;8291&#44;8292&#44;8293&#44;8294&#44;8295&#44;8296&#44;8297&#44;8298&#44;8299&#44;""",2/24/21,2/19/21,N
layouts,Bakery Pallets,"""37-4&#44;77-4""",,2021,3/1/21,1-NewFolderStructure/C037_C077_Bakery_Pallets/C37_77_Bakery_Pallets_Effective_03012021_Updated_02192021/,_C37_77_Bakery_Pallets_Effective_03012021_Updated_02192021.pdf,"""4109&#44;4702&#44;4703&#44;4704&#44;4707&#44;4709&#44;4710&#44;4711&#44;4712&#44;4713&#44;4718&#44;4720&#44;4721&#44;4722&#44;4724&#44;4728&#44;4729&#44;4730&#44;4731&#44;4732&#44;4735&#44;4736&#44;4738&#44;4739&#44;4740&#44;4741&#44;4742&#44;4743&#44;4745&#44;4749&#44;4750&#44;4755&#44;4761&#44;4763&#44;4764&#44;4767&#44;4768&#44;4770&#44;4772&#44;4774&#44;4775&#44;4776&#44;4777&#44;4778&#44;4780&#44;4781&#44;4782&#44;4783&#44;4784&#44;4785&#44;4786&#44;4787&#44;4789&#44;4790&#44;4791&#44;4794&#44;4795&#44;4797&#44;4798&#44;4799&#44;4801&#44;4802&#44;4804&#44;4805&#44;4808&#44;4815&#44;4816&#44;4817&#44;4818&#44;4819&#44;4820&#44;4822&#44;4824&#44;4825&#44;4828&#44;4829&#44;4830&#44;4831&#44;4836&#44;4837&#44;4839&#44;4840&#44;4846&#44;4847&#44;4850&#44;4851&#44;4852&#44;4853&#44;4855&#44;4857&#44;4859&#44;4860&#44;4861&#44;4866&#44;4870&#44;4871&#44;4872&#44;4873&#44;4874&#44;4875&#44;4876&#44;4878&#44;4879&#44;4901&#44;4905&#44;4906&#44;4908&#44;4911&#44;4914&#44;4915&#44;4917&#44;4920&#44;4926&#44;4930&#44;4933&#44;4938&#44;4939&#44;4942&#44;4944&#44;4946&#44;4947&#44;4948&#44;4950&#44;4952&#44;4955&#44;4958&#44;4961&#44;4962&#44;4963&#44;4969&#44;4972&#44;4973&#44;4974&#44;4983&#44;4985&#44;4987&#44;4989&#44;4990&#44;4991&#44;4992&#44;4994&#44;4996&#44;4998&#44;4999&#44;6181&#44;6188&#44;6189&#44;6201&#44;6202&#44;6203&#44;6204&#44;6205&#44;6212&#44;6213&#44;6216&#44;6217&#44;6218&#44;6219&#44;6220&#44;6225&#44;6228&#44;6235&#44;6236&#44;6238&#44;6239&#44;6240&#44;6242&#44;6244&#44;6245&#44;6246&#44;6247&#44;6249&#44;6252&#44;6254&#44;6255&#44;6256&#44;6257&#44;6259&#44;6260&#44;6261&#44;6262&#44;6265&#44;6267&#44;6269&#44;6270&#44;6275&#44;6302&#44;6304&#44;6305&#44;6307&#44;6308&#44;6309&#44;6310&#44;6311&#44;6312&#44;6313&#44;6314&#44;6315&#44;6317&#44;6319&#44;6320&#44;6321&#44;6322&#44;6325&#44;6326&#44;6327&#44;6328&#44;6329&#44;6331&#44;6332&#44;6333&#44;6334&#44;6335&#44;6336&#44;6338&#44;6339&#44;6341&#44;6342&#44;6343&#44;6344&#44;6345&#44;6347&#44;6348&#44;6349&#44;6350&#44;6351&#44;6352&#44;6353&#44;6354&#44;6355&#44;6358&#44;6359&#44;6360&#44;6361&#44;6363&#44;6364&#44;6365&#44;6367&#44;6368&#44;6371&#44;6372&#44;6373&#44;6375&#44;6376&#44;6378&#44;6379&#44;6380&#44;6381&#44;6382&#44;6384&#44;6385&#44;6386&#44;6387&#44;6388&#44;6401&#44;6402&#44;6403&#44;6404&#44;6405&#44;6407&#44;6408&#44;6409&#44;6410&#44;6413&#44;6414&#44;6415&#44;6417&#44;6418&#44;6419&#44;6420&#44;6421&#44;6422&#44;6424&#44;6425&#44;6426&#44;6427&#44;6428&#44;6429&#44;6430&#44;6432&#44;6433&#44;6434&#44;6435&#44;6436&#44;6437&#44;6439&#44;6441&#44;6443&#44;6444&#44;6445&#44;6448&#44;6449&#44;6450&#44;6452&#44;6454&#44;6455&#44;6457&#44;6458&#44;6460&#44;6461&#44;6462&#44;6463&#44;6464&#44;6471&#44;6472&#44;6474&#44;6479&#44;6482&#44;6485&#44;6487&#44;6489&#44;6501&#44;6502&#44;6503&#44;6505&#44;6506&#44;6507&#44;6509&#44;6510&#44;6512&#44;6514&#44;6517&#44;6518&#44;6520&#44;6521&#44;6524&#44;6527&#44;6528&#44;6533&#44;6535&#44;6536&#44;6540&#44;6543&#44;6547&#44;6549&#44;6556&#44;6562&#44;6565&#44;6567&#44;6568&#44;6569&#44;6570&#44;6571&#44;6572&#44;6573&#44;6575&#44;6582&#44;6604&#44;6605&#44;6606&#44;6608&#44;6609&#44;6610&#44;6612&#44;6613&#44;6614&#44;6615&#44;6616&#44;6617&#44;6619&#44;6620&#44;6621&#44;6622&#44;6624&#44;6626&#44;6628&#44;6630&#44;6631&#44;6632&#44;6633&#44;6634&#44;6635&#44;6636&#44;6637&#44;6643&#44;6644&#44;6646&#44;6650&#44;6651&#44;6653&#44;6657&#44;6658&#44;6659&#44;6660&#44;6661&#44;6662&#44;6663&#44;6664&#44;6666&#44;6667&#44;6670&#44;6671&#44;6672&#44;6674&#44;6675&#44;6678&#44;6680&#44;6682&#44;6683&#44;6684&#44;6685&#44;6686&#44;6689&#44;6690&#44;6692&#44;6693&#44;6779&#44;6781&#44;6976&#44;6979&#44;7189&#44;7658&#44;7676&#44;8102&#44;8104&#44;8106&#44;8107&#44;8111&#44;8112&#44;8114&#44;8115&#44;8116&#44;8117&#44;8119&#44;8120&#44;8123&#44;8125&#44;8126&#44;8128&#44;8129&#44;8130&#44;8132&#44;8133&#44;8134&#44;8135&#44;8136&#44;8138&#44;8139&#44;8141&#44;8142&#44;8144&#44;8145&#44;8146&#44;8147&#44;8149&#44;8150&#44;8151&#44;8152&#44;8153&#44;8155&#44;8156&#44;8157&#44;8158&#44;8160&#44;8161&#44;8162&#44;8163&#44;8164&#44;8165&#44;8166&#44;8167&#44;8168&#44;8169&#44;8172&#44;8173&#44;8174&#44;8175&#44;8176&#44;8177&#44;8180&#44;8181&#44;8182&#44;8183&#44;8184&#44;8185&#44;8186&#44;8188&#44;8189&#44;8190&#44;8191&#44;8192&#44;8194&#44;8196&#44;8197&#44;8201&#44;8202&#44;8203&#44;8205&#44;8207&#44;8208&#44;8209&#44;8210&#44;8211&#44;8213&#44;8215&#44;8218&#44;8219&#44;8220&#44;8221&#44;8222&#44;8223&#44;8224&#44;8225&#44;8226&#44;8227&#44;8228&#44;8236&#44;8237&#44;8238&#44;8239&#44;8241&#44;8242&#44;8243&#44;8245&#44;8246&#44;8247&#44;8248&#44;8250&#44;8251&#44;8252&#44;8253&#44;8254&#44;8256&#44;8257&#44;8259&#44;8261&#44;8262&#44;8263&#44;8264&#44;8265&#44;8266&#44;8267&#44;8268&#44;8269&#44;8270&#44;8271&#44;8272&#44;8273&#44;8275&#44;8276&#44;8277&#44;8278&#44;8279&#44;8280&#44;8281&#44;8282&#44;8283&#44;8284&#44;8285&#44;8286&#44;8287&#44;8288&#44;8289&#44;8290&#44;8291&#44;8292&#44;8293&#44;8294&#44;8295&#44;8296&#44;8297&#44;8298&#44;8299&#44;""",2/23/21,2/19/21,N
layouts,Meat and Seafood,"""72&#44;76&#44;93""",,2021,3/1/21,1-NewFolderStructure/C076_C072_C093_Fresh_Meat_Seafood/C72_C76_C93_Effective_03012021_Planogram_Updated_02222021V3/,_C72_C76_C93_Effective_03012021_Planogram_Updated_02252021.pdf,"""4703&#44;4722&#44;4728&#44;4729&#44;4736&#44;4738&#44;4745&#44;4750&#44;4755&#44;4770&#44;4771&#44;4772&#44;4774&#44;4775&#44;4777&#44;4778&#44;4781&#44;4782&#44;4785&#44;4787&#44;4790&#44;4794&#44;4801&#44;4805&#44;4815&#44;4816&#44;4818&#44;4820&#44;4828&#44;4837&#44;4840&#44;4846&#44;4847&#44;4852&#44;4853&#44;4855&#44;4857&#44;4859&#44;4860&#44;4861&#44;4866&#44;4871&#44;4874&#44;4926&#44;4933&#44;4936&#44;4938&#44;4942&#44;4944&#44;4947&#44;4952&#44;4955&#44;4962&#44;4963&#44;4972&#44;4973&#44;4982&#44;4987&#44;4990&#44;4991&#44;4994&#44;4998&#44;4999&#44;6181&#44;6189&#44;6201&#44;6204&#44;6212&#44;6213&#44;6217&#44;6218&#44;6220&#44;6225&#44;6228&#44;6239&#44;6242&#44;6251&#44;6254&#44;6270&#44;6302&#44;6305&#44;6307&#44;6308&#44;6309&#44;6310&#44;6311&#44;6312&#44;6313&#44;6314&#44;6315&#44;6317&#44;6319&#44;6320&#44;6322&#44;6324&#44;6326&#44;6327&#44;6328&#44;6329&#44;6330&#44;6331&#44;6332&#44;6333&#44;6335&#44;6339&#44;6341&#44;6344&#44;6345&#44;6347&#44;6349&#44;6352&#44;6356&#44;6357&#44;6358&#44;6359&#44;6360&#44;6361&#44;6363&#44;6364&#44;6366&#44;6369&#44;6371&#44;6373&#44;6375&#44;6379&#44;6380&#44;6383&#44;6384&#44;6385&#44;6386&#44;6387&#44;6388&#44;6401&#44;6403&#44;6404&#44;6405&#44;6406&#44;6407&#44;6408&#44;6410&#44;6412&#44;6417&#44;6419&#44;6420&#44;6423&#44;6424&#44;6425&#44;6427&#44;6429&#44;6430&#44;6431&#44;6432&#44;6434&#44;6436&#44;6440&#44;6441&#44;6444&#44;6445&#44;6448&#44;6450&#44;6454&#44;6456&#44;6457&#44;6460&#44;6462&#44;6464&#44;6472&#44;6485&#44;6487&#44;6489&#44;6503&#44;6506&#44;6510&#44;6514&#44;6517&#44;6520&#44;6521&#44;6527&#44;6528&#44;6533&#44;6535&#44;6536&#44;6539&#44;6543&#44;6547&#44;6549&#44;6556&#44;6562&#44;6565&#44;6567&#44;6568&#44;6569&#44;6575&#44;6581&#44;6582&#44;6630&#44;6631&#44;6633&#44;6634&#44;6635&#44;6636&#44;6637&#44;6650&#44;6651&#44;6652&#44;6653&#44;6655&#44;6657&#44;6658&#44;6659&#44;6660&#44;6661&#44;6662&#44;6663&#44;6664&#44;6666&#44;6667&#44;6670&#44;6671&#44;6672&#44;6673&#44;6674&#44;6675&#44;6676&#44;6677&#44;6678&#44;6679&#44;6680&#44;6689&#44;6690&#44;6693&#44;6979&#44;7658&#44;8102&#44;8111&#44;8114&#44;8116&#44;8119&#44;8120&#44;8128&#44;8130&#44;8132&#44;8133&#44;8136&#44;8138&#44;8141&#44;8144&#44;8145&#44;8146&#44;8147&#44;8149&#44;8150&#44;8151&#44;8152&#44;8155&#44;8157&#44;8160&#44;8161&#44;8162&#44;8164&#44;8165&#44;8167&#44;8169&#44;8172&#44;8173&#44;8174&#44;8175&#44;8181&#44;8183&#44;8184&#44;8185&#44;8186&#44;8188&#44;8189&#44;8191&#44;8192&#44;8193&#44;8201&#44;8202&#44;8215&#44;8221&#44;8236&#44;8237&#44;8238&#44;8252&#44;8253&#44;8261&#44;8265&#44;8271&#44;8272&#44;8275&#44;8290&#44;8291&#44;8294&#44;8297&#44;8298&#44;""",3/5/21,2/25/21,N
layouts,Bakery Pallets,"""37-4&#44;77-4""",,2021,3/1/21,1-NewFolderStructure/C037_C077_Bakery_Pallets/C37_77_Bakery_Pallets_Effective_03012021_Updated_03032021/,_C37_77_Bakery_Pallets_Effective_03012021_Updated_03032021.pdf,"""4771&#44;4936&#44;6251&#44;6330&#44;6356&#44;6357&#44;6366&#44;6383&#44;6406&#44;6423&#44;6431&#44;6440&#44;6456&#44;6539&#44;6581&#44;6652&#44;6655&#44;6673&#44;6676&#44;6677&#44;6679&#44;8193&#44;""",3/4/21,3/3/21,N
layouts,Bakery Pallets,"""37-4&#44;77-4""",,2021,3/1/21,1-NewFolderStructure/C037_C077_Bakery_Pallets/C37_77_Bakery_Pallets_Effective_03012021_Updated_03042021/,_C37_77_Bakery_Pallets_Effective_03012021_Updated_03042021.pdf,"""4769&#44;4843&#44;6867&#44;8244&#44;8274&#44;""",3/4/21,3/4/21,N
layouts,Bakery Tables,"""37&#44;77""",,2021,3/1/21,1-NewFolderStructure/C037_C077_Bakery_Tables/C37_77_Bakery_Tables_Effective_03012021_Updated_03052021/,_C37_77_Bakery_Tables_Effective_03012021_Updated_03052021.pdf,"""4109&#44;4702&#44;4703&#44;4704&#44;4707&#44;4709&#44;4710&#44;4711&#44;4712&#44;4713&#44;4718&#44;4720&#44;4721&#44;4722&#44;4724&#44;4728&#44;4729&#44;4730&#44;4731&#44;4732&#44;4735&#44;4736&#44;4738&#44;4739&#44;4740&#44;4741&#44;4742&#44;4743&#44;4745&#44;4749&#44;4750&#44;4755&#44;4761&#44;4763&#44;4764&#44;4767&#44;4768&#44;4769&#44;4770&#44;4771&#44;4772&#44;4774&#44;4775&#44;4776&#44;4777&#44;4778&#44;4780&#44;4781&#44;4782&#44;4783&#44;4784&#44;4785&#44;4786&#44;4787&#44;4789&#44;4790&#44;4791&#44;4794&#44;4795&#44;4797&#44;4798&#44;4799&#44;4801&#44;4802&#44;4804&#44;4805&#44;4808&#44;4815&#44;4816&#44;4817&#44;4818&#44;4819&#44;4820&#44;4822&#44;4824&#44;4825&#44;4828&#44;4830&#44;4831&#44;4836&#44;4837&#44;4839&#44;4840&#44;4843&#44;4846&#44;4847&#44;4850&#44;4851&#44;4852&#44;4853&#44;4855&#44;4857&#44;4859&#44;4860&#44;4861&#44;4866&#44;4870&#44;4872&#44;4873&#44;4874&#44;4875&#44;4876&#44;4878&#44;4879&#44;4901&#44;4905&#44;4906&#44;4911&#44;4914&#44;4915&#44;4917&#44;4920&#44;4925&#44;4926&#44;4933&#44;4936&#44;4938&#44;4939&#44;4942&#44;4944&#44;4946&#44;4947&#44;4948&#44;4950&#44;4952&#44;4955&#44;4958&#44;4961&#44;4962&#44;4963&#44;4969&#44;4972&#44;4973&#44;4974&#44;4982&#44;4983&#44;4985&#44;4987&#44;4989&#44;4990&#44;4991&#44;4992&#44;4994&#44;4996&#44;4998&#44;4999&#44;6181&#44;6188&#44;6189&#44;6201&#44;6202&#44;6203&#44;6204&#44;6205&#44;6212&#44;6213&#44;6216&#44;6217&#44;6218&#44;6219&#44;6220&#44;6225&#44;6228&#44;6235&#44;6236&#44;6238&#44;6239&#44;6240&#44;6242&#44;6244&#44;6245&#44;6246&#44;6247&#44;6249&#44;6251&#44;6252&#44;6254&#44;6255&#44;6256&#44;6257&#44;6259&#44;6260&#44;6261&#44;6262&#44;6265&#44;6267&#44;6269&#44;6270&#44;6275&#44;6302&#44;6304&#44;6305&#44;6307&#44;6308&#44;6309&#44;6310&#44;6311&#44;6312&#44;6313&#44;6314&#44;6315&#44;6317&#44;6319&#44;6320&#44;6321&#44;6322&#44;6324&#44;6325&#44;6326&#44;6327&#44;6328&#44;6329&#44;6330&#44;6331&#44;6332&#44;6333&#44;6334&#44;6335&#44;6336&#44;6338&#44;6339&#44;6341&#44;6342&#44;6343&#44;6344&#44;6345&#44;6347&#44;6348&#44;6349&#44;6350&#44;6351&#44;6352&#44;6353&#44;6354&#44;6355&#44;6356&#44;6357&#44;6358&#44;6359&#44;6360&#44;6361&#44;6363&#44;6364&#44;6365&#44;6366&#44;6367&#44;6368&#44;6369&#44;6371&#44;6372&#44;6373&#44;6375&#44;6376&#44;6378&#44;6379&#44;6380&#44;6381&#44;6382&#44;6383&#44;6384&#44;6385&#44;6386&#44;6387&#44;6388&#44;6401&#44;6402&#44;6403&#44;6404&#44;6405&#44;6406&#44;6407&#44;6408&#44;6409&#44;6410&#44;6412&#44;6413&#44;6414&#44;6415&#44;6418&#44;6419&#44;6420&#44;6421&#44;6422&#44;6423&#44;6425&#44;6426&#44;6427&#44;6428&#44;6429&#44;6430&#44;6431&#44;6433&#44;6434&#44;6435&#44;6436&#44;6437&#44;6439&#44;6440&#44;6441&#44;6443&#44;6444&#44;6445&#44;6448&#44;6449&#44;6450&#44;6452&#44;6453&#44;6454&#44;6455&#44;6456&#44;6457&#44;6458&#44;6460&#44;6462&#44;6463&#44;6464&#44;6472&#44;6474&#44;6479&#44;6482&#44;6485&#44;6487&#44;6489&#44;6501&#44;6502&#44;6503&#44;6505&#44;6506&#44;6507&#44;6509&#44;6512&#44;6517&#44;6518&#44;6520&#44;6521&#44;6524&#44;6527&#44;6528&#44;6535&#44;6536&#44;6539&#44;6540&#44;6543&#44;6547&#44;6549&#44;6562&#44;6565&#44;6569&#44;6570&#44;6571&#44;6572&#44;6573&#44;6575&#44;6581&#44;6582&#44;6604&#44;6605&#44;6606&#44;6608&#44;6609&#44;6610&#44;6612&#44;6613&#44;6614&#44;6615&#44;6616&#44;6617&#44;6619&#44;6620&#44;6621&#44;6622&#44;6624&#44;6626&#44;6628&#44;6630&#44;6631&#44;6632&#44;6633&#44;6634&#44;6635&#44;6636&#44;6637&#44;6643&#44;6644&#44;6646&#44;6650&#44;6651&#44;6652&#44;6653&#44;6655&#44;6657&#44;6658&#44;6659&#44;6660&#44;6661&#44;6662&#44;6663&#44;6664&#44;6666&#44;6667&#44;6670&#44;6671&#44;6672&#44;6673&#44;6674&#44;6675&#44;6676&#44;6677&#44;6678&#44;6679&#44;6680&#44;6682&#44;6683&#44;6684&#44;6685&#44;6686&#44;6689&#44;6690&#44;6692&#44;6693&#44;6779&#44;6781&#44;6867&#44;6976&#44;6979&#44;7189&#44;7658&#44;7676&#44;8102&#44;8104&#44;8106&#44;8107&#44;8111&#44;8112&#44;8114&#44;8115&#44;8116&#44;8117&#44;8119&#44;8120&#44;8123&#44;8125&#44;8126&#44;8128&#44;8129&#44;8130&#44;8132&#44;8133&#44;8134&#44;8135&#44;8136&#44;8138&#44;8139&#44;8141&#44;8142&#44;8144&#44;8145&#44;8146&#44;8147&#44;8149&#44;8150&#44;8151&#44;8152&#44;8153&#44;8155&#44;8156&#44;8157&#44;8158&#44;8160&#44;8161&#44;8162&#44;8163&#44;8164&#44;8165&#44;8166&#44;8168&#44;8169&#44;8172&#44;8173&#44;8174&#44;8175&#44;8176&#44;8177&#44;8181&#44;8182&#44;8183&#44;8184&#44;8185&#44;8186&#44;8188&#44;8189&#44;8190&#44;8191&#44;8192&#44;8193&#44;8194&#44;8196&#44;8197&#44;8201&#44;8202&#44;8203&#44;8205&#44;8207&#44;8208&#44;8209&#44;8210&#44;8211&#44;8213&#44;8215&#44;8218&#44;8219&#44;8220&#44;8221&#44;8222&#44;8223&#44;8224&#44;8225&#44;8226&#44;8227&#44;8228&#44;8236&#44;8237&#44;8238&#44;8239&#44;8241&#44;8242&#44;8243&#44;8244&#44;8245&#44;8246&#44;8247&#44;8248&#44;8250&#44;8251&#44;8252&#44;8253&#44;8254&#44;8256&#44;8257&#44;8259&#44;8261&#44;8262&#44;8263&#44;8264&#44;8265&#44;8266&#44;8267&#44;8268&#44;8269&#44;8270&#44;8271&#44;8272&#44;8273&#44;8274&#44;8275&#44;8276&#44;8277&#44;8278&#44;8279&#44;8280&#44;8281&#44;8282&#44;8283&#44;8284&#44;8285&#44;8286&#44;8287&#44;8288&#44;8289&#44;8290&#44;8291&#44;8292&#44;8293&#44;8294&#44;8295&#44;8296&#44;8297&#44;8298&#44;8299&#44;""",3/9/21,3/5/21,N
layouts,Bakery Dessert,"""37-2&#44;77-2""",,2021,3/1/21,1-NewFolderStructure/C037_C077_Bakery_Dessert/C77_C37_Dessert_Effective_03012021_Updated_03052021/,_C77_C37_Effective_03012021_Updated_03052021.pdf,"""6261&#44;""",3/9/21,3/5/21,N
layouts,Bakery Pallets,"""37-4&#44;77-4""",,2021,3/1/21,1-NewFolderStructure/C037_C077_Bakery_Pallets/C37_77_Bakery_Pallets_Effective_03012021_Updated_03082021/,_C37_77_Bakery_Pallets_Effective_03012021_Updated_03082021.pdf,"""6369&#44;""",3/9/21,3/8/21,N
layouts,Meat and Seafood,"""72&#44;76&#44;93""",,2021,3/1/21,1-NewFolderStructure/C076_C072_C093_Fresh_Meat_Seafood/C72_C76_C93_Effective_03012021_Planogram_Updated_03112021/,_C72_C76_C93_Effective_03012021_Planogram_Updated_03112021.pdf,"""4109&#44;4702&#44;4710&#44;4711&#44;4712&#44;4713&#44;4720&#44;4721&#44;4724&#44;4731&#44;4739&#44;4742&#44;4743&#44;4761&#44;4763&#44;4764&#44;4769&#44;4776&#44;4780&#44;4783&#44;4789&#44;4791&#44;4795&#44;4797&#44;4798&#44;4802&#44;4804&#44;4808&#44;4817&#44;4825&#44;4831&#44;4836&#44;4839&#44;4843&#44;4850&#44;4870&#44;4872&#44;4873&#44;4879&#44;4901&#44;4905&#44;4906&#44;4911&#44;4914&#44;4917&#44;4920&#44;4925&#44;4939&#44;4946&#44;4948&#44;4950&#44;4958&#44;4961&#44;4969&#44;4985&#44;4989&#44;4996&#44;6188&#44;6202&#44;6203&#44;6216&#44;6219&#44;6236&#44;6238&#44;6244&#44;6245&#44;6247&#44;6255&#44;6259&#44;6262&#44;6265&#44;6267&#44;6269&#44;6275&#44;6321&#44;6336&#44;6338&#44;6342&#44;6343&#44;6348&#44;6350&#44;6351&#44;6353&#44;6354&#44;6355&#44;6365&#44;6367&#44;6368&#44;6372&#44;6376&#44;6381&#44;6402&#44;6409&#44;6413&#44;6414&#44;6415&#44;6418&#44;6421&#44;6422&#44;6426&#44;6435&#44;6439&#44;6443&#44;6452&#44;6453&#44;6458&#44;6461&#44;6463&#44;6471&#44;6482&#44;6509&#44;6518&#44;6524&#44;6540&#44;6570&#44;6571&#44;6572&#44;6573&#44;6632&#44;6643&#44;6644&#44;6646&#44;6779&#44;6781&#44;6867&#44;6976&#44;7189&#44;7676&#44;8104&#44;8106&#44;8107&#44;8112&#44;8115&#44;8117&#44;8126&#44;8129&#44;8134&#44;8139&#44;8142&#44;8156&#44;8158&#44;8166&#44;8176&#44;8190&#44;8194&#44;8196&#44;8203&#44;8207&#44;8208&#44;8209&#44;8210&#44;8211&#44;8213&#44;8218&#44;8219&#44;8220&#44;8222&#44;8223&#44;8224&#44;8225&#44;8226&#44;8227&#44;8228&#44;8239&#44;8241&#44;8242&#44;8243&#44;8244&#44;8245&#44;8246&#44;8247&#44;8248&#44;8250&#44;8254&#44;8256&#44;8259&#44;8262&#44;8263&#44;8264&#44;8267&#44;8268&#44;8269&#44;8270&#44;8273&#44;8274&#44;8277&#44;8278&#44;8279&#44;8281&#44;8282&#44;8283&#44;8284&#44;8286&#44;8287&#44;8288&#44;8289&#44;8293&#44;8295&#44;8296&#44;8299&#44;""",3/16/21,3/11/21,N
layouts,Bakery Tables,"""37&#44;77""",,2021,3/1/21,1-NewFolderStructure/C037_C077_Bakery_Tables/C77_C37_Bakery_Tables_Effective_03012021_Updated_03162021/,_C77_C37_Effective_03012021_Updated_03162021.pdf,"""4829&#44;8167&#44;""",3/17/21,3/16/21,N
layouts,Meat and Seafood,"""72&#44;76&#44;93""",,2021,3/1/21,1-NewFolderStructure/C076_C072_C093_Fresh_Meat_Seafood/C72_C76_C93_Effective_03012021_Planogram_Updated_03192021/,_C72_C76_C93_Effective_03012021_Planogram_Updated_03192021.pdf,"""4704&#44;4707&#44;4709&#44;4718&#44;4730&#44;4732&#44;4735&#44;4740&#44;4741&#44;4749&#44;4767&#44;4768&#44;4784&#44;4786&#44;4799&#44;4819&#44;4822&#44;4824&#44;4829&#44;4830&#44;4851&#44;4875&#44;4876&#44;4878&#44;4908&#44;4915&#44;4930&#44;4974&#44;4983&#44;4992&#44;6205&#44;6213&#44;6235&#44;6240&#44;6246&#44;6249&#44;6252&#44;6256&#44;6257&#44;6260&#44;6261&#44;6304&#44;6325&#44;6334&#44;6377&#44;6378&#44;6382&#44;6428&#44;6433&#44;6437&#44;6449&#44;6455&#44;6474&#44;6479&#44;6501&#44;6502&#44;6505&#44;6507&#44;6512&#44;6604&#44;6605&#44;6606&#44;6608&#44;6609&#44;6610&#44;6612&#44;6613&#44;6614&#44;6615&#44;6616&#44;6617&#44;6619&#44;6620&#44;6621&#44;6622&#44;6624&#44;6626&#44;6628&#44;6682&#44;6683&#44;6684&#44;6685&#44;6686&#44;6692&#44;8123&#44;8125&#44;8135&#44;8153&#44;8163&#44;8168&#44;8177&#44;8180&#44;8182&#44;8197&#44;8205&#44;8251&#44;8257&#44;8266&#44;8276&#44;8280&#44;8285&#44;8292""",3/22/21,3/19/21,N
layouts,Snacks,58,,2021,3/8/21,https://sams-csp.cld.samsclub.com/clubs/,/planograms/58,"""4109&#44;4702&#44;4703&#44;4704&#44;4707&#44;4709&#44;4710&#44;4711&#44;4712&#44;4713&#44;4718&#44;4720&#44;4721&#44;4722&#44;4724&#44;4728&#44;4729&#44;4730&#44;4731&#44;4732&#44;4735&#44;4736&#44;4738&#44;4739&#44;4740&#44;4741&#44;4742&#44;4743&#44;4745&#44;4749&#44;4750&#44;4755&#44;4761&#44;4763&#44;4764&#44;4767&#44;4768&#44;4769&#44;4770&#44;4771&#44;4772&#44;4774&#44;4775&#44;4776&#44;4777&#44;4778&#44;4780&#44;4781&#44;4782&#44;4783&#44;4784&#44;4785&#44;4786&#44;4787&#44;4789&#44;4790&#44;4791&#44;4794&#44;4795&#44;4797&#44;4798&#44;4799&#44;4801&#44;4802&#44;4804&#44;4805&#44;4808&#44;4815&#44;4816&#44;4817&#44;4818&#44;4819&#44;4820&#44;4822&#44;4824&#44;4825&#44;4828&#44;4829&#44;4830&#44;4831&#44;4836&#44;4837&#44;4839&#44;4840&#44;4843&#44;4846&#44;4847&#44;4850&#44;4851&#44;4852&#44;4853&#44;4855&#44;4857&#44;4859&#44;4860&#44;4861&#44;4866&#44;4870&#44;4871&#44;4872&#44;4873&#44;4874&#44;4875&#44;4876&#44;4878&#44;4879&#44;4901&#44;4905&#44;4906&#44;4908&#44;4911&#44;4914&#44;4915&#44;4917&#44;4920&#44;4925&#44;4926&#44;4930&#44;4933&#44;4936&#44;4938&#44;4939&#44;4942&#44;4944&#44;4946&#44;4947&#44;4948&#44;4950&#44;4952&#44;4955&#44;4958&#44;4961&#44;4962&#44;4963&#44;4969&#44;4972&#44;4973&#44;4974&#44;4982&#44;4983&#44;4985&#44;4987&#44;4989&#44;4990&#44;4991&#44;4992&#44;4994&#44;4996&#44;4998&#44;4999&#44;6181&#44;6188&#44;6189&#44;6201&#44;6202&#44;6203&#44;6204&#44;6205&#44;6212&#44;6213&#44;6216&#44;6217&#44;6218&#44;6219&#44;6220&#44;6225&#44;6228&#44;6235&#44;6236&#44;6238&#44;6239&#44;6240&#44;6242&#44;6244&#44;6245&#44;6246&#44;6247&#44;6249&#44;6251&#44;6252&#44;6254&#44;6255&#44;6256&#44;6257&#44;6259&#44;6260&#44;6261&#44;6262&#44;6265&#44;6267&#44;6269&#44;6270&#44;6275&#44;6302&#44;6304&#44;6305&#44;6307&#44;6308&#44;6309&#44;6310&#44;6311&#44;6312&#44;6313&#44;6314&#44;6315&#44;6317&#44;6319&#44;6320&#44;6321&#44;6322&#44;6324&#44;6325&#44;6326&#44;6327&#44;6328&#44;6329&#44;6330&#44;6331&#44;6332&#44;6333&#44;6334&#44;6335&#44;6336&#44;6338&#44;6339&#44;6341&#44;6342&#44;6343&#44;6344&#44;6345&#44;6347&#44;6348&#44;6349&#44;6350&#44;6351&#44;6352&#44;6353&#44;6354&#44;6355&#44;6356&#44;6357&#44;6358&#44;6359&#44;6360&#44;6361&#44;6363&#44;6364&#44;6365&#44;6366&#44;6367&#44;6368&#44;6369&#44;6371&#44;6372&#44;6373&#44;6375&#44;6376&#44;6377&#44;6378&#44;6379&#44;6380&#44;6381&#44;6382&#44;6383&#44;6384&#44;6385&#44;6386&#44;6387&#44;6388&#44;6401&#44;6402&#44;6403&#44;6404&#44;6405&#44;6406&#44;6407&#44;6408&#44;6409&#44;6410&#44;6412&#44;6413&#44;6414&#44;6415&#44;6417&#44;6418&#44;6419&#44;6420&#44;6421&#44;6422&#44;6423&#44;6424&#44;6425&#44;6426&#44;6427&#44;6428&#44;6429&#44;6430&#44;6431&#44;6432&#44;6433&#44;6434&#44;6435&#44;6436&#44;6437&#44;6439&#44;6440&#44;6441&#44;6443&#44;6444&#44;6445&#44;6448&#44;6449&#44;6450&#44;6452&#44;6453&#44;6454&#44;6455&#44;6456&#44;6457&#44;6458&#44;6460&#44;6461&#44;6462&#44;6463&#44;6464&#44;6471&#44;6472&#44;6474&#44;6479&#44;6482&#44;6485&#44;6487&#44;6489&#44;6501&#44;6502&#44;6503&#44;6505&#44;6506&#44;6507&#44;6509&#44;6510&#44;6512&#44;6514&#44;6517&#44;6518&#44;6520&#44;6521&#44;6524&#44;6527&#44;6528&#44;6533&#44;6535&#44;6536&#44;6539&#44;6540&#44;6543&#44;6547&#44;6549&#44;6556&#44;6562&#44;6565&#44;6567&#44;6568&#44;6569&#44;6570&#44;6571&#44;6572&#44;6573&#44;6575&#44;6581&#44;6582&#44;6604&#44;6605&#44;6606&#44;6608&#44;6609&#44;6610&#44;6612&#44;6613&#44;6614&#44;6615&#44;6616&#44;6617&#44;6619&#44;6620&#44;6621&#44;6622&#44;6624&#44;6626&#44;6628&#44;6630&#44;6631&#44;6632&#44;6633&#44;6634&#44;6635&#44;6636&#44;6637&#44;6643&#44;6644&#44;6646&#44;6650&#44;6651&#44;6652&#44;6653&#44;6655&#44;6657&#44;6658&#44;6659&#44;6660&#44;6661&#44;6662&#44;6663&#44;6664&#44;6666&#44;6667&#44;6670&#44;6671&#44;6672&#44;6673&#44;6674&#44;6675&#44;6676&#44;6677&#44;6678&#44;6679&#44;6680&#44;6682&#44;6683&#44;6684&#44;6685&#44;6686&#44;6689&#44;6690&#44;6692&#44;6693&#44;6779&#44;6781&#44;6867&#44;6976&#44;6979&#44;7189&#44;7658&#44;7676&#44;8102&#44;8104&#44;8106&#44;8107&#44;8111&#44;8112&#44;8114&#44;8115&#44;8116&#44;8117&#44;8119&#44;8120&#44;8123&#44;8125&#44;8126&#44;8128&#44;8129&#44;8130&#44;8132&#44;8133&#44;8134&#44;8135&#44;8136&#44;8138&#44;8139&#44;8141&#44;8142&#44;8144&#44;8145&#44;8146&#44;8147&#44;8149&#44;8150&#44;8151&#44;8152&#44;8153&#44;8155&#44;8156&#44;8157&#44;8158&#44;8160&#44;8161&#44;8162&#44;8163&#44;8164&#44;8165&#44;8166&#44;8167&#44;8168&#44;8169&#44;8172&#44;8173&#44;8174&#44;8175&#44;8176&#44;8177&#44;8180&#44;8181&#44;8182&#44;8183&#44;8184&#44;8185&#44;8186&#44;8188&#44;8189&#44;8190&#44;8191&#44;8192&#44;8193&#44;8194&#44;8196&#44;8197&#44;8201&#44;8202&#44;8203&#44;8205&#44;8207&#44;8208&#44;8209&#44;8210&#44;8211&#44;8213&#44;8215&#44;8218&#44;8219&#44;8220&#44;8221&#44;8222&#44;8223&#44;8224&#44;8225&#44;8226&#44;8227&#44;8228&#44;8236&#44;8237&#44;8238&#44;8239&#44;8241&#44;8242&#44;8243&#44;8244&#44;8245&#44;8246&#44;8247&#44;8248&#44;8250&#44;8251&#44;8252&#44;8253&#44;8254&#44;8256&#44;8257&#44;8259&#44;8261&#44;8262&#44;8263&#44;8264&#44;8265&#44;8266&#44;8267&#44;8268&#44;8269&#44;8270&#44;8271&#44;8272&#44;8273&#44;8274&#44;8275&#44;8276&#44;8277&#44;8278&#44;8279&#44;8280&#44;8281&#44;8282&#44;8283&#44;8284&#44;8285&#44;8286&#44;8287&#44;8288&#44;8289&#44;8290&#44;8291&#44;8292&#44;8293&#44;8294&#44;8295&#44;8296&#44;8297&#44;8298&#44;8299&#44;""",1/14/21,2/15/21,N
layouts,Sushi,79,,2021,3/8/21,1-NewFolderStructure/C079_Sushi/C79_Sushi_Effective_03082021/,_C79_Sushi_Effective_03082021.pdf,"""4702&#44;4704&#44;4707&#44;4709&#44;4711&#44;4712&#44;4713&#44;4718&#44;4721&#44;4722&#44;4728&#44;4731&#44;4732&#44;4735&#44;4736&#44;4739&#44;4740&#44;4741&#44;4742&#44;4743&#44;4745&#44;4749&#44;4755&#44;4761&#44;4763&#44;4764&#44;4767&#44;4768&#44;4769&#44;4771&#44;4772&#44;4774&#44;4775&#44;4776&#44;4777&#44;4778&#44;4780&#44;4781&#44;4782&#44;4783&#44;4784&#44;4785&#44;4786&#44;4787&#44;4789&#44;4790&#44;4794&#44;4795&#44;4797&#44;4801&#44;4802&#44;4804&#44;4805&#44;4808&#44;4816&#44;4818&#44;4819&#44;4822&#44;4824&#44;4825&#44;4828&#44;4829&#44;4830&#44;4831&#44;4837&#44;4839&#44;4840&#44;4843&#44;4847&#44;4850&#44;4851&#44;4852&#44;4853&#44;4855&#44;4857&#44;4859&#44;4861&#44;4870&#44;4873&#44;4874&#44;4875&#44;4878&#44;4901&#44;4905&#44;4906&#44;4908&#44;4911&#44;4914&#44;4915&#44;4917&#44;4920&#44;4925&#44;4926&#44;4938&#44;4939&#44;4942&#44;4944&#44;4946&#44;4955&#44;4958&#44;4961&#44;4969&#44;4972&#44;4974&#44;4983&#44;4985&#44;4987&#44;4989&#44;4990&#44;4991&#44;4992&#44;4998&#44;6181&#44;6188&#44;6189&#44;6202&#44;6205&#44;6212&#44;6213&#44;6216&#44;6217&#44;6218&#44;6219&#44;6220&#44;6228&#44;6236&#44;6238&#44;6239&#44;6240&#44;6242&#44;6244&#44;6245&#44;6246&#44;6247&#44;6249&#44;6251&#44;6252&#44;6254&#44;6255&#44;6257&#44;6259&#44;6261&#44;6262&#44;6265&#44;6267&#44;6304&#44;6308&#44;6309&#44;6310&#44;6311&#44;6312&#44;6313&#44;6314&#44;6315&#44;6317&#44;6319&#44;6320&#44;6321&#44;6324&#44;6325&#44;6326&#44;6328&#44;6332&#44;6335&#44;6341&#44;6342&#44;6343&#44;6344&#44;6348&#44;6350&#44;6351&#44;6354&#44;6355&#44;6357&#44;6358&#44;6359&#44;6360&#44;6361&#44;6363&#44;6367&#44;6368&#44;6369&#44;6371&#44;6372&#44;6376&#44;6378&#44;6381&#44;6382&#44;6383&#44;6384&#44;6385&#44;6401&#44;6402&#44;6403&#44;6408&#44;6409&#44;6410&#44;6412&#44;6413&#44;6414&#44;6415&#44;6418&#44;6419&#44;6420&#44;6422&#44;6428&#44;6429&#44;6434&#44;6437&#44;6440&#44;6443&#44;6444&#44;6445&#44;6452&#44;6457&#44;6458&#44;6463&#44;6464&#44;6472&#44;6474&#44;6479&#44;6482&#44;6487&#44;6489&#44;6501&#44;6505&#44;6512&#44;6518&#44;6520&#44;6524&#44;6527&#44;6535&#44;6536&#44;6540&#44;6565&#44;6567&#44;6568&#44;6570&#44;6572&#44;6573&#44;6575&#44;6604&#44;6608&#44;6609&#44;6610&#44;6612&#44;6613&#44;6614&#44;6615&#44;6616&#44;6617&#44;6619&#44;6621&#44;6622&#44;6624&#44;6626&#44;6628&#44;6630&#44;6631&#44;6633&#44;6635&#44;6636&#44;6637&#44;6643&#44;6644&#44;6646&#44;6650&#44;6651&#44;6652&#44;6653&#44;6655&#44;6657&#44;6658&#44;6659&#44;6660&#44;6661&#44;6662&#44;6663&#44;6664&#44;6666&#44;6667&#44;6670&#44;6671&#44;6674&#44;6676&#44;6677&#44;6678&#44;6682&#44;6684&#44;6685&#44;6686&#44;6692&#44;6779&#44;6781&#44;6976&#44;6979&#44;7189&#44;7676&#44;8104&#44;8106&#44;8111&#44;8112&#44;8114&#44;8115&#44;8116&#44;8117&#44;8119&#44;8120&#44;8123&#44;8129&#44;8134&#44;8135&#44;8138&#44;8139&#44;8141&#44;8142&#44;8145&#44;8146&#44;8149&#44;8151&#44;8155&#44;8157&#44;8158&#44;8160&#44;8161&#44;8164&#44;8165&#44;8166&#44;8167&#44;8168&#44;8173&#44;8174&#44;8175&#44;8176&#44;8177&#44;8181&#44;8182&#44;8183&#44;8188&#44;8191&#44;8193&#44;8194&#44;8197&#44;8201&#44;8203&#44;8205&#44;8207&#44;8208&#44;8209&#44;8210&#44;8213&#44;8215&#44;8218&#44;8219&#44;8220&#44;8221&#44;8222&#44;8223&#44;8224&#44;8225&#44;8227&#44;8236&#44;8237&#44;8238&#44;8239&#44;8241&#44;8242&#44;8243&#44;8246&#44;8248&#44;8250&#44;8251&#44;8252&#44;8253&#44;8257&#44;8259&#44;8261&#44;8262&#44;8263&#44;8264&#44;8265&#44;8266&#44;8267&#44;8268&#44;8269&#44;8270&#44;8271&#44;8272&#44;8275&#44;8277&#44;8278&#44;8279&#44;8282&#44;8284&#44;8285&#44;8287&#44;8290&#44;8291&#44;8293&#44;8294&#44;8296&#44;8297&#44;8298&#44;8299&#44;""",2/23/21,2/18/21,N
layouts,HMS,79-2,,2021,3/8/21,1-NewFolderStructure/C079_HMS/C79_HMS_Effective_03082021/,_C79_HMS_Effective_03082021.pdf,"""4866&#44;6225&#44;6270&#44;6543&#44;6680&#44;6689&#44;6690&#44;8172&#44;8173&#44;8175&#44;8176&#44;8177&#44;8180&#44;8184&#44;8186&#44;8188&#44;8189&#44;8191&#44;8192&#44;8196&#44;8202&#44;8203&#44;8205&#44;8207&#44;8208&#44;""",2/23/21,2/18/21,N
layouts,Café Grab and Go,79-3,,2021,3/8/21,1-NewFolderStructure/C079_Cafe_Grab_n_Go/C79_Cafe_Grab_and_Go_Effective_03082021/,_C79_Cafe_Grab_and_Go_Effective_03082021.pdf,"""4109&#44;4702&#44;4703&#44;4704&#44;4707&#44;4709&#44;4710&#44;4711&#44;4712&#44;4713&#44;4718&#44;4720&#44;4721&#44;4722&#44;4724&#44;4728&#44;4729&#44;4731&#44;4732&#44;4735&#44;4736&#44;4738&#44;4739&#44;4740&#44;4741&#44;4742&#44;4743&#44;4745&#44;4749&#44;4750&#44;4755&#44;4761&#44;4763&#44;4764&#44;4767&#44;4768&#44;4769&#44;4770&#44;4771&#44;4772&#44;4774&#44;4775&#44;4776&#44;4777&#44;4778&#44;4780&#44;4781&#44;4782&#44;4783&#44;4784&#44;4785&#44;4786&#44;4787&#44;4789&#44;4790&#44;4791&#44;4794&#44;4795&#44;4797&#44;4798&#44;4799&#44;4801&#44;4802&#44;4804&#44;4805&#44;4808&#44;4815&#44;4816&#44;4817&#44;4818&#44;4819&#44;4820&#44;4822&#44;4824&#44;4825&#44;4828&#44;4829&#44;4830&#44;4831&#44;4836&#44;4837&#44;4839&#44;4840&#44;4843&#44;4846&#44;4847&#44;4850&#44;4851&#44;4852&#44;4853&#44;4855&#44;4857&#44;4859&#44;4860&#44;4861&#44;4870&#44;4871&#44;4872&#44;4873&#44;4874&#44;4875&#44;4876&#44;4878&#44;4879&#44;4901&#44;4905&#44;4906&#44;4908&#44;4911&#44;4914&#44;4915&#44;4917&#44;4920&#44;4925&#44;4926&#44;4930&#44;4933&#44;4936&#44;4938&#44;4939&#44;4942&#44;4944&#44;4946&#44;4947&#44;4948&#44;4950&#44;4952&#44;4955&#44;4958&#44;4961&#44;4962&#44;4963&#44;4969&#44;4972&#44;4973&#44;4974&#44;4982&#44;4983&#44;4985&#44;4987&#44;4989&#44;4990&#44;4991&#44;4992&#44;4994&#44;4996&#44;4998&#44;4999&#44;6181&#44;6188&#44;6189&#44;6201&#44;6202&#44;6203&#44;6204&#44;6205&#44;6212&#44;6213&#44;6216&#44;6217&#44;6218&#44;6219&#44;6220&#44;6228&#44;6235&#44;6236&#44;6238&#44;6239&#44;6240&#44;6242&#44;6244&#44;6245&#44;6246&#44;6247&#44;6249&#44;6251&#44;6252&#44;6254&#44;6255&#44;6256&#44;6257&#44;6259&#44;6260&#44;6261&#44;6262&#44;6265&#44;6267&#44;6269&#44;6275&#44;6302&#44;6304&#44;6305&#44;6307&#44;6308&#44;6309&#44;6310&#44;6311&#44;6312&#44;6313&#44;6314&#44;6315&#44;6317&#44;6319&#44;6320&#44;6321&#44;6322&#44;6324&#44;6325&#44;6326&#44;6327&#44;6328&#44;6329&#44;6330&#44;6331&#44;6332&#44;6333&#44;6334&#44;6335&#44;6336&#44;6338&#44;6339&#44;6341&#44;6342&#44;6343&#44;6344&#44;6345&#44;6347&#44;6348&#44;6349&#44;6350&#44;6351&#44;6352&#44;6353&#44;6354&#44;6355&#44;6356&#44;6357&#44;6358&#44;6359&#44;6360&#44;6361&#44;6363&#44;6364&#44;6365&#44;6366&#44;6367&#44;6368&#44;6369&#44;6371&#44;6372&#44;6373&#44;6375&#44;6376&#44;6377&#44;6379&#44;6380&#44;6381&#44;6382&#44;6383&#44;6384&#44;6385&#44;6386&#44;6387&#44;6388&#44;6401&#44;6402&#44;6403&#44;6405&#44;6406&#44;6407&#44;6408&#44;6409&#44;6410&#44;6412&#44;6413&#44;6414&#44;6415&#44;6417&#44;6418&#44;6419&#44;6420&#44;6421&#44;6422&#44;6423&#44;6424&#44;6425&#44;6426&#44;6427&#44;6428&#44;6429&#44;6430&#44;6431&#44;6432&#44;6433&#44;6434&#44;6435&#44;6436&#44;6437&#44;6439&#44;6440&#44;6441&#44;6443&#44;6444&#44;6445&#44;6448&#44;6450&#44;6452&#44;6453&#44;6454&#44;6456&#44;6457&#44;6458&#44;6460&#44;6461&#44;6462&#44;6463&#44;6464&#44;6471&#44;6472&#44;6474&#44;6482&#44;6485&#44;6487&#44;6489&#44;6501&#44;6502&#44;6503&#44;6505&#44;6506&#44;6507&#44;6509&#44;6510&#44;6512&#44;6514&#44;6517&#44;6518&#44;6520&#44;6521&#44;6524&#44;6527&#44;6528&#44;6533&#44;6535&#44;6536&#44;6539&#44;6540&#44;6547&#44;6549&#44;6556&#44;6562&#44;6565&#44;6567&#44;6568&#44;6569&#44;6570&#44;6571&#44;6572&#44;6573&#44;6575&#44;6581&#44;6582&#44;6604&#44;6605&#44;6606&#44;6608&#44;6609&#44;6610&#44;6612&#44;6613&#44;6614&#44;6615&#44;6616&#44;6617&#44;6619&#44;6620&#44;6621&#44;6622&#44;6624&#44;6626&#44;6628&#44;6630&#44;6631&#44;6632&#44;6633&#44;6634&#44;6635&#44;6636&#44;6637&#44;6643&#44;6644&#44;6646&#44;6650&#44;6651&#44;6652&#44;6653&#44;6655&#44;6657&#44;6658&#44;6659&#44;6660&#44;6661&#44;6662&#44;6663&#44;6664&#44;6666&#44;6667&#44;6670&#44;6671&#44;6672&#44;6673&#44;6674&#44;6675&#44;6676&#44;6677&#44;6678&#44;6679&#44;6682&#44;6684&#44;6685&#44;6686&#44;6692&#44;6693&#44;6779&#44;6781&#44;6867&#44;6976&#44;6979&#44;7189&#44;7658&#44;7676&#44;8102&#44;8104&#44;8106&#44;8107&#44;8111&#44;8112&#44;8114&#44;8115&#44;8116&#44;8117&#44;8119&#44;8120&#44;8123&#44;8125&#44;8126&#44;8128&#44;8129&#44;8130&#44;8132&#44;8133&#44;8134&#44;8135&#44;8136&#44;8138&#44;8139&#44;8141&#44;8142&#44;8144&#44;8145&#44;8146&#44;8147&#44;8149&#44;8150&#44;8151&#44;8152&#44;8153&#44;8155&#44;8156&#44;8157&#44;8158&#44;8160&#44;8161&#44;8162&#44;8163&#44;8164&#44;8165&#44;8166&#44;8167&#44;8168&#44;8169&#44;8172&#44;8173&#44;8174&#44;8175&#44;8176&#44;8177&#44;8180&#44;8181&#44;8182&#44;8183&#44;8184&#44;8185&#44;8186&#44;8188&#44;8190&#44;8191&#44;8192&#44;8193&#44;8194&#44;8196&#44;8197&#44;8201&#44;8202&#44;8203&#44;8205&#44;8207&#44;8208&#44;8209&#44;8210&#44;8211&#44;8213&#44;8215&#44;8218&#44;8219&#44;8220&#44;8221&#44;8222&#44;8223&#44;8224&#44;8225&#44;8226&#44;8227&#44;8228&#44;8236&#44;8237&#44;8238&#44;8239&#44;8241&#44;8242&#44;8243&#44;8244&#44;8245&#44;8246&#44;8247&#44;8248&#44;8250&#44;8251&#44;8252&#44;8253&#44;8254&#44;8256&#44;8257&#44;8259&#44;8261&#44;8262&#44;8263&#44;8264&#44;8265&#44;8266&#44;8267&#44;8268&#44;8269&#44;8270&#44;8271&#44;8272&#44;8273&#44;8274&#44;8275&#44;8276&#44;8277&#44;8278&#44;8279&#44;8280&#44;8281&#44;8282&#44;8283&#44;8284&#44;8285&#44;8286&#44;8287&#44;8288&#44;8289&#44;8290&#44;8291&#44;8292&#44;8293&#44;8294&#44;8295&#44;8296&#44;8297&#44;8298&#44;8299&#44;""",2/23/21,2/18/21,N
layouts,"""Juice&#44; Water&#44; & Sports Drinks""",40,,2021,3/8/21,https://sams-csp.cld.samsclub.com/clubs/,/planograms/40,"""4109&#44;4702&#44;4703&#44;4704&#44;4707&#44;4709&#44;4710&#44;4711&#44;4712&#44;4713&#44;4718&#44;4720&#44;4721&#44;4722&#44;4724&#44;4728&#44;4729&#44;4730&#44;4731&#44;4732&#44;4735&#44;4736&#44;4738&#44;4739&#44;4740&#44;4741&#44;4742&#44;4743&#44;4745&#44;4749&#44;4750&#44;4755&#44;4761&#44;4763&#44;4764&#44;4767&#44;4768&#44;4769&#44;4770&#44;4771&#44;4772&#44;4774&#44;4775&#44;4776&#44;4777&#44;4778&#44;4780&#44;4781&#44;4782&#44;4783&#44;4784&#44;4785&#44;4786&#44;4787&#44;4789&#44;4790&#44;4791&#44;4794&#44;4795&#44;4797&#44;4798&#44;4799&#44;4801&#44;4802&#44;4804&#44;4805&#44;4808&#44;4815&#44;4816&#44;4817&#44;4818&#44;4819&#44;4820&#44;4822&#44;4824&#44;4825&#44;4828&#44;4829&#44;4830&#44;4831&#44;4836&#44;4837&#44;4839&#44;4840&#44;4843&#44;4846&#44;4847&#44;4850&#44;4851&#44;4852&#44;4853&#44;4855&#44;4857&#44;4859&#44;4860&#44;4861&#44;4866&#44;4870&#44;4871&#44;4872&#44;4873&#44;4874&#44;4875&#44;4876&#44;4878&#44;4879&#44;4901&#44;4905&#44;4906&#44;4908&#44;4911&#44;4914&#44;4915&#44;4917&#44;4920&#44;4925&#44;4926&#44;4930&#44;4933&#44;4936&#44;4938&#44;4939&#44;4942&#44;4944&#44;4946&#44;4947&#44;4948&#44;4950&#44;4952&#44;4955&#44;4958&#44;4961&#44;4962&#44;4963&#44;4969&#44;4972&#44;4973&#44;4974&#44;4982&#44;4983&#44;4985&#44;4987&#44;4989&#44;4990&#44;4991&#44;4992&#44;4994&#44;4996&#44;4998&#44;4999&#44;6181&#44;6188&#44;6189&#44;6201&#44;6202&#44;6203&#44;6204&#44;6205&#44;6212&#44;6213&#44;6216&#44;6217&#44;6218&#44;6219&#44;6220&#44;6225&#44;6228&#44;6235&#44;6236&#44;6238&#44;6239&#44;6240&#44;6242&#44;6244&#44;6245&#44;6246&#44;6247&#44;6249&#44;6251&#44;6252&#44;6254&#44;6255&#44;6256&#44;6257&#44;6259&#44;6260&#44;6261&#44;6262&#44;6265&#44;6267&#44;6269&#44;6270&#44;6275&#44;6302&#44;6304&#44;6305&#44;6307&#44;6308&#44;6309&#44;6310&#44;6311&#44;6312&#44;6313&#44;6314&#44;6315&#44;6317&#44;6319&#44;6320&#44;6321&#44;6322&#44;6324&#44;6325&#44;6326&#44;6327&#44;6328&#44;6329&#44;6330&#44;6331&#44;6332&#44;6333&#44;6334&#44;6335&#44;6336&#44;6338&#44;6339&#44;6341&#44;6342&#44;6343&#44;6344&#44;6345&#44;6347&#44;6348&#44;6349&#44;6350&#44;6351&#44;6352&#44;6353&#44;6354&#44;6355&#44;6356&#44;6357&#44;6358&#44;6359&#44;6360&#44;6361&#44;6363&#44;6364&#44;6365&#44;6366&#44;6367&#44;6368&#44;6369&#44;6371&#44;6372&#44;6373&#44;6375&#44;6376&#44;6377&#44;6378&#44;6379&#44;6380&#44;6381&#44;6382&#44;6383&#44;6384&#44;6385&#44;6386&#44;6387&#44;6388&#44;6401&#44;6402&#44;6403&#44;6404&#44;6405&#44;6406&#44;6407&#44;6408&#44;6409&#44;6410&#44;6412&#44;6413&#44;6414&#44;6415&#44;6417&#44;6418&#44;6419&#44;6420&#44;6421&#44;6422&#44;6423&#44;6424&#44;6425&#44;6426&#44;6427&#44;6428&#44;6429&#44;6430&#44;6431&#44;6432&#44;6433&#44;6434&#44;6435&#44;6436&#44;6437&#44;6439&#44;6440&#44;6441&#44;6443&#44;6444&#44;6445&#44;6448&#44;6449&#44;6450&#44;6452&#44;6453&#44;6454&#44;6455&#44;6456&#44;6457&#44;6458&#44;6460&#44;6461&#44;6462&#44;6463&#44;6464&#44;6471&#44;6472&#44;6474&#44;6479&#44;6482&#44;6485&#44;6487&#44;6489&#44;6501&#44;6502&#44;6503&#44;6505&#44;6506&#44;6507&#44;6509&#44;6510&#44;6512&#44;6514&#44;6517&#44;6518&#44;6520&#44;6521&#44;6524&#44;6527&#44;6528&#44;6533&#44;6535&#44;6536&#44;6539&#44;6540&#44;6543&#44;6547&#44;6549&#44;6556&#44;6562&#44;6565&#44;6567&#44;6568&#44;6569&#44;6570&#44;6571&#44;6572&#44;6573&#44;6575&#44;6581&#44;6582&#44;6604&#44;6605&#44;6606&#44;6608&#44;6609&#44;6610&#44;6612&#44;6613&#44;6614&#44;6615&#44;6616&#44;6617&#44;6619&#44;6620&#44;6621&#44;6622&#44;6624&#44;6626&#44;6628&#44;6630&#44;6631&#44;6632&#44;6633&#44;6634&#44;6635&#44;6636&#44;6637&#44;6643&#44;6644&#44;6646&#44;6650&#44;6651&#44;6652&#44;6653&#44;6655&#44;6657&#44;6658&#44;6659&#44;6660&#44;6661&#44;6662&#44;6663&#44;6664&#44;6666&#44;6667&#44;6670&#44;6671&#44;6672&#44;6673&#44;6674&#44;6675&#44;6676&#44;6677&#44;6678&#44;6679&#44;6680&#44;6682&#44;6683&#44;6684&#44;6685&#44;6686&#44;6689&#44;6690&#44;6692&#44;6693&#44;6779&#44;6781&#44;6867&#44;6976&#44;6979&#44;7189&#44;7658&#44;7676&#44;8102&#44;8104&#44;8106&#44;8107&#44;8111&#44;8112&#44;8114&#44;8115&#44;8116&#44;8117&#44;8119&#44;8120&#44;8123&#44;8125&#44;8126&#44;8128&#44;8129&#44;8130&#44;8132&#44;8133&#44;8134&#44;8135&#44;8136&#44;8138&#44;8139&#44;8141&#44;8142&#44;8144&#44;8145&#44;8146&#44;8147&#44;8149&#44;8150&#44;8151&#44;8152&#44;8153&#44;8155&#44;8156&#44;8157&#44;8158&#44;8160&#44;8161&#44;8162&#44;8163&#44;8164&#44;8165&#44;8166&#44;8167&#44;8168&#44;8169&#44;8172&#44;8173&#44;8174&#44;8175&#44;8176&#44;8177&#44;8180&#44;8181&#44;8182&#44;8183&#44;8184&#44;8185&#44;8186&#44;8188&#44;8189&#44;8190&#44;8191&#44;8192&#44;8193&#44;8194&#44;8196&#44;8197&#44;8201&#44;8202&#44;8203&#44;8205&#44;8207&#44;8208&#44;8209&#44;8210&#44;8211&#44;8213&#44;8215&#44;8218&#44;8219&#44;8220&#44;8221&#44;8222&#44;8223&#44;8224&#44;8225&#44;8226&#44;8227&#44;8228&#44;8236&#44;8237&#44;8238&#44;8239&#44;8241&#44;8242&#44;8243&#44;8244&#44;8245&#44;8246&#44;8247&#44;8248&#44;8250&#44;8251&#44;8252&#44;8253&#44;8254&#44;8256&#44;8257&#44;8259&#44;8261&#44;8262&#44;8263&#44;8264&#44;8265&#44;8266&#44;8267&#44;8268&#44;8269&#44;8270&#44;8271&#44;8272&#44;8273&#44;8274&#44;8275&#44;8276&#44;8277&#44;8278&#44;8279&#44;8280&#44;8281&#44;8282&#44;8283&#44;8284&#44;8285&#44;8286&#44;8287&#44;8288&#44;8289&#44;8290&#44;8291&#44;8292&#44;8293&#44;8294&#44;8295&#44;8296&#44;8297&#44;8298&#44;8299&#44;""",3/1/21,3/1/21,N
layouts,Office Electronics,31,,2021,3/8/21,https://sams-csp.cld.samsclub.com/clubs/,/planograms/31,"""4109&#44;4702&#44;4703&#44;4704&#44;4707&#44;4709&#44;4710&#44;4711&#44;4712&#44;4713&#44;4718&#44;4720&#44;4721&#44;4722&#44;4724&#44;4728&#44;4729&#44;4730&#44;4731&#44;4732&#44;4735&#44;4736&#44;4738&#44;4739&#44;4740&#44;4741&#44;4742&#44;4743&#44;4745&#44;4749&#44;4750&#44;4755&#44;4761&#44;4763&#44;4764&#44;4767&#44;4768&#44;4769&#44;4770&#44;4771&#44;4772&#44;4774&#44;4775&#44;4776&#44;4777&#44;4778&#44;4780&#44;4781&#44;4782&#44;4783&#44;4784&#44;4785&#44;4786&#44;4787&#44;4789&#44;4790&#44;4791&#44;4794&#44;4795&#44;4797&#44;4798&#44;4799&#44;4801&#44;4802&#44;4804&#44;4805&#44;4808&#44;4815&#44;4816&#44;4817&#44;4818&#44;4819&#44;4820&#44;4822&#44;4824&#44;4825&#44;4828&#44;4829&#44;4830&#44;4831&#44;4836&#44;4837&#44;4839&#44;4840&#44;4843&#44;4846&#44;4847&#44;4850&#44;4851&#44;4852&#44;4853&#44;4855&#44;4857&#44;4859&#44;4860&#44;4861&#44;4866&#44;4870&#44;4871&#44;4872&#44;4873&#44;4874&#44;4875&#44;4876&#44;4878&#44;4879&#44;4901&#44;4905&#44;4906&#44;4908&#44;4911&#44;4914&#44;4915&#44;4917&#44;4920&#44;4925&#44;4926&#44;4930&#44;4933&#44;4936&#44;4938&#44;4939&#44;4942&#44;4944&#44;4946&#44;4947&#44;4948&#44;4950&#44;4952&#44;4955&#44;4958&#44;4961&#44;4962&#44;4963&#44;4969&#44;4972&#44;4973&#44;4974&#44;4982&#44;4983&#44;4985&#44;4987&#44;4989&#44;4990&#44;4991&#44;4992&#44;4994&#44;4996&#44;4998&#44;4999&#44;6181&#44;6188&#44;6189&#44;6201&#44;6202&#44;6203&#44;6204&#44;6205&#44;6212&#44;6213&#44;6216&#44;6217&#44;6218&#44;6219&#44;6220&#44;6225&#44;6228&#44;6235&#44;6236&#44;6238&#44;6239&#44;6240&#44;6242&#44;6244&#44;6245&#44;6246&#44;6247&#44;6249&#44;6251&#44;6252&#44;6254&#44;6255&#44;6256&#44;6257&#44;6259&#44;6260&#44;6261&#44;6262&#44;6265&#44;6267&#44;6269&#44;6270&#44;6275&#44;6302&#44;6304&#44;6305&#44;6307&#44;6308&#44;6309&#44;6310&#44;6311&#44;6312&#44;6313&#44;6314&#44;6315&#44;6317&#44;6319&#44;6320&#44;6321&#44;6322&#44;6324&#44;6325&#44;6326&#44;6327&#44;6328&#44;6329&#44;6330&#44;6331&#44;6332&#44;6333&#44;6334&#44;6335&#44;6336&#44;6338&#44;6339&#44;6341&#44;6342&#44;6343&#44;6344&#44;6345&#44;6347&#44;6348&#44;6349&#44;6350&#44;6351&#44;6352&#44;6353&#44;6354&#44;6355&#44;6356&#44;6357&#44;6358&#44;6359&#44;6360&#44;6361&#44;6363&#44;6364&#44;6365&#44;6366&#44;6367&#44;6368&#44;6369&#44;6371&#44;6372&#44;6373&#44;6375&#44;6376&#44;6377&#44;6378&#44;6379&#44;6380&#44;6381&#44;6382&#44;6383&#44;6384&#44;6385&#44;6386&#44;6387&#44;6388&#44;6401&#44;6402&#44;6403&#44;6404&#44;6405&#44;6406&#44;6407&#44;6408&#44;6409&#44;6410&#44;6412&#44;6413&#44;6414&#44;6415&#44;6417&#44;6418&#44;6419&#44;6420&#44;6421&#44;6422&#44;6423&#44;6424&#44;6425&#44;6426&#44;6427&#44;6428&#44;6429&#44;6430&#44;6431&#44;6432&#44;6433&#44;6434&#44;6435&#44;6436&#44;6437&#44;6439&#44;6440&#44;6441&#44;6443&#44;6444&#44;6445&#44;6448&#44;6449&#44;6450&#44;6452&#44;6453&#44;6454&#44;6455&#44;6456&#44;6457&#44;6458&#44;6460&#44;6461&#44;6462&#44;6463&#44;6464&#44;6471&#44;6472&#44;6474&#44;6479&#44;6482&#44;6485&#44;6487&#44;6489&#44;6501&#44;6502&#44;6503&#44;6505&#44;6506&#44;6507&#44;6509&#44;6510&#44;6512&#44;6514&#44;6517&#44;6518&#44;6520&#44;6521&#44;6524&#44;6527&#44;6528&#44;6533&#44;6535&#44;6536&#44;6539&#44;6540&#44;6543&#44;6547&#44;6549&#44;6556&#44;6562&#44;6565&#44;6567&#44;6568&#44;6569&#44;6570&#44;6571&#44;6572&#44;6573&#44;6575&#44;6581&#44;6582&#44;6604&#44;6605&#44;6606&#44;6608&#44;6609&#44;6610&#44;6612&#44;6613&#44;6614&#44;6615&#44;6616&#44;6617&#44;6619&#44;6620&#44;6621&#44;6622&#44;6624&#44;6626&#44;6628&#44;6630&#44;6631&#44;6632&#44;6633&#44;6634&#44;6635&#44;6636&#44;6637&#44;6643&#44;6644&#44;6646&#44;6650&#44;6651&#44;6652&#44;6653&#44;6655&#44;6657&#44;6658&#44;6659&#44;6660&#44;6661&#44;6662&#44;6663&#44;6664&#44;6666&#44;6667&#44;6670&#44;6671&#44;6672&#44;6673&#44;6674&#44;6675&#44;6676&#44;6677&#44;6678&#44;6679&#44;6680&#44;6682&#44;6683&#44;6684&#44;6685&#44;6686&#44;6689&#44;6690&#44;6692&#44;6693&#44;6779&#44;6781&#44;6867&#44;6976&#44;6979&#44;7189&#44;7658&#44;7676&#44;8102&#44;8104&#44;8106&#44;8107&#44;8111&#44;8112&#44;8114&#44;8115&#44;8116&#44;8117&#44;8119&#44;8120&#44;8123&#44;8125&#44;8126&#44;8128&#44;8129&#44;8130&#44;8132&#44;8133&#44;8134&#44;8135&#44;8136&#44;8138&#44;8139&#44;8141&#44;8142&#44;8144&#44;8145&#44;8146&#44;8147&#44;8149&#44;8150&#44;8151&#44;8152&#44;8153&#44;8155&#44;8156&#44;8157&#44;8158&#44;8160&#44;8161&#44;8162&#44;8163&#44;8164&#44;8165&#44;8166&#44;8167&#44;8168&#44;8169&#44;8172&#44;8173&#44;8174&#44;8175&#44;8176&#44;8177&#44;8180&#44;8181&#44;8182&#44;8183&#44;8184&#44;8185&#44;8186&#44;8188&#44;8189&#44;8190&#44;8191&#44;8192&#44;8193&#44;8194&#44;8196&#44;8197&#44;8201&#44;8202&#44;8203&#44;8205&#44;8207&#44;8208&#44;8209&#44;8210&#44;8211&#44;8213&#44;8215&#44;8218&#44;8219&#44;8220&#44;8221&#44;8222&#44;8223&#44;8224&#44;8225&#44;8226&#44;8227&#44;8228&#44;8236&#44;8237&#44;8238&#44;8239&#44;8241&#44;8242&#44;8243&#44;8244&#44;8245&#44;8246&#44;8247&#44;8248&#44;8250&#44;8251&#44;8252&#44;8253&#44;8254&#44;8256&#44;8257&#44;8259&#44;8261&#44;8262&#44;8263&#44;8264&#44;8265&#44;8266&#44;8267&#44;8268&#44;8269&#44;8270&#44;8271&#44;8272&#44;8273&#44;8274&#44;8275&#44;8276&#44;8277&#44;8278&#44;8279&#44;8280&#44;8281&#44;8282&#44;8283&#44;8284&#44;8285&#44;8286&#44;8287&#44;8288&#44;8289&#44;8290&#44;8291&#44;8292&#44;8293&#44;8294&#44;8295&#44;8296&#44;8297&#44;8298&#44;8299&#44;""",3/4/21,3/3/21,N
layouts,Baby Care,47,,2021,3/8/21,https://sams-csp.cld.samsclub.com/clubs/,/planograms/47,"""4109&#44;4702&#44;4703&#44;4704&#44;4707&#44;4709&#44;4710&#44;4711&#44;4712&#44;4713&#44;4718&#44;4720&#44;4721&#44;4722&#44;4724&#44;4728&#44;4729&#44;4730&#44;4731&#44;4732&#44;4735&#44;4736&#44;4738&#44;4739&#44;4740&#44;4741&#44;4742&#44;4743&#44;4745&#44;4749&#44;4750&#44;4755&#44;4761&#44;4763&#44;4764&#44;4767&#44;4768&#44;4769&#44;4770&#44;4771&#44;4772&#44;4774&#44;4775&#44;4776&#44;4777&#44;4778&#44;4780&#44;4781&#44;4782&#44;4783&#44;4784&#44;4785&#44;4786&#44;4787&#44;4789&#44;4790&#44;4791&#44;4794&#44;4795&#44;4797&#44;4798&#44;4799&#44;4801&#44;4802&#44;4804&#44;4805&#44;4808&#44;4815&#44;4816&#44;4817&#44;4818&#44;4819&#44;4820&#44;4822&#44;4824&#44;4825&#44;4828&#44;4829&#44;4830&#44;4831&#44;4836&#44;4837&#44;4839&#44;4840&#44;4843&#44;4846&#44;4847&#44;4850&#44;4851&#44;4852&#44;4853&#44;4855&#44;4857&#44;4859&#44;4860&#44;4861&#44;4866&#44;4870&#44;4871&#44;4872&#44;4873&#44;4874&#44;4875&#44;4876&#44;4878&#44;4879&#44;4901&#44;4905&#44;4906&#44;4908&#44;4911&#44;4914&#44;4915&#44;4917&#44;4920&#44;4925&#44;4926&#44;4930&#44;4933&#44;4936&#44;4938&#44;4939&#44;4942&#44;4944&#44;4946&#44;4947&#44;4948&#44;4950&#44;4952&#44;4955&#44;4958&#44;4961&#44;4962&#44;4963&#44;4969&#44;4972&#44;4973&#44;4974&#44;4982&#44;4983&#44;4985&#44;4987&#44;4989&#44;4990&#44;4991&#44;4992&#44;4994&#44;4996&#44;4998&#44;4999&#44;6181&#44;6188&#44;6189&#44;6201&#44;6202&#44;6203&#44;6204&#44;6205&#44;6212&#44;6213&#44;6216&#44;6217&#44;6218&#44;6219&#44;6220&#44;6225&#44;6228&#44;6235&#44;6236&#44;6238&#44;6239&#44;6240&#44;6242&#44;6244&#44;6245&#44;6246&#44;6247&#44;6249&#44;6251&#44;6252&#44;6254&#44;6255&#44;6256&#44;6257&#44;6259&#44;6260&#44;6261&#44;6262&#44;6265&#44;6267&#44;6269&#44;6270&#44;6275&#44;6302&#44;6304&#44;6305&#44;6307&#44;6308&#44;6309&#44;6310&#44;6311&#44;6312&#44;6313&#44;6314&#44;6315&#44;6317&#44;6319&#44;6320&#44;6321&#44;6322&#44;6324&#44;6325&#44;6326&#44;6327&#44;6328&#44;6329&#44;6330&#44;6331&#44;6332&#44;6333&#44;6334&#44;6335&#44;6336&#44;6338&#44;6339&#44;6341&#44;6342&#44;6343&#44;6344&#44;6345&#44;6347&#44;6348&#44;6349&#44;6350&#44;6351&#44;6352&#44;6353&#44;6354&#44;6355&#44;6356&#44;6357&#44;6358&#44;6359&#44;6360&#44;6361&#44;6363&#44;6364&#44;6365&#44;6366&#44;6367&#44;6368&#44;6369&#44;6371&#44;6372&#44;6373&#44;6375&#44;6376&#44;6377&#44;6378&#44;6379&#44;6380&#44;6381&#44;6382&#44;6383&#44;6384&#44;6385&#44;6386&#44;6387&#44;6388&#44;6401&#44;6402&#44;6403&#44;6404&#44;6405&#44;6406&#44;6407&#44;6408&#44;6409&#44;6410&#44;6412&#44;6413&#44;6414&#44;6415&#44;6417&#44;6418&#44;6419&#44;6420&#44;6421&#44;6422&#44;6423&#44;6424&#44;6425&#44;6426&#44;6427&#44;6428&#44;6429&#44;6430&#44;6431&#44;6432&#44;6433&#44;6434&#44;6435&#44;6436&#44;6437&#44;6439&#44;6440&#44;6441&#44;6443&#44;6444&#44;6445&#44;6448&#44;6449&#44;6450&#44;6452&#44;6453&#44;6454&#44;6455&#44;6456&#44;6457&#44;6458&#44;6460&#44;6461&#44;6462&#44;6463&#44;6464&#44;6471&#44;6472&#44;6474&#44;6479&#44;6482&#44;6485&#44;6487&#44;6489&#44;6501&#44;6502&#44;6503&#44;6505&#44;6506&#44;6507&#44;6509&#44;6510&#44;6512&#44;6514&#44;6517&#44;6518&#44;6520&#44;6521&#44;6524&#44;6527&#44;6528&#44;6533&#44;6535&#44;6536&#44;6539&#44;6540&#44;6543&#44;6547&#44;6549&#44;6556&#44;6562&#44;6565&#44;6567&#44;6568&#44;6569&#44;6570&#44;6571&#44;6572&#44;6573&#44;6575&#44;6581&#44;6582&#44;6604&#44;6605&#44;6606&#44;6608&#44;6609&#44;6610&#44;6612&#44;6613&#44;6614&#44;6615&#44;6616&#44;6617&#44;6619&#44;6620&#44;6621&#44;6622&#44;6624&#44;6626&#44;6628&#44;6630&#44;6631&#44;6632&#44;6633&#44;6634&#44;6635&#44;6636&#44;6637&#44;6643&#44;6644&#44;6646&#44;6650&#44;6651&#44;6652&#44;6653&#44;6655&#44;6657&#44;6658&#44;6659&#44;6660&#44;6661&#44;6662&#44;6663&#44;6664&#44;6666&#44;6667&#44;6670&#44;6671&#44;6672&#44;6673&#44;6674&#44;6675&#44;6676&#44;6677&#44;6678&#44;6679&#44;6680&#44;6682&#44;6683&#44;6684&#44;6685&#44;6686&#44;6689&#44;6690&#44;6692&#44;6693&#44;6779&#44;6781&#44;6867&#44;6976&#44;6979&#44;7189&#44;7658&#44;7676&#44;8102&#44;8104&#44;8106&#44;8107&#44;8111&#44;8112&#44;8114&#44;8115&#44;8116&#44;8117&#44;8119&#44;8120&#44;8123&#44;8125&#44;8126&#44;8128&#44;8129&#44;8130&#44;8132&#44;8133&#44;8134&#44;8135&#44;8136&#44;8138&#44;8139&#44;8141&#44;8142&#44;8144&#44;8145&#44;8146&#44;8147&#44;8149&#44;8150&#44;8151&#44;8152&#44;8153&#44;8155&#44;8156&#44;8157&#44;8158&#44;8160&#44;8161&#44;8162&#44;8163&#44;8164&#44;8165&#44;8166&#44;8167&#44;8168&#44;8169&#44;8172&#44;8173&#44;8174&#44;8175&#44;8176&#44;8177&#44;8180&#44;8181&#44;8182&#44;8183&#44;8184&#44;8185&#44;8186&#44;8188&#44;8189&#44;8190&#44;8191&#44;8192&#44;8193&#44;8194&#44;8196&#44;8197&#44;8201&#44;8202&#44;8203&#44;8205&#44;8207&#44;8208&#44;8209&#44;8210&#44;8211&#44;8213&#44;8215&#44;8218&#44;8219&#44;8220&#44;8221&#44;8222&#44;8223&#44;8224&#44;8225&#44;8226&#44;8227&#44;8228&#44;8236&#44;8237&#44;8238&#44;8239&#44;8241&#44;8242&#44;8243&#44;8244&#44;8245&#44;8246&#44;8247&#44;8248&#44;8250&#44;8251&#44;8252&#44;8253&#44;8254&#44;8256&#44;8257&#44;8259&#44;8261&#44;8262&#44;8263&#44;8264&#44;8265&#44;8266&#44;8267&#44;8268&#44;8269&#44;8270&#44;8271&#44;8272&#44;8273&#44;8274&#44;8275&#44;8276&#44;8277&#44;8278&#44;8279&#44;8280&#44;8281&#44;8282&#44;8283&#44;8284&#44;8285&#44;8286&#44;8287&#44;8288&#44;8289&#44;8290&#44;8291&#44;8292&#44;8293&#44;8294&#44;8295&#44;8296&#44;8297&#44;8298&#44;8299&#44;""",3/4/21,3/3/21,N
layouts,EV Gift Cards,83,,2021,3/8/21,https://sams-csp.cld.samsclub.com/clubs/,/planograms/83,"""4109&#44;4702&#44;4703&#44;4704&#44;4707&#44;4709&#44;4710&#44;4711&#44;4712&#44;4713&#44;4718&#44;4720&#44;4721&#44;4722&#44;4724&#44;4728&#44;4729&#44;4730&#44;4731&#44;4732&#44;4735&#44;4736&#44;4738&#44;4739&#44;4740&#44;4741&#44;4742&#44;4743&#44;4745&#44;4749&#44;4750&#44;4755&#44;4761&#44;4763&#44;4764&#44;4767&#44;4768&#44;4769&#44;4770&#44;4771&#44;4772&#44;4774&#44;4775&#44;4776&#44;4777&#44;4778&#44;4780&#44;4781&#44;4782&#44;4783&#44;4784&#44;4785&#44;4786&#44;4787&#44;4789&#44;4790&#44;4791&#44;4794&#44;4795&#44;4797&#44;4798&#44;4799&#44;4801&#44;4802&#44;4804&#44;4805&#44;4808&#44;4815&#44;4816&#44;4817&#44;4818&#44;4819&#44;4820&#44;4822&#44;4824&#44;4825&#44;4828&#44;4829&#44;4830&#44;4831&#44;4836&#44;4837&#44;4839&#44;4840&#44;4843&#44;4846&#44;4847&#44;4850&#44;4851&#44;4852&#44;4853&#44;4855&#44;4857&#44;4859&#44;4860&#44;4861&#44;4866&#44;4870&#44;4871&#44;4872&#44;4873&#44;4874&#44;4875&#44;4876&#44;4878&#44;4879&#44;4901&#44;4905&#44;4906&#44;4908&#44;4911&#44;4914&#44;4915&#44;4917&#44;4920&#44;4925&#44;4926&#44;4930&#44;4933&#44;4936&#44;4938&#44;4939&#44;4942&#44;4944&#44;4946&#44;4947&#44;4948&#44;4950&#44;4952&#44;4955&#44;4958&#44;4961&#44;4962&#44;4963&#44;4969&#44;4972&#44;4973&#44;4974&#44;4982&#44;4983&#44;4985&#44;4987&#44;4989&#44;4990&#44;4991&#44;4992&#44;4994&#44;4996&#44;4998&#44;4999&#44;6181&#44;6188&#44;6189&#44;6201&#44;6202&#44;6203&#44;6204&#44;6205&#44;6212&#44;6213&#44;6216&#44;6217&#44;6218&#44;6219&#44;6220&#44;6225&#44;6228&#44;6235&#44;6236&#44;6238&#44;6239&#44;6240&#44;6242&#44;6244&#44;6245&#44;6246&#44;6247&#44;6249&#44;6251&#44;6252&#44;6254&#44;6255&#44;6256&#44;6257&#44;6259&#44;6260&#44;6261&#44;6262&#44;6265&#44;6267&#44;6269&#44;6270&#44;6275&#44;6302&#44;6304&#44;6305&#44;6307&#44;6308&#44;6309&#44;6310&#44;6311&#44;6312&#44;6313&#44;6314&#44;6315&#44;6317&#44;6319&#44;6320&#44;6321&#44;6322&#44;6324&#44;6325&#44;6326&#44;6327&#44;6328&#44;6329&#44;6330&#44;6331&#44;6332&#44;6333&#44;6334&#44;6335&#44;6336&#44;6338&#44;6339&#44;6341&#44;6342&#44;6343&#44;6344&#44;6345&#44;6347&#44;6348&#44;6349&#44;6350&#44;6351&#44;6352&#44;6353&#44;6354&#44;6355&#44;6356&#44;6357&#44;6358&#44;6359&#44;6360&#44;6361&#44;6363&#44;6364&#44;6365&#44;6366&#44;6367&#44;6368&#44;6369&#44;6371&#44;6372&#44;6373&#44;6375&#44;6376&#44;6377&#44;6378&#44;6379&#44;6380&#44;6381&#44;6382&#44;6383&#44;6384&#44;6385&#44;6386&#44;6387&#44;6388&#44;6401&#44;6402&#44;6403&#44;6404&#44;6405&#44;6406&#44;6407&#44;6408&#44;6409&#44;6410&#44;6412&#44;6413&#44;6414&#44;6415&#44;6417&#44;6418&#44;6419&#44;6420&#44;6421&#44;6422&#44;6423&#44;6424&#44;6425&#44;6426&#44;6427&#44;6428&#44;6429&#44;6430&#44;6431&#44;6432&#44;6433&#44;6434&#44;6435&#44;6436&#44;6437&#44;6439&#44;6440&#44;6441&#44;6443&#44;6444&#44;6445&#44;6448&#44;6449&#44;6450&#44;6452&#44;6453&#44;6454&#44;6455&#44;6456&#44;6457&#44;6458&#44;6460&#44;6461&#44;6462&#44;6463&#44;6464&#44;6471&#44;6472&#44;6474&#44;6479&#44;6482&#44;6485&#44;6487&#44;6489&#44;6501&#44;6502&#44;6503&#44;6505&#44;6506&#44;6507&#44;6509&#44;6510&#44;6512&#44;6514&#44;6517&#44;6518&#44;6520&#44;6521&#44;6524&#44;6527&#44;6528&#44;6533&#44;6535&#44;6536&#44;6539&#44;6540&#44;6543&#44;6547&#44;6549&#44;6556&#44;6562&#44;6565&#44;6567&#44;6568&#44;6569&#44;6570&#44;6571&#44;6572&#44;6573&#44;6575&#44;6581&#44;6582&#44;6604&#44;6605&#44;6606&#44;6608&#44;6609&#44;6610&#44;6612&#44;6613&#44;6614&#44;6615&#44;6616&#44;6617&#44;6619&#44;6620&#44;6621&#44;6622&#44;6624&#44;6626&#44;6628&#44;6630&#44;6631&#44;6632&#44;6633&#44;6634&#44;6635&#44;6636&#44;6637&#44;6643&#44;6644&#44;6646&#44;6650&#44;6651&#44;6652&#44;6653&#44;6655&#44;6657&#44;6658&#44;6659&#44;6660&#44;6661&#44;6662&#44;6663&#44;6664&#44;6666&#44;6667&#44;6670&#44;6671&#44;6672&#44;6673&#44;6674&#44;6675&#44;6676&#44;6677&#44;6678&#44;6679&#44;6680&#44;6682&#44;6683&#44;6684&#44;6685&#44;6686&#44;6689&#44;6690&#44;6692&#44;6693&#44;6779&#44;6781&#44;6867&#44;6976&#44;6979&#44;7189&#44;7658&#44;7676&#44;8102&#44;8104&#44;8106&#44;8107&#44;8111&#44;8112&#44;8114&#44;8115&#44;8116&#44;8117&#44;8119&#44;8120&#44;8123&#44;8125&#44;8126&#44;8128&#44;8129&#44;8130&#44;8132&#44;8133&#44;8134&#44;8135&#44;8136&#44;8138&#44;8139&#44;8141&#44;8142&#44;8144&#44;8145&#44;8146&#44;8147&#44;8149&#44;8150&#44;8151&#44;8152&#44;8153&#44;8155&#44;8156&#44;8157&#44;8158&#44;8160&#44;8161&#44;8162&#44;8163&#44;8164&#44;8165&#44;8166&#44;8167&#44;8168&#44;8169&#44;8172&#44;8173&#44;8174&#44;8175&#44;8176&#44;8177&#44;8180&#44;8181&#44;8182&#44;8183&#44;8184&#44;8185&#44;8186&#44;8188&#44;8189&#44;8190&#44;8191&#44;8192&#44;8193&#44;8194&#44;8196&#44;8197&#44;8201&#44;8202&#44;8203&#44;8205&#44;8207&#44;8208&#44;8209&#44;8210&#44;8211&#44;8213&#44;8215&#44;8218&#44;8219&#44;8220&#44;8221&#44;8222&#44;8223&#44;8224&#44;8225&#44;8226&#44;8227&#44;8228&#44;8236&#44;8237&#44;8238&#44;8239&#44;8241&#44;8242&#44;8243&#44;8244&#44;8245&#44;8246&#44;8247&#44;8248&#44;8250&#44;8251&#44;8252&#44;8253&#44;8254&#44;8256&#44;8257&#44;8259&#44;8261&#44;8262&#44;8263&#44;8264&#44;8265&#44;8266&#44;8267&#44;8268&#44;8269&#44;8270&#44;8271&#44;8272&#44;8273&#44;8274&#44;8275&#44;8276&#44;8277&#44;8278&#44;8279&#44;8280&#44;8281&#44;8282&#44;8283&#44;8284&#44;8285&#44;8286&#44;8287&#44;8288&#44;8289&#44;8290&#44;8291&#44;8292&#44;8293&#44;8294&#44;8295&#44;8296&#44;8297&#44;8298&#44;8299&#44;""",3/8/21,3/8/21,N
layouts,Sushi,79,,2021,3/8/21,1-NewFolderStructure/C079_Sushi/C79_Sushi_Effective_03082021_Update_03112021/,_C79_Sushi_Effective_03082021_Update_03112021.pdf,"""6426&#44;8190&#44;""",3/12/21,3/11/21,N
layouts,HMS,79-2,,2021,3/8/21,1-NewFolderStructure/C079_HMS/C79_HMS_Effective_03082021_Update_03112021/,_C79_HMS_Effective_03082021_Update_03112021.pdf,"""8185&#44;""",3/12/21,3/11/21,N
layouts,Café Grab and Go,79-3,,2021,3/8/21,1-NewFolderStructure/C079_Cafe_Grab_n_Go/C79_Cafe_Grab_and_Go_Effective_03082021_Update_03112021/,_C79_Cafe_Grab_and_Go_Effective_03082021_Update_03112021.pdf,"""6683&#44;""",3/12/21,3/11/21,N
layouts,HMS,79-2,,2021,3/8/21,1-NewFolderStructure/C079_HMS/C79_HMS_Effective_03082021_Update_03182021/,_C79_HMS_Effective_03082021_Update_03182021.pdf,"""4109&#44;4702&#44;4703&#44;4704&#44;4707&#44;4709&#44;4710&#44;4711&#44;4712&#44;4713&#44;4718&#44;4720&#44;4721&#44;4722&#44;4724&#44;4728&#44;4729&#44;4730&#44;4731&#44;4732&#44;4735&#44;4736&#44;4738&#44;4739&#44;4740&#44;4741&#44;4742&#44;4743&#44;4745&#44;4749&#44;4750&#44;4755&#44;4761&#44;4763&#44;4764&#44;4767&#44;4768&#44;4769&#44;4770&#44;4771&#44;4772&#44;4774&#44;4775&#44;4776&#44;4777&#44;4778&#44;4780&#44;4781&#44;4782&#44;4783&#44;4784&#44;4785&#44;4786&#44;4787&#44;4789&#44;4790&#44;4791&#44;4794&#44;4795&#44;4797&#44;4798&#44;4799&#44;4801&#44;4802&#44;4804&#44;4805&#44;4808&#44;4815&#44;4816&#44;4817&#44;4818&#44;4819&#44;4820&#44;4822&#44;4824&#44;4825&#44;4828&#44;4829&#44;4830&#44;4831&#44;4836&#44;4837&#44;4839&#44;4840&#44;4843&#44;4846&#44;4847&#44;4850&#44;4851&#44;4852&#44;4853&#44;4855&#44;4857&#44;4859&#44;4860&#44;4861&#44;4870&#44;4871&#44;4872&#44;4873&#44;4874&#44;4875&#44;4876&#44;4878&#44;4879&#44;4901&#44;4905&#44;4906&#44;4908&#44;4911&#44;4914&#44;4915&#44;4917&#44;4920&#44;4925&#44;4926&#44;4930&#44;4933&#44;4936&#44;4938&#44;4939&#44;4942&#44;4944&#44;4946&#44;4947&#44;4948&#44;4950&#44;4952&#44;4955&#44;4958&#44;4961&#44;4962&#44;4963&#44;4969&#44;4972&#44;4973&#44;4974&#44;4982&#44;4983&#44;4985&#44;4987&#44;4989&#44;4990&#44;4991&#44;4992&#44;4994&#44;4996&#44;4998&#44;4999&#44;6181&#44;6188&#44;6189&#44;6201&#44;6202&#44;6203&#44;6204&#44;6205&#44;6212&#44;6213&#44;6216&#44;6217&#44;6218&#44;6219&#44;6220&#44;6228&#44;6235&#44;6236&#44;6238&#44;6239&#44;6240&#44;6242&#44;6244&#44;6245&#44;6246&#44;6247&#44;6249&#44;6251&#44;6252&#44;6254&#44;6255&#44;6256&#44;6257&#44;6259&#44;6260&#44;6261&#44;6262&#44;6265&#44;6267&#44;6269&#44;6275&#44;6302&#44;6304&#44;6305&#44;6307&#44;6308&#44;6309&#44;6310&#44;6311&#44;6312&#44;6313&#44;6314&#44;6315&#44;6317&#44;6319&#44;6320&#44;6321&#44;6322&#44;6324&#44;6325&#44;6326&#44;6327&#44;6328&#44;6329&#44;6330&#44;6331&#44;6332&#44;6333&#44;6334&#44;6335&#44;6336&#44;6338&#44;6339&#44;6341&#44;6342&#44;6343&#44;6344&#44;6345&#44;6347&#44;6348&#44;6349&#44;6350&#44;6351&#44;6352&#44;6353&#44;6354&#44;6355&#44;6356&#44;6357&#44;6358&#44;6359&#44;6360&#44;6361&#44;6363&#44;6364&#44;6365&#44;6366&#44;6367&#44;6368&#44;6369&#44;6371&#44;6372&#44;6373&#44;6375&#44;6376&#44;6377&#44;6378&#44;6379&#44;6380&#44;6381&#44;6382&#44;6383&#44;6384&#44;6385&#44;6386&#44;6387&#44;6388&#44;6401&#44;6402&#44;6403&#44;6404&#44;6405&#44;6406&#44;6407&#44;6408&#44;6409&#44;6410&#44;6412&#44;6413&#44;6414&#44;6415&#44;6417&#44;6418&#44;6419&#44;6420&#44;6421&#44;6422&#44;6423&#44;6424&#44;6425&#44;6426&#44;6427&#44;6428&#44;6429&#44;6430&#44;6431&#44;6432&#44;6433&#44;6434&#44;6435&#44;6436&#44;6437&#44;6439&#44;6440&#44;6441&#44;6443&#44;6444&#44;6445&#44;6448&#44;6449&#44;6450&#44;6452&#44;6453&#44;6454&#44;6455&#44;6456&#44;6457&#44;6458&#44;6460&#44;6461&#44;6462&#44;6463&#44;6464&#44;6471&#44;6472&#44;6474&#44;6479&#44;6482&#44;6485&#44;6487&#44;6489&#44;6501&#44;6502&#44;6503&#44;6505&#44;6506&#44;6507&#44;6509&#44;6510&#44;6512&#44;6514&#44;6517&#44;6518&#44;6520&#44;6521&#44;6524&#44;6527&#44;6528&#44;6533&#44;6535&#44;6536&#44;6539&#44;6540&#44;6547&#44;6549&#44;6556&#44;6562&#44;6565&#44;6567&#44;6568&#44;6569&#44;6570&#44;6571&#44;6572&#44;6573&#44;6575&#44;6581&#44;6582&#44;6604&#44;6605&#44;6606&#44;6608&#44;6609&#44;6610&#44;6612&#44;6613&#44;6614&#44;6615&#44;6616&#44;6617&#44;6619&#44;6620&#44;6621&#44;6622&#44;6624&#44;6626&#44;6628&#44;6630&#44;6631&#44;6632&#44;6633&#44;6634&#44;6635&#44;6636&#44;6637&#44;6643&#44;6644&#44;6646&#44;6650&#44;6651&#44;6652&#44;6653&#44;6655&#44;6657&#44;6658&#44;6659&#44;6660&#44;6661&#44;6662&#44;6663&#44;6664&#44;6666&#44;6667&#44;6670&#44;6671&#44;6672&#44;6673&#44;6674&#44;6675&#44;6676&#44;6677&#44;6678&#44;6679&#44;6682&#44;6683&#44;6684&#44;6685&#44;6686&#44;6692&#44;6779&#44;6781&#44;6867&#44;6976&#44;6979&#44;7189&#44;7658&#44;7676&#44;8102&#44;8104&#44;8106&#44;8107&#44;8111&#44;8112&#44;8114&#44;8115&#44;8116&#44;8117&#44;8119&#44;8120&#44;8123&#44;8125&#44;8126&#44;8128&#44;8129&#44;8130&#44;8132&#44;8133&#44;8134&#44;8135&#44;8136&#44;8138&#44;8139&#44;8141&#44;8142&#44;8144&#44;8145&#44;8146&#44;8147&#44;8149&#44;8150&#44;8151&#44;8152&#44;8153&#44;8155&#44;8156&#44;8157&#44;8158&#44;8160&#44;8161&#44;8162&#44;8163&#44;8164&#44;8165&#44;8166&#44;8167&#44;8168&#44;8169&#44;8174&#44;8181&#44;8182&#44;8183&#44;8190&#44;8193&#44;8194&#44;8197&#44;8201&#44;8209&#44;8210&#44;8211&#44;8213&#44;8215&#44;8218&#44;8219&#44;8220&#44;8221&#44;8222&#44;8223&#44;8224&#44;8225&#44;8226&#44;8227&#44;8228&#44;8236&#44;8237&#44;8238&#44;8239&#44;8241&#44;8242&#44;8243&#44;8244&#44;8245&#44;8246&#44;8247&#44;8248&#44;8250&#44;8251&#44;8252&#44;8253&#44;8254&#44;8256&#44;8257&#44;8259&#44;8261&#44;8262&#44;8263&#44;8264&#44;8265&#44;8266&#44;8267&#44;8268&#44;8269&#44;8270&#44;8271&#44;8272&#44;8273&#44;8274&#44;8275&#44;8276&#44;8277&#44;8278&#44;8279&#44;8280&#44;8281&#44;8282&#44;8283&#44;8284&#44;8285&#44;8286&#44;8287&#44;8288&#44;8289&#44;8290&#44;8291&#44;8292&#44;8293&#44;8294&#44;8295&#44;8296&#44;8297&#44;8298&#44;8299&#44;""",3/19/21,3/18/21,N
layouts,Café Grab and Go,79-3,,2021,3/8/21,1-NewFolderStructure/C079_Cafe_Grab_n_Go/C79_Cafe_Grab_and_Go_Effective_03082021_Update_04142021/,_C79_Cafe_Grab_and_Go_Effective_03082021_Update_04142021.pdf,"""4730&#44;8189&#44;""",4/17/21,4/14/21,N
layouts,Bakery Tables,"""37&#44;77""",,2021,3/15/21,1-NewFolderStructure/C037_C077_Bakery_Tables/C37_77_Bakery_Tables_Effective_03152021_Updated_03112021/,_C37_77_Bakery_Tables_Effective_03152021_Updated_03112021.pdf,"""4718&#44;4805&#44;4987&#44;6439&#44;6501&#44;8288&#44;8296&#44;""",3/12/21,3/11/21,N
layouts,Bakery Dessert,"""37-2&#44;77-2""",,2021,3/15/21,1-NewFolderStructure/C037_C077_Bakery_Dessert/C77_C37_Dessert_Effective_03152021_Updated_03112021/,_C77_C37_Effective_03152021_Updated_03112021.pdf,"""4718&#44;4805&#44;4987&#44;6439&#44;6501&#44;8288&#44;8296&#44;""",3/12/21,3/11/21,N
layouts,Cake Case,"""37-3&#44;77-3""",,2021,3/15/21,1-NewFolderStructure/C037_C077_Cake_Case/C77_C37_Cake_Effective_03152021_Updated_03112021/,_C77_C37_Effective_03152021_Updated_03112021.pdf,"""4718&#44;4805&#44;4987&#44;6439&#44;6501&#44;8288&#44;8296&#44;""",3/12/21,3/11/21,N
layouts,Bakery Pallets,"""37-4&#44;77-4""",,2021,3/15/21,1-NewFolderStructure/C037_C077_Bakery_Pallets/C37_77_Bakery_Pallets_Effective_03152021_Updated_03112021/,_C37_77_Bakery_Pallets_Effective_03152021_Updated_03112021.pdf,"""4718&#44;4805&#44;4987&#44;6439&#44;6501&#44;8288&#44;8296&#44;""",3/12/21,3/11/21,N
layouts,Pet Supplies,8,,2021,3/15/21,https://sams-csp.cld.samsclub.com/clubs/,/planograms/8,"""4109&#44;4702&#44;4703&#44;4704&#44;4707&#44;4709&#44;4710&#44;4711&#44;4712&#44;4713&#44;4718&#44;4720&#44;4721&#44;4722&#44;4724&#44;4728&#44;4729&#44;4730&#44;4731&#44;4732&#44;4735&#44;4736&#44;4738&#44;4739&#44;4740&#44;4741&#44;4742&#44;4743&#44;4745&#44;4749&#44;4750&#44;4755&#44;4761&#44;4763&#44;4764&#44;4767&#44;4768&#44;4769&#44;4770&#44;4771&#44;4772&#44;4774&#44;4775&#44;4776&#44;4777&#44;4778&#44;4780&#44;4781&#44;4782&#44;4783&#44;4784&#44;4785&#44;4786&#44;4787&#44;4789&#44;4790&#44;4791&#44;4794&#44;4795&#44;4797&#44;4798&#44;4799&#44;4801&#44;4802&#44;4804&#44;4805&#44;4808&#44;4815&#44;4816&#44;4817&#44;4818&#44;4819&#44;4820&#44;4822&#44;4824&#44;4825&#44;4828&#44;4829&#44;4830&#44;4831&#44;4836&#44;4837&#44;4839&#44;4840&#44;4843&#44;4846&#44;4847&#44;4850&#44;4851&#44;4852&#44;4853&#44;4855&#44;4857&#44;4859&#44;4860&#44;4861&#44;4866&#44;4870&#44;4871&#44;4872&#44;4873&#44;4874&#44;4875&#44;4876&#44;4878&#44;4879&#44;4901&#44;4905&#44;4906&#44;4908&#44;4911&#44;4914&#44;4915&#44;4917&#44;4920&#44;4925&#44;4926&#44;4930&#44;4933&#44;4936&#44;4938&#44;4939&#44;4942&#44;4944&#44;4946&#44;4947&#44;4948&#44;4950&#44;4952&#44;4955&#44;4958&#44;4961&#44;4962&#44;4963&#44;4969&#44;4972&#44;4973&#44;4974&#44;4982&#44;4983&#44;4985&#44;4987&#44;4989&#44;4990&#44;4991&#44;4992&#44;4994&#44;4996&#44;4998&#44;4999&#44;6181&#44;6188&#44;6189&#44;6201&#44;6202&#44;6203&#44;6204&#44;6205&#44;6212&#44;6213&#44;6216&#44;6217&#44;6218&#44;6219&#44;6220&#44;6225&#44;6228&#44;6235&#44;6236&#44;6238&#44;6239&#44;6240&#44;6242&#44;6244&#44;6245&#44;6246&#44;6247&#44;6249&#44;6251&#44;6252&#44;6254&#44;6255&#44;6256&#44;6257&#44;6259&#44;6260&#44;6261&#44;6262&#44;6265&#44;6267&#44;6269&#44;6270&#44;6275&#44;6302&#44;6304&#44;6305&#44;6307&#44;6308&#44;6309&#44;6310&#44;6311&#44;6312&#44;6313&#44;6314&#44;6315&#44;6317&#44;6319&#44;6320&#44;6321&#44;6322&#44;6324&#44;6325&#44;6326&#44;6327&#44;6328&#44;6329&#44;6330&#44;6331&#44;6332&#44;6333&#44;6334&#44;6335&#44;6336&#44;6338&#44;6339&#44;6341&#44;6342&#44;6343&#44;6344&#44;6345&#44;6347&#44;6348&#44;6349&#44;6350&#44;6351&#44;6352&#44;6353&#44;6354&#44;6355&#44;6356&#44;6357&#44;6358&#44;6359&#44;6360&#44;6361&#44;6363&#44;6364&#44;6365&#44;6366&#44;6367&#44;6368&#44;6369&#44;6371&#44;6372&#44;6373&#44;6375&#44;6376&#44;6377&#44;6378&#44;6379&#44;6380&#44;6381&#44;6382&#44;6383&#44;6384&#44;6385&#44;6386&#44;6387&#44;6388&#44;6401&#44;6402&#44;6403&#44;6404&#44;6405&#44;6406&#44;6407&#44;6408&#44;6409&#44;6410&#44;6412&#44;6413&#44;6414&#44;6415&#44;6417&#44;6418&#44;6419&#44;6420&#44;6421&#44;6422&#44;6423&#44;6424&#44;6425&#44;6426&#44;6427&#44;6428&#44;6429&#44;6430&#44;6431&#44;6432&#44;6433&#44;6434&#44;6435&#44;6436&#44;6437&#44;6439&#44;6440&#44;6441&#44;6443&#44;6444&#44;6445&#44;6448&#44;6449&#44;6450&#44;6452&#44;6453&#44;6454&#44;6455&#44;6456&#44;6457&#44;6458&#44;6460&#44;6461&#44;6462&#44;6463&#44;6464&#44;6471&#44;6472&#44;6474&#44;6479&#44;6482&#44;6485&#44;6487&#44;6489&#44;6501&#44;6502&#44;6503&#44;6505&#44;6506&#44;6507&#44;6509&#44;6510&#44;6512&#44;6514&#44;6517&#44;6518&#44;6520&#44;6521&#44;6524&#44;6527&#44;6528&#44;6533&#44;6535&#44;6536&#44;6539&#44;6540&#44;6543&#44;6547&#44;6549&#44;6556&#44;6562&#44;6565&#44;6567&#44;6568&#44;6569&#44;6570&#44;6571&#44;6572&#44;6573&#44;6575&#44;6581&#44;6582&#44;6604&#44;6605&#44;6606&#44;6608&#44;6609&#44;6610&#44;6612&#44;6613&#44;6614&#44;6615&#44;6616&#44;6617&#44;6619&#44;6620&#44;6621&#44;6622&#44;6624&#44;6626&#44;6628&#44;6630&#44;6631&#44;6632&#44;6633&#44;6634&#44;6635&#44;6636&#44;6637&#44;6643&#44;6644&#44;6646&#44;6650&#44;6651&#44;6652&#44;6653&#44;6655&#44;6657&#44;6658&#44;6659&#44;6660&#44;6661&#44;6662&#44;6663&#44;6664&#44;6666&#44;6667&#44;6670&#44;6671&#44;6672&#44;6673&#44;6674&#44;6675&#44;6676&#44;6677&#44;6678&#44;6679&#44;6680&#44;6682&#44;6683&#44;6684&#44;6685&#44;6686&#44;6689&#44;6690&#44;6692&#44;6693&#44;6779&#44;6781&#44;6867&#44;6976&#44;6979&#44;7189&#44;7658&#44;7676&#44;8102&#44;8104&#44;8106&#44;8107&#44;8111&#44;8112&#44;8114&#44;8115&#44;8116&#44;8117&#44;8119&#44;8120&#44;8123&#44;8125&#44;8126&#44;8128&#44;8129&#44;8130&#44;8132&#44;8133&#44;8134&#44;8135&#44;8136&#44;8138&#44;8139&#44;8141&#44;8142&#44;8144&#44;8145&#44;8146&#44;8147&#44;8149&#44;8150&#44;8151&#44;8152&#44;8153&#44;8155&#44;8156&#44;8157&#44;8158&#44;8160&#44;8161&#44;8162&#44;8163&#44;8164&#44;8165&#44;8166&#44;8167&#44;8168&#44;8169&#44;8172&#44;8173&#44;8174&#44;8175&#44;8176&#44;8177&#44;8180&#44;8181&#44;8182&#44;8183&#44;8184&#44;8185&#44;8186&#44;8188&#44;8189&#44;8190&#44;8191&#44;8192&#44;8193&#44;8194&#44;8196&#44;8197&#44;8201&#44;8202&#44;8203&#44;8205&#44;8207&#44;8208&#44;8209&#44;8210&#44;8211&#44;8213&#44;8215&#44;8218&#44;8219&#44;8220&#44;8221&#44;8222&#44;8223&#44;8224&#44;8225&#44;8226&#44;8227&#44;8228&#44;8236&#44;8237&#44;8238&#44;8239&#44;8241&#44;8242&#44;8243&#44;8244&#44;8245&#44;8246&#44;8247&#44;8248&#44;8250&#44;8251&#44;8252&#44;8253&#44;8254&#44;8256&#44;8257&#44;8259&#44;8261&#44;8262&#44;8263&#44;8264&#44;8265&#44;8266&#44;8267&#44;8268&#44;8269&#44;8270&#44;8271&#44;8272&#44;8273&#44;8274&#44;8275&#44;8276&#44;8277&#44;8278&#44;8279&#44;8280&#44;8281&#44;8282&#44;8283&#44;8284&#44;8285&#44;8286&#44;8287&#44;8288&#44;8289&#44;8290&#44;8291&#44;8292&#44;8293&#44;8294&#44;8295&#44;8296&#44;8297&#44;8298&#44;8299&#44;""",3/12/21,3/12/21,N
layouts,Laundry and Home Care,13,,2021,3/15/21,https://sams-csp.cld.samsclub.com/clubs/,/planograms/13,"""4109&#44;4702&#44;4703&#44;4704&#44;4707&#44;4709&#44;4710&#44;4711&#44;4712&#44;4713&#44;4718&#44;4720&#44;4721&#44;4722&#44;4724&#44;4728&#44;4729&#44;4730&#44;4731&#44;4732&#44;4735&#44;4736&#44;4738&#44;4739&#44;4740&#44;4741&#44;4742&#44;4743&#44;4745&#44;4749&#44;4750&#44;4755&#44;4761&#44;4763&#44;4764&#44;4767&#44;4768&#44;4769&#44;4770&#44;4771&#44;4772&#44;4774&#44;4775&#44;4776&#44;4777&#44;4778&#44;4780&#44;4781&#44;4782&#44;4783&#44;4784&#44;4785&#44;4786&#44;4787&#44;4789&#44;4790&#44;4791&#44;4794&#44;4795&#44;4797&#44;4798&#44;4799&#44;4801&#44;4802&#44;4804&#44;4805&#44;4808&#44;4815&#44;4816&#44;4817&#44;4818&#44;4819&#44;4820&#44;4822&#44;4824&#44;4825&#44;4828&#44;4829&#44;4830&#44;4831&#44;4836&#44;4837&#44;4839&#44;4840&#44;4843&#44;4846&#44;4847&#44;4850&#44;4851&#44;4852&#44;4853&#44;4855&#44;4857&#44;4859&#44;4860&#44;4861&#44;4866&#44;4870&#44;4871&#44;4872&#44;4873&#44;4874&#44;4875&#44;4876&#44;4878&#44;4879&#44;4901&#44;4905&#44;4906&#44;4908&#44;4911&#44;4914&#44;4915&#44;4917&#44;4920&#44;4925&#44;4926&#44;4930&#44;4933&#44;4936&#44;4938&#44;4939&#44;4942&#44;4944&#44;4946&#44;4947&#44;4948&#44;4950&#44;4952&#44;4955&#44;4958&#44;4961&#44;4962&#44;4963&#44;4969&#44;4972&#44;4973&#44;4974&#44;4982&#44;4983&#44;4985&#44;4987&#44;4989&#44;4990&#44;4991&#44;4992&#44;4994&#44;4996&#44;4998&#44;4999&#44;6181&#44;6188&#44;6189&#44;6201&#44;6202&#44;6203&#44;6204&#44;6205&#44;6212&#44;6213&#44;6216&#44;6217&#44;6218&#44;6219&#44;6220&#44;6225&#44;6228&#44;6235&#44;6236&#44;6238&#44;6239&#44;6240&#44;6242&#44;6244&#44;6245&#44;6246&#44;6247&#44;6249&#44;6251&#44;6252&#44;6254&#44;6255&#44;6256&#44;6257&#44;6259&#44;6260&#44;6261&#44;6262&#44;6265&#44;6267&#44;6269&#44;6270&#44;6275&#44;6302&#44;6304&#44;6305&#44;6307&#44;6308&#44;6309&#44;6310&#44;6311&#44;6312&#44;6313&#44;6314&#44;6315&#44;6317&#44;6319&#44;6320&#44;6321&#44;6322&#44;6324&#44;6325&#44;6326&#44;6327&#44;6328&#44;6329&#44;6330&#44;6331&#44;6332&#44;6333&#44;6334&#44;6335&#44;6336&#44;6338&#44;6339&#44;6341&#44;6342&#44;6343&#44;6344&#44;6345&#44;6347&#44;6348&#44;6349&#44;6350&#44;6351&#44;6352&#44;6353&#44;6354&#44;6355&#44;6356&#44;6357&#44;6358&#44;6359&#44;6360&#44;6361&#44;6363&#44;6364&#44;6365&#44;6366&#44;6367&#44;6368&#44;6369&#44;6371&#44;6372&#44;6373&#44;6375&#44;6376&#44;6377&#44;6378&#44;6379&#44;6380&#44;6381&#44;6382&#44;6383&#44;6384&#44;6385&#44;6386&#44;6387&#44;6388&#44;6401&#44;6402&#44;6403&#44;6404&#44;6405&#44;6406&#44;6407&#44;6408&#44;6409&#44;6410&#44;6412&#44;6413&#44;6414&#44;6415&#44;6417&#44;6418&#44;6419&#44;6420&#44;6421&#44;6422&#44;6423&#44;6424&#44;6425&#44;6426&#44;6427&#44;6428&#44;6429&#44;6430&#44;6431&#44;6432&#44;6433&#44;6434&#44;6435&#44;6436&#44;6437&#44;6439&#44;6440&#44;6441&#44;6443&#44;6444&#44;6445&#44;6448&#44;6449&#44;6450&#44;6452&#44;6453&#44;6454&#44;6455&#44;6456&#44;6457&#44;6458&#44;6460&#44;6461&#44;6462&#44;6463&#44;6464&#44;6471&#44;6472&#44;6474&#44;6479&#44;6482&#44;6485&#44;6487&#44;6489&#44;6501&#44;6502&#44;6503&#44;6505&#44;6506&#44;6507&#44;6509&#44;6510&#44;6512&#44;6514&#44;6517&#44;6518&#44;6520&#44;6521&#44;6524&#44;6527&#44;6528&#44;6533&#44;6535&#44;6536&#44;6539&#44;6540&#44;6543&#44;6547&#44;6549&#44;6556&#44;6562&#44;6565&#44;6567&#44;6568&#44;6569&#44;6570&#44;6571&#44;6572&#44;6573&#44;6575&#44;6581&#44;6582&#44;6604&#44;6605&#44;6606&#44;6608&#44;6609&#44;6610&#44;6612&#44;6613&#44;6614&#44;6615&#44;6616&#44;6617&#44;6619&#44;6620&#44;6621&#44;6622&#44;6624&#44;6626&#44;6628&#44;6630&#44;6631&#44;6632&#44;6633&#44;6634&#44;6635&#44;6636&#44;6637&#44;6643&#44;6644&#44;6646&#44;6650&#44;6651&#44;6652&#44;6653&#44;6655&#44;6657&#44;6658&#44;6659&#44;6660&#44;6661&#44;6662&#44;6663&#44;6664&#44;6666&#44;6667&#44;6670&#44;6671&#44;6672&#44;6673&#44;6674&#44;6675&#44;6676&#44;6677&#44;6678&#44;6679&#44;6680&#44;6682&#44;6683&#44;6684&#44;6685&#44;6686&#44;6689&#44;6690&#44;6692&#44;6693&#44;6779&#44;6781&#44;6867&#44;6976&#44;6979&#44;7189&#44;7658&#44;7676&#44;8102&#44;8104&#44;8106&#44;8107&#44;8111&#44;8112&#44;8114&#44;8115&#44;8116&#44;8117&#44;8119&#44;8120&#44;8123&#44;8125&#44;8126&#44;8128&#44;8129&#44;8130&#44;8132&#44;8133&#44;8134&#44;8135&#44;8136&#44;8138&#44;8139&#44;8141&#44;8142&#44;8144&#44;8145&#44;8146&#44;8147&#44;8149&#44;8150&#44;8151&#44;8152&#44;8153&#44;8155&#44;8156&#44;8157&#44;8158&#44;8160&#44;8161&#44;8162&#44;8163&#44;8164&#44;8165&#44;8166&#44;8167&#44;8168&#44;8169&#44;8172&#44;8173&#44;8174&#44;8175&#44;8176&#44;8177&#44;8180&#44;8181&#44;8182&#44;8183&#44;8184&#44;8185&#44;8186&#44;8188&#44;8189&#44;8190&#44;8191&#44;8192&#44;8193&#44;8194&#44;8196&#44;8197&#44;8201&#44;8202&#44;8203&#44;8205&#44;8207&#44;8208&#44;8209&#44;8210&#44;8211&#44;8213&#44;8215&#44;8218&#44;8219&#44;8220&#44;8221&#44;8222&#44;8223&#44;8224&#44;8225&#44;8226&#44;8227&#44;8228&#44;8236&#44;8237&#44;8238&#44;8239&#44;8241&#44;8242&#44;8243&#44;8244&#44;8245&#44;8246&#44;8247&#44;8248&#44;8250&#44;8251&#44;8252&#44;8253&#44;8254&#44;8256&#44;8257&#44;8259&#44;8261&#44;8262&#44;8263&#44;8264&#44;8265&#44;8266&#44;8267&#44;8268&#44;8269&#44;8270&#44;8271&#44;8272&#44;8273&#44;8274&#44;8275&#44;8276&#44;8277&#44;8278&#44;8279&#44;8280&#44;8281&#44;8282&#44;8283&#44;8284&#44;8285&#44;8286&#44;8287&#44;8288&#44;8289&#44;8290&#44;8291&#44;8292&#44;8293&#44;8294&#44;8295&#44;8296&#44;8297&#44;8298&#44;8299&#44;""",3/12/21,3/12/21,N
layouts,Janitorial,98,,2021,3/15/21,https://sams-csp.cld.samsclub.com/clubs/,/planograms/98,"""4109&#44;4702&#44;4703&#44;4704&#44;4707&#44;4709&#44;4710&#44;4711&#44;4712&#44;4713&#44;4718&#44;4720&#44;4721&#44;4722&#44;4724&#44;4728&#44;4729&#44;4730&#44;4731&#44;4732&#44;4735&#44;4736&#44;4738&#44;4739&#44;4740&#44;4741&#44;4742&#44;4743&#44;4745&#44;4749&#44;4750&#44;4755&#44;4761&#44;4763&#44;4764&#44;4767&#44;4768&#44;4769&#44;4770&#44;4771&#44;4772&#44;4774&#44;4775&#44;4776&#44;4777&#44;4778&#44;4780&#44;4781&#44;4782&#44;4783&#44;4784&#44;4785&#44;4786&#44;4787&#44;4789&#44;4790&#44;4791&#44;4794&#44;4795&#44;4797&#44;4798&#44;4799&#44;4801&#44;4802&#44;4804&#44;4805&#44;4808&#44;4815&#44;4816&#44;4817&#44;4818&#44;4819&#44;4820&#44;4822&#44;4824&#44;4825&#44;4828&#44;4829&#44;4830&#44;4831&#44;4836&#44;4837&#44;4839&#44;4840&#44;4843&#44;4846&#44;4847&#44;4850&#44;4851&#44;4852&#44;4853&#44;4855&#44;4857&#44;4859&#44;4860&#44;4861&#44;4866&#44;4870&#44;4871&#44;4872&#44;4873&#44;4874&#44;4875&#44;4876&#44;4878&#44;4879&#44;4901&#44;4905&#44;4906&#44;4908&#44;4911&#44;4914&#44;4915&#44;4917&#44;4920&#44;4925&#44;4926&#44;4930&#44;4933&#44;4936&#44;4938&#44;4939&#44;4942&#44;4944&#44;4946&#44;4947&#44;4948&#44;4950&#44;4952&#44;4955&#44;4958&#44;4961&#44;4962&#44;4963&#44;4969&#44;4972&#44;4973&#44;4974&#44;4982&#44;4983&#44;4985&#44;4987&#44;4989&#44;4990&#44;4991&#44;4992&#44;4994&#44;4996&#44;4998&#44;4999&#44;6181&#44;6188&#44;6189&#44;6201&#44;6202&#44;6203&#44;6204&#44;6205&#44;6212&#44;6213&#44;6216&#44;6217&#44;6218&#44;6219&#44;6220&#44;6225&#44;6228&#44;6235&#44;6236&#44;6238&#44;6239&#44;6240&#44;6242&#44;6244&#44;6245&#44;6246&#44;6247&#44;6249&#44;6251&#44;6252&#44;6254&#44;6255&#44;6256&#44;6257&#44;6259&#44;6260&#44;6261&#44;6262&#44;6265&#44;6267&#44;6269&#44;6270&#44;6275&#44;6302&#44;6304&#44;6305&#44;6307&#44;6308&#44;6309&#44;6310&#44;6311&#44;6312&#44;6313&#44;6314&#44;6315&#44;6317&#44;6319&#44;6320&#44;6321&#44;6322&#44;6324&#44;6325&#44;6326&#44;6327&#44;6328&#44;6329&#44;6330&#44;6331&#44;6332&#44;6333&#44;6334&#44;6335&#44;6336&#44;6338&#44;6339&#44;6341&#44;6342&#44;6343&#44;6344&#44;6345&#44;6347&#44;6348&#44;6349&#44;6350&#44;6351&#44;6352&#44;6353&#44;6354&#44;6355&#44;6356&#44;6357&#44;6358&#44;6359&#44;6360&#44;6361&#44;6363&#44;6364&#44;6365&#44;6366&#44;6367&#44;6368&#44;6369&#44;6371&#44;6372&#44;6373&#44;6375&#44;6376&#44;6377&#44;6378&#44;6379&#44;6380&#44;6381&#44;6382&#44;6383&#44;6384&#44;6385&#44;6386&#44;6387&#44;6388&#44;6401&#44;6402&#44;6403&#44;6404&#44;6405&#44;6406&#44;6407&#44;6408&#44;6409&#44;6410&#44;6412&#44;6413&#44;6414&#44;6415&#44;6417&#44;6418&#44;6419&#44;6420&#44;6421&#44;6422&#44;6423&#44;6424&#44;6425&#44;6426&#44;6427&#44;6428&#44;6429&#44;6430&#44;6431&#44;6432&#44;6433&#44;6434&#44;6435&#44;6436&#44;6437&#44;6439&#44;6440&#44;6441&#44;6443&#44;6444&#44;6445&#44;6448&#44;6449&#44;6450&#44;6452&#44;6453&#44;6454&#44;6455&#44;6456&#44;6457&#44;6458&#44;6460&#44;6461&#44;6462&#44;6463&#44;6464&#44;6471&#44;6472&#44;6474&#44;6479&#44;6482&#44;6485&#44;6487&#44;6489&#44;6501&#44;6502&#44;6503&#44;6505&#44;6506&#44;6507&#44;6509&#44;6510&#44;6512&#44;6514&#44;6517&#44;6518&#44;6520&#44;6521&#44;6524&#44;6527&#44;6528&#44;6533&#44;6535&#44;6536&#44;6539&#44;6540&#44;6543&#44;6547&#44;6549&#44;6556&#44;6562&#44;6565&#44;6567&#44;6568&#44;6569&#44;6570&#44;6571&#44;6572&#44;6573&#44;6575&#44;6581&#44;6582&#44;6604&#44;6605&#44;6606&#44;6608&#44;6609&#44;6610&#44;6612&#44;6613&#44;6614&#44;6615&#44;6616&#44;6617&#44;6619&#44;6620&#44;6621&#44;6622&#44;6624&#44;6626&#44;6628&#44;6630&#44;6631&#44;6632&#44;6633&#44;6634&#44;6635&#44;6636&#44;6637&#44;6643&#44;6644&#44;6646&#44;6650&#44;6651&#44;6652&#44;6653&#44;6655&#44;6657&#44;6658&#44;6659&#44;6660&#44;6661&#44;6662&#44;6663&#44;6664&#44;6666&#44;6667&#44;6670&#44;6671&#44;6672&#44;6673&#44;6674&#44;6675&#44;6676&#44;6677&#44;6678&#44;6679&#44;6680&#44;6682&#44;6683&#44;6684&#44;6685&#44;6686&#44;6689&#44;6690&#44;6692&#44;6693&#44;6779&#44;6781&#44;6867&#44;6976&#44;6979&#44;7189&#44;7658&#44;7676&#44;8102&#44;8104&#44;8106&#44;8107&#44;8111&#44;8112&#44;8114&#44;8115&#44;8116&#44;8117&#44;8119&#44;8120&#44;8123&#44;8125&#44;8126&#44;8128&#44;8129&#44;8130&#44;8132&#44;8133&#44;8134&#44;8135&#44;8136&#44;8138&#44;8139&#44;8141&#44;8142&#44;8144&#44;8145&#44;8146&#44;8147&#44;8149&#44;8150&#44;8151&#44;8152&#44;8153&#44;8155&#44;8156&#44;8157&#44;8158&#44;8160&#44;8161&#44;8162&#44;8163&#44;8164&#44;8165&#44;8166&#44;8167&#44;8168&#44;8169&#44;8172&#44;8173&#44;8174&#44;8175&#44;8176&#44;8177&#44;8180&#44;8181&#44;8182&#44;8183&#44;8184&#44;8185&#44;8186&#44;8188&#44;8189&#44;8190&#44;8191&#44;8192&#44;8193&#44;8194&#44;8196&#44;8197&#44;8201&#44;8202&#44;8203&#44;8205&#44;8207&#44;8208&#44;8209&#44;8210&#44;8211&#44;8213&#44;8215&#44;8218&#44;8219&#44;8220&#44;8221&#44;8222&#44;8223&#44;8224&#44;8225&#44;8226&#44;8227&#44;8228&#44;8236&#44;8237&#44;8238&#44;8239&#44;8241&#44;8242&#44;8243&#44;8244&#44;8245&#44;8246&#44;8247&#44;8248&#44;8250&#44;8251&#44;8252&#44;8253&#44;8254&#44;8256&#44;8257&#44;8259&#44;8261&#44;8262&#44;8263&#44;8264&#44;8265&#44;8266&#44;8267&#44;8268&#44;8269&#44;8270&#44;8271&#44;8272&#44;8273&#44;8274&#44;8275&#44;8276&#44;8277&#44;8278&#44;8279&#44;8280&#44;8281&#44;8282&#44;8283&#44;8284&#44;8285&#44;8286&#44;8287&#44;8288&#44;8289&#44;8290&#44;8291&#44;8292&#44;8293&#44;8294&#44;8295&#44;8296&#44;8297&#44;8298&#44;8299&#44;""",3/12/21,3/12/21,N
layouts,Bakery Tables,"""37&#44;77""",,2021,3/15/21,1-NewFolderStructure/C037_C077_Bakery_Tables/C37_77_Bakery_Tables_Effective_03012021_Updated_03122021/,_C37_77_Bakery_Tables_Effective_03012021_Updated_03122021.PDF,"""4925&#44;""",3/12/21,3/12/21,N
layouts,Coolers,42-2,,2021,3/15/21,1-NewFolderStructure/C042_Coolers/C42_Effective_03152021_Planogram_Updated_03122021/,_C42_Effective_03152021_Planogram_Updated_03122021.pdf,"""4718&#44;4805&#44;4987&#44;6430&#44;6439&#44;6430&#44;6439&#44;6501&#44;6617&#44;6628&#44;8288&#44;8296&#44;""",3/17/21,3/12/21,N
layouts,Home Improvement,11,,2021,3/22/21,https://sams-csp.cld.samsclub.com/clubs/,/planograms/11,"""4109&#44;4702&#44;4703&#44;4704&#44;4707&#44;4709&#44;4710&#44;4711&#44;4712&#44;4713&#44;4718&#44;4720&#44;4721&#44;4722&#44;4724&#44;4728&#44;4729&#44;4730&#44;4731&#44;4732&#44;4735&#44;4736&#44;4738&#44;4739&#44;4740&#44;4741&#44;4742&#44;4743&#44;4745&#44;4749&#44;4750&#44;4755&#44;4761&#44;4763&#44;4764&#44;4767&#44;4768&#44;4769&#44;4770&#44;4771&#44;4772&#44;4774&#44;4775&#44;4776&#44;4777&#44;4778&#44;4780&#44;4781&#44;4782&#44;4783&#44;4784&#44;4785&#44;4786&#44;4787&#44;4789&#44;4790&#44;4791&#44;4794&#44;4795&#44;4797&#44;4798&#44;4799&#44;4801&#44;4802&#44;4804&#44;4805&#44;4808&#44;4815&#44;4816&#44;4817&#44;4818&#44;4819&#44;4820&#44;4822&#44;4824&#44;4825&#44;4828&#44;4829&#44;4830&#44;4831&#44;4836&#44;4837&#44;4839&#44;4840&#44;4843&#44;4846&#44;4847&#44;4850&#44;4851&#44;4852&#44;4853&#44;4855&#44;4857&#44;4859&#44;4860&#44;4861&#44;4866&#44;4870&#44;4871&#44;4872&#44;4873&#44;4874&#44;4875&#44;4876&#44;4878&#44;4879&#44;4901&#44;4905&#44;4906&#44;4908&#44;4911&#44;4914&#44;4915&#44;4917&#44;4920&#44;4925&#44;4926&#44;4930&#44;4933&#44;4936&#44;4938&#44;4939&#44;4942&#44;4944&#44;4946&#44;4947&#44;4948&#44;4950&#44;4952&#44;4955&#44;4958&#44;4961&#44;4962&#44;4963&#44;4969&#44;4972&#44;4973&#44;4974&#44;4982&#44;4983&#44;4985&#44;4987&#44;4989&#44;4990&#44;4991&#44;4992&#44;4994&#44;4996&#44;4998&#44;4999&#44;6181&#44;6188&#44;6189&#44;6201&#44;6202&#44;6203&#44;6204&#44;6205&#44;6212&#44;6213&#44;6216&#44;6217&#44;6218&#44;6219&#44;6220&#44;6225&#44;6228&#44;6235&#44;6236&#44;6238&#44;6239&#44;6240&#44;6242&#44;6244&#44;6245&#44;6246&#44;6247&#44;6249&#44;6251&#44;6252&#44;6254&#44;6255&#44;6256&#44;6257&#44;6259&#44;6260&#44;6261&#44;6262&#44;6265&#44;6267&#44;6269&#44;6270&#44;6275&#44;6302&#44;6304&#44;6305&#44;6307&#44;6308&#44;6309&#44;6310&#44;6311&#44;6312&#44;6313&#44;6314&#44;6315&#44;6317&#44;6319&#44;6320&#44;6321&#44;6322&#44;6324&#44;6325&#44;6326&#44;6327&#44;6328&#44;6329&#44;6330&#44;6331&#44;6332&#44;6333&#44;6334&#44;6335&#44;6336&#44;6338&#44;6339&#44;6341&#44;6342&#44;6343&#44;6344&#44;6345&#44;6347&#44;6348&#44;6349&#44;6350&#44;6351&#44;6352&#44;6353&#44;6354&#44;6355&#44;6356&#44;6357&#44;6358&#44;6359&#44;6360&#44;6361&#44;6363&#44;6364&#44;6365&#44;6366&#44;6367&#44;6368&#44;6369&#44;6371&#44;6372&#44;6373&#44;6375&#44;6376&#44;6377&#44;6378&#44;6379&#44;6380&#44;6381&#44;6382&#44;6383&#44;6384&#44;6385&#44;6386&#44;6387&#44;6388&#44;6401&#44;6402&#44;6403&#44;6404&#44;6405&#44;6406&#44;6407&#44;6408&#44;6409&#44;6410&#44;6412&#44;6413&#44;6414&#44;6415&#44;6417&#44;6418&#44;6419&#44;6420&#44;6421&#44;6422&#44;6423&#44;6424&#44;6425&#44;6426&#44;6427&#44;6428&#44;6429&#44;6430&#44;6431&#44;6432&#44;6433&#44;6434&#44;6435&#44;6436&#44;6437&#44;6439&#44;6440&#44;6441&#44;6443&#44;6444&#44;6445&#44;6448&#44;6449&#44;6450&#44;6452&#44;6453&#44;6454&#44;6455&#44;6456&#44;6457&#44;6458&#44;6460&#44;6461&#44;6462&#44;6463&#44;6464&#44;6471&#44;6472&#44;6474&#44;6479&#44;6482&#44;6485&#44;6487&#44;6489&#44;6501&#44;6502&#44;6503&#44;6505&#44;6506&#44;6507&#44;6509&#44;6510&#44;6512&#44;6514&#44;6517&#44;6518&#44;6520&#44;6521&#44;6524&#44;6527&#44;6528&#44;6533&#44;6535&#44;6536&#44;6539&#44;6540&#44;6543&#44;6547&#44;6549&#44;6556&#44;6562&#44;6565&#44;6567&#44;6568&#44;6569&#44;6570&#44;6571&#44;6572&#44;6573&#44;6575&#44;6581&#44;6582&#44;6604&#44;6605&#44;6606&#44;6608&#44;6609&#44;6610&#44;6612&#44;6613&#44;6614&#44;6615&#44;6616&#44;6617&#44;6619&#44;6620&#44;6621&#44;6622&#44;6624&#44;6626&#44;6628&#44;6630&#44;6631&#44;6632&#44;6633&#44;6634&#44;6635&#44;6636&#44;6637&#44;6643&#44;6644&#44;6646&#44;6650&#44;6651&#44;6652&#44;6653&#44;6655&#44;6657&#44;6658&#44;6659&#44;6660&#44;6661&#44;6662&#44;6663&#44;6664&#44;6666&#44;6667&#44;6670&#44;6671&#44;6672&#44;6673&#44;6674&#44;6675&#44;6676&#44;6677&#44;6678&#44;6679&#44;6680&#44;6682&#44;6683&#44;6684&#44;6685&#44;6686&#44;6689&#44;6690&#44;6692&#44;6693&#44;6779&#44;6781&#44;6867&#44;6976&#44;6979&#44;7189&#44;7658&#44;7676&#44;8102&#44;8104&#44;8106&#44;8107&#44;8111&#44;8112&#44;8114&#44;8115&#44;8116&#44;8117&#44;8119&#44;8120&#44;8123&#44;8125&#44;8126&#44;8128&#44;8129&#44;8130&#44;8132&#44;8133&#44;8134&#44;8135&#44;8136&#44;8138&#44;8139&#44;8141&#44;8142&#44;8144&#44;8145&#44;8146&#44;8147&#44;8149&#44;8150&#44;8151&#44;8152&#44;8153&#44;8155&#44;8156&#44;8157&#44;8158&#44;8160&#44;8161&#44;8162&#44;8163&#44;8164&#44;8165&#44;8166&#44;8167&#44;8168&#44;8169&#44;8172&#44;8173&#44;8174&#44;8175&#44;8176&#44;8177&#44;8180&#44;8181&#44;8182&#44;8183&#44;8184&#44;8185&#44;8186&#44;8188&#44;8189&#44;8190&#44;8191&#44;8192&#44;8193&#44;8194&#44;8196&#44;8197&#44;8201&#44;8202&#44;8203&#44;8205&#44;8207&#44;8208&#44;8209&#44;8210&#44;8211&#44;8213&#44;8215&#44;8218&#44;8219&#44;8220&#44;8221&#44;8222&#44;8223&#44;8224&#44;8225&#44;8226&#44;8227&#44;8228&#44;8236&#44;8237&#44;8238&#44;8239&#44;8241&#44;8242&#44;8243&#44;8244&#44;8245&#44;8246&#44;8247&#44;8248&#44;8250&#44;8251&#44;8252&#44;8253&#44;8254&#44;8256&#44;8257&#44;8259&#44;8261&#44;8262&#44;8263&#44;8264&#44;8265&#44;8266&#44;8267&#44;8268&#44;8269&#44;8270&#44;8271&#44;8272&#44;8273&#44;8274&#44;8275&#44;8276&#44;8277&#44;8278&#44;8279&#44;8280&#44;8281&#44;8282&#44;8283&#44;8284&#44;8285&#44;8286&#44;8287&#44;8288&#44;8289&#44;8290&#44;8291&#44;8292&#44;8293&#44;8294&#44;8295&#44;8296&#44;8297&#44;8298&#44;8299&#44;""",3/18/21,3/18/21,N
layouts,HBA,2,,2021,3/22/21,https://sams-csp.cld.samsclub.com/clubs/,/planograms/2,"""4109&#44;4702&#44;4703&#44;4704&#44;4707&#44;4709&#44;4710&#44;4711&#44;4712&#44;4713&#44;4718&#44;4720&#44;4721&#44;4722&#44;4724&#44;4728&#44;4729&#44;4730&#44;4731&#44;4732&#44;4735&#44;4736&#44;4738&#44;4739&#44;4740&#44;4741&#44;4742&#44;4743&#44;4745&#44;4749&#44;4750&#44;4755&#44;4761&#44;4763&#44;4764&#44;4767&#44;4768&#44;4769&#44;4770&#44;4771&#44;4772&#44;4774&#44;4775&#44;4776&#44;4777&#44;4778&#44;4780&#44;4781&#44;4782&#44;4783&#44;4784&#44;4785&#44;4786&#44;4787&#44;4789&#44;4790&#44;4791&#44;4794&#44;4795&#44;4797&#44;4798&#44;4799&#44;4801&#44;4802&#44;4804&#44;4805&#44;4808&#44;4815&#44;4816&#44;4817&#44;4818&#44;4819&#44;4820&#44;4822&#44;4824&#44;4825&#44;4828&#44;4829&#44;4830&#44;4831&#44;4836&#44;4837&#44;4839&#44;4840&#44;4843&#44;4846&#44;4847&#44;4850&#44;4851&#44;4852&#44;4853&#44;4855&#44;4857&#44;4859&#44;4860&#44;4861&#44;4866&#44;4870&#44;4871&#44;4872&#44;4873&#44;4874&#44;4875&#44;4876&#44;4878&#44;4879&#44;4901&#44;4905&#44;4906&#44;4908&#44;4911&#44;4914&#44;4915&#44;4917&#44;4920&#44;4925&#44;4926&#44;4930&#44;4933&#44;4936&#44;4938&#44;4939&#44;4942&#44;4944&#44;4946&#44;4947&#44;4948&#44;4950&#44;4952&#44;4955&#44;4958&#44;4961&#44;4962&#44;4963&#44;4969&#44;4972&#44;4973&#44;4974&#44;4982&#44;4983&#44;4985&#44;4987&#44;4989&#44;4990&#44;4991&#44;4992&#44;4994&#44;4996&#44;4998&#44;4999&#44;6181&#44;6188&#44;6189&#44;6201&#44;6202&#44;6203&#44;6204&#44;6205&#44;6212&#44;6213&#44;6216&#44;6217&#44;6218&#44;6219&#44;6220&#44;6225&#44;6228&#44;6235&#44;6236&#44;6238&#44;6239&#44;6240&#44;6242&#44;6244&#44;6245&#44;6246&#44;6247&#44;6249&#44;6251&#44;6252&#44;6254&#44;6255&#44;6256&#44;6257&#44;6259&#44;6260&#44;6261&#44;6262&#44;6265&#44;6267&#44;6269&#44;6270&#44;6275&#44;6302&#44;6304&#44;6305&#44;6307&#44;6308&#44;6309&#44;6310&#44;6311&#44;6312&#44;6313&#44;6314&#44;6315&#44;6317&#44;6319&#44;6320&#44;6321&#44;6322&#44;6324&#44;6325&#44;6326&#44;6327&#44;6328&#44;6329&#44;6330&#44;6331&#44;6332&#44;6333&#44;6334&#44;6335&#44;6336&#44;6338&#44;6339&#44;6341&#44;6342&#44;6343&#44;6344&#44;6345&#44;6347&#44;6348&#44;6349&#44;6350&#44;6351&#44;6352&#44;6353&#44;6354&#44;6355&#44;6356&#44;6357&#44;6358&#44;6359&#44;6360&#44;6361&#44;6363&#44;6364&#44;6365&#44;6366&#44;6367&#44;6368&#44;6369&#44;6371&#44;6372&#44;6373&#44;6375&#44;6376&#44;6377&#44;6378&#44;6379&#44;6380&#44;6381&#44;6382&#44;6383&#44;6384&#44;6385&#44;6386&#44;6387&#44;6388&#44;6401&#44;6402&#44;6403&#44;6404&#44;6405&#44;6406&#44;6407&#44;6408&#44;6409&#44;6410&#44;6412&#44;6413&#44;6414&#44;6415&#44;6417&#44;6418&#44;6419&#44;6420&#44;6421&#44;6422&#44;6423&#44;6424&#44;6425&#44;6426&#44;6427&#44;6428&#44;6429&#44;6430&#44;6431&#44;6432&#44;6433&#44;6434&#44;6435&#44;6436&#44;6437&#44;6439&#44;6440&#44;6441&#44;6443&#44;6444&#44;6445&#44;6448&#44;6449&#44;6450&#44;6452&#44;6453&#44;6454&#44;6455&#44;6456&#44;6457&#44;6458&#44;6460&#44;6461&#44;6462&#44;6463&#44;6464&#44;6471&#44;6472&#44;6474&#44;6479&#44;6482&#44;6485&#44;6487&#44;6489&#44;6501&#44;6502&#44;6503&#44;6505&#44;6506&#44;6507&#44;6509&#44;6510&#44;6512&#44;6514&#44;6517&#44;6518&#44;6520&#44;6521&#44;6524&#44;6527&#44;6528&#44;6533&#44;6535&#44;6536&#44;6539&#44;6540&#44;6543&#44;6547&#44;6549&#44;6556&#44;6562&#44;6565&#44;6567&#44;6568&#44;6569&#44;6570&#44;6571&#44;6572&#44;6573&#44;6575&#44;6581&#44;6582&#44;6604&#44;6605&#44;6606&#44;6608&#44;6609&#44;6610&#44;6612&#44;6613&#44;6614&#44;6615&#44;6616&#44;6617&#44;6619&#44;6620&#44;6621&#44;6622&#44;6624&#44;6626&#44;6628&#44;6630&#44;6631&#44;6632&#44;6633&#44;6634&#44;6635&#44;6636&#44;6637&#44;6643&#44;6644&#44;6646&#44;6650&#44;6651&#44;6652&#44;6653&#44;6655&#44;6657&#44;6658&#44;6659&#44;6660&#44;6661&#44;6662&#44;6663&#44;6664&#44;6666&#44;6667&#44;6670&#44;6671&#44;6672&#44;6673&#44;6674&#44;6675&#44;6676&#44;6677&#44;6678&#44;6679&#44;6680&#44;6682&#44;6683&#44;6684&#44;6685&#44;6686&#44;6689&#44;6690&#44;6692&#44;6693&#44;6779&#44;6781&#44;6867&#44;6976&#44;6979&#44;7189&#44;7658&#44;7676&#44;8102&#44;8104&#44;8106&#44;8107&#44;8111&#44;8112&#44;8114&#44;8115&#44;8116&#44;8117&#44;8119&#44;8120&#44;8123&#44;8125&#44;8126&#44;8128&#44;8129&#44;8130&#44;8132&#44;8133&#44;8134&#44;8135&#44;8136&#44;8138&#44;8139&#44;8141&#44;8142&#44;8144&#44;8145&#44;8146&#44;8147&#44;8149&#44;8150&#44;8151&#44;8152&#44;8153&#44;8155&#44;8156&#44;8157&#44;8158&#44;8160&#44;8161&#44;8162&#44;8163&#44;8164&#44;8165&#44;8166&#44;8167&#44;8168&#44;8169&#44;8172&#44;8173&#44;8174&#44;8175&#44;8176&#44;8177&#44;8180&#44;8181&#44;8182&#44;8183&#44;8184&#44;8185&#44;8186&#44;8188&#44;8189&#44;8190&#44;8191&#44;8192&#44;8193&#44;8194&#44;8196&#44;8197&#44;8201&#44;8202&#44;8203&#44;8205&#44;8207&#44;8208&#44;8209&#44;8210&#44;8211&#44;8213&#44;8215&#44;8218&#44;8219&#44;8220&#44;8221&#44;8222&#44;8223&#44;8224&#44;8225&#44;8226&#44;8227&#44;8228&#44;8236&#44;8237&#44;8238&#44;8239&#44;8241&#44;8242&#44;8243&#44;8244&#44;8245&#44;8246&#44;8247&#44;8248&#44;8250&#44;8251&#44;8252&#44;8253&#44;8254&#44;8256&#44;8257&#44;8259&#44;8261&#44;8262&#44;8263&#44;8264&#44;8265&#44;8266&#44;8267&#44;8268&#44;8269&#44;8270&#44;8271&#44;8272&#44;8273&#44;8274&#44;8275&#44;8276&#44;8277&#44;8278&#44;8279&#44;8280&#44;8281&#44;8282&#44;8283&#44;8284&#44;8285&#44;8286&#44;8287&#44;8288&#44;8289&#44;8290&#44;8291&#44;8292&#44;8293&#44;8294&#44;8295&#44;8296&#44;8297&#44;8298&#44;8299&#44;""",3/22/21,3/22/21,N
layouts,Cake Case,"""37-3&#44;77-3""",,2021,4/5/21,1-NewFolderStructure/C037_C077_Cake_Case/C77_C37_Cake_Effective_04052021_Updated_03232021/,_C77_C37_Effective_04052021_Updated_03232021.pdf,"""4109&#44;4702&#44;4703&#44;4704&#44;4707&#44;4709&#44;4710&#44;4711&#44;4712&#44;4713&#44;4718&#44;4720&#44;4721&#44;4722&#44;4724&#44;4728&#44;4729&#44;4730&#44;4731&#44;4732&#44;4735&#44;4736&#44;4738&#44;4739&#44;4740&#44;4741&#44;4742&#44;4743&#44;4745&#44;4749&#44;4750&#44;4755&#44;4761&#44;4763&#44;4764&#44;4767&#44;4768&#44;4769&#44;4770&#44;4771&#44;4772&#44;4774&#44;4775&#44;4776&#44;4777&#44;4778&#44;4780&#44;4781&#44;4782&#44;4783&#44;4784&#44;4785&#44;4786&#44;4787&#44;4789&#44;4790&#44;4791&#44;4794&#44;4795&#44;4797&#44;4798&#44;4799&#44;4801&#44;4802&#44;4804&#44;4805&#44;4808&#44;4815&#44;4816&#44;4817&#44;4818&#44;4819&#44;4820&#44;4822&#44;4824&#44;4825&#44;4828&#44;4829&#44;4830&#44;4831&#44;4836&#44;4837&#44;4839&#44;4840&#44;4843&#44;4846&#44;4847&#44;4850&#44;4851&#44;4852&#44;4853&#44;4855&#44;4857&#44;4859&#44;4860&#44;4861&#44;4866&#44;4870&#44;4872&#44;4873&#44;4874&#44;4875&#44;4876&#44;4878&#44;4879&#44;4901&#44;4905&#44;4906&#44;4911&#44;4914&#44;4915&#44;4917&#44;4920&#44;4925&#44;4926&#44;4933&#44;4936&#44;4938&#44;4939&#44;4942&#44;4944&#44;4946&#44;4947&#44;4948&#44;4950&#44;4952&#44;4955&#44;4958&#44;4961&#44;4962&#44;4963&#44;4972&#44;4973&#44;4974&#44;4982&#44;4983&#44;4985&#44;4987&#44;4989&#44;4990&#44;4991&#44;4992&#44;4994&#44;4996&#44;4998&#44;4999&#44;6181&#44;6188&#44;6189&#44;6201&#44;6202&#44;6203&#44;6204&#44;6205&#44;6212&#44;6213&#44;6216&#44;6217&#44;6218&#44;6219&#44;6220&#44;6225&#44;6228&#44;6235&#44;6236&#44;6238&#44;6239&#44;6240&#44;6242&#44;6244&#44;6245&#44;6246&#44;6247&#44;6249&#44;6251&#44;6252&#44;6254&#44;6255&#44;6256&#44;6257&#44;6259&#44;6260&#44;6261&#44;6262&#44;6265&#44;6267&#44;6269&#44;6270&#44;6275&#44;6302&#44;6304&#44;6305&#44;6307&#44;6308&#44;6309&#44;6310&#44;6311&#44;6312&#44;6313&#44;6314&#44;6315&#44;6317&#44;6319&#44;6320&#44;6321&#44;6322&#44;6324&#44;6325&#44;6326&#44;6327&#44;6328&#44;6329&#44;6330&#44;6331&#44;6332&#44;6333&#44;6334&#44;6335&#44;6336&#44;6338&#44;6339&#44;6341&#44;6342&#44;6343&#44;6344&#44;6345&#44;6347&#44;6348&#44;6349&#44;6350&#44;6351&#44;6352&#44;6353&#44;6354&#44;6355&#44;6356&#44;6357&#44;6358&#44;6359&#44;6360&#44;6361&#44;6363&#44;6364&#44;6365&#44;6366&#44;6367&#44;6368&#44;6369&#44;6371&#44;6372&#44;6373&#44;6375&#44;6376&#44;6378&#44;6379&#44;6380&#44;6381&#44;6382&#44;6383&#44;6384&#44;6386&#44;6387&#44;6388&#44;6401&#44;6402&#44;6403&#44;6404&#44;6405&#44;6406&#44;6407&#44;6408&#44;6409&#44;6410&#44;6412&#44;6413&#44;6414&#44;6415&#44;6418&#44;6419&#44;6420&#44;6421&#44;6422&#44;6423&#44;6425&#44;6426&#44;6427&#44;6428&#44;6429&#44;6431&#44;6433&#44;6434&#44;6435&#44;6436&#44;6437&#44;6439&#44;6440&#44;6441&#44;6443&#44;6444&#44;6445&#44;6448&#44;6449&#44;6450&#44;6452&#44;6453&#44;6454&#44;6455&#44;6456&#44;6457&#44;6458&#44;6460&#44;6462&#44;6463&#44;6464&#44;6472&#44;6474&#44;6479&#44;6482&#44;6485&#44;6487&#44;6489&#44;6501&#44;6502&#44;6503&#44;6505&#44;6506&#44;6507&#44;6509&#44;6512&#44;6517&#44;6518&#44;6520&#44;6521&#44;6524&#44;6527&#44;6528&#44;6535&#44;6536&#44;6539&#44;6540&#44;6543&#44;6547&#44;6549&#44;6562&#44;6565&#44;6569&#44;6570&#44;6571&#44;6572&#44;6573&#44;6575&#44;6581&#44;6582&#44;6604&#44;6605&#44;6606&#44;6608&#44;6609&#44;6610&#44;6612&#44;6613&#44;6614&#44;6615&#44;6616&#44;6617&#44;6619&#44;6620&#44;6621&#44;6622&#44;6624&#44;6626&#44;6628&#44;6630&#44;6631&#44;6632&#44;6633&#44;6634&#44;6635&#44;6636&#44;6637&#44;6643&#44;6644&#44;6646&#44;6650&#44;6651&#44;6652&#44;6653&#44;6655&#44;6657&#44;6658&#44;6659&#44;6660&#44;6661&#44;6662&#44;6663&#44;6664&#44;6666&#44;6667&#44;6670&#44;6671&#44;6672&#44;6673&#44;6674&#44;6675&#44;6676&#44;6677&#44;6678&#44;6679&#44;6680&#44;6682&#44;6683&#44;6684&#44;6685&#44;6686&#44;6689&#44;6690&#44;6692&#44;6693&#44;6779&#44;6781&#44;6867&#44;6976&#44;6979&#44;7189&#44;7658&#44;7676&#44;8102&#44;8104&#44;8106&#44;8107&#44;8111&#44;8112&#44;8114&#44;8115&#44;8116&#44;8117&#44;8119&#44;8120&#44;8123&#44;8125&#44;8126&#44;8128&#44;8129&#44;8130&#44;8132&#44;8133&#44;8134&#44;8135&#44;8136&#44;8138&#44;8139&#44;8141&#44;8142&#44;8144&#44;8145&#44;8146&#44;8147&#44;8149&#44;8150&#44;8151&#44;8152&#44;8153&#44;8155&#44;8156&#44;8157&#44;8158&#44;8160&#44;8161&#44;8162&#44;8163&#44;8164&#44;8165&#44;8166&#44;8167&#44;8168&#44;8169&#44;8172&#44;8173&#44;8174&#44;8175&#44;8176&#44;8177&#44;8181&#44;8182&#44;8183&#44;8184&#44;8185&#44;8186&#44;8188&#44;8190&#44;8191&#44;8192&#44;8193&#44;8194&#44;8196&#44;8197&#44;8201&#44;8202&#44;8203&#44;8205&#44;8207&#44;8208&#44;8209&#44;8210&#44;8211&#44;8213&#44;8215&#44;8218&#44;8219&#44;8220&#44;8221&#44;8222&#44;8223&#44;8224&#44;8225&#44;8226&#44;8227&#44;8228&#44;8236&#44;8237&#44;8238&#44;8239&#44;8241&#44;8242&#44;8243&#44;8244&#44;8245&#44;8246&#44;8247&#44;8248&#44;8250&#44;8251&#44;8252&#44;8253&#44;8254&#44;8256&#44;8257&#44;8259&#44;8261&#44;8262&#44;8263&#44;8264&#44;8265&#44;8266&#44;8267&#44;8268&#44;8269&#44;8270&#44;8271&#44;8272&#44;8273&#44;8274&#44;8275&#44;8276&#44;8277&#44;8278&#44;8279&#44;8280&#44;8281&#44;8282&#44;8283&#44;8284&#44;8285&#44;8286&#44;8287&#44;8288&#44;8289&#44;8290&#44;8291&#44;8292&#44;8293&#44;8294&#44;8295&#44;8296&#44;8297&#44;8298&#44;8299&#44;""",3/25/21,3/23/21,N
layouts,Bakery Tables,"""37&#44;77""",,2021,4/5/21,1-NewFolderStructure/C037_C077_Bakery_Tables/C37_77_Bakery_Tables_Effective_04052021_Updated_03262021/,_C37_77_Bakery_Tables_Effective_04052021_Updated_03262021.pdf,"""4109&#44;4702&#44;4703&#44;4704&#44;4707&#44;4709&#44;4710&#44;4711&#44;4712&#44;4713&#44;4718&#44;4720&#44;4721&#44;4722&#44;4724&#44;4728&#44;4729&#44;4730&#44;4731&#44;4732&#44;4735&#44;4736&#44;4738&#44;4739&#44;4740&#44;4741&#44;4742&#44;4743&#44;4745&#44;4749&#44;4750&#44;4755&#44;4761&#44;4763&#44;4764&#44;4767&#44;4768&#44;4769&#44;4770&#44;4771&#44;4772&#44;4774&#44;4775&#44;4776&#44;4777&#44;4778&#44;4780&#44;4781&#44;4782&#44;4783&#44;4784&#44;4785&#44;4786&#44;4787&#44;4789&#44;4790&#44;4791&#44;4794&#44;4795&#44;4797&#44;4798&#44;4799&#44;4801&#44;4802&#44;4804&#44;4805&#44;4808&#44;4815&#44;4816&#44;4817&#44;4818&#44;4819&#44;4820&#44;4822&#44;4824&#44;4825&#44;4828&#44;4829&#44;4830&#44;4831&#44;4836&#44;4837&#44;4839&#44;4840&#44;4843&#44;4846&#44;4847&#44;4850&#44;4851&#44;4852&#44;4853&#44;4855&#44;4857&#44;4859&#44;4860&#44;4861&#44;4866&#44;4870&#44;4872&#44;4873&#44;4874&#44;4875&#44;4876&#44;4878&#44;4879&#44;4901&#44;4905&#44;4906&#44;4911&#44;4914&#44;4915&#44;4917&#44;4920&#44;4925&#44;4926&#44;4933&#44;4936&#44;4938&#44;4939&#44;4942&#44;4944&#44;4946&#44;4947&#44;4948&#44;4950&#44;4952&#44;4955&#44;4958&#44;4961&#44;4962&#44;4963&#44;4969&#44;4972&#44;4973&#44;4974&#44;4982&#44;4983&#44;4985&#44;4987&#44;4989&#44;4990&#44;4991&#44;4992&#44;4994&#44;4996&#44;4998&#44;4999&#44;6181&#44;6188&#44;6189&#44;6201&#44;6202&#44;6203&#44;6204&#44;6205&#44;6212&#44;6213&#44;6216&#44;6217&#44;6218&#44;6219&#44;6220&#44;6225&#44;6228&#44;6235&#44;6236&#44;6238&#44;6239&#44;6240&#44;6242&#44;6244&#44;6245&#44;6246&#44;6247&#44;6249&#44;6251&#44;6252&#44;6254&#44;6255&#44;6256&#44;6257&#44;6259&#44;6260&#44;6261&#44;6262&#44;6265&#44;6267&#44;6269&#44;6270&#44;6275&#44;6302&#44;6304&#44;6305&#44;6307&#44;6308&#44;6309&#44;6310&#44;6311&#44;6312&#44;6313&#44;6314&#44;6315&#44;6317&#44;6319&#44;6320&#44;6321&#44;6322&#44;6324&#44;6325&#44;6326&#44;6327&#44;6328&#44;6329&#44;6330&#44;6331&#44;6332&#44;6333&#44;6334&#44;6335&#44;6336&#44;6338&#44;6339&#44;6341&#44;6342&#44;6343&#44;6344&#44;6345&#44;6347&#44;6348&#44;6349&#44;6350&#44;6351&#44;6352&#44;6353&#44;6354&#44;6355&#44;6356&#44;6357&#44;6358&#44;6359&#44;6360&#44;6361&#44;6363&#44;6364&#44;6365&#44;6366&#44;6367&#44;6368&#44;6369&#44;6371&#44;6372&#44;6373&#44;6375&#44;6376&#44;6378&#44;6379&#44;6380&#44;6381&#44;6382&#44;6383&#44;6384&#44;6385&#44;6386&#44;6387&#44;6388&#44;6401&#44;6402&#44;6403&#44;6404&#44;6405&#44;6406&#44;6407&#44;6408&#44;6409&#44;6410&#44;6412&#44;6413&#44;6414&#44;6415&#44;6418&#44;6419&#44;6420&#44;6421&#44;6422&#44;6423&#44;6425&#44;6426&#44;6427&#44;6428&#44;6429&#44;6430&#44;6431&#44;6433&#44;6434&#44;6435&#44;6436&#44;6437&#44;6439&#44;6440&#44;6441&#44;6443&#44;6444&#44;6445&#44;6448&#44;6449&#44;6450&#44;6452&#44;6453&#44;6454&#44;6455&#44;6456&#44;6457&#44;6458&#44;6460&#44;6462&#44;6463&#44;6464&#44;6472&#44;6474&#44;6479&#44;6482&#44;6485&#44;6487&#44;6489&#44;6501&#44;6502&#44;6503&#44;6505&#44;6506&#44;6507&#44;6509&#44;6512&#44;6517&#44;6518&#44;6520&#44;6521&#44;6524&#44;6527&#44;6528&#44;6535&#44;6536&#44;6539&#44;6540&#44;6543&#44;6547&#44;6549&#44;6562&#44;6565&#44;6569&#44;6570&#44;6571&#44;6572&#44;6573&#44;6575&#44;6581&#44;6582&#44;6604&#44;6605&#44;6606&#44;6608&#44;6609&#44;6610&#44;6612&#44;6613&#44;6614&#44;6615&#44;6616&#44;6617&#44;6619&#44;6620&#44;6621&#44;6622&#44;6624&#44;6626&#44;6628&#44;6630&#44;6631&#44;6632&#44;6633&#44;6634&#44;6635&#44;6636&#44;6637&#44;6643&#44;6644&#44;6646&#44;6650&#44;6651&#44;6652&#44;6653&#44;6655&#44;6657&#44;6658&#44;6659&#44;6660&#44;6661&#44;6662&#44;6663&#44;6664&#44;6666&#44;6667&#44;6670&#44;6671&#44;6672&#44;6673&#44;6674&#44;6675&#44;6676&#44;6677&#44;6678&#44;6679&#44;6680&#44;6682&#44;6683&#44;6684&#44;6685&#44;6686&#44;6689&#44;6690&#44;6692&#44;6693&#44;6779&#44;6781&#44;6867&#44;6976&#44;6979&#44;7189&#44;7658&#44;7676&#44;8102&#44;8104&#44;8106&#44;8107&#44;8111&#44;8112&#44;8114&#44;8115&#44;8116&#44;8117&#44;8119&#44;8120&#44;8123&#44;8125&#44;8126&#44;8128&#44;8129&#44;8130&#44;8132&#44;8133&#44;8134&#44;8135&#44;8136&#44;8138&#44;8139&#44;8141&#44;8142&#44;8144&#44;8145&#44;8146&#44;8147&#44;8149&#44;8150&#44;8151&#44;8152&#44;8153&#44;8155&#44;8156&#44;8157&#44;8158&#44;8160&#44;8161&#44;8162&#44;8163&#44;8164&#44;8165&#44;8166&#44;8167&#44;8168&#44;8169&#44;8172&#44;8173&#44;8174&#44;8175&#44;8176&#44;8177&#44;8181&#44;8182&#44;8183&#44;8184&#44;8185&#44;8186&#44;8188&#44;8189&#44;8190&#44;8191&#44;8192&#44;8193&#44;8194&#44;8196&#44;8197&#44;8201&#44;8202&#44;8203&#44;8205&#44;8207&#44;8208&#44;8209&#44;8210&#44;8211&#44;8213&#44;8215&#44;8218&#44;8219&#44;8220&#44;8221&#44;8222&#44;8223&#44;8224&#44;8225&#44;8226&#44;8227&#44;8228&#44;8236&#44;8237&#44;8238&#44;8239&#44;8241&#44;8242&#44;8243&#44;8244&#44;8245&#44;8246&#44;8247&#44;8248&#44;8250&#44;8251&#44;8252&#44;8253&#44;8254&#44;8256&#44;8257&#44;8259&#44;8261&#44;8262&#44;8263&#44;8264&#44;8265&#44;8266&#44;8267&#44;8268&#44;8269&#44;8270&#44;8271&#44;8272&#44;8273&#44;8274&#44;8275&#44;8276&#44;8277&#44;8278&#44;8279&#44;8280&#44;8281&#44;8282&#44;8283&#44;8284&#44;8285&#44;8286&#44;8287&#44;8288&#44;8289&#44;8290&#44;8291&#44;8292&#44;8293&#44;8294&#44;8295&#44;8296&#44;8297&#44;8298&#44;8299&#44;""",3/29/21,3/26/21,N
layouts,Bakery Pallets,"""37-4&#44;77-4""",,2021,4/5/21,1-NewFolderStructure/C037_C077_Bakery_Pallets/C37_77_Bakery_Pallets_Effective_04052021_Updated_03292021/,_C37_77_Bakery_Pallets_Effective_04052021_Updated_03292021.pdf,"""4109&#44;4702&#44;4703&#44;4704&#44;4707&#44;4709&#44;4710&#44;4711&#44;4712&#44;4713&#44;4718&#44;4720&#44;4721&#44;4722&#44;4724&#44;4728&#44;4729&#44;4730&#44;4731&#44;4732&#44;4735&#44;4736&#44;4738&#44;4739&#44;4740&#44;4741&#44;4742&#44;4743&#44;4745&#44;4749&#44;4750&#44;4755&#44;4761&#44;4763&#44;4764&#44;4767&#44;4768&#44;4769&#44;4770&#44;4771&#44;4772&#44;4774&#44;4775&#44;4776&#44;4777&#44;4778&#44;4780&#44;4781&#44;4782&#44;4783&#44;4784&#44;4785&#44;4786&#44;4787&#44;4789&#44;4790&#44;4791&#44;4794&#44;4795&#44;4797&#44;4798&#44;4799&#44;4801&#44;4802&#44;4804&#44;4805&#44;4808&#44;4815&#44;4816&#44;4817&#44;4818&#44;4819&#44;4820&#44;4822&#44;4824&#44;4825&#44;4828&#44;4829&#44;4830&#44;4831&#44;4836&#44;4837&#44;4839&#44;4840&#44;4843&#44;4846&#44;4847&#44;4850&#44;4851&#44;4852&#44;4853&#44;4855&#44;4857&#44;4859&#44;4860&#44;4861&#44;4866&#44;4870&#44;4871&#44;4872&#44;4873&#44;4874&#44;4875&#44;4876&#44;4878&#44;4879&#44;4901&#44;4905&#44;4906&#44;4908&#44;4911&#44;4914&#44;4915&#44;4917&#44;4920&#44;4926&#44;4930&#44;4933&#44;4936&#44;4938&#44;4939&#44;4942&#44;4944&#44;4946&#44;4947&#44;4948&#44;4950&#44;4952&#44;4955&#44;4958&#44;4961&#44;4962&#44;4963&#44;4969&#44;4972&#44;4973&#44;4974&#44;4983&#44;4985&#44;4987&#44;4989&#44;4990&#44;4991&#44;4992&#44;4994&#44;4996&#44;4998&#44;4999&#44;6181&#44;6188&#44;6189&#44;6201&#44;6202&#44;6203&#44;6204&#44;6205&#44;6212&#44;6213&#44;6216&#44;6217&#44;6218&#44;6219&#44;6220&#44;6225&#44;6228&#44;6235&#44;6236&#44;6238&#44;6239&#44;6240&#44;6242&#44;6244&#44;6245&#44;6246&#44;6247&#44;6249&#44;6251&#44;6252&#44;6254&#44;6255&#44;6256&#44;6257&#44;6259&#44;6260&#44;6261&#44;6262&#44;6265&#44;6267&#44;6269&#44;6270&#44;6275&#44;6302&#44;6304&#44;6305&#44;6307&#44;6308&#44;6309&#44;6310&#44;6311&#44;6312&#44;6313&#44;6314&#44;6315&#44;6317&#44;6319&#44;6320&#44;6321&#44;6322&#44;6325&#44;6326&#44;6327&#44;6328&#44;6329&#44;6330&#44;6331&#44;6332&#44;6333&#44;6334&#44;6335&#44;6336&#44;6338&#44;6339&#44;6341&#44;6342&#44;6343&#44;6344&#44;6345&#44;6347&#44;6348&#44;6349&#44;6350&#44;6351&#44;6352&#44;6353&#44;6354&#44;6355&#44;6356&#44;6357&#44;6358&#44;6359&#44;6360&#44;6361&#44;6363&#44;6364&#44;6365&#44;6366&#44;6367&#44;6368&#44;6369&#44;6371&#44;6372&#44;6373&#44;6375&#44;6376&#44;6378&#44;6379&#44;6380&#44;6381&#44;6382&#44;6383&#44;6384&#44;6385&#44;6386&#44;6387&#44;6388&#44;6401&#44;6402&#44;6403&#44;6404&#44;6405&#44;6406&#44;6407&#44;6408&#44;6409&#44;6410&#44;6413&#44;6414&#44;6415&#44;6417&#44;6418&#44;6419&#44;6420&#44;6421&#44;6422&#44;6423&#44;6424&#44;6425&#44;6426&#44;6427&#44;6428&#44;6429&#44;6430&#44;6431&#44;6432&#44;6433&#44;6434&#44;6435&#44;6436&#44;6437&#44;6439&#44;6440&#44;6441&#44;6443&#44;6444&#44;6445&#44;6448&#44;6449&#44;6450&#44;6452&#44;6453&#44;6454&#44;6455&#44;6456&#44;6457&#44;6458&#44;6460&#44;6461&#44;6462&#44;6463&#44;6464&#44;6471&#44;6472&#44;6474&#44;6479&#44;6482&#44;6485&#44;6487&#44;6489&#44;6501&#44;6502&#44;6503&#44;6505&#44;6506&#44;6507&#44;6509&#44;6510&#44;6512&#44;6514&#44;6517&#44;6518&#44;6520&#44;6521&#44;6524&#44;6527&#44;6528&#44;6533&#44;6535&#44;6536&#44;6539&#44;6540&#44;6543&#44;6547&#44;6549&#44;6556&#44;6562&#44;6565&#44;6567&#44;6568&#44;6569&#44;6570&#44;6571&#44;6572&#44;6573&#44;6575&#44;6581&#44;6582&#44;6604&#44;6605&#44;6606&#44;6608&#44;6609&#44;6610&#44;6612&#44;6613&#44;6614&#44;6615&#44;6616&#44;6617&#44;6619&#44;6620&#44;6621&#44;6622&#44;6624&#44;6626&#44;6628&#44;6630&#44;6631&#44;6632&#44;6633&#44;6634&#44;6635&#44;6636&#44;6637&#44;6643&#44;6644&#44;6646&#44;6650&#44;6651&#44;6652&#44;6653&#44;6655&#44;6657&#44;6658&#44;6659&#44;6660&#44;6661&#44;6662&#44;6663&#44;6664&#44;6666&#44;6667&#44;6670&#44;6671&#44;6672&#44;6673&#44;6674&#44;6675&#44;6676&#44;6677&#44;6678&#44;6679&#44;6680&#44;6682&#44;6683&#44;6684&#44;6685&#44;6686&#44;6689&#44;6690&#44;6692&#44;6693&#44;6779&#44;6781&#44;6867&#44;6976&#44;6979&#44;7189&#44;7658&#44;7676&#44;8102&#44;8104&#44;8106&#44;8107&#44;8111&#44;8112&#44;8114&#44;8115&#44;8116&#44;8117&#44;8119&#44;8120&#44;8123&#44;8125&#44;8126&#44;8128&#44;8129&#44;8130&#44;8132&#44;8133&#44;8134&#44;8135&#44;8136&#44;8138&#44;8139&#44;8141&#44;8142&#44;8144&#44;8145&#44;8146&#44;8147&#44;8149&#44;8150&#44;8151&#44;8152&#44;8153&#44;8155&#44;8156&#44;8157&#44;8158&#44;8160&#44;8161&#44;8162&#44;8163&#44;8164&#44;8165&#44;8166&#44;8167&#44;8168&#44;8169&#44;8172&#44;8173&#44;8174&#44;8175&#44;8176&#44;8177&#44;8180&#44;8181&#44;8182&#44;8183&#44;8184&#44;8185&#44;8186&#44;8188&#44;8189&#44;8190&#44;8191&#44;8192&#44;8193&#44;8194&#44;8196&#44;8197&#44;8201&#44;8202&#44;8203&#44;8205&#44;8207&#44;8208&#44;8209&#44;8210&#44;8211&#44;8213&#44;8215&#44;8218&#44;8219&#44;8220&#44;8221&#44;8222&#44;8223&#44;8224&#44;8225&#44;8226&#44;8227&#44;8228&#44;8236&#44;8237&#44;8238&#44;8239&#44;8241&#44;8242&#44;8243&#44;8244&#44;8245&#44;8246&#44;8247&#44;8248&#44;8250&#44;8251&#44;8252&#44;8253&#44;8254&#44;8256&#44;8257&#44;8259&#44;8261&#44;8262&#44;8263&#44;8264&#44;8265&#44;8266&#44;8267&#44;8268&#44;8269&#44;8270&#44;8271&#44;8272&#44;8273&#44;8274&#44;8275&#44;8276&#44;8277&#44;8278&#44;8279&#44;8280&#44;8281&#44;8282&#44;8283&#44;8284&#44;8285&#44;8286&#44;8287&#44;8288&#44;8289&#44;8290&#44;8291&#44;8292&#44;8293&#44;8294&#44;8295&#44;8296&#44;8297&#44;8298&#44;8299&#44;""",3/29/21,3/26/21,N
layouts,Coolers,42-2,,2021,4/5/21,1-NewFolderStructure/C042_Coolers/C42_Effective_04052021_Planogram_Updated_03262021/,_C42_Effective_04052021_Planogram_Updated_03262021.pdf,"""4109&#44;4702&#44;4703&#44;4704&#44;4707&#44;4709&#44;4710&#44;4711&#44;4712&#44;4713&#44;4718&#44;4720&#44;4721&#44;4722&#44;4724&#44;4728&#44;4729&#44;4730&#44;4731&#44;4732&#44;4735&#44;4736&#44;4738&#44;4739&#44;4740&#44;4741&#44;4742&#44;4743&#44;4749&#44;4750&#44;4755&#44;4761&#44;4763&#44;4764&#44;4767&#44;4768&#44;4769&#44;4770&#44;4771&#44;4772&#44;4774&#44;4775&#44;4776&#44;4777&#44;4778&#44;4780&#44;4781&#44;4782&#44;4783&#44;4784&#44;4785&#44;4786&#44;4787&#44;4789&#44;4790&#44;4791&#44;4794&#44;4795&#44;4797&#44;4798&#44;4799&#44;4801&#44;4802&#44;4804&#44;4805&#44;4808&#44;4815&#44;4816&#44;4817&#44;4818&#44;4819&#44;4820&#44;4822&#44;4824&#44;4825&#44;4828&#44;4829&#44;4830&#44;4831&#44;4836&#44;4837&#44;4839&#44;4840&#44;4843&#44;4846&#44;4847&#44;4850&#44;4851&#44;4852&#44;4853&#44;4855&#44;4857&#44;4859&#44;4860&#44;4861&#44;4866&#44;4870&#44;4871&#44;4872&#44;4873&#44;4874&#44;4875&#44;4876&#44;4878&#44;4879&#44;4901&#44;4905&#44;4906&#44;4908&#44;4911&#44;4914&#44;4917&#44;4920&#44;4926&#44;4930&#44;4933&#44;4936&#44;4938&#44;4939&#44;4942&#44;4944&#44;4946&#44;4947&#44;4948&#44;4950&#44;4952&#44;4955&#44;4958&#44;4961&#44;4962&#44;4963&#44;4969&#44;4972&#44;4973&#44;4982&#44;4983&#44;4985&#44;4987&#44;4989&#44;4990&#44;4991&#44;4992&#44;4994&#44;4996&#44;4998&#44;4999&#44;6181&#44;6188&#44;6189&#44;6201&#44;6202&#44;6203&#44;6204&#44;6205&#44;6212&#44;6213&#44;6216&#44;6217&#44;6218&#44;6219&#44;6220&#44;6225&#44;6228&#44;6235&#44;6236&#44;6238&#44;6239&#44;6240&#44;6242&#44;6244&#44;6245&#44;6246&#44;6247&#44;6249&#44;6251&#44;6252&#44;6254&#44;6255&#44;6256&#44;6257&#44;6259&#44;6260&#44;6261&#44;6262&#44;6265&#44;6267&#44;6269&#44;6270&#44;6275&#44;6302&#44;6304&#44;6305&#44;6307&#44;6308&#44;6309&#44;6310&#44;6311&#44;6312&#44;6313&#44;6314&#44;6315&#44;6317&#44;6319&#44;6320&#44;6321&#44;6322&#44;6324&#44;6325&#44;6326&#44;6327&#44;6328&#44;6329&#44;6330&#44;6331&#44;6332&#44;6333&#44;6335&#44;6336&#44;6338&#44;6339&#44;6341&#44;6342&#44;6343&#44;6344&#44;6345&#44;6347&#44;6348&#44;6349&#44;6350&#44;6351&#44;6352&#44;6353&#44;6354&#44;6356&#44;6357&#44;6358&#44;6359&#44;6360&#44;6361&#44;6363&#44;6364&#44;6365&#44;6366&#44;6367&#44;6368&#44;6369&#44;6371&#44;6372&#44;6373&#44;6375&#44;6376&#44;6377&#44;6378&#44;6379&#44;6380&#44;6381&#44;6382&#44;6383&#44;6384&#44;6385&#44;6386&#44;6387&#44;6388&#44;6401&#44;6402&#44;6403&#44;6404&#44;6405&#44;6406&#44;6407&#44;6408&#44;6409&#44;6410&#44;6412&#44;6413&#44;6414&#44;6415&#44;6417&#44;6418&#44;6419&#44;6420&#44;6421&#44;6422&#44;6423&#44;6424&#44;6425&#44;6426&#44;6427&#44;6429&#44;6430&#44;6431&#44;6432&#44;6433&#44;6434&#44;6435&#44;6436&#44;6437&#44;6439&#44;6440&#44;6441&#44;6443&#44;6444&#44;6445&#44;6448&#44;6449&#44;6450&#44;6452&#44;6453&#44;6454&#44;6455&#44;6456&#44;6457&#44;6458&#44;6460&#44;6461&#44;6462&#44;6463&#44;6464&#44;6471&#44;6474&#44;6479&#44;6482&#44;6485&#44;6487&#44;6489&#44;6501&#44;6502&#44;6503&#44;6505&#44;6506&#44;6507&#44;6509&#44;6510&#44;6512&#44;6514&#44;6517&#44;6518&#44;6520&#44;6521&#44;6524&#44;6527&#44;6528&#44;6533&#44;6535&#44;6536&#44;6539&#44;6540&#44;6543&#44;6547&#44;6549&#44;6556&#44;6562&#44;6565&#44;6567&#44;6568&#44;6569&#44;6570&#44;6571&#44;6572&#44;6573&#44;6575&#44;6582&#44;6604&#44;6605&#44;6606&#44;6608&#44;6609&#44;6610&#44;6612&#44;6613&#44;6614&#44;6615&#44;6616&#44;6617&#44;6619&#44;6620&#44;6621&#44;6622&#44;6624&#44;6626&#44;6628&#44;6630&#44;6631&#44;6632&#44;6633&#44;6634&#44;6635&#44;6636&#44;6637&#44;6643&#44;6644&#44;6646&#44;6650&#44;6651&#44;6652&#44;6653&#44;6655&#44;6657&#44;6658&#44;6659&#44;6660&#44;6661&#44;6662&#44;6663&#44;6664&#44;6666&#44;6667&#44;6670&#44;6671&#44;6672&#44;6673&#44;6674&#44;6675&#44;6676&#44;6677&#44;6678&#44;6679&#44;6680&#44;6682&#44;6683&#44;6684&#44;6685&#44;6686&#44;6690&#44;6692&#44;6693&#44;6779&#44;6781&#44;6867&#44;6976&#44;6979&#44;7189&#44;7658&#44;7676&#44;8102&#44;8104&#44;8106&#44;8107&#44;8111&#44;8112&#44;8114&#44;8115&#44;8116&#44;8117&#44;8119&#44;8120&#44;8125&#44;8126&#44;8128&#44;8129&#44;8130&#44;8132&#44;8133&#44;8135&#44;8136&#44;8138&#44;8139&#44;8141&#44;8142&#44;8144&#44;8145&#44;8146&#44;8147&#44;8149&#44;8150&#44;8151&#44;8152&#44;8153&#44;8155&#44;8157&#44;8158&#44;8160&#44;8161&#44;8162&#44;8163&#44;8164&#44;8165&#44;8166&#44;8167&#44;8168&#44;8169&#44;8172&#44;8173&#44;8174&#44;8175&#44;8176&#44;8177&#44;8180&#44;8181&#44;8182&#44;8183&#44;8184&#44;8185&#44;8186&#44;8188&#44;8189&#44;8190&#44;8191&#44;8192&#44;8193&#44;8194&#44;8196&#44;8197&#44;8201&#44;8202&#44;8203&#44;8205&#44;8207&#44;8208&#44;8209&#44;8210&#44;8211&#44;8213&#44;8215&#44;8218&#44;8219&#44;8220&#44;8221&#44;8222&#44;8223&#44;8224&#44;8225&#44;8226&#44;8227&#44;8228&#44;8236&#44;8237&#44;8238&#44;8239&#44;8241&#44;8242&#44;8243&#44;8244&#44;8245&#44;8246&#44;8247&#44;8248&#44;8250&#44;8251&#44;8252&#44;8253&#44;8254&#44;8256&#44;8257&#44;8259&#44;8261&#44;8262&#44;8263&#44;8264&#44;8265&#44;8266&#44;8267&#44;8268&#44;8269&#44;8270&#44;8271&#44;8272&#44;8273&#44;8274&#44;8275&#44;8276&#44;8277&#44;8278&#44;8279&#44;8280&#44;8281&#44;8282&#44;8283&#44;8284&#44;8285&#44;8286&#44;8287&#44;8288&#44;8289&#44;8290&#44;8291&#44;8292&#44;8293&#44;8294&#44;8295&#44;8296&#44;8297&#44;8298&#44;8299&#44;""",3/26/21,3/26/21,N
layouts,Bakery Dessert,"""37-2&#44;77-2""",,2021,4/5/21,1-NewFolderStructure/C037_C077_Bakery_Dessert/C77_C37_Desert_Effective_04052021_Updated_03182021/,_C77_C37_Effective_04052021_Updated_03182021.pdf,"""4109&#44;4702&#44;4703&#44;4704&#44;4707&#44;4709&#44;4710&#44;4711&#44;4712&#44;4713&#44;4718&#44;4720&#44;4721&#44;4722&#44;4724&#44;4728&#44;4729&#44;4730&#44;4731&#44;4732&#44;4735&#44;4736&#44;4738&#44;4739&#44;4740&#44;4741&#44;4742&#44;4743&#44;4745&#44;4749&#44;4750&#44;4755&#44;4761&#44;4763&#44;4764&#44;4767&#44;4768&#44;4769&#44;4770&#44;4771&#44;4772&#44;4774&#44;4775&#44;4776&#44;4777&#44;4778&#44;4780&#44;4781&#44;4782&#44;4783&#44;4784&#44;4785&#44;4786&#44;4787&#44;4789&#44;4790&#44;4791&#44;4794&#44;4795&#44;4797&#44;4798&#44;4799&#44;4801&#44;4802&#44;4804&#44;4805&#44;4808&#44;4815&#44;4816&#44;4817&#44;4818&#44;4819&#44;4820&#44;4822&#44;4824&#44;4825&#44;4828&#44;4829&#44;4830&#44;4831&#44;4836&#44;4837&#44;4839&#44;4840&#44;4843&#44;4846&#44;4847&#44;4850&#44;4851&#44;4852&#44;4853&#44;4855&#44;4857&#44;4859&#44;4860&#44;4861&#44;4866&#44;4870&#44;4872&#44;4873&#44;4874&#44;4875&#44;4876&#44;4878&#44;4879&#44;4901&#44;4905&#44;4906&#44;4911&#44;4914&#44;4915&#44;4917&#44;4920&#44;4925&#44;4926&#44;4933&#44;4936&#44;4938&#44;4939&#44;4942&#44;4944&#44;4946&#44;4947&#44;4948&#44;4950&#44;4952&#44;4955&#44;4958&#44;4961&#44;4962&#44;4963&#44;4972&#44;4973&#44;4974&#44;4982&#44;4983&#44;4985&#44;4987&#44;4989&#44;4990&#44;4991&#44;4992&#44;4994&#44;4996&#44;4998&#44;4999&#44;6181&#44;6188&#44;6189&#44;6201&#44;6202&#44;6203&#44;6204&#44;6205&#44;6212&#44;6213&#44;6216&#44;6217&#44;6218&#44;6219&#44;6220&#44;6225&#44;6228&#44;6235&#44;6236&#44;6238&#44;6239&#44;6240&#44;6242&#44;6244&#44;6245&#44;6246&#44;6247&#44;6249&#44;6251&#44;6252&#44;6254&#44;6255&#44;6256&#44;6257&#44;6259&#44;6260&#44;6261&#44;6262&#44;6265&#44;6267&#44;6269&#44;6270&#44;6275&#44;6302&#44;6304&#44;6305&#44;6307&#44;6308&#44;6309&#44;6310&#44;6311&#44;6312&#44;6313&#44;6314&#44;6315&#44;6317&#44;6319&#44;6320&#44;6321&#44;6322&#44;6324&#44;6325&#44;6326&#44;6327&#44;6328&#44;6329&#44;6330&#44;6331&#44;6332&#44;6333&#44;6334&#44;6335&#44;6336&#44;6338&#44;6339&#44;6341&#44;6342&#44;6343&#44;6344&#44;6345&#44;6347&#44;6348&#44;6349&#44;6350&#44;6351&#44;6352&#44;6353&#44;6354&#44;6355&#44;6356&#44;6357&#44;6358&#44;6359&#44;6360&#44;6361&#44;6363&#44;6364&#44;6365&#44;6366&#44;6367&#44;6368&#44;6369&#44;6371&#44;6372&#44;6373&#44;6375&#44;6376&#44;6378&#44;6379&#44;6380&#44;6381&#44;6382&#44;6383&#44;6384&#44;6386&#44;6387&#44;6388&#44;6401&#44;6402&#44;6403&#44;6404&#44;6405&#44;6406&#44;6407&#44;6408&#44;6409&#44;6410&#44;6412&#44;6413&#44;6414&#44;6415&#44;6418&#44;6419&#44;6420&#44;6421&#44;6422&#44;6423&#44;6425&#44;6426&#44;6427&#44;6428&#44;6429&#44;6431&#44;6433&#44;6434&#44;6435&#44;6436&#44;6437&#44;6439&#44;6440&#44;6441&#44;6443&#44;6444&#44;6445&#44;6448&#44;6449&#44;6450&#44;6452&#44;6453&#44;6454&#44;6455&#44;6456&#44;6457&#44;6458&#44;6460&#44;6462&#44;6463&#44;6464&#44;6472&#44;6474&#44;6479&#44;6482&#44;6485&#44;6487&#44;6489&#44;6501&#44;6502&#44;6503&#44;6505&#44;6506&#44;6507&#44;6509&#44;6512&#44;6517&#44;6518&#44;6520&#44;6521&#44;6524&#44;6527&#44;6528&#44;6535&#44;6536&#44;6539&#44;6543&#44;6547&#44;6549&#44;6562&#44;6565&#44;6569&#44;6570&#44;6571&#44;6572&#44;6573&#44;6575&#44;6581&#44;6582&#44;6604&#44;6605&#44;6606&#44;6608&#44;6609&#44;6610&#44;6612&#44;6613&#44;6614&#44;6615&#44;6616&#44;6617&#44;6619&#44;6620&#44;6621&#44;6622&#44;6624&#44;6626&#44;6628&#44;6630&#44;6631&#44;6632&#44;6633&#44;6634&#44;6635&#44;6636&#44;6637&#44;6643&#44;6644&#44;6646&#44;6650&#44;6651&#44;6652&#44;6653&#44;6655&#44;6657&#44;6658&#44;6659&#44;6660&#44;6661&#44;6662&#44;6663&#44;6664&#44;6666&#44;6667&#44;6670&#44;6671&#44;6672&#44;6673&#44;6674&#44;6675&#44;6676&#44;6677&#44;6678&#44;6679&#44;6680&#44;6682&#44;6683&#44;6684&#44;6685&#44;6686&#44;6689&#44;6690&#44;6692&#44;6693&#44;6779&#44;6781&#44;6867&#44;6976&#44;6979&#44;7189&#44;7658&#44;7676&#44;8102&#44;8104&#44;8106&#44;8107&#44;8111&#44;8112&#44;8114&#44;8115&#44;8116&#44;8117&#44;8119&#44;8120&#44;8123&#44;8125&#44;8126&#44;8128&#44;8129&#44;8130&#44;8132&#44;8133&#44;8134&#44;8135&#44;8136&#44;8138&#44;8139&#44;8141&#44;8142&#44;8144&#44;8145&#44;8146&#44;8147&#44;8149&#44;8150&#44;8151&#44;8152&#44;8153&#44;8155&#44;8156&#44;8157&#44;8158&#44;8160&#44;8161&#44;8162&#44;8163&#44;8164&#44;8165&#44;8166&#44;8167&#44;8168&#44;8169&#44;8172&#44;8173&#44;8174&#44;8175&#44;8176&#44;8177&#44;8181&#44;8182&#44;8183&#44;8184&#44;8185&#44;8186&#44;8188&#44;8190&#44;8191&#44;8192&#44;8193&#44;8194&#44;8196&#44;8197&#44;8201&#44;8202&#44;8203&#44;8205&#44;8207&#44;8208&#44;8209&#44;8210&#44;8211&#44;8213&#44;8215&#44;8218&#44;8219&#44;8220&#44;8221&#44;8222&#44;8223&#44;8224&#44;8225&#44;8226&#44;8227&#44;8228&#44;8237&#44;8238&#44;8239&#44;8241&#44;8242&#44;8243&#44;8244&#44;8245&#44;8246&#44;8247&#44;8248&#44;8250&#44;8251&#44;8252&#44;8253&#44;8254&#44;8256&#44;8257&#44;8259&#44;8261&#44;8262&#44;8263&#44;8264&#44;8265&#44;8266&#44;8267&#44;8268&#44;8269&#44;8270&#44;8271&#44;8272&#44;8273&#44;8274&#44;8275&#44;8276&#44;8277&#44;8278&#44;8279&#44;8280&#44;8281&#44;8282&#44;8283&#44;8284&#44;8285&#44;8286&#44;8287&#44;8288&#44;8289&#44;8290&#44;8291&#44;8292&#44;8293&#44;8294&#44;8295&#44;8296&#44;8297&#44;8298&#44;8299&#44;""",3/25/21,3/28/21,N
layouts,Sushi,79,,2021,4/5/21,1-NewFolderStructure/C079_Sushi/C79_Sushi_Effective_04052021/,_C79_Sushi_Effective_04052021.pdf,"""4702&#44;4707&#44;4709&#44;4711&#44;4712&#44;4713&#44;4718&#44;4721&#44;4722&#44;4728&#44;4731&#44;4732&#44;4736&#44;4739&#44;4740&#44;4741&#44;4742&#44;4743&#44;4745&#44;4749&#44;4755&#44;4761&#44;4763&#44;4764&#44;4767&#44;4768&#44;4769&#44;4771&#44;4772&#44;4774&#44;4775&#44;4776&#44;4777&#44;4778&#44;4780&#44;4781&#44;4782&#44;4784&#44;4785&#44;4786&#44;4787&#44;4789&#44;4790&#44;4794&#44;4795&#44;4797&#44;4801&#44;4802&#44;4804&#44;4805&#44;4808&#44;4816&#44;4818&#44;4819&#44;4822&#44;4824&#44;4825&#44;4828&#44;4829&#44;4830&#44;4831&#44;4837&#44;4839&#44;4840&#44;4843&#44;4847&#44;4850&#44;4851&#44;4852&#44;4853&#44;4855&#44;4857&#44;4859&#44;4861&#44;4870&#44;4873&#44;4874&#44;4875&#44;4878&#44;4901&#44;4905&#44;4906&#44;4908&#44;4911&#44;4914&#44;4915&#44;4917&#44;4920&#44;4925&#44;4926&#44;4938&#44;4939&#44;4942&#44;4944&#44;4946&#44;4955&#44;4958&#44;4961&#44;4969&#44;4972&#44;4974&#44;4983&#44;4985&#44;4987&#44;4989&#44;4990&#44;4991&#44;4992&#44;4998&#44;6181&#44;6188&#44;6189&#44;6202&#44;6205&#44;6212&#44;6213&#44;6216&#44;6217&#44;6218&#44;6219&#44;6220&#44;6228&#44;6236&#44;6238&#44;6239&#44;6240&#44;6242&#44;6244&#44;6245&#44;6246&#44;6247&#44;6249&#44;6251&#44;6252&#44;6254&#44;6255&#44;6257&#44;6259&#44;6261&#44;6262&#44;6265&#44;6267&#44;6304&#44;6308&#44;6309&#44;6310&#44;6311&#44;6312&#44;6313&#44;6314&#44;6315&#44;6317&#44;6319&#44;6320&#44;6321&#44;6324&#44;6325&#44;6326&#44;6328&#44;6332&#44;6335&#44;6341&#44;6342&#44;6343&#44;6344&#44;6345&#44;6348&#44;6350&#44;6351&#44;6354&#44;6355&#44;6357&#44;6358&#44;6359&#44;6360&#44;6361&#44;6363&#44;6367&#44;6368&#44;6369&#44;6371&#44;6372&#44;6376&#44;6378&#44;6381&#44;6382&#44;6383&#44;6384&#44;6385&#44;6401&#44;6402&#44;6403&#44;6408&#44;6409&#44;6410&#44;6412&#44;6413&#44;6414&#44;6415&#44;6418&#44;6419&#44;6420&#44;6422&#44;6428&#44;6429&#44;6434&#44;6437&#44;6440&#44;6443&#44;6444&#44;6445&#44;6452&#44;6457&#44;6458&#44;6463&#44;6464&#44;6472&#44;6474&#44;6479&#44;6482&#44;6487&#44;6489&#44;6501&#44;6505&#44;6512&#44;6518&#44;6520&#44;6524&#44;6527&#44;6535&#44;6536&#44;6540&#44;6565&#44;6567&#44;6568&#44;6570&#44;6572&#44;6573&#44;6575&#44;6604&#44;6608&#44;6609&#44;6610&#44;6612&#44;6613&#44;6614&#44;6615&#44;6616&#44;6617&#44;6619&#44;6621&#44;6622&#44;6624&#44;6626&#44;6628&#44;6630&#44;6631&#44;6633&#44;6635&#44;6636&#44;6637&#44;6643&#44;6644&#44;6646&#44;6650&#44;6651&#44;6652&#44;6653&#44;6655&#44;6657&#44;6658&#44;6659&#44;6660&#44;6661&#44;6662&#44;6663&#44;6664&#44;6666&#44;6667&#44;6670&#44;6671&#44;6674&#44;6676&#44;6677&#44;6678&#44;6682&#44;6684&#44;6685&#44;6686&#44;6692&#44;6779&#44;6781&#44;6976&#44;6979&#44;7189&#44;7676&#44;8104&#44;8106&#44;8111&#44;8112&#44;8114&#44;8115&#44;8116&#44;8117&#44;8119&#44;8120&#44;8123&#44;8129&#44;8134&#44;8135&#44;8138&#44;8139&#44;8141&#44;8142&#44;8145&#44;8146&#44;8149&#44;8151&#44;8155&#44;8157&#44;8158&#44;8160&#44;8161&#44;8164&#44;8165&#44;8166&#44;8167&#44;8168&#44;8173&#44;8174&#44;8175&#44;8176&#44;8177&#44;8181&#44;8182&#44;8183&#44;8188&#44;8190&#44;8191&#44;8193&#44;8194&#44;8197&#44;8201&#44;8203&#44;8205&#44;8207&#44;8208&#44;8209&#44;8210&#44;8213&#44;8215&#44;8218&#44;8219&#44;8220&#44;8221&#44;8222&#44;8223&#44;8224&#44;8225&#44;8227&#44;8236&#44;8237&#44;8238&#44;8239&#44;8241&#44;8242&#44;8243&#44;8246&#44;8247&#44;8248&#44;8250&#44;8251&#44;8252&#44;8253&#44;8257&#44;8259&#44;8261&#44;8262&#44;8263&#44;8264&#44;8265&#44;8266&#44;8267&#44;8268&#44;8269&#44;8270&#44;8271&#44;8272&#44;8275&#44;8277&#44;8278&#44;8279&#44;8282&#44;8284&#44;8285&#44;8287&#44;8290&#44;8291&#44;8293&#44;8294&#44;8296&#44;8297&#44;8298&#44;8299&#44;""",3/29/21,3/29/21,N
layouts,HMS,79-2,,2021,4/5/21,1-NewFolderStructure/C079_HMS/C79_HMS_Effective_04052021/,_C79_HMS_Effective_04052021.pdf,"""4109&#44;4702&#44;4703&#44;4707&#44;4709&#44;4710&#44;4711&#44;4712&#44;4713&#44;4718&#44;4720&#44;4721&#44;4722&#44;4724&#44;4728&#44;4729&#44;4730&#44;4731&#44;4735&#44;4736&#44;4738&#44;4739&#44;4740&#44;4741&#44;4742&#44;4743&#44;4745&#44;4749&#44;4750&#44;4755&#44;4761&#44;4763&#44;4764&#44;4767&#44;4768&#44;4769&#44;4771&#44;4772&#44;4774&#44;4775&#44;4776&#44;4777&#44;4778&#44;4780&#44;4781&#44;4782&#44;4783&#44;4784&#44;4785&#44;4786&#44;4787&#44;4789&#44;4790&#44;4791&#44;4794&#44;4795&#44;4797&#44;4798&#44;4799&#44;4801&#44;4802&#44;4804&#44;4805&#44;4808&#44;4815&#44;4816&#44;4817&#44;4818&#44;4819&#44;4820&#44;4822&#44;4824&#44;4825&#44;4828&#44;4829&#44;4830&#44;4831&#44;4836&#44;4837&#44;4839&#44;4840&#44;4843&#44;4846&#44;4850&#44;4851&#44;4852&#44;4853&#44;4855&#44;4857&#44;4859&#44;4860&#44;4861&#44;4866&#44;4870&#44;4871&#44;4872&#44;4874&#44;4875&#44;4876&#44;4878&#44;4879&#44;4901&#44;4905&#44;4906&#44;4908&#44;4911&#44;4914&#44;4915&#44;4917&#44;4920&#44;4925&#44;4926&#44;4930&#44;4933&#44;4936&#44;4938&#44;4939&#44;4942&#44;4944&#44;4946&#44;4947&#44;4948&#44;4950&#44;4952&#44;4955&#44;4958&#44;4961&#44;4962&#44;4963&#44;4972&#44;4973&#44;4974&#44;4982&#44;4983&#44;4985&#44;4987&#44;4989&#44;4990&#44;4991&#44;4992&#44;4994&#44;4996&#44;4998&#44;4999&#44;6181&#44;6188&#44;6189&#44;6201&#44;6202&#44;6203&#44;6204&#44;6205&#44;6213&#44;6216&#44;6217&#44;6218&#44;6219&#44;6220&#44;6225&#44;6228&#44;6235&#44;6236&#44;6238&#44;6239&#44;6240&#44;6242&#44;6244&#44;6245&#44;6247&#44;6249&#44;6251&#44;6252&#44;6254&#44;6255&#44;6256&#44;6257&#44;6259&#44;6260&#44;6261&#44;6262&#44;6265&#44;6267&#44;6269&#44;6270&#44;6275&#44;6302&#44;6304&#44;6305&#44;6307&#44;6308&#44;6309&#44;6310&#44;6311&#44;6312&#44;6313&#44;6314&#44;6315&#44;6317&#44;6319&#44;6320&#44;6321&#44;6322&#44;6324&#44;6325&#44;6326&#44;6327&#44;6328&#44;6329&#44;6330&#44;6331&#44;6332&#44;6333&#44;6334&#44;6335&#44;6336&#44;6338&#44;6339&#44;6341&#44;6342&#44;6343&#44;6344&#44;6345&#44;6347&#44;6348&#44;6349&#44;6350&#44;6351&#44;6352&#44;6353&#44;6354&#44;6355&#44;6356&#44;6357&#44;6358&#44;6359&#44;6360&#44;6361&#44;6363&#44;6364&#44;6365&#44;6366&#44;6367&#44;6368&#44;6369&#44;6371&#44;6372&#44;6373&#44;6375&#44;6376&#44;6377&#44;6378&#44;6379&#44;6380&#44;6381&#44;6382&#44;6383&#44;6384&#44;6385&#44;6386&#44;6387&#44;6388&#44;6401&#44;6402&#44;6403&#44;6405&#44;6407&#44;6408&#44;6409&#44;6410&#44;6412&#44;6413&#44;6414&#44;6415&#44;6417&#44;6419&#44;6420&#44;6421&#44;6422&#44;6423&#44;6424&#44;6425&#44;6427&#44;6428&#44;6429&#44;6430&#44;6431&#44;6432&#44;6433&#44;6434&#44;6435&#44;6436&#44;6437&#44;6439&#44;6440&#44;6441&#44;6443&#44;6444&#44;6445&#44;6448&#44;6449&#44;6450&#44;6452&#44;6453&#44;6454&#44;6455&#44;6456&#44;6457&#44;6458&#44;6460&#44;6461&#44;6462&#44;6463&#44;6464&#44;6471&#44;6472&#44;6474&#44;6479&#44;6482&#44;6485&#44;6487&#44;6489&#44;6501&#44;6502&#44;6503&#44;6505&#44;6506&#44;6507&#44;6509&#44;6510&#44;6512&#44;6514&#44;6517&#44;6518&#44;6520&#44;6521&#44;6524&#44;6527&#44;6528&#44;6533&#44;6535&#44;6536&#44;6539&#44;6540&#44;6543&#44;6547&#44;6549&#44;6556&#44;6562&#44;6565&#44;6567&#44;6568&#44;6569&#44;6570&#44;6571&#44;6572&#44;6573&#44;6575&#44;6581&#44;6582&#44;6604&#44;6605&#44;6606&#44;6608&#44;6609&#44;6610&#44;6612&#44;6613&#44;6614&#44;6615&#44;6616&#44;6617&#44;6619&#44;6620&#44;6621&#44;6622&#44;6624&#44;6626&#44;6628&#44;6630&#44;6631&#44;6632&#44;6633&#44;6634&#44;6635&#44;6636&#44;6637&#44;6643&#44;6644&#44;6646&#44;6650&#44;6651&#44;6652&#44;6653&#44;6655&#44;6657&#44;6658&#44;6659&#44;6660&#44;6661&#44;6662&#44;6663&#44;6664&#44;6666&#44;6667&#44;6670&#44;6671&#44;6672&#44;6673&#44;6674&#44;6675&#44;6676&#44;6677&#44;6678&#44;6679&#44;6680&#44;6682&#44;6683&#44;6684&#44;6685&#44;6686&#44;6689&#44;6690&#44;6692&#44;6779&#44;6781&#44;6867&#44;6976&#44;6979&#44;7189&#44;7658&#44;7676&#44;8102&#44;8104&#44;8106&#44;8107&#44;8111&#44;8112&#44;8114&#44;8115&#44;8116&#44;8117&#44;8119&#44;8120&#44;8123&#44;8125&#44;8126&#44;8128&#44;8129&#44;8130&#44;8132&#44;8133&#44;8134&#44;8135&#44;8136&#44;8138&#44;8139&#44;8141&#44;8142&#44;8144&#44;8145&#44;8146&#44;8147&#44;8149&#44;8150&#44;8151&#44;8152&#44;8153&#44;8155&#44;8156&#44;8157&#44;8158&#44;8160&#44;8161&#44;8162&#44;8163&#44;8164&#44;8165&#44;8166&#44;8167&#44;8168&#44;8169&#44;8172&#44;8173&#44;8174&#44;8176&#44;8177&#44;8180&#44;8181&#44;8182&#44;8183&#44;8184&#44;8185&#44;8186&#44;8188&#44;8189&#44;8190&#44;8191&#44;8192&#44;8193&#44;8194&#44;8196&#44;8197&#44;8201&#44;8202&#44;8203&#44;8205&#44;8207&#44;8208&#44;8209&#44;8210&#44;8211&#44;8213&#44;8215&#44;8218&#44;8219&#44;8220&#44;8221&#44;8222&#44;8223&#44;8224&#44;8225&#44;8226&#44;8227&#44;8228&#44;8236&#44;8237&#44;8238&#44;8239&#44;8241&#44;8242&#44;8243&#44;8244&#44;8245&#44;8246&#44;8247&#44;8248&#44;8250&#44;8251&#44;8252&#44;8253&#44;8254&#44;8256&#44;8257&#44;8259&#44;8261&#44;8262&#44;8263&#44;8264&#44;8265&#44;8266&#44;8267&#44;8268&#44;8269&#44;8270&#44;8271&#44;8272&#44;8273&#44;8274&#44;8275&#44;8276&#44;8277&#44;8278&#44;8279&#44;8280&#44;8281&#44;8282&#44;8283&#44;8284&#44;8285&#44;8286&#44;8287&#44;8288&#44;8289&#44;8290&#44;8291&#44;8292&#44;8293&#44;8294&#44;8295&#44;8296&#44;8297&#44;8298&#44;8299&#44;""",3/29/21,3/29/21,N
layouts,Deli,57,,2021,4/5/21,1-NewFolderStructure/C057_Deli/C57_Effective_04052021_Planogram_Update_03-30-2021/,_C57_Effective_04052021_Planogram_Update_03-30-2021.pdf,"""4969&#44;""",3/31/21,3/30/21,N
layouts,Sushi,79,,2021,4/5/21,1-NewFolderStructure/C079_Sushi/C79_Sushi_Effective_04052021_Update_03312021/,_C79_Sushi_Effective_04052021_Update_03312021.pdf,"""6406&#44;""",4/5/21,3/31/21,N
layouts,Coolers,42-2,,2021,4/5/21,1-NewFolderStructure/C042_Coolers/C42_Effective_04052021_Planogram_Updated_03312021/,_C42_Effective_04052021_Planogram_Updated_03312021.pdf,"""6581&#44;""",3/31/21,3/31/21,N
layouts,HMS,79-2,,2021,4/5/21,1-NewFolderStructure/C079_HMS/C79_HMS_Effective_04052021_Update_03312021/,_C79_HMS_Effective_04052021_Update_03312021.pdf,"""6406&#44;6426&#44;""",4/5/21,3/31/21,N
layouts,Bakery Tables,"""37&#44;77""",,2021,4/5/21,1-NewFolderStructure/C037_C077_Bakery_Tables/C37_77_Bakery_Tables_Effective_04052021_Updated_04012021/,_C37_77_Bakery_Tables_Effective_04052021_Updated_04012021.pdf,"""6347&#44;6379&#44;6408&#44;6425&#44;6616&#44;6672&#44;8272&#44;""",4/2/21,4/2/21,N
layouts,Bakery Dessert,"""37-2&#44;77-2""",,2021,4/5/21,1-NewFolderStructure/C037_C077_Bakery_Dessert/C037_077 Effective 04052021 Updated 04012021/,_C77_C37_Effective_04052021_Updated_03312021.pdf,"""6347&#44;6379&#44;6408&#44;6425&#44;6616&#44;6672&#44;8272&#44;""",4/2/21,4/2/21,N
layouts,Cake Case,"""37-3&#44;77-3""",,2021,4/5/21,1-NewFolderStructure/C037_C077_Cake_Case/C037_077 Effective 04052021 Updated 04012021/,_C77_C37_Effective_04052021_Updated_03312021.pdf,"""6347&#44;6379&#44;6408&#44;6425&#44;6616&#44;6672&#44;8272&#44;""",4/2/21,4/2/21,N
layouts,Bakery Pallets,"""37-4&#44;77-4""",,2021,4/5/21,1-NewFolderStructure/C037_C077_Bakery_Pallets/C37_77_Bakery_Pallets_Effective_04052021_Updated_04012021/,_C37_77_Bakery_Pallets_Effective_04052021_Updated_04012021.pdf,"""6347&#44;6379&#44;6408&#44;6425&#44;6616&#44;6672&#44;8272&#44;""",4/2/21,4/2/21,N
layouts,Coolers,42-2,,2021,4/5/21,1-NewFolderStructure/C042_Coolers/C42_Effective_04052021_Planogram_Updated_04052021/,_C42_Effective_04052021_Planogram_Updated_04052021.pdf,"""4915&#44;8123&#44;""",4/7/21,4/5/21,N
layouts,Coolers,42-2,,2021,4/5/21,1-NewFolderStructure/C042_Coolers/C42_Effective_04052021_Planogram_Updated_04082021/,_C42_Effective_04052021_Planogram_Updated_04082021.pdf,"""6355&#44;6689&#44;8134&#44;8156&#44;""",4/9/21,4/8/21,N
layouts,Sushi,79,,2021,4/5/21,1-NewFolderStructure/C079_Sushi/C79_Sushi_Effective_04052021_Update_04092021/,_C79_Sushi_Effective_04052021_Update_04092021.pdf,"""4770&#44;4873&#44;""",4/9/21,4/9/21,N
layouts,Coolers,42-2,,2021,4/5/21,1-NewFolderStructure/C042_Coolers/C42_Effective_04052021_Planogram_Updated_04092021/,_C42_Effective_04052021_Planogram_Updated_04092021.pdf,"""4745&#44;4974&#44;""",4/9/21,4/9/21,N
layouts,HMS,79-2,,2021,4/5/21,1-NewFolderStructure/C079_HMS/C79_HMS_Effective_04052021_Update_04092021/,_C79_HMS_Effective_04052021_Update_04092021.pdf,"""4770&#44;4873&#44;6246&#44;6404&#44;6418&#44;""",4/9/21,4/9/21,N
layouts,Bakery Dessert,"""37-2&#44;77-2""",,2021,4/5/21,1-NewFolderStructure/C037_C077_Bakery_Dessert/C77_C37_Dessert_Effective_04052021_Updated_04132021/,_C77_C37_Effective_04052021_Updated_04132021.pdf,"""8236&#44;""",4/17/21,4/13/21,N
layouts,Coolers,42-2,,2021,4/5/21,1-NewFolderStructure/C042_Coolers/C42_Effective_04052021_Planogram_Updated_04132021/,_C42_Effective_04052021_Planogram_Updated_04132021.pdf,"""6334&#44;6428&#44;""",4/17/21,4/13/21,N
layouts,Sushi,79,,2021,4/5/21,1-NewFolderStructure/C079_Sushi/C79_Sushi_Effective_04052021_Update_04142021/,_C79_Sushi_Effective_04052021_Update_04142021.pdf,"""4704&#44;4732&#44;""",4/17/21,4/14/21,N
layouts,HMS,79-2,,2021,4/5/21,1-NewFolderStructure/C079_HMS/C79_HMS_Effective_04052021_Update_04142021/,_C79_HMS_Effective_04052021_Update_04142021.pdf,"""4704&#44;4732&#44;4847&#44;6212&#44;8175&#44;""",4/17/21,4/14/21,N
layouts,Coolers,42-2,,2021,4/5/21,1-NewFolderStructure/C042_Coolers/C42_Effective_04052021_Planogram_Updated_04202021/,_C42_Effective_04052021_Planogram_Updated_04202021.pdf,"""6472&#44;""",4/21/21,4/20/21,N
layouts,Coolers,42-2,,2021,4/5/21,1-NewFolderStructure/C042_Coolers/C42_Effective_04052021_Planogram_Updated_04212021/,_C42_Effective_04052021_Planogram_Updated_04212021.pdf,"""6245&#44;6689&#44;""",4/29/21,4/23/21,N
layouts,Sushi,79,,2021,4/5/21,1-NewFolderStructure/C079_Sushi/C79_Sushi_Effective_04052021_Update_04282021/,_C79_Sushi_Effective_04052021_Update_04282021.pdf,"""4704&#44;4732&#44;4805&#44;4829&#44;4936&#44;4996&#44;6482&#44;6549&#44;6634&#44;6663&#44;8104&#44;8119&#44;8147&#44;8266&#44;8296&#44;""",5/4/21,4/28/21,N
layouts,Coolers,42-2,,2021,4/5/21,1-NewFolderStructure/C042_Coolers/C42_Effective_04052021_Planogram_Updated_05042021/,_C42_Effective_04052021_Planogram_Updated_05042021.pdf,"""8296&#44;""",5/14/21,5/4/21,N
layouts,Sushi,79,,2021,4/5/21,1-NewFolderStructure/C079_Sushi/C79_Sushi_Effective_04052021_Update_05072021/,_C79_Sushi_Effective_04052021_Update_05072021.pdf,"""6428&#44;8291&#44;""",5/25/21,5/7/21,N
layouts,Bakery Dessert,"""37-2&#44;77-2""",,2021,4/8/21,1-NewFolderStructure/C037_C077_Bakery_Dessert/C77_C37_Dessert_Effective_04082021_Updated_04052021/,_C77_C37_Effective_04082021_Updated_04052021.pdf,"""4969&#44;""",4/8/21,4/5/21,N
layouts,Cake Case,"""37-3&#44;77-3""",,2021,4/8/21,1-NewFolderStructure/C037_C077_Cake_Case/C77_C37_Cake_Effective_04082021_Updated_04052021/,_C77_C37_Effective_04082021_Updated_04052021.pdf,"""4969&#44;""",4/8/21,4/5/21,N
layouts,HMS,79-2,,2021,4/8/21,1-NewFolderStructure/C079_HMS/C79_HMS_Effective_04082021_Update_04092021/,_C79_HMS_Effective_04082021_Update_04092021.pdf,"""4969&#44;""",4/9/21,4/9/21,N
layouts,Deli,57,,2021,4/12/21,1-NewFolderStructure/C057_Deli/C57_Effective_04122021_Planogram_Update_03-26-2021/,_C57_Effective_04122021_Planogram_Update_03-26-2021.pdf,"""4109&#44;4702&#44;4703&#44;4704&#44;4707&#44;4709&#44;4710&#44;4711&#44;4712&#44;4713&#44;4718&#44;4720&#44;4721&#44;4722&#44;4724&#44;4728&#44;4729&#44;4730&#44;4731&#44;4732&#44;4735&#44;4736&#44;4738&#44;4739&#44;4740&#44;4741&#44;4742&#44;4743&#44;4745&#44;4749&#44;4750&#44;4755&#44;4761&#44;4763&#44;4764&#44;4767&#44;4768&#44;4769&#44;4770&#44;4771&#44;4772&#44;4774&#44;4775&#44;4776&#44;4777&#44;4778&#44;4780&#44;4781&#44;4782&#44;4783&#44;4784&#44;4785&#44;4786&#44;4787&#44;4789&#44;4790&#44;4791&#44;4794&#44;4795&#44;4797&#44;4798&#44;4799&#44;4801&#44;4802&#44;4804&#44;4805&#44;4808&#44;4815&#44;4816&#44;4817&#44;4818&#44;4819&#44;4820&#44;4822&#44;4824&#44;4825&#44;4828&#44;4829&#44;4830&#44;4831&#44;4836&#44;4837&#44;4839&#44;4840&#44;4843&#44;4846&#44;4847&#44;4850&#44;4851&#44;4852&#44;4853&#44;4855&#44;4857&#44;4859&#44;4860&#44;4861&#44;4866&#44;4870&#44;4871&#44;4872&#44;4873&#44;4874&#44;4875&#44;4876&#44;4878&#44;4879&#44;4901&#44;4905&#44;4906&#44;4908&#44;4911&#44;4914&#44;4915&#44;4917&#44;4920&#44;4925&#44;4926&#44;4930&#44;4933&#44;4936&#44;4938&#44;4939&#44;4942&#44;4944&#44;4946&#44;4947&#44;4948&#44;4950&#44;4952&#44;4955&#44;4958&#44;4961&#44;4962&#44;4963&#44;4972&#44;4973&#44;4974&#44;4982&#44;4983&#44;4985&#44;4987&#44;4989&#44;4990&#44;4991&#44;4992&#44;4994&#44;4996&#44;4998&#44;4999&#44;6181&#44;6188&#44;6189&#44;6201&#44;6202&#44;6203&#44;6204&#44;6205&#44;6212&#44;6213&#44;6216&#44;6217&#44;6218&#44;6219&#44;6220&#44;6225&#44;6228&#44;6235&#44;6236&#44;6238&#44;6239&#44;6240&#44;6242&#44;6244&#44;6245&#44;6246&#44;6247&#44;6249&#44;6251&#44;6252&#44;6254&#44;6255&#44;6256&#44;6257&#44;6259&#44;6260&#44;6261&#44;6262&#44;6265&#44;6267&#44;6269&#44;6270&#44;6275&#44;6302&#44;6304&#44;6305&#44;6307&#44;6308&#44;6309&#44;6311&#44;6312&#44;6313&#44;6314&#44;6315&#44;6317&#44;6319&#44;6320&#44;6321&#44;6322&#44;6324&#44;6325&#44;6326&#44;6327&#44;6328&#44;6329&#44;6330&#44;6331&#44;6332&#44;6333&#44;6334&#44;6335&#44;6336&#44;6338&#44;6339&#44;6341&#44;6342&#44;6343&#44;6344&#44;6345&#44;6347&#44;6348&#44;6349&#44;6350&#44;6351&#44;6352&#44;6353&#44;6354&#44;6355&#44;6356&#44;6357&#44;6358&#44;6359&#44;6360&#44;6361&#44;6363&#44;6364&#44;6365&#44;6366&#44;6367&#44;6368&#44;6369&#44;6371&#44;6372&#44;6373&#44;6375&#44;6376&#44;6377&#44;6378&#44;6379&#44;6380&#44;6381&#44;6382&#44;6383&#44;6384&#44;6385&#44;6386&#44;6387&#44;6388&#44;6401&#44;6402&#44;6403&#44;6404&#44;6405&#44;6406&#44;6407&#44;6408&#44;6409&#44;6410&#44;6412&#44;6413&#44;6414&#44;6415&#44;6417&#44;6418&#44;6419&#44;6420&#44;6421&#44;6422&#44;6423&#44;6424&#44;6425&#44;6426&#44;6427&#44;6428&#44;6429&#44;6430&#44;6431&#44;6432&#44;6433&#44;6434&#44;6435&#44;6436&#44;6437&#44;6439&#44;6440&#44;6441&#44;6443&#44;6444&#44;6445&#44;6448&#44;6449&#44;6450&#44;6452&#44;6453&#44;6454&#44;6455&#44;6456&#44;6457&#44;6458&#44;6460&#44;6461&#44;6462&#44;6463&#44;6464&#44;6471&#44;6472&#44;6474&#44;6479&#44;6482&#44;6485&#44;6487&#44;6489&#44;6501&#44;6502&#44;6503&#44;6505&#44;6506&#44;6507&#44;6509&#44;6510&#44;6512&#44;6514&#44;6517&#44;6518&#44;6520&#44;6521&#44;6524&#44;6527&#44;6528&#44;6533&#44;6535&#44;6536&#44;6539&#44;6540&#44;6543&#44;6547&#44;6549&#44;6556&#44;6562&#44;6565&#44;6567&#44;6568&#44;6569&#44;6570&#44;6571&#44;6572&#44;6573&#44;6575&#44;6581&#44;6582&#44;6604&#44;6605&#44;6606&#44;6608&#44;6609&#44;6610&#44;6612&#44;6613&#44;6614&#44;6615&#44;6616&#44;6617&#44;6619&#44;6620&#44;6621&#44;6622&#44;6624&#44;6626&#44;6628&#44;6630&#44;6631&#44;6632&#44;6633&#44;6634&#44;6635&#44;6636&#44;6637&#44;6643&#44;6644&#44;6646&#44;6650&#44;6651&#44;6652&#44;6653&#44;6655&#44;6657&#44;6658&#44;6659&#44;6660&#44;6661&#44;6662&#44;6663&#44;6664&#44;6666&#44;6667&#44;6670&#44;6671&#44;6672&#44;6673&#44;6674&#44;6675&#44;6676&#44;6677&#44;6678&#44;6679&#44;6680&#44;6682&#44;6683&#44;6684&#44;6685&#44;6686&#44;6689&#44;6690&#44;6692&#44;6693&#44;6779&#44;6781&#44;6867&#44;6976&#44;6979&#44;7189&#44;7658&#44;7676&#44;8102&#44;8104&#44;8106&#44;8107&#44;8111&#44;8112&#44;8114&#44;8115&#44;8116&#44;8117&#44;8119&#44;8120&#44;8123&#44;8125&#44;8126&#44;8128&#44;8129&#44;8130&#44;8132&#44;8133&#44;8134&#44;8135&#44;8136&#44;8138&#44;8139&#44;8141&#44;8142&#44;8144&#44;8145&#44;8146&#44;8147&#44;8149&#44;8150&#44;8151&#44;8152&#44;8153&#44;8155&#44;8156&#44;8157&#44;8158&#44;8160&#44;8161&#44;8162&#44;8163&#44;8164&#44;8165&#44;8166&#44;8167&#44;8168&#44;8169&#44;8172&#44;8173&#44;8174&#44;8175&#44;8176&#44;8177&#44;8180&#44;8181&#44;8182&#44;8183&#44;8184&#44;8185&#44;8186&#44;8188&#44;8189&#44;8190&#44;8191&#44;8192&#44;8193&#44;8194&#44;8196&#44;8197&#44;8201&#44;8202&#44;8203&#44;8205&#44;8207&#44;8208&#44;8209&#44;8210&#44;8211&#44;8213&#44;8215&#44;8218&#44;8219&#44;8220&#44;8221&#44;8222&#44;8223&#44;8224&#44;8225&#44;8226&#44;8227&#44;8228&#44;8236&#44;8237&#44;8238&#44;8239&#44;8241&#44;8242&#44;8243&#44;8244&#44;8245&#44;8246&#44;8247&#44;8248&#44;8250&#44;8251&#44;8252&#44;8253&#44;8254&#44;8256&#44;8257&#44;8259&#44;8261&#44;8262&#44;8263&#44;8264&#44;8265&#44;8266&#44;8267&#44;8268&#44;8269&#44;8270&#44;8271&#44;8272&#44;8273&#44;8274&#44;8275&#44;8276&#44;8277&#44;8278&#44;8279&#44;8280&#44;8281&#44;8282&#44;8283&#44;8284&#44;8285&#44;8286&#44;8287&#44;8288&#44;8289&#44;8290&#44;8291&#44;8292&#44;8293&#44;8294&#44;8295&#44;8296&#44;8297&#44;8298&#44;8299&#44;""",3/29/21,3/26/21,N
layouts,Deli,57,,2021,4/12/21,1-NewFolderStructure/C057_Deli/C57_Effective_04122021_Planogram_Update_03-30-2021/,_C57_Effective_04122021_Planogram_Update_03-30-2021.pdf,"""6310&#44;""",3/31/21,3/30/21,N
layouts,Deli,57,,2021,4/12/21,1-NewFolderStructure/C057_Deli/C57_Effective_04122021_Planogram_Update_04_01_2021/,_C57_Effective_04122021_Planogram_Update_04-01-2021.pdf,"""6310&#44;8277&#44;""",4/2/21,4/2/21,N
layouts,Tabletop-Bags,4,,2021,4/12/21,https://sams-csp.cld.samsclub.com/clubs/,/planograms/4,"""4109&#44;4702&#44;4703&#44;4704&#44;4707&#44;4709&#44;4710&#44;4711&#44;4712&#44;4713&#44;4718&#44;4720&#44;4721&#44;4722&#44;4724&#44;4728&#44;4729&#44;4730&#44;4731&#44;4732&#44;4735&#44;4736&#44;4738&#44;4739&#44;4740&#44;4741&#44;4742&#44;4743&#44;4745&#44;4749&#44;4750&#44;4755&#44;4761&#44;4763&#44;4764&#44;4767&#44;4768&#44;4769&#44;4770&#44;4771&#44;4772&#44;4774&#44;4775&#44;4776&#44;4777&#44;4778&#44;4780&#44;4781&#44;4782&#44;4783&#44;4784&#44;4785&#44;4786&#44;4787&#44;4789&#44;4790&#44;4791&#44;4794&#44;4795&#44;4797&#44;4798&#44;4799&#44;4801&#44;4802&#44;4804&#44;4805&#44;4808&#44;4815&#44;4816&#44;4817&#44;4818&#44;4819&#44;4820&#44;4822&#44;4824&#44;4825&#44;4828&#44;4829&#44;4830&#44;4831&#44;4836&#44;4837&#44;4839&#44;4840&#44;4843&#44;4846&#44;4847&#44;4850&#44;4851&#44;4852&#44;4853&#44;4855&#44;4857&#44;4859&#44;4860&#44;4861&#44;4866&#44;4870&#44;4871&#44;4872&#44;4873&#44;4874&#44;4875&#44;4876&#44;4878&#44;4879&#44;4901&#44;4905&#44;4906&#44;4908&#44;4911&#44;4914&#44;4915&#44;4917&#44;4920&#44;4925&#44;4926&#44;4930&#44;4933&#44;4936&#44;4938&#44;4939&#44;4942&#44;4944&#44;4946&#44;4947&#44;4948&#44;4950&#44;4952&#44;4955&#44;4958&#44;4961&#44;4962&#44;4963&#44;4969&#44;4972&#44;4973&#44;4974&#44;4982&#44;4983&#44;4985&#44;4987&#44;4989&#44;4990&#44;4991&#44;4992&#44;4994&#44;4996&#44;4998&#44;4999&#44;6181&#44;6188&#44;6189&#44;6201&#44;6202&#44;6203&#44;6204&#44;6205&#44;6212&#44;6213&#44;6216&#44;6217&#44;6218&#44;6219&#44;6220&#44;6225&#44;6228&#44;6235&#44;6236&#44;6238&#44;6239&#44;6240&#44;6242&#44;6244&#44;6245&#44;6246&#44;6247&#44;6249&#44;6251&#44;6252&#44;6254&#44;6255&#44;6256&#44;6257&#44;6259&#44;6260&#44;6261&#44;6262&#44;6265&#44;6267&#44;6269&#44;6270&#44;6275&#44;6302&#44;6304&#44;6305&#44;6307&#44;6308&#44;6309&#44;6310&#44;6311&#44;6312&#44;6313&#44;6314&#44;6315&#44;6317&#44;6319&#44;6320&#44;6321&#44;6322&#44;6324&#44;6325&#44;6326&#44;6327&#44;6328&#44;6329&#44;6330&#44;6331&#44;6332&#44;6333&#44;6334&#44;6335&#44;6336&#44;6338&#44;6339&#44;6341&#44;6342&#44;6343&#44;6344&#44;6345&#44;6347&#44;6348&#44;6349&#44;6350&#44;6351&#44;6352&#44;6353&#44;6354&#44;6355&#44;6356&#44;6357&#44;6358&#44;6359&#44;6360&#44;6361&#44;6363&#44;6364&#44;6365&#44;6366&#44;6367&#44;6368&#44;6369&#44;6371&#44;6372&#44;6373&#44;6375&#44;6376&#44;6377&#44;6378&#44;6379&#44;6380&#44;6381&#44;6382&#44;6383&#44;6384&#44;6385&#44;6386&#44;6387&#44;6388&#44;6401&#44;6402&#44;6403&#44;6404&#44;6405&#44;6406&#44;6407&#44;6408&#44;6409&#44;6410&#44;6412&#44;6413&#44;6414&#44;6415&#44;6417&#44;6418&#44;6419&#44;6420&#44;6421&#44;6422&#44;6423&#44;6424&#44;6425&#44;6426&#44;6427&#44;6428&#44;6429&#44;6430&#44;6431&#44;6432&#44;6433&#44;6434&#44;6435&#44;6436&#44;6437&#44;6439&#44;6440&#44;6441&#44;6443&#44;6444&#44;6445&#44;6448&#44;6449&#44;6450&#44;6452&#44;6453&#44;6454&#44;6455&#44;6456&#44;6457&#44;6458&#44;6460&#44;6461&#44;6462&#44;6463&#44;6464&#44;6471&#44;6472&#44;6474&#44;6479&#44;6482&#44;6485&#44;6487&#44;6489&#44;6501&#44;6502&#44;6503&#44;6505&#44;6506&#44;6507&#44;6509&#44;6510&#44;6512&#44;6514&#44;6517&#44;6518&#44;6520&#44;6521&#44;6524&#44;6527&#44;6528&#44;6533&#44;6535&#44;6536&#44;6539&#44;6540&#44;6543&#44;6547&#44;6549&#44;6556&#44;6562&#44;6565&#44;6567&#44;6568&#44;6569&#44;6570&#44;6571&#44;6572&#44;6573&#44;6575&#44;6581&#44;6582&#44;6604&#44;6605&#44;6606&#44;6608&#44;6609&#44;6610&#44;6612&#44;6613&#44;6614&#44;6615&#44;6616&#44;6617&#44;6619&#44;6620&#44;6621&#44;6622&#44;6624&#44;6626&#44;6628&#44;6630&#44;6631&#44;6632&#44;6633&#44;6634&#44;6635&#44;6636&#44;6637&#44;6643&#44;6644&#44;6646&#44;6650&#44;6651&#44;6652&#44;6653&#44;6655&#44;6657&#44;6658&#44;6659&#44;6660&#44;6661&#44;6662&#44;6663&#44;6664&#44;6666&#44;6667&#44;6670&#44;6671&#44;6672&#44;6673&#44;6674&#44;6675&#44;6676&#44;6677&#44;6678&#44;6679&#44;6680&#44;6682&#44;6683&#44;6684&#44;6685&#44;6686&#44;6689&#44;6690&#44;6692&#44;6693&#44;6779&#44;6781&#44;6867&#44;6976&#44;6979&#44;7189&#44;7658&#44;7676&#44;8102&#44;8104&#44;8106&#44;8107&#44;8111&#44;8112&#44;8114&#44;8115&#44;8116&#44;8117&#44;8119&#44;8120&#44;8123&#44;8125&#44;8126&#44;8128&#44;8129&#44;8130&#44;8132&#44;8133&#44;8134&#44;8135&#44;8136&#44;8138&#44;8139&#44;8141&#44;8142&#44;8144&#44;8145&#44;8146&#44;8147&#44;8149&#44;8150&#44;8151&#44;8152&#44;8153&#44;8155&#44;8156&#44;8157&#44;8158&#44;8160&#44;8161&#44;8162&#44;8163&#44;8164&#44;8165&#44;8166&#44;8167&#44;8168&#44;8169&#44;8172&#44;8173&#44;8174&#44;8175&#44;8176&#44;8177&#44;8180&#44;8181&#44;8182&#44;8183&#44;8184&#44;8185&#44;8186&#44;8188&#44;8189&#44;8190&#44;8191&#44;8192&#44;8193&#44;8194&#44;8196&#44;8197&#44;8201&#44;8202&#44;8203&#44;8205&#44;8207&#44;8208&#44;8209&#44;8210&#44;8211&#44;8213&#44;8215&#44;8218&#44;8219&#44;8220&#44;8221&#44;8222&#44;8223&#44;8224&#44;8225&#44;8226&#44;8227&#44;8228&#44;8236&#44;8237&#44;8238&#44;8239&#44;8241&#44;8242&#44;8243&#44;8244&#44;8245&#44;8246&#44;8247&#44;8248&#44;8250&#44;8251&#44;8252&#44;8253&#44;8254&#44;8256&#44;8257&#44;8259&#44;8261&#44;8262&#44;8263&#44;8264&#44;8265&#44;8266&#44;8267&#44;8268&#44;8269&#44;8270&#44;8271&#44;8272&#44;8273&#44;8274&#44;8275&#44;8276&#44;8277&#44;8278&#44;8279&#44;8280&#44;8281&#44;8282&#44;8283&#44;8284&#44;8285&#44;8286&#44;8287&#44;8288&#44;8289&#44;8290&#44;8291&#44;8292&#44;8293&#44;8294&#44;8295&#44;8296&#44;8297&#44;8298&#44;8299&#44;""",4/10/21,4/10/21,N
layouts,Wine,19,,2021,4/19/21,https://sams-csp.cld.samsclub.com/clubs/,/planograms/19,"""4109&#44;4702&#44;4703&#44;4704&#44;4707&#44;4709&#44;4710&#44;4711&#44;4712&#44;4713&#44;4718&#44;4720&#44;4721&#44;4722&#44;4724&#44;4728&#44;4729&#44;4730&#44;4731&#44;4732&#44;4735&#44;4736&#44;4738&#44;4739&#44;4740&#44;4741&#44;4742&#44;4743&#44;4745&#44;4749&#44;4750&#44;4755&#44;4761&#44;4763&#44;4764&#44;4767&#44;4768&#44;4769&#44;4770&#44;4771&#44;4772&#44;4774&#44;4775&#44;4776&#44;4777&#44;4778&#44;4780&#44;4781&#44;4782&#44;4783&#44;4784&#44;4785&#44;4786&#44;4787&#44;4789&#44;4790&#44;4791&#44;4794&#44;4795&#44;4797&#44;4798&#44;4799&#44;4801&#44;4802&#44;4804&#44;4805&#44;4808&#44;4815&#44;4816&#44;4817&#44;4818&#44;4819&#44;4820&#44;4822&#44;4824&#44;4825&#44;4828&#44;4829&#44;4830&#44;4831&#44;4836&#44;4837&#44;4839&#44;4840&#44;4843&#44;4846&#44;4847&#44;4850&#44;4851&#44;4852&#44;4853&#44;4855&#44;4857&#44;4859&#44;4860&#44;4861&#44;4866&#44;4870&#44;4871&#44;4872&#44;4873&#44;4874&#44;4875&#44;4876&#44;4878&#44;4879&#44;4901&#44;4905&#44;4906&#44;4908&#44;4911&#44;4914&#44;4915&#44;4917&#44;4920&#44;4925&#44;4926&#44;4930&#44;4933&#44;4936&#44;4938&#44;4939&#44;4942&#44;4944&#44;4946&#44;4947&#44;4948&#44;4950&#44;4952&#44;4955&#44;4958&#44;4961&#44;4962&#44;4963&#44;4969&#44;4972&#44;4973&#44;4974&#44;4982&#44;4983&#44;4985&#44;4987&#44;4989&#44;4990&#44;4991&#44;4992&#44;4994&#44;4996&#44;4998&#44;4999&#44;6181&#44;6188&#44;6189&#44;6201&#44;6202&#44;6203&#44;6204&#44;6205&#44;6212&#44;6213&#44;6216&#44;6217&#44;6218&#44;6219&#44;6220&#44;6225&#44;6228&#44;6235&#44;6236&#44;6238&#44;6239&#44;6240&#44;6242&#44;6244&#44;6245&#44;6246&#44;6247&#44;6249&#44;6251&#44;6252&#44;6254&#44;6255&#44;6256&#44;6257&#44;6259&#44;6260&#44;6261&#44;6262&#44;6265&#44;6267&#44;6269&#44;6270&#44;6275&#44;6302&#44;6304&#44;6305&#44;6307&#44;6308&#44;6309&#44;6310&#44;6311&#44;6312&#44;6313&#44;6314&#44;6315&#44;6317&#44;6319&#44;6320&#44;6321&#44;6322&#44;6324&#44;6325&#44;6326&#44;6327&#44;6328&#44;6329&#44;6330&#44;6331&#44;6332&#44;6333&#44;6334&#44;6335&#44;6336&#44;6338&#44;6339&#44;6341&#44;6342&#44;6343&#44;6344&#44;6345&#44;6347&#44;6348&#44;6349&#44;6350&#44;6351&#44;6352&#44;6353&#44;6354&#44;6355&#44;6356&#44;6357&#44;6358&#44;6359&#44;6360&#44;6361&#44;6363&#44;6364&#44;6365&#44;6366&#44;6367&#44;6368&#44;6369&#44;6371&#44;6372&#44;6373&#44;6375&#44;6376&#44;6377&#44;6378&#44;6379&#44;6380&#44;6381&#44;6382&#44;6383&#44;6384&#44;6385&#44;6386&#44;6387&#44;6388&#44;6401&#44;6402&#44;6403&#44;6404&#44;6405&#44;6406&#44;6407&#44;6408&#44;6409&#44;6410&#44;6412&#44;6413&#44;6414&#44;6415&#44;6417&#44;6418&#44;6419&#44;6420&#44;6421&#44;6422&#44;6423&#44;6424&#44;6425&#44;6426&#44;6427&#44;6428&#44;6429&#44;6430&#44;6431&#44;6432&#44;6433&#44;6434&#44;6435&#44;6436&#44;6437&#44;6439&#44;6440&#44;6441&#44;6443&#44;6444&#44;6445&#44;6448&#44;6449&#44;6450&#44;6452&#44;6453&#44;6454&#44;6455&#44;6456&#44;6457&#44;6458&#44;6460&#44;6461&#44;6462&#44;6463&#44;6464&#44;6471&#44;6472&#44;6474&#44;6479&#44;6482&#44;6485&#44;6487&#44;6489&#44;6501&#44;6502&#44;6503&#44;6505&#44;6506&#44;6507&#44;6509&#44;6510&#44;6512&#44;6514&#44;6517&#44;6518&#44;6520&#44;6521&#44;6524&#44;6527&#44;6528&#44;6533&#44;6535&#44;6536&#44;6539&#44;6540&#44;6543&#44;6547&#44;6549&#44;6556&#44;6562&#44;6565&#44;6567&#44;6568&#44;6569&#44;6570&#44;6571&#44;6572&#44;6573&#44;6575&#44;6581&#44;6582&#44;6604&#44;6605&#44;6606&#44;6608&#44;6609&#44;6610&#44;6612&#44;6613&#44;6614&#44;6615&#44;6616&#44;6617&#44;6619&#44;6620&#44;6621&#44;6622&#44;6624&#44;6626&#44;6628&#44;6630&#44;6631&#44;6632&#44;6633&#44;6634&#44;6635&#44;6636&#44;6637&#44;6643&#44;6644&#44;6646&#44;6650&#44;6651&#44;6652&#44;6653&#44;6655&#44;6657&#44;6658&#44;6659&#44;6660&#44;6661&#44;6662&#44;6663&#44;6664&#44;6666&#44;6667&#44;6670&#44;6671&#44;6672&#44;6673&#44;6674&#44;6675&#44;6676&#44;6677&#44;6678&#44;6679&#44;6680&#44;6682&#44;6683&#44;6684&#44;6685&#44;6686&#44;6689&#44;6690&#44;6692&#44;6693&#44;6779&#44;6781&#44;6867&#44;6976&#44;6979&#44;7189&#44;7658&#44;7676&#44;8102&#44;8104&#44;8106&#44;8107&#44;8111&#44;8112&#44;8114&#44;8115&#44;8116&#44;8117&#44;8119&#44;8120&#44;8123&#44;8125&#44;8126&#44;8128&#44;8129&#44;8130&#44;8132&#44;8133&#44;8134&#44;8135&#44;8136&#44;8138&#44;8139&#44;8141&#44;8142&#44;8144&#44;8145&#44;8146&#44;8147&#44;8149&#44;8150&#44;8151&#44;8152&#44;8153&#44;8155&#44;8156&#44;8157&#44;8158&#44;8160&#44;8161&#44;8162&#44;8163&#44;8164&#44;8165&#44;8166&#44;8167&#44;8168&#44;8169&#44;8172&#44;8173&#44;8174&#44;8175&#44;8176&#44;8177&#44;8180&#44;8181&#44;8182&#44;8183&#44;8184&#44;8185&#44;8186&#44;8188&#44;8189&#44;8190&#44;8191&#44;8192&#44;8193&#44;8194&#44;8196&#44;8197&#44;8201&#44;8202&#44;8203&#44;8205&#44;8207&#44;8208&#44;8209&#44;8210&#44;8211&#44;8213&#44;8215&#44;8218&#44;8219&#44;8220&#44;8221&#44;8222&#44;8223&#44;8224&#44;8225&#44;8226&#44;8227&#44;8228&#44;8236&#44;8237&#44;8238&#44;8239&#44;8241&#44;8242&#44;8243&#44;8244&#44;8245&#44;8246&#44;8247&#44;8248&#44;8250&#44;8251&#44;8252&#44;8253&#44;8254&#44;8256&#44;8257&#44;8259&#44;8261&#44;8262&#44;8263&#44;8264&#44;8265&#44;8266&#44;8267&#44;8268&#44;8269&#44;8270&#44;8271&#44;8272&#44;8273&#44;8274&#44;8275&#44;8276&#44;8277&#44;8278&#44;8279&#44;8280&#44;8281&#44;8282&#44;8283&#44;8284&#44;8285&#44;8286&#44;8287&#44;8288&#44;8289&#44;8290&#44;8291&#44;8292&#44;8293&#44;8294&#44;8295&#44;8296&#44;8297&#44;8298&#44;8299&#44;""",4/15/21,4/15/21,N
layouts,Office Supplies,3,,2021,4/19/21,https://sams-csp.cld.samsclub.com/clubs/,/planograms/3,"""4703&#44;4930&#44;6240&#44;6252&#44;6310&#44;6487&#44;6524&#44;8181&#44;8190&#44;8191&#44;8201&#44;8203&#44;8228&#44;8239&#44;8245&#44;8252&#44;8276&#44;8293&#44;4702&#44;4704&#44;4707&#44;4709&#44;4710&#44;4711&#44;4712&#44;4713&#44;4718&#44;4720&#44;4721&#44;4722&#44;4724&#44;4728&#44;4729&#44;4730&#44;4731&#44;4732&#44;4735&#44;4736&#44;4738&#44;4739&#44;4740&#44;4741&#44;4742&#44;4743&#44;4745&#44;4749&#44;4750&#44;4755&#44;4761&#44;4763&#44;4764&#44;4767&#44;4768&#44;4769&#44;4770&#44;4771&#44;4772&#44;4774&#44;4775&#44;4776&#44;4777&#44;4778&#44;4780&#44;4781&#44;4782&#44;4783&#44;4784&#44;4785&#44;4786&#44;4787&#44;4789&#44;4790&#44;4791&#44;4794&#44;4797&#44;4798&#44;4799&#44;4801&#44;4802&#44;4804&#44;4805&#44;4808&#44;4815&#44;4816&#44;4817&#44;4818&#44;4819&#44;4820&#44;4822&#44;4824&#44;4825&#44;4828&#44;4829&#44;4830&#44;4831&#44;4836&#44;4837&#44;4840&#44;4843&#44;4846&#44;4850&#44;4851&#44;4852&#44;4853&#44;4855&#44;4857&#44;4859&#44;4860&#44;4861&#44;4871&#44;4872&#44;4873&#44;4874&#44;4875&#44;4876&#44;4878&#44;4879&#44;4901&#44;4905&#44;4906&#44;4908&#44;4914&#44;4915&#44;4917&#44;4920&#44;4926&#44;4933&#44;4936&#44;4938&#44;4939&#44;4942&#44;4944&#44;4946&#44;4947&#44;4948&#44;4950&#44;4952&#44;4955&#44;4958&#44;4961&#44;4962&#44;4963&#44;4969&#44;4972&#44;4973&#44;4974&#44;4982&#44;4983&#44;4985&#44;4987&#44;4989&#44;4990&#44;4991&#44;4992&#44;4994&#44;4996&#44;4998&#44;4999&#44;6181&#44;6189&#44;6201&#44;6202&#44;6203&#44;6204&#44;6205&#44;6212&#44;6213&#44;6216&#44;6217&#44;6218&#44;6219&#44;6220&#44;6228&#44;6235&#44;6236&#44;6239&#44;6242&#44;6244&#44;6245&#44;6246&#44;6247&#44;6249&#44;6251&#44;6254&#44;6255&#44;6256&#44;6257&#44;6259&#44;6260&#44;6261&#44;6262&#44;6267&#44;6269&#44;6302&#44;6304&#44;6305&#44;6307&#44;6308&#44;6309&#44;6311&#44;6312&#44;6313&#44;6314&#44;6315&#44;6319&#44;6320&#44;6321&#44;6324&#44;6325&#44;6326&#44;6328&#44;6329&#44;6330&#44;6331&#44;6332&#44;6333&#44;6334&#44;6335&#44;6336&#44;6338&#44;6339&#44;6341&#44;6342&#44;6343&#44;6344&#44;6345&#44;6347&#44;6348&#44;6349&#44;6350&#44;6351&#44;6352&#44;6353&#44;6354&#44;6355&#44;6356&#44;6357&#44;6358&#44;6359&#44;6361&#44;6363&#44;6364&#44;6365&#44;6366&#44;6367&#44;6368&#44;6369&#44;6371&#44;6372&#44;6373&#44;6375&#44;6376&#44;6377&#44;6378&#44;6379&#44;6380&#44;6381&#44;6382&#44;6383&#44;6384&#44;6385&#44;6386&#44;6387&#44;6388&#44;6401&#44;6402&#44;6403&#44;6404&#44;6405&#44;6406&#44;6407&#44;6408&#44;6409&#44;6410&#44;6412&#44;6413&#44;6414&#44;6415&#44;6417&#44;6418&#44;6419&#44;6420&#44;6421&#44;6422&#44;6423&#44;6424&#44;6425&#44;6426&#44;6427&#44;6428&#44;6429&#44;6430&#44;6431&#44;6432&#44;6433&#44;6434&#44;6435&#44;6436&#44;6437&#44;6439&#44;6440&#44;6441&#44;6443&#44;6445&#44;6448&#44;6449&#44;6450&#44;6452&#44;6453&#44;6454&#44;6455&#44;6456&#44;6457&#44;6458&#44;6460&#44;6461&#44;6462&#44;6463&#44;6464&#44;6471&#44;6472&#44;6474&#44;6479&#44;6482&#44;6485&#44;6489&#44;6501&#44;6502&#44;6503&#44;6505&#44;6506&#44;6507&#44;6509&#44;6510&#44;6512&#44;6514&#44;6517&#44;6518&#44;6520&#44;6521&#44;6527&#44;6528&#44;6533&#44;6535&#44;6536&#44;6539&#44;6540&#44;6547&#44;6549&#44;6556&#44;6562&#44;6565&#44;6567&#44;6568&#44;6569&#44;6570&#44;6571&#44;6572&#44;6573&#44;6581&#44;6582&#44;6604&#44;6605&#44;6606&#44;6608&#44;6609&#44;6610&#44;6612&#44;6613&#44;6614&#44;6615&#44;6616&#44;6617&#44;6619&#44;6620&#44;6621&#44;6622&#44;6624&#44;6626&#44;6628&#44;6630&#44;6631&#44;6632&#44;6633&#44;6636&#44;6637&#44;6643&#44;6644&#44;6646&#44;6650&#44;6651&#44;6652&#44;6653&#44;6655&#44;6657&#44;6658&#44;6659&#44;6660&#44;6661&#44;6662&#44;6663&#44;6664&#44;6666&#44;6667&#44;6670&#44;6671&#44;6672&#44;6673&#44;6674&#44;6675&#44;6676&#44;6677&#44;6678&#44;6679&#44;6682&#44;6683&#44;6684&#44;6685&#44;6686&#44;6692&#44;6693&#44;6779&#44;6781&#44;6867&#44;6976&#44;6979&#44;7189&#44;7658&#44;7676&#44;8102&#44;8104&#44;8106&#44;8107&#44;8111&#44;8112&#44;8114&#44;8115&#44;8116&#44;8117&#44;8119&#44;8120&#44;8123&#44;8125&#44;8126&#44;8128&#44;8129&#44;8130&#44;8132&#44;8133&#44;8134&#44;8135&#44;8136&#44;8138&#44;8139&#44;8141&#44;8142&#44;8144&#44;8145&#44;8147&#44;8149&#44;8150&#44;8151&#44;8152&#44;8153&#44;8155&#44;8156&#44;8157&#44;8158&#44;8160&#44;8161&#44;8162&#44;8163&#44;8164&#44;8165&#44;8166&#44;8167&#44;8168&#44;8169&#44;8172&#44;8173&#44;8174&#44;8175&#44;8176&#44;8177&#44;8180&#44;8182&#44;8183&#44;8184&#44;8185&#44;8186&#44;8188&#44;8189&#44;8192&#44;8193&#44;8194&#44;8196&#44;8197&#44;8202&#44;8205&#44;8207&#44;8208&#44;8209&#44;8210&#44;8211&#44;8213&#44;8215&#44;8218&#44;8219&#44;8220&#44;8221&#44;8222&#44;8223&#44;8224&#44;8225&#44;8227&#44;8236&#44;8237&#44;8238&#44;8241&#44;8242&#44;8243&#44;8244&#44;8246&#44;8247&#44;8248&#44;8250&#44;8251&#44;8253&#44;8254&#44;8256&#44;8257&#44;8259&#44;8261&#44;8262&#44;8263&#44;8264&#44;8265&#44;8266&#44;8267&#44;8268&#44;8269&#44;8270&#44;8271&#44;8272&#44;8273&#44;8274&#44;8275&#44;8277&#44;8278&#44;8279&#44;8280&#44;8281&#44;8282&#44;8283&#44;8284&#44;8285&#44;8286&#44;8287&#44;8288&#44;8289&#44;8290&#44;8291&#44;8292&#44;8294&#44;8295&#44;8296&#44;8297&#44;8298&#44;8299&#44;4795&#44;4839&#44;4847&#44;4870&#44;4911&#44;6188&#44;6238&#44;6265&#44;6275&#44;6317&#44;6322&#44;6327&#44;6360&#44;6444&#44;6575&#44;6634&#44;6635&#44;8146&#44;8226&#44;4109&#44;4866&#44;6225&#44;6270&#44;6543&#44;6680&#44;6689&#44;6690&#44;4925&#44;8187&#44;""",12/2/20,4/19/21,N
layouts,Coolers,42-2,,2021,4/26/21,1-NewFolderStructure/C042_Coolers/C42_Effective_04262021_Planogram_Updated_04232021/,_C42_Effective_04262021_Planogram_Updated_04232021.pdf,"""4718&#44;4805&#44;4987&#44;""",4/29/21,4/23/21,N
layouts,OTC,54,,2021,4/26/21,https://sams-csp.cld.samsclub.com/clubs/,/planograms/54,"""4109&#44;4702&#44;4703&#44;4704&#44;4707&#44;4709&#44;4710&#44;4711&#44;4712&#44;4713&#44;4718&#44;4720&#44;4721&#44;4722&#44;4724&#44;4728&#44;4729&#44;4730&#44;4731&#44;4732&#44;4735&#44;4736&#44;4738&#44;4739&#44;4740&#44;4741&#44;4742&#44;4743&#44;4745&#44;4749&#44;4750&#44;4755&#44;4761&#44;4763&#44;4764&#44;4767&#44;4768&#44;4769&#44;4770&#44;4771&#44;4772&#44;4774&#44;4775&#44;4776&#44;4777&#44;4778&#44;4780&#44;4781&#44;4782&#44;4783&#44;4784&#44;4785&#44;4786&#44;4787&#44;4789&#44;4790&#44;4791&#44;4794&#44;4795&#44;4797&#44;4798&#44;4799&#44;4801&#44;4802&#44;4804&#44;4805&#44;4808&#44;4815&#44;4816&#44;4817&#44;4818&#44;4819&#44;4820&#44;4822&#44;4824&#44;4825&#44;4828&#44;4829&#44;4830&#44;4831&#44;4836&#44;4837&#44;4839&#44;4840&#44;4843&#44;4846&#44;4847&#44;4850&#44;4851&#44;4852&#44;4853&#44;4855&#44;4857&#44;4859&#44;4860&#44;4861&#44;4866&#44;4870&#44;4871&#44;4872&#44;4873&#44;4874&#44;4875&#44;4876&#44;4878&#44;4879&#44;4901&#44;4905&#44;4906&#44;4908&#44;4911&#44;4914&#44;4915&#44;4917&#44;4920&#44;4925&#44;4926&#44;4930&#44;4933&#44;4936&#44;4938&#44;4939&#44;4942&#44;4944&#44;4946&#44;4947&#44;4948&#44;4950&#44;4952&#44;4955&#44;4958&#44;4961&#44;4962&#44;4963&#44;4969&#44;4972&#44;4973&#44;4974&#44;4982&#44;4983&#44;4985&#44;4987&#44;4989&#44;4990&#44;4991&#44;4992&#44;4994&#44;4996&#44;4998&#44;4999&#44;6181&#44;6188&#44;6189&#44;6201&#44;6202&#44;6203&#44;6204&#44;6205&#44;6212&#44;6213&#44;6216&#44;6217&#44;6218&#44;6219&#44;6220&#44;6225&#44;6228&#44;6235&#44;6236&#44;6238&#44;6239&#44;6240&#44;6242&#44;6244&#44;6245&#44;6246&#44;6247&#44;6249&#44;6251&#44;6252&#44;6254&#44;6255&#44;6256&#44;6257&#44;6259&#44;6260&#44;6261&#44;6262&#44;6265&#44;6267&#44;6269&#44;6270&#44;6275&#44;6302&#44;6304&#44;6305&#44;6307&#44;6308&#44;6309&#44;6310&#44;6311&#44;6312&#44;6313&#44;6314&#44;6315&#44;6317&#44;6319&#44;6320&#44;6321&#44;6322&#44;6324&#44;6325&#44;6326&#44;6327&#44;6328&#44;6329&#44;6330&#44;6331&#44;6332&#44;6333&#44;6334&#44;6335&#44;6336&#44;6338&#44;6339&#44;6341&#44;6342&#44;6343&#44;6344&#44;6345&#44;6347&#44;6348&#44;6349&#44;6350&#44;6351&#44;6352&#44;6353&#44;6354&#44;6355&#44;6356&#44;6357&#44;6358&#44;6359&#44;6360&#44;6361&#44;6363&#44;6364&#44;6365&#44;6366&#44;6367&#44;6368&#44;6369&#44;6371&#44;6372&#44;6373&#44;6375&#44;6376&#44;6377&#44;6378&#44;6379&#44;6380&#44;6381&#44;6382&#44;6383&#44;6384&#44;6385&#44;6386&#44;6387&#44;6388&#44;6401&#44;6402&#44;6403&#44;6404&#44;6405&#44;6406&#44;6407&#44;6408&#44;6409&#44;6410&#44;6412&#44;6413&#44;6414&#44;6415&#44;6417&#44;6418&#44;6419&#44;6420&#44;6421&#44;6422&#44;6423&#44;6424&#44;6425&#44;6426&#44;6427&#44;6428&#44;6429&#44;6430&#44;6431&#44;6432&#44;6433&#44;6434&#44;6435&#44;6436&#44;6437&#44;6439&#44;6440&#44;6441&#44;6443&#44;6444&#44;6445&#44;6448&#44;6449&#44;6450&#44;6452&#44;6453&#44;6454&#44;6455&#44;6456&#44;6457&#44;6458&#44;6460&#44;6461&#44;6462&#44;6463&#44;6464&#44;6471&#44;6472&#44;6474&#44;6479&#44;6482&#44;6485&#44;6487&#44;6489&#44;6501&#44;6502&#44;6503&#44;6505&#44;6506&#44;6507&#44;6509&#44;6510&#44;6512&#44;6514&#44;6517&#44;6518&#44;6520&#44;6521&#44;6524&#44;6527&#44;6528&#44;6533&#44;6535&#44;6536&#44;6539&#44;6540&#44;6543&#44;6547&#44;6549&#44;6556&#44;6562&#44;6565&#44;6567&#44;6568&#44;6569&#44;6570&#44;6571&#44;6572&#44;6573&#44;6575&#44;6581&#44;6582&#44;6604&#44;6605&#44;6606&#44;6608&#44;6609&#44;6610&#44;6612&#44;6613&#44;6614&#44;6615&#44;6616&#44;6617&#44;6619&#44;6620&#44;6621&#44;6622&#44;6624&#44;6626&#44;6628&#44;6630&#44;6631&#44;6632&#44;6633&#44;6634&#44;6635&#44;6636&#44;6637&#44;6643&#44;6644&#44;6646&#44;6650&#44;6651&#44;6652&#44;6653&#44;6655&#44;6657&#44;6658&#44;6659&#44;6660&#44;6661&#44;6662&#44;6663&#44;6664&#44;6666&#44;6667&#44;6670&#44;6671&#44;6672&#44;6673&#44;6674&#44;6675&#44;6676&#44;6677&#44;6678&#44;6679&#44;6680&#44;6682&#44;6683&#44;6684&#44;6685&#44;6686&#44;6689&#44;6690&#44;6692&#44;6693&#44;6779&#44;6781&#44;6867&#44;6976&#44;6979&#44;7189&#44;7658&#44;7676&#44;8102&#44;8104&#44;8106&#44;8107&#44;8111&#44;8112&#44;8114&#44;8115&#44;8116&#44;8117&#44;8119&#44;8120&#44;8123&#44;8125&#44;8126&#44;8128&#44;8129&#44;8130&#44;8132&#44;8133&#44;8134&#44;8135&#44;8136&#44;8138&#44;8139&#44;8141&#44;8142&#44;8144&#44;8145&#44;8146&#44;8147&#44;8149&#44;8150&#44;8151&#44;8152&#44;8153&#44;8155&#44;8156&#44;8157&#44;8158&#44;8160&#44;8161&#44;8162&#44;8163&#44;8164&#44;8165&#44;8166&#44;8167&#44;8168&#44;8169&#44;8172&#44;8173&#44;8174&#44;8175&#44;8176&#44;8177&#44;8180&#44;8181&#44;8182&#44;8183&#44;8184&#44;8185&#44;8186&#44;8188&#44;8189&#44;8190&#44;8191&#44;8192&#44;8193&#44;8194&#44;8196&#44;8197&#44;8201&#44;8202&#44;8203&#44;8205&#44;8207&#44;8208&#44;8209&#44;8210&#44;8211&#44;8213&#44;8215&#44;8218&#44;8219&#44;8220&#44;8221&#44;8222&#44;8223&#44;8224&#44;8225&#44;8226&#44;8227&#44;8228&#44;8236&#44;8237&#44;8238&#44;8239&#44;8241&#44;8242&#44;8243&#44;8244&#44;8245&#44;8246&#44;8247&#44;8248&#44;8250&#44;8251&#44;8252&#44;8253&#44;8254&#44;8256&#44;8257&#44;8259&#44;8261&#44;8262&#44;8263&#44;8264&#44;8265&#44;8266&#44;8267&#44;8268&#44;8269&#44;8270&#44;8271&#44;8272&#44;8273&#44;8274&#44;8275&#44;8276&#44;8277&#44;8278&#44;8279&#44;8280&#44;8281&#44;8282&#44;8283&#44;8284&#44;8285&#44;8286&#44;8287&#44;8288&#44;8289&#44;8290&#44;8291&#44;8292&#44;8293&#44;8294&#44;8295&#44;8296&#44;8297&#44;8298&#44;8299&#44;""",4/24/21,4/24/21,N
layouts,Beer,55,,2021,4/26/21,https://sams-csp.cld.samsclub.com/clubs/,/planograms/55,"""4109&#44;4702&#44;4703&#44;4704&#44;4707&#44;4709&#44;4710&#44;4711&#44;4712&#44;4713&#44;4718&#44;4720&#44;4721&#44;4722&#44;4724&#44;4728&#44;4729&#44;4730&#44;4731&#44;4732&#44;4735&#44;4736&#44;4738&#44;4739&#44;4740&#44;4741&#44;4742&#44;4743&#44;4745&#44;4749&#44;4750&#44;4755&#44;4761&#44;4763&#44;4764&#44;4767&#44;4768&#44;4769&#44;4770&#44;4771&#44;4772&#44;4774&#44;4775&#44;4776&#44;4777&#44;4778&#44;4780&#44;4781&#44;4782&#44;4783&#44;4784&#44;4785&#44;4786&#44;4787&#44;4789&#44;4790&#44;4791&#44;4794&#44;4795&#44;4797&#44;4798&#44;4799&#44;4801&#44;4802&#44;4804&#44;4805&#44;4808&#44;4815&#44;4816&#44;4817&#44;4818&#44;4819&#44;4820&#44;4822&#44;4824&#44;4825&#44;4828&#44;4829&#44;4830&#44;4831&#44;4836&#44;4837&#44;4839&#44;4840&#44;4843&#44;4846&#44;4847&#44;4850&#44;4851&#44;4852&#44;4853&#44;4855&#44;4857&#44;4859&#44;4860&#44;4861&#44;4866&#44;4870&#44;4871&#44;4872&#44;4873&#44;4874&#44;4875&#44;4876&#44;4878&#44;4879&#44;4901&#44;4905&#44;4906&#44;4908&#44;4911&#44;4914&#44;4915&#44;4917&#44;4920&#44;4925&#44;4926&#44;4930&#44;4933&#44;4936&#44;4938&#44;4939&#44;4942&#44;4944&#44;4946&#44;4947&#44;4948&#44;4950&#44;4952&#44;4955&#44;4958&#44;4961&#44;4962&#44;4963&#44;4969&#44;4972&#44;4973&#44;4974&#44;4982&#44;4983&#44;4985&#44;4987&#44;4989&#44;4990&#44;4991&#44;4992&#44;4994&#44;4996&#44;4998&#44;4999&#44;6181&#44;6188&#44;6189&#44;6201&#44;6202&#44;6203&#44;6204&#44;6205&#44;6212&#44;6213&#44;6216&#44;6217&#44;6218&#44;6219&#44;6220&#44;6225&#44;6228&#44;6235&#44;6236&#44;6238&#44;6239&#44;6240&#44;6242&#44;6244&#44;6245&#44;6246&#44;6247&#44;6249&#44;6251&#44;6252&#44;6254&#44;6255&#44;6256&#44;6257&#44;6259&#44;6260&#44;6261&#44;6262&#44;6265&#44;6267&#44;6269&#44;6270&#44;6275&#44;6302&#44;6304&#44;6305&#44;6307&#44;6308&#44;6309&#44;6310&#44;6311&#44;6312&#44;6313&#44;6314&#44;6315&#44;6317&#44;6319&#44;6320&#44;6321&#44;6322&#44;6324&#44;6325&#44;6326&#44;6327&#44;6328&#44;6329&#44;6330&#44;6331&#44;6332&#44;6333&#44;6334&#44;6335&#44;6336&#44;6338&#44;6339&#44;6341&#44;6342&#44;6343&#44;6344&#44;6345&#44;6347&#44;6348&#44;6349&#44;6350&#44;6351&#44;6352&#44;6353&#44;6354&#44;6355&#44;6356&#44;6357&#44;6358&#44;6359&#44;6360&#44;6361&#44;6363&#44;6364&#44;6365&#44;6366&#44;6367&#44;6368&#44;6369&#44;6371&#44;6372&#44;6373&#44;6375&#44;6376&#44;6377&#44;6378&#44;6379&#44;6380&#44;6381&#44;6382&#44;6383&#44;6384&#44;6385&#44;6386&#44;6387&#44;6388&#44;6401&#44;6402&#44;6403&#44;6404&#44;6405&#44;6406&#44;6407&#44;6408&#44;6409&#44;6410&#44;6412&#44;6413&#44;6414&#44;6415&#44;6417&#44;6418&#44;6419&#44;6420&#44;6421&#44;6422&#44;6423&#44;6424&#44;6425&#44;6426&#44;6427&#44;6428&#44;6429&#44;6430&#44;6431&#44;6432&#44;6433&#44;6434&#44;6435&#44;6436&#44;6437&#44;6439&#44;6440&#44;6441&#44;6443&#44;6444&#44;6445&#44;6448&#44;6449&#44;6450&#44;6452&#44;6453&#44;6454&#44;6455&#44;6456&#44;6457&#44;6458&#44;6460&#44;6461&#44;6462&#44;6463&#44;6464&#44;6471&#44;6472&#44;6474&#44;6479&#44;6482&#44;6485&#44;6487&#44;6489&#44;6501&#44;6502&#44;6503&#44;6505&#44;6506&#44;6507&#44;6509&#44;6510&#44;6512&#44;6514&#44;6517&#44;6518&#44;6520&#44;6521&#44;6524&#44;6527&#44;6528&#44;6533&#44;6535&#44;6536&#44;6539&#44;6540&#44;6543&#44;6547&#44;6549&#44;6556&#44;6562&#44;6565&#44;6567&#44;6568&#44;6569&#44;6570&#44;6571&#44;6572&#44;6573&#44;6575&#44;6581&#44;6582&#44;6604&#44;6605&#44;6606&#44;6608&#44;6609&#44;6610&#44;6612&#44;6613&#44;6614&#44;6615&#44;6616&#44;6617&#44;6619&#44;6620&#44;6621&#44;6622&#44;6624&#44;6626&#44;6628&#44;6630&#44;6631&#44;6632&#44;6633&#44;6634&#44;6635&#44;6636&#44;6637&#44;6643&#44;6644&#44;6646&#44;6650&#44;6651&#44;6652&#44;6653&#44;6655&#44;6657&#44;6658&#44;6659&#44;6660&#44;6661&#44;6662&#44;6663&#44;6664&#44;6666&#44;6667&#44;6670&#44;6671&#44;6672&#44;6673&#44;6674&#44;6675&#44;6676&#44;6677&#44;6678&#44;6679&#44;6680&#44;6682&#44;6683&#44;6684&#44;6685&#44;6686&#44;6689&#44;6690&#44;6692&#44;6693&#44;6779&#44;6781&#44;6867&#44;6976&#44;6979&#44;7189&#44;7658&#44;7676&#44;8102&#44;8104&#44;8106&#44;8107&#44;8111&#44;8112&#44;8114&#44;8115&#44;8116&#44;8117&#44;8119&#44;8120&#44;8123&#44;8125&#44;8126&#44;8128&#44;8129&#44;8130&#44;8132&#44;8133&#44;8134&#44;8135&#44;8136&#44;8138&#44;8139&#44;8141&#44;8142&#44;8144&#44;8145&#44;8146&#44;8147&#44;8149&#44;8150&#44;8151&#44;8152&#44;8153&#44;8155&#44;8156&#44;8157&#44;8158&#44;8160&#44;8161&#44;8162&#44;8163&#44;8164&#44;8165&#44;8166&#44;8167&#44;8168&#44;8169&#44;8172&#44;8173&#44;8174&#44;8175&#44;8176&#44;8177&#44;8180&#44;8181&#44;8182&#44;8183&#44;8184&#44;8185&#44;8186&#44;8188&#44;8189&#44;8190&#44;8191&#44;8192&#44;8193&#44;8194&#44;8196&#44;8197&#44;8201&#44;8202&#44;8203&#44;8205&#44;8207&#44;8208&#44;8209&#44;8210&#44;8211&#44;8213&#44;8215&#44;8218&#44;8219&#44;8220&#44;8221&#44;8222&#44;8223&#44;8224&#44;8225&#44;8226&#44;8227&#44;8228&#44;8236&#44;8237&#44;8238&#44;8239&#44;8241&#44;8242&#44;8243&#44;8244&#44;8245&#44;8246&#44;8247&#44;8248&#44;8250&#44;8251&#44;8252&#44;8253&#44;8254&#44;8256&#44;8257&#44;8259&#44;8261&#44;8262&#44;8263&#44;8264&#44;8265&#44;8266&#44;8267&#44;8268&#44;8269&#44;8270&#44;8271&#44;8272&#44;8273&#44;8274&#44;8275&#44;8276&#44;8277&#44;8278&#44;8279&#44;8280&#44;8281&#44;8282&#44;8283&#44;8284&#44;8285&#44;8286&#44;8287&#44;8288&#44;8289&#44;8290&#44;8291&#44;8292&#44;8293&#44;8294&#44;8295&#44;8296&#44;8297&#44;8298&#44;8299&#44;""",4/24/21,4/24/21,N
layouts,Gift Cards,69,,2021,4/26/21,https://sams-csp.cld.samsclub.com/clubs/,/planograms/69,"""4109&#44;4702&#44;4703&#44;4704&#44;4707&#44;4709&#44;4710&#44;4711&#44;4712&#44;4713&#44;4718&#44;4720&#44;4721&#44;4722&#44;4724&#44;4728&#44;4729&#44;4730&#44;4731&#44;4732&#44;4735&#44;4736&#44;4738&#44;4739&#44;4740&#44;4741&#44;4742&#44;4743&#44;4745&#44;4749&#44;4750&#44;4755&#44;4761&#44;4763&#44;4764&#44;4767&#44;4768&#44;4769&#44;4770&#44;4771&#44;4772&#44;4774&#44;4775&#44;4776&#44;4777&#44;4778&#44;4780&#44;4781&#44;4782&#44;4783&#44;4784&#44;4785&#44;4786&#44;4787&#44;4789&#44;4790&#44;4791&#44;4794&#44;4795&#44;4797&#44;4798&#44;4799&#44;4801&#44;4802&#44;4804&#44;4805&#44;4808&#44;4815&#44;4816&#44;4817&#44;4818&#44;4819&#44;4820&#44;4822&#44;4824&#44;4825&#44;4828&#44;4829&#44;4830&#44;4831&#44;4836&#44;4837&#44;4839&#44;4840&#44;4843&#44;4846&#44;4847&#44;4850&#44;4851&#44;4852&#44;4853&#44;4855&#44;4857&#44;4859&#44;4860&#44;4861&#44;4866&#44;4870&#44;4871&#44;4872&#44;4873&#44;4874&#44;4875&#44;4876&#44;4878&#44;4879&#44;4901&#44;4905&#44;4906&#44;4908&#44;4911&#44;4914&#44;4915&#44;4917&#44;4920&#44;4925&#44;4926&#44;4930&#44;4933&#44;4936&#44;4938&#44;4939&#44;4942&#44;4944&#44;4946&#44;4947&#44;4948&#44;4950&#44;4952&#44;4955&#44;4958&#44;4961&#44;4962&#44;4963&#44;4969&#44;4972&#44;4973&#44;4974&#44;4982&#44;4983&#44;4985&#44;4987&#44;4989&#44;4990&#44;4991&#44;4992&#44;4994&#44;4996&#44;4998&#44;4999&#44;6181&#44;6188&#44;6189&#44;6201&#44;6202&#44;6203&#44;6204&#44;6205&#44;6212&#44;6213&#44;6216&#44;6217&#44;6218&#44;6219&#44;6220&#44;6225&#44;6228&#44;6235&#44;6236&#44;6238&#44;6239&#44;6240&#44;6242&#44;6244&#44;6245&#44;6246&#44;6247&#44;6249&#44;6251&#44;6252&#44;6254&#44;6255&#44;6256&#44;6257&#44;6259&#44;6260&#44;6261&#44;6262&#44;6265&#44;6267&#44;6269&#44;6270&#44;6275&#44;6302&#44;6304&#44;6305&#44;6307&#44;6308&#44;6309&#44;6310&#44;6311&#44;6312&#44;6313&#44;6314&#44;6315&#44;6317&#44;6319&#44;6320&#44;6321&#44;6322&#44;6324&#44;6325&#44;6326&#44;6327&#44;6328&#44;6329&#44;6330&#44;6331&#44;6332&#44;6333&#44;6334&#44;6335&#44;6336&#44;6338&#44;6339&#44;6341&#44;6342&#44;6343&#44;6344&#44;6345&#44;6347&#44;6348&#44;6349&#44;6350&#44;6351&#44;6352&#44;6353&#44;6354&#44;6355&#44;6356&#44;6357&#44;6358&#44;6359&#44;6360&#44;6361&#44;6363&#44;6364&#44;6365&#44;6366&#44;6367&#44;6368&#44;6369&#44;6371&#44;6372&#44;6373&#44;6375&#44;6376&#44;6377&#44;6378&#44;6379&#44;6380&#44;6381&#44;6382&#44;6383&#44;6384&#44;6385&#44;6386&#44;6387&#44;6388&#44;6401&#44;6402&#44;6403&#44;6404&#44;6405&#44;6406&#44;6407&#44;6408&#44;6409&#44;6410&#44;6412&#44;6413&#44;6414&#44;6415&#44;6417&#44;6418&#44;6419&#44;6420&#44;6421&#44;6422&#44;6423&#44;6424&#44;6425&#44;6426&#44;6427&#44;6428&#44;6429&#44;6430&#44;6431&#44;6432&#44;6433&#44;6434&#44;6435&#44;6436&#44;6437&#44;6439&#44;6440&#44;6441&#44;6443&#44;6444&#44;6445&#44;6448&#44;6449&#44;6450&#44;6452&#44;6453&#44;6454&#44;6455&#44;6456&#44;6457&#44;6458&#44;6460&#44;6461&#44;6462&#44;6463&#44;6464&#44;6471&#44;6472&#44;6474&#44;6479&#44;6482&#44;6485&#44;6487&#44;6489&#44;6501&#44;6502&#44;6503&#44;6505&#44;6506&#44;6507&#44;6509&#44;6510&#44;6512&#44;6514&#44;6517&#44;6518&#44;6520&#44;6521&#44;6524&#44;6527&#44;6528&#44;6533&#44;6535&#44;6536&#44;6539&#44;6540&#44;6543&#44;6547&#44;6549&#44;6556&#44;6562&#44;6565&#44;6567&#44;6568&#44;6569&#44;6570&#44;6571&#44;6572&#44;6573&#44;6575&#44;6581&#44;6582&#44;6604&#44;6605&#44;6606&#44;6608&#44;6609&#44;6610&#44;6612&#44;6613&#44;6614&#44;6615&#44;6616&#44;6617&#44;6619&#44;6620&#44;6621&#44;6622&#44;6624&#44;6626&#44;6628&#44;6630&#44;6631&#44;6632&#44;6633&#44;6634&#44;6635&#44;6636&#44;6637&#44;6643&#44;6644&#44;6646&#44;6650&#44;6651&#44;6652&#44;6653&#44;6655&#44;6657&#44;6658&#44;6659&#44;6660&#44;6661&#44;6662&#44;6663&#44;6664&#44;6666&#44;6667&#44;6670&#44;6671&#44;6672&#44;6673&#44;6674&#44;6675&#44;6676&#44;6677&#44;6678&#44;6679&#44;6680&#44;6682&#44;6683&#44;6684&#44;6685&#44;6686&#44;6689&#44;6690&#44;6692&#44;6693&#44;6779&#44;6781&#44;6867&#44;6976&#44;6979&#44;7189&#44;7658&#44;7676&#44;8102&#44;8104&#44;8106&#44;8107&#44;8111&#44;8112&#44;8114&#44;8115&#44;8116&#44;8117&#44;8119&#44;8120&#44;8123&#44;8125&#44;8126&#44;8128&#44;8129&#44;8130&#44;8132&#44;8133&#44;8134&#44;8135&#44;8136&#44;8138&#44;8139&#44;8141&#44;8142&#44;8144&#44;8145&#44;8146&#44;8147&#44;8149&#44;8150&#44;8151&#44;8152&#44;8153&#44;8155&#44;8156&#44;8157&#44;8158&#44;8160&#44;8161&#44;8162&#44;8163&#44;8164&#44;8165&#44;8166&#44;8167&#44;8168&#44;8169&#44;8172&#44;8173&#44;8174&#44;8175&#44;8176&#44;8177&#44;8180&#44;8181&#44;8182&#44;8183&#44;8184&#44;8185&#44;8186&#44;8188&#44;8189&#44;8190&#44;8191&#44;8192&#44;8193&#44;8194&#44;8196&#44;8197&#44;8201&#44;8202&#44;8203&#44;8205&#44;8207&#44;8208&#44;8209&#44;8210&#44;8211&#44;8213&#44;8215&#44;8218&#44;8219&#44;8220&#44;8221&#44;8222&#44;8223&#44;8224&#44;8225&#44;8226&#44;8227&#44;8228&#44;8236&#44;8237&#44;8238&#44;8239&#44;8241&#44;8242&#44;8243&#44;8244&#44;8245&#44;8246&#44;8247&#44;8248&#44;8250&#44;8251&#44;8252&#44;8253&#44;8254&#44;8256&#44;8257&#44;8259&#44;8261&#44;8262&#44;8263&#44;8264&#44;8265&#44;8266&#44;8267&#44;8268&#44;8269&#44;8270&#44;8271&#44;8272&#44;8273&#44;8274&#44;8275&#44;8276&#44;8277&#44;8278&#44;8279&#44;8280&#44;8281&#44;8282&#44;8283&#44;8284&#44;8285&#44;8286&#44;8287&#44;8288&#44;8289&#44;8290&#44;8291&#44;8292&#44;8293&#44;8294&#44;8295&#44;8296&#44;8297&#44;8298&#44;8299&#44;""",4/24/21,4/24/21,N
layouts,Coolers,42-2,,2021,4/26/21,1-NewFolderStructure/C042_Coolers/C42_Effective_04262021_Planogram_Updated_04232021_2/,_C42_Effective_04262021_Planogram_Updated_04232021.pdf,"""4718&#44;4805&#44;4987&#44;""",5/4/21,4/30/21,N
layouts,Meat and Seafood,"""72&#44;76&#44;93""",,2021,5/3/21,1-NewFolderStructure/C076_C072_C093_Fresh_Meat_Seafood/C72_C76_C93_Effective_05032021_Planogram_Updated_04162021/,_C72_C76_C93_Effective_05032021_Planogram_Updated_04162021.pdf,"""4109&#44;4702&#44;4703&#44;4704&#44;4707&#44;4709&#44;4710&#44;4711&#44;4712&#44;4713&#44;4718&#44;4720&#44;4721&#44;4722&#44;4724&#44;4728&#44;4729&#44;4730&#44;4731&#44;4732&#44;4735&#44;4736&#44;4738&#44;4739&#44;4740&#44;4741&#44;4742&#44;4743&#44;4745&#44;4749&#44;4750&#44;4755&#44;4761&#44;4763&#44;4764&#44;4767&#44;4768&#44;4769&#44;4770&#44;4771&#44;4772&#44;4774&#44;4775&#44;4776&#44;4777&#44;4778&#44;4780&#44;4781&#44;4782&#44;4783&#44;4784&#44;4785&#44;4786&#44;4787&#44;4789&#44;4790&#44;4791&#44;4794&#44;4795&#44;4797&#44;4798&#44;4799&#44;4801&#44;4802&#44;4804&#44;4805&#44;4808&#44;4815&#44;4816&#44;4817&#44;4818&#44;4819&#44;4820&#44;4822&#44;4824&#44;4825&#44;4828&#44;4829&#44;4830&#44;4831&#44;4836&#44;4837&#44;4839&#44;4840&#44;4843&#44;4846&#44;4847&#44;4850&#44;4851&#44;4852&#44;4853&#44;4855&#44;4857&#44;4859&#44;4860&#44;4861&#44;4870&#44;4871&#44;4872&#44;4873&#44;4874&#44;4875&#44;4876&#44;4878&#44;4879&#44;4901&#44;4905&#44;4906&#44;4908&#44;4911&#44;4914&#44;4915&#44;4917&#44;4920&#44;4925&#44;4926&#44;4930&#44;4933&#44;4936&#44;4938&#44;4939&#44;4942&#44;4944&#44;4946&#44;4947&#44;4948&#44;4950&#44;4952&#44;4958&#44;4961&#44;4962&#44;4963&#44;4969&#44;4972&#44;4973&#44;4974&#44;4982&#44;4983&#44;4985&#44;4987&#44;4989&#44;4990&#44;4991&#44;4992&#44;4994&#44;4996&#44;4998&#44;4999&#44;6181&#44;6188&#44;6189&#44;6201&#44;6202&#44;6203&#44;6204&#44;6205&#44;6212&#44;6213&#44;6216&#44;6217&#44;6218&#44;6219&#44;6220&#44;6228&#44;6235&#44;6236&#44;6238&#44;6239&#44;6240&#44;6242&#44;6244&#44;6245&#44;6246&#44;6247&#44;6249&#44;6251&#44;6252&#44;6254&#44;6255&#44;6256&#44;6257&#44;6259&#44;6260&#44;6261&#44;6262&#44;6265&#44;6267&#44;6269&#44;6275&#44;6302&#44;6304&#44;6305&#44;6307&#44;6308&#44;6309&#44;6310&#44;6311&#44;6313&#44;6314&#44;6315&#44;6317&#44;6319&#44;6320&#44;6321&#44;6322&#44;6324&#44;6325&#44;6326&#44;6327&#44;6328&#44;6329&#44;6330&#44;6331&#44;6332&#44;6333&#44;6334&#44;6335&#44;6336&#44;6338&#44;6339&#44;6341&#44;6342&#44;6343&#44;6344&#44;6345&#44;6347&#44;6348&#44;6349&#44;6350&#44;6351&#44;6352&#44;6353&#44;6354&#44;6355&#44;6356&#44;6357&#44;6358&#44;6359&#44;6360&#44;6361&#44;6363&#44;6364&#44;6365&#44;6366&#44;6367&#44;6368&#44;6369&#44;6371&#44;6372&#44;6373&#44;6375&#44;6376&#44;6377&#44;6378&#44;6379&#44;6380&#44;6381&#44;6382&#44;6383&#44;6384&#44;6385&#44;6386&#44;6387&#44;6388&#44;6401&#44;6402&#44;6403&#44;6404&#44;6405&#44;6406&#44;6407&#44;6408&#44;6409&#44;6410&#44;6412&#44;6413&#44;6414&#44;6415&#44;6417&#44;6418&#44;6419&#44;6420&#44;6421&#44;6422&#44;6423&#44;6424&#44;6425&#44;6426&#44;6427&#44;6428&#44;6429&#44;6430&#44;6431&#44;6432&#44;6433&#44;6434&#44;6435&#44;6436&#44;6437&#44;6439&#44;6440&#44;6441&#44;6443&#44;6444&#44;6445&#44;6448&#44;6449&#44;6450&#44;6452&#44;6453&#44;6454&#44;6455&#44;6456&#44;6457&#44;6458&#44;6460&#44;6461&#44;6462&#44;6463&#44;6464&#44;6471&#44;6472&#44;6474&#44;6479&#44;6482&#44;6485&#44;6487&#44;6489&#44;6501&#44;6502&#44;6503&#44;6505&#44;6506&#44;6507&#44;6509&#44;6510&#44;6512&#44;6514&#44;6517&#44;6518&#44;6520&#44;6521&#44;6524&#44;6527&#44;6528&#44;6533&#44;6535&#44;6536&#44;6539&#44;6540&#44;6547&#44;6549&#44;6556&#44;6562&#44;6565&#44;6567&#44;6568&#44;6569&#44;6570&#44;6571&#44;6572&#44;6573&#44;6575&#44;6581&#44;6582&#44;6604&#44;6605&#44;6606&#44;6608&#44;6609&#44;6610&#44;6612&#44;6613&#44;6614&#44;6615&#44;6616&#44;6617&#44;6619&#44;6620&#44;6621&#44;6622&#44;6624&#44;6626&#44;6628&#44;6630&#44;6631&#44;6632&#44;6633&#44;6634&#44;6635&#44;6636&#44;6637&#44;6643&#44;6644&#44;6646&#44;6650&#44;6651&#44;6652&#44;6653&#44;6655&#44;6657&#44;6658&#44;6659&#44;6660&#44;6661&#44;6662&#44;6663&#44;6664&#44;6666&#44;6667&#44;6670&#44;6671&#44;6672&#44;6673&#44;6674&#44;6675&#44;6676&#44;6677&#44;6678&#44;6679&#44;6682&#44;6683&#44;6684&#44;6685&#44;6686&#44;6692&#44;6693&#44;6779&#44;6781&#44;6867&#44;6976&#44;6979&#44;7189&#44;7658&#44;7676&#44;8102&#44;8104&#44;8106&#44;8107&#44;8111&#44;8112&#44;8114&#44;8115&#44;8116&#44;8117&#44;8119&#44;8120&#44;8123&#44;8125&#44;8126&#44;8128&#44;8129&#44;8130&#44;8132&#44;8133&#44;8134&#44;8135&#44;8136&#44;8138&#44;8139&#44;8141&#44;8142&#44;8144&#44;8145&#44;8146&#44;8147&#44;8149&#44;8150&#44;8151&#44;8152&#44;8153&#44;8155&#44;8156&#44;8157&#44;8158&#44;8160&#44;8161&#44;8162&#44;8163&#44;8164&#44;8165&#44;8166&#44;8167&#44;8168&#44;8169&#44;8172&#44;8173&#44;8174&#44;8175&#44;8176&#44;8177&#44;8180&#44;8181&#44;8182&#44;8183&#44;8184&#44;8185&#44;8186&#44;8188&#44;8189&#44;8190&#44;8191&#44;8192&#44;8193&#44;8194&#44;8196&#44;8197&#44;8201&#44;8202&#44;8203&#44;8205&#44;8207&#44;8208&#44;8209&#44;8210&#44;8211&#44;8213&#44;8215&#44;8218&#44;8219&#44;8220&#44;8221&#44;8222&#44;8223&#44;8224&#44;8225&#44;8226&#44;8227&#44;8228&#44;8236&#44;8237&#44;8238&#44;8239&#44;8241&#44;8242&#44;8243&#44;8244&#44;8245&#44;8246&#44;8247&#44;8248&#44;8250&#44;8251&#44;8252&#44;8253&#44;8254&#44;8256&#44;8257&#44;8259&#44;8261&#44;8262&#44;8263&#44;8264&#44;8265&#44;8266&#44;8267&#44;8268&#44;8269&#44;8270&#44;8271&#44;8272&#44;8273&#44;8274&#44;8275&#44;8276&#44;8277&#44;8278&#44;8279&#44;8280&#44;8281&#44;8282&#44;8283&#44;8284&#44;8285&#44;8286&#44;8287&#44;8288&#44;8289&#44;8290&#44;8291&#44;8292&#44;8293&#44;8294&#44;8295&#44;8296&#44;8297&#44;8298&#44;8299&#44;""",4/21/21,4/16/21,N
layouts,Bakery Tables,"""37&#44;77""",,2021,5/3/21,1-NewFolderStructure/C037_C077_Bakery_Tables/C37_77_Bakery_Tables_Effective_050321/,_C37_77_Bakery_Tables_Effective_005032021_Updated_04232021.pdf,"""4109&#44;4702&#44;4703&#44;4704&#44;4707&#44;4709&#44;4710&#44;4711&#44;4712&#44;4713&#44;4718&#44;4720&#44;4721&#44;4722&#44;4724&#44;4728&#44;4729&#44;4730&#44;4731&#44;4732&#44;4735&#44;4736&#44;4738&#44;4739&#44;4740&#44;4741&#44;4742&#44;4743&#44;4745&#44;4749&#44;4750&#44;4755&#44;4761&#44;4763&#44;4764&#44;4767&#44;4768&#44;4769&#44;4770&#44;4771&#44;4772&#44;4774&#44;4775&#44;4776&#44;4777&#44;4778&#44;4780&#44;4781&#44;4782&#44;4783&#44;4784&#44;4785&#44;4786&#44;4787&#44;4789&#44;4790&#44;4791&#44;4794&#44;4795&#44;4797&#44;4798&#44;4799&#44;4801&#44;4802&#44;4804&#44;4805&#44;4808&#44;4815&#44;4816&#44;4817&#44;4818&#44;4819&#44;4820&#44;4822&#44;4824&#44;4825&#44;4828&#44;4829&#44;4830&#44;4831&#44;4836&#44;4837&#44;4839&#44;4840&#44;4843&#44;4846&#44;4847&#44;4850&#44;4851&#44;4852&#44;4853&#44;4855&#44;4857&#44;4859&#44;4860&#44;4861&#44;4866&#44;4870&#44;4872&#44;4873&#44;4874&#44;4875&#44;4876&#44;4878&#44;4879&#44;4901&#44;4905&#44;4906&#44;4911&#44;4914&#44;4915&#44;4917&#44;4920&#44;4925&#44;4926&#44;4933&#44;4936&#44;4938&#44;4939&#44;4942&#44;4944&#44;4946&#44;4947&#44;4948&#44;4950&#44;4952&#44;4955&#44;4958&#44;4961&#44;4962&#44;4963&#44;4969&#44;4972&#44;4973&#44;4974&#44;4982&#44;4983&#44;4985&#44;4987&#44;4989&#44;4990&#44;4991&#44;4992&#44;4994&#44;4996&#44;4998&#44;4999&#44;6181&#44;6188&#44;6189&#44;6201&#44;6202&#44;6203&#44;6204&#44;6205&#44;6212&#44;6213&#44;6216&#44;6217&#44;6218&#44;6219&#44;6220&#44;6225&#44;6228&#44;6235&#44;6236&#44;6238&#44;6239&#44;6240&#44;6242&#44;6244&#44;6245&#44;6246&#44;6247&#44;6249&#44;6251&#44;6252&#44;6254&#44;6255&#44;6256&#44;6257&#44;6259&#44;6260&#44;6261&#44;6262&#44;6265&#44;6267&#44;6269&#44;6270&#44;6275&#44;6302&#44;6304&#44;6305&#44;6307&#44;6308&#44;6309&#44;6310&#44;6311&#44;6312&#44;6313&#44;6314&#44;6315&#44;6317&#44;6319&#44;6320&#44;6321&#44;6322&#44;6324&#44;6325&#44;6326&#44;6327&#44;6328&#44;6329&#44;6330&#44;6331&#44;6332&#44;6333&#44;6334&#44;6335&#44;6336&#44;6338&#44;6339&#44;6341&#44;6342&#44;6343&#44;6344&#44;6345&#44;6347&#44;6348&#44;6349&#44;6350&#44;6351&#44;6352&#44;6353&#44;6354&#44;6355&#44;6356&#44;6357&#44;6358&#44;6359&#44;6360&#44;6361&#44;6363&#44;6364&#44;6365&#44;6366&#44;6367&#44;6368&#44;6369&#44;6371&#44;6372&#44;6373&#44;6375&#44;6376&#44;6378&#44;6379&#44;6380&#44;6381&#44;6382&#44;6383&#44;6384&#44;6385&#44;6386&#44;6387&#44;6388&#44;6401&#44;6402&#44;6403&#44;6404&#44;6405&#44;6406&#44;6407&#44;6408&#44;6409&#44;6410&#44;6412&#44;6413&#44;6414&#44;6415&#44;6418&#44;6419&#44;6420&#44;6421&#44;6422&#44;6423&#44;6425&#44;6426&#44;6427&#44;6428&#44;6429&#44;6430&#44;6431&#44;6433&#44;6434&#44;6435&#44;6436&#44;6437&#44;6439&#44;6440&#44;6441&#44;6443&#44;6444&#44;6445&#44;6448&#44;6449&#44;6450&#44;6452&#44;6453&#44;6454&#44;6455&#44;6456&#44;6457&#44;6458&#44;6460&#44;6462&#44;6463&#44;6464&#44;6472&#44;6474&#44;6479&#44;6482&#44;6485&#44;6487&#44;6489&#44;6501&#44;6502&#44;6503&#44;6505&#44;6506&#44;6507&#44;6509&#44;6512&#44;6517&#44;6518&#44;6520&#44;6521&#44;6524&#44;6527&#44;6528&#44;6535&#44;6536&#44;6539&#44;6540&#44;6543&#44;6547&#44;6549&#44;6562&#44;6565&#44;6569&#44;6570&#44;6571&#44;6572&#44;6573&#44;6575&#44;6581&#44;6582&#44;6604&#44;6605&#44;6606&#44;6608&#44;6609&#44;6610&#44;6612&#44;6613&#44;6614&#44;6615&#44;6616&#44;6617&#44;6619&#44;6620&#44;6621&#44;6622&#44;6624&#44;6626&#44;6628&#44;6630&#44;6631&#44;6632&#44;6633&#44;6634&#44;6635&#44;6636&#44;6637&#44;6643&#44;6644&#44;6646&#44;6650&#44;6651&#44;6652&#44;6653&#44;6655&#44;6657&#44;6658&#44;6659&#44;6660&#44;6661&#44;6662&#44;6663&#44;6664&#44;6666&#44;6667&#44;6670&#44;6671&#44;6672&#44;6673&#44;6674&#44;6675&#44;6676&#44;6677&#44;6678&#44;6679&#44;6680&#44;6682&#44;6683&#44;6684&#44;6685&#44;6686&#44;6689&#44;6690&#44;6692&#44;6693&#44;6779&#44;6781&#44;6867&#44;6976&#44;6979&#44;7189&#44;7658&#44;7676&#44;8102&#44;8104&#44;8106&#44;8107&#44;8111&#44;8112&#44;8114&#44;8115&#44;8116&#44;8117&#44;8119&#44;8120&#44;8123&#44;8125&#44;8126&#44;8128&#44;8129&#44;8130&#44;8132&#44;8133&#44;8134&#44;8135&#44;8136&#44;8138&#44;8139&#44;8141&#44;8142&#44;8144&#44;8145&#44;8146&#44;8147&#44;8149&#44;8150&#44;8151&#44;8152&#44;8153&#44;8155&#44;8156&#44;8157&#44;8158&#44;8160&#44;8161&#44;8162&#44;8163&#44;8164&#44;8165&#44;8166&#44;8167&#44;8168&#44;8169&#44;8172&#44;8173&#44;8174&#44;8175&#44;8176&#44;8177&#44;8181&#44;8182&#44;8183&#44;8184&#44;8185&#44;8186&#44;8188&#44;8189&#44;8190&#44;8191&#44;8192&#44;8193&#44;8194&#44;8196&#44;8197&#44;8201&#44;8202&#44;8203&#44;8205&#44;8207&#44;8208&#44;8209&#44;8210&#44;8211&#44;8213&#44;8215&#44;8218&#44;8219&#44;8220&#44;8221&#44;8222&#44;8223&#44;8224&#44;8225&#44;8226&#44;8227&#44;8228&#44;8236&#44;8237&#44;8238&#44;8239&#44;8241&#44;8242&#44;8243&#44;8244&#44;8245&#44;8246&#44;8247&#44;8248&#44;8250&#44;8251&#44;8252&#44;8253&#44;8254&#44;8256&#44;8257&#44;8259&#44;8261&#44;8262&#44;8263&#44;8264&#44;8265&#44;8266&#44;8267&#44;8268&#44;8269&#44;8270&#44;8271&#44;8272&#44;8273&#44;8274&#44;8275&#44;8276&#44;8277&#44;8278&#44;8279&#44;8280&#44;8281&#44;8282&#44;8283&#44;8284&#44;8285&#44;8286&#44;8287&#44;8288&#44;8289&#44;8290&#44;8291&#44;8292&#44;8293&#44;8294&#44;8295&#44;8296&#44;8297&#44;8298&#44;8299&#44;""",4/29/21,4/23/21,N
layouts,Bakery Dessert,"""37-2&#44;77-2""",,2021,5/3/21,1-NewFolderStructure/C037_C077_Bakery_Dessert/C37_77_Bakery_Dessert_Effective_050321/,_C77_C37_Effective_05032021_Updated_04232021.pdf,"""4109&#44;4702&#44;4703&#44;4704&#44;4707&#44;4709&#44;4710&#44;4711&#44;4712&#44;4713&#44;4718&#44;4720&#44;4721&#44;4722&#44;4724&#44;4728&#44;4729&#44;4730&#44;4731&#44;4732&#44;4735&#44;4736&#44;4738&#44;4739&#44;4740&#44;4741&#44;4742&#44;4743&#44;4745&#44;4749&#44;4750&#44;4755&#44;4761&#44;4763&#44;4764&#44;4767&#44;4768&#44;4769&#44;4770&#44;4771&#44;4772&#44;4774&#44;4775&#44;4776&#44;4777&#44;4778&#44;4780&#44;4781&#44;4782&#44;4783&#44;4784&#44;4785&#44;4786&#44;4787&#44;4789&#44;4790&#44;4791&#44;4794&#44;4795&#44;4797&#44;4798&#44;4799&#44;4801&#44;4802&#44;4804&#44;4805&#44;4808&#44;4815&#44;4816&#44;4817&#44;4818&#44;4819&#44;4820&#44;4822&#44;4824&#44;4825&#44;4828&#44;4829&#44;4830&#44;4831&#44;4836&#44;4837&#44;4839&#44;4840&#44;4843&#44;4846&#44;4847&#44;4850&#44;4851&#44;4852&#44;4853&#44;4855&#44;4857&#44;4859&#44;4860&#44;4861&#44;4866&#44;4870&#44;4872&#44;4873&#44;4874&#44;4875&#44;4876&#44;4878&#44;4879&#44;4901&#44;4905&#44;4906&#44;4911&#44;4914&#44;4915&#44;4917&#44;4920&#44;4925&#44;4926&#44;4933&#44;4936&#44;4938&#44;4939&#44;4942&#44;4944&#44;4946&#44;4947&#44;4948&#44;4950&#44;4952&#44;4955&#44;4958&#44;4961&#44;4962&#44;4963&#44;4969&#44;4972&#44;4973&#44;4974&#44;4982&#44;4983&#44;4985&#44;4987&#44;4989&#44;4990&#44;4991&#44;4992&#44;4994&#44;4996&#44;4998&#44;4999&#44;6181&#44;6188&#44;6189&#44;6201&#44;6202&#44;6203&#44;6204&#44;6205&#44;6212&#44;6213&#44;6216&#44;6217&#44;6218&#44;6219&#44;6220&#44;6225&#44;6228&#44;6235&#44;6236&#44;6238&#44;6239&#44;6240&#44;6242&#44;6244&#44;6245&#44;6246&#44;6247&#44;6249&#44;6251&#44;6252&#44;6254&#44;6255&#44;6256&#44;6257&#44;6259&#44;6260&#44;6261&#44;6262&#44;6265&#44;6267&#44;6269&#44;6270&#44;6275&#44;6302&#44;6304&#44;6305&#44;6307&#44;6308&#44;6309&#44;6310&#44;6311&#44;6312&#44;6313&#44;6314&#44;6315&#44;6317&#44;6319&#44;6320&#44;6321&#44;6322&#44;6324&#44;6325&#44;6326&#44;6327&#44;6328&#44;6329&#44;6330&#44;6331&#44;6332&#44;6333&#44;6334&#44;6335&#44;6336&#44;6338&#44;6339&#44;6341&#44;6342&#44;6343&#44;6344&#44;6345&#44;6347&#44;6348&#44;6349&#44;6350&#44;6351&#44;6352&#44;6353&#44;6354&#44;6355&#44;6356&#44;6357&#44;6358&#44;6359&#44;6360&#44;6361&#44;6363&#44;6364&#44;6365&#44;6366&#44;6367&#44;6368&#44;6369&#44;6371&#44;6372&#44;6373&#44;6375&#44;6376&#44;6378&#44;6379&#44;6380&#44;6381&#44;6382&#44;6383&#44;6384&#44;6386&#44;6387&#44;6388&#44;6401&#44;6402&#44;6403&#44;6404&#44;6405&#44;6406&#44;6407&#44;6408&#44;6409&#44;6410&#44;6412&#44;6413&#44;6414&#44;6415&#44;6418&#44;6419&#44;6420&#44;6421&#44;6422&#44;6423&#44;6425&#44;6426&#44;6427&#44;6428&#44;6429&#44;6431&#44;6433&#44;6434&#44;6435&#44;6436&#44;6437&#44;6439&#44;6440&#44;6441&#44;6443&#44;6444&#44;6445&#44;6448&#44;6449&#44;6450&#44;6452&#44;6453&#44;6454&#44;6455&#44;6456&#44;6457&#44;6458&#44;6460&#44;6462&#44;6463&#44;6464&#44;6472&#44;6474&#44;6479&#44;6482&#44;6485&#44;6487&#44;6489&#44;6501&#44;6502&#44;6503&#44;6505&#44;6506&#44;6507&#44;6509&#44;6512&#44;6517&#44;6518&#44;6520&#44;6521&#44;6524&#44;6527&#44;6528&#44;6535&#44;6536&#44;6539&#44;6543&#44;6547&#44;6549&#44;6562&#44;6565&#44;6569&#44;6570&#44;6571&#44;6572&#44;6573&#44;6575&#44;6581&#44;6582&#44;6604&#44;6605&#44;6606&#44;6608&#44;6609&#44;6610&#44;6612&#44;6613&#44;6614&#44;6615&#44;6616&#44;6617&#44;6619&#44;6620&#44;6621&#44;6622&#44;6624&#44;6626&#44;6628&#44;6630&#44;6631&#44;6632&#44;6633&#44;6634&#44;6635&#44;6636&#44;6637&#44;6643&#44;6644&#44;6646&#44;6650&#44;6651&#44;6652&#44;6653&#44;6655&#44;6657&#44;6658&#44;6659&#44;6660&#44;6661&#44;6662&#44;6663&#44;6664&#44;6666&#44;6667&#44;6670&#44;6671&#44;6672&#44;6673&#44;6674&#44;6675&#44;6676&#44;6677&#44;6678&#44;6679&#44;6680&#44;6682&#44;6683&#44;6684&#44;6685&#44;6686&#44;6689&#44;6690&#44;6692&#44;6693&#44;6779&#44;6781&#44;6867&#44;6976&#44;6979&#44;7189&#44;7658&#44;7676&#44;8102&#44;8104&#44;8106&#44;8107&#44;8111&#44;8112&#44;8114&#44;8115&#44;8116&#44;8117&#44;8119&#44;8120&#44;8123&#44;8125&#44;8126&#44;8128&#44;8129&#44;8130&#44;8132&#44;8133&#44;8134&#44;8135&#44;8136&#44;8138&#44;8139&#44;8141&#44;8142&#44;8144&#44;8145&#44;8146&#44;8147&#44;8149&#44;8150&#44;8151&#44;8152&#44;8153&#44;8155&#44;8156&#44;8157&#44;8158&#44;8160&#44;8161&#44;8162&#44;8163&#44;8164&#44;8165&#44;8166&#44;8167&#44;8168&#44;8169&#44;8172&#44;8173&#44;8174&#44;8175&#44;8176&#44;8177&#44;8181&#44;8182&#44;8183&#44;8184&#44;8185&#44;8186&#44;8188&#44;8190&#44;8191&#44;8192&#44;8193&#44;8194&#44;8196&#44;8197&#44;8201&#44;8202&#44;8203&#44;8205&#44;8207&#44;8208&#44;8209&#44;8210&#44;8211&#44;8213&#44;8215&#44;8218&#44;8219&#44;8220&#44;8221&#44;8222&#44;8223&#44;8224&#44;8225&#44;8226&#44;8227&#44;8228&#44;8236&#44;8237&#44;8238&#44;8239&#44;8241&#44;8242&#44;8243&#44;8244&#44;8245&#44;8246&#44;8247&#44;8248&#44;8250&#44;8251&#44;8252&#44;8253&#44;8254&#44;8256&#44;8257&#44;8259&#44;8261&#44;8262&#44;8263&#44;8264&#44;8265&#44;8266&#44;8267&#44;8268&#44;8269&#44;8270&#44;8271&#44;8272&#44;8273&#44;8274&#44;8275&#44;8276&#44;8277&#44;8278&#44;8279&#44;8280&#44;8281&#44;8282&#44;8283&#44;8284&#44;8285&#44;8286&#44;8287&#44;8288&#44;8289&#44;8290&#44;8291&#44;8292&#44;8293&#44;8294&#44;8295&#44;8296&#44;8297&#44;8298&#44;8299&#44;""",4/29/21,4/23/21,N
layouts,Cake Case,"""37-3&#44;77-3""",,2021,5/3/21,1-NewFolderStructure/C037_C077_Cake_Case/C37_77_Cake_Case_Effective_050321/,_C77_C37_Effective_05032021_Updated_04232021.pdf,"""4109&#44;4702&#44;4703&#44;4704&#44;4707&#44;4709&#44;4710&#44;4711&#44;4712&#44;4713&#44;4718&#44;4720&#44;4721&#44;4722&#44;4724&#44;4728&#44;4729&#44;4730&#44;4731&#44;4732&#44;4735&#44;4736&#44;4738&#44;4739&#44;4740&#44;4741&#44;4742&#44;4743&#44;4745&#44;4749&#44;4750&#44;4755&#44;4761&#44;4763&#44;4764&#44;4767&#44;4768&#44;4769&#44;4770&#44;4771&#44;4772&#44;4774&#44;4775&#44;4776&#44;4777&#44;4778&#44;4780&#44;4781&#44;4782&#44;4783&#44;4784&#44;4785&#44;4786&#44;4787&#44;4789&#44;4790&#44;4791&#44;4794&#44;4795&#44;4797&#44;4798&#44;4799&#44;4801&#44;4802&#44;4804&#44;4805&#44;4808&#44;4815&#44;4816&#44;4817&#44;4818&#44;4819&#44;4820&#44;4822&#44;4824&#44;4825&#44;4828&#44;4829&#44;4830&#44;4831&#44;4836&#44;4837&#44;4839&#44;4840&#44;4843&#44;4846&#44;4847&#44;4850&#44;4851&#44;4852&#44;4853&#44;4855&#44;4857&#44;4859&#44;4860&#44;4861&#44;4866&#44;4870&#44;4872&#44;4873&#44;4874&#44;4875&#44;4876&#44;4878&#44;4879&#44;4901&#44;4905&#44;4906&#44;4911&#44;4914&#44;4915&#44;4917&#44;4920&#44;4925&#44;4926&#44;4933&#44;4936&#44;4938&#44;4939&#44;4942&#44;4944&#44;4946&#44;4947&#44;4948&#44;4950&#44;4952&#44;4955&#44;4958&#44;4961&#44;4962&#44;4963&#44;4969&#44;4972&#44;4973&#44;4974&#44;4982&#44;4983&#44;4985&#44;4987&#44;4989&#44;4990&#44;4991&#44;4992&#44;4994&#44;4996&#44;4998&#44;4999&#44;6181&#44;6188&#44;6189&#44;6201&#44;6202&#44;6203&#44;6204&#44;6205&#44;6212&#44;6213&#44;6216&#44;6217&#44;6218&#44;6219&#44;6220&#44;6225&#44;6228&#44;6235&#44;6236&#44;6238&#44;6239&#44;6240&#44;6242&#44;6244&#44;6245&#44;6246&#44;6247&#44;6249&#44;6251&#44;6252&#44;6254&#44;6255&#44;6256&#44;6257&#44;6259&#44;6260&#44;6261&#44;6262&#44;6265&#44;6267&#44;6269&#44;6270&#44;6275&#44;6302&#44;6304&#44;6305&#44;6307&#44;6308&#44;6309&#44;6310&#44;6311&#44;6312&#44;6313&#44;6314&#44;6315&#44;6317&#44;6319&#44;6320&#44;6321&#44;6322&#44;6324&#44;6325&#44;6326&#44;6327&#44;6328&#44;6329&#44;6330&#44;6331&#44;6332&#44;6333&#44;6334&#44;6335&#44;6336&#44;6338&#44;6339&#44;6341&#44;6342&#44;6343&#44;6344&#44;6345&#44;6347&#44;6348&#44;6349&#44;6350&#44;6351&#44;6352&#44;6353&#44;6354&#44;6355&#44;6356&#44;6357&#44;6358&#44;6359&#44;6360&#44;6361&#44;6363&#44;6364&#44;6365&#44;6366&#44;6367&#44;6368&#44;6369&#44;6371&#44;6372&#44;6373&#44;6375&#44;6376&#44;6378&#44;6379&#44;6380&#44;6381&#44;6382&#44;6383&#44;6384&#44;6386&#44;6387&#44;6388&#44;6401&#44;6402&#44;6403&#44;6404&#44;6405&#44;6406&#44;6407&#44;6408&#44;6409&#44;6410&#44;6412&#44;6413&#44;6414&#44;6415&#44;6418&#44;6419&#44;6420&#44;6421&#44;6422&#44;6423&#44;6425&#44;6426&#44;6427&#44;6428&#44;6429&#44;6431&#44;6433&#44;6434&#44;6435&#44;6436&#44;6437&#44;6439&#44;6440&#44;6441&#44;6443&#44;6444&#44;6445&#44;6448&#44;6449&#44;6450&#44;6452&#44;6453&#44;6454&#44;6455&#44;6456&#44;6457&#44;6458&#44;6460&#44;6462&#44;6463&#44;6464&#44;6472&#44;6474&#44;6479&#44;6482&#44;6485&#44;6487&#44;6489&#44;6501&#44;6502&#44;6503&#44;6505&#44;6506&#44;6507&#44;6509&#44;6512&#44;6517&#44;6518&#44;6520&#44;6521&#44;6524&#44;6527&#44;6528&#44;6535&#44;6536&#44;6539&#44;6540&#44;6543&#44;6547&#44;6549&#44;6562&#44;6565&#44;6569&#44;6570&#44;6571&#44;6572&#44;6573&#44;6575&#44;6581&#44;6582&#44;6604&#44;6605&#44;6606&#44;6608&#44;6609&#44;6610&#44;6612&#44;6613&#44;6614&#44;6615&#44;6616&#44;6617&#44;6619&#44;6620&#44;6621&#44;6622&#44;6624&#44;6626&#44;6628&#44;6630&#44;6631&#44;6632&#44;6633&#44;6634&#44;6635&#44;6636&#44;6637&#44;6643&#44;6644&#44;6646&#44;6650&#44;6651&#44;6652&#44;6653&#44;6655&#44;6657&#44;6658&#44;6659&#44;6660&#44;6661&#44;6662&#44;6663&#44;6664&#44;6666&#44;6667&#44;6670&#44;6671&#44;6672&#44;6673&#44;6674&#44;6675&#44;6676&#44;6677&#44;6678&#44;6679&#44;6680&#44;6682&#44;6683&#44;6684&#44;6685&#44;6686&#44;6689&#44;6690&#44;6692&#44;6693&#44;6779&#44;6781&#44;6867&#44;6976&#44;6979&#44;7189&#44;7658&#44;7676&#44;8102&#44;8104&#44;8106&#44;8107&#44;8111&#44;8112&#44;8114&#44;8115&#44;8116&#44;8117&#44;8119&#44;8120&#44;8123&#44;8125&#44;8126&#44;8128&#44;8129&#44;8130&#44;8132&#44;8133&#44;8134&#44;8135&#44;8136&#44;8138&#44;8139&#44;8141&#44;8142&#44;8144&#44;8145&#44;8146&#44;8147&#44;8149&#44;8150&#44;8151&#44;8152&#44;8153&#44;8155&#44;8156&#44;8157&#44;8158&#44;8160&#44;8161&#44;8162&#44;8163&#44;8164&#44;8165&#44;8166&#44;8167&#44;8168&#44;8169&#44;8172&#44;8173&#44;8174&#44;8175&#44;8176&#44;8177&#44;8181&#44;8182&#44;8183&#44;8184&#44;8185&#44;8186&#44;8188&#44;8190&#44;8191&#44;8192&#44;8193&#44;8194&#44;8196&#44;8197&#44;8201&#44;8202&#44;8203&#44;8205&#44;8207&#44;8208&#44;8209&#44;8210&#44;8211&#44;8213&#44;8215&#44;8218&#44;8219&#44;8220&#44;8221&#44;8222&#44;8223&#44;8224&#44;8225&#44;8226&#44;8227&#44;8228&#44;8236&#44;8237&#44;8238&#44;8239&#44;8241&#44;8242&#44;8243&#44;8244&#44;8245&#44;8246&#44;8247&#44;8248&#44;8250&#44;8251&#44;8252&#44;8253&#44;8254&#44;8256&#44;8257&#44;8259&#44;8261&#44;8262&#44;8263&#44;8264&#44;8265&#44;8266&#44;8267&#44;8268&#44;8269&#44;8270&#44;8271&#44;8272&#44;8273&#44;8274&#44;8275&#44;8276&#44;8277&#44;8278&#44;8279&#44;8280&#44;8281&#44;8282&#44;8283&#44;8284&#44;8285&#44;8286&#44;8287&#44;8288&#44;8289&#44;8290&#44;8291&#44;8292&#44;8293&#44;8294&#44;8295&#44;8296&#44;8297&#44;8298&#44;8299&#44;""",4/29/21,4/23/21,N
layouts,Bakery Pallets,"""37-4&#44;77-4""",,2021,5/3/21,1-NewFolderStructure/C037_C077_Bakery_Pallets/C37_77_Bakery_Pallets_Effective_050321/,_C37_77_Bakery_Pallets_Effective_05032021_Updated_04232021.pdf,"""4109&#44;4702&#44;4703&#44;4704&#44;4707&#44;4709&#44;4710&#44;4711&#44;4712&#44;4713&#44;4718&#44;4720&#44;4721&#44;4722&#44;4724&#44;4728&#44;4729&#44;4730&#44;4731&#44;4732&#44;4735&#44;4736&#44;4738&#44;4739&#44;4740&#44;4741&#44;4742&#44;4743&#44;4745&#44;4749&#44;4750&#44;4755&#44;4761&#44;4763&#44;4764&#44;4767&#44;4768&#44;4769&#44;4770&#44;4771&#44;4772&#44;4774&#44;4775&#44;4776&#44;4777&#44;4778&#44;4780&#44;4781&#44;4782&#44;4783&#44;4784&#44;4785&#44;4786&#44;4787&#44;4789&#44;4790&#44;4791&#44;4794&#44;4795&#44;4797&#44;4798&#44;4799&#44;4801&#44;4802&#44;4804&#44;4805&#44;4808&#44;4815&#44;4816&#44;4817&#44;4818&#44;4819&#44;4820&#44;4822&#44;4824&#44;4825&#44;4828&#44;4829&#44;4830&#44;4831&#44;4836&#44;4837&#44;4839&#44;4840&#44;4843&#44;4846&#44;4847&#44;4850&#44;4851&#44;4852&#44;4853&#44;4855&#44;4857&#44;4859&#44;4860&#44;4861&#44;4866&#44;4870&#44;4871&#44;4872&#44;4873&#44;4874&#44;4875&#44;4876&#44;4878&#44;4879&#44;4901&#44;4905&#44;4906&#44;4908&#44;4911&#44;4914&#44;4915&#44;4917&#44;4920&#44;4926&#44;4930&#44;4933&#44;4936&#44;4938&#44;4939&#44;4942&#44;4944&#44;4946&#44;4947&#44;4948&#44;4950&#44;4952&#44;4955&#44;4958&#44;4961&#44;4962&#44;4963&#44;4969&#44;4972&#44;4973&#44;4974&#44;4983&#44;4985&#44;4987&#44;4989&#44;4990&#44;4991&#44;4992&#44;4994&#44;4996&#44;4998&#44;4999&#44;6181&#44;6188&#44;6189&#44;6201&#44;6202&#44;6203&#44;6204&#44;6205&#44;6212&#44;6213&#44;6216&#44;6217&#44;6218&#44;6219&#44;6220&#44;6225&#44;6228&#44;6235&#44;6236&#44;6238&#44;6239&#44;6240&#44;6242&#44;6244&#44;6245&#44;6246&#44;6247&#44;6249&#44;6251&#44;6252&#44;6254&#44;6255&#44;6256&#44;6257&#44;6259&#44;6260&#44;6261&#44;6262&#44;6265&#44;6267&#44;6269&#44;6270&#44;6275&#44;6302&#44;6304&#44;6305&#44;6307&#44;6308&#44;6309&#44;6310&#44;6311&#44;6312&#44;6313&#44;6314&#44;6315&#44;6317&#44;6319&#44;6320&#44;6321&#44;6322&#44;6325&#44;6326&#44;6327&#44;6328&#44;6329&#44;6330&#44;6331&#44;6332&#44;6333&#44;6334&#44;6335&#44;6336&#44;6338&#44;6339&#44;6341&#44;6342&#44;6343&#44;6344&#44;6345&#44;6347&#44;6348&#44;6349&#44;6350&#44;6351&#44;6352&#44;6353&#44;6354&#44;6355&#44;6356&#44;6357&#44;6358&#44;6359&#44;6360&#44;6361&#44;6363&#44;6364&#44;6365&#44;6366&#44;6367&#44;6368&#44;6369&#44;6371&#44;6372&#44;6373&#44;6375&#44;6376&#44;6377&#44;6378&#44;6379&#44;6380&#44;6381&#44;6382&#44;6383&#44;6384&#44;6385&#44;6386&#44;6387&#44;6388&#44;6401&#44;6402&#44;6403&#44;6404&#44;6405&#44;6406&#44;6407&#44;6408&#44;6409&#44;6410&#44;6413&#44;6414&#44;6415&#44;6417&#44;6418&#44;6419&#44;6420&#44;6421&#44;6422&#44;6423&#44;6424&#44;6425&#44;6426&#44;6427&#44;6428&#44;6429&#44;6430&#44;6431&#44;6432&#44;6433&#44;6434&#44;6435&#44;6436&#44;6437&#44;6439&#44;6440&#44;6441&#44;6443&#44;6444&#44;6445&#44;6448&#44;6449&#44;6450&#44;6452&#44;6453&#44;6454&#44;6455&#44;6456&#44;6457&#44;6458&#44;6460&#44;6461&#44;6462&#44;6463&#44;6464&#44;6471&#44;6472&#44;6474&#44;6479&#44;6482&#44;6485&#44;6487&#44;6489&#44;6501&#44;6502&#44;6503&#44;6505&#44;6506&#44;6507&#44;6509&#44;6510&#44;6512&#44;6514&#44;6517&#44;6518&#44;6520&#44;6521&#44;6524&#44;6527&#44;6528&#44;6533&#44;6535&#44;6536&#44;6539&#44;6540&#44;6543&#44;6547&#44;6549&#44;6556&#44;6562&#44;6565&#44;6567&#44;6568&#44;6569&#44;6570&#44;6571&#44;6572&#44;6573&#44;6575&#44;6581&#44;6582&#44;6604&#44;6605&#44;6606&#44;6608&#44;6609&#44;6610&#44;6612&#44;6613&#44;6614&#44;6615&#44;6616&#44;6617&#44;6619&#44;6620&#44;6621&#44;6622&#44;6624&#44;6626&#44;6628&#44;6630&#44;6631&#44;6632&#44;6633&#44;6634&#44;6635&#44;6636&#44;6637&#44;6643&#44;6644&#44;6646&#44;6650&#44;6651&#44;6652&#44;6653&#44;6655&#44;6657&#44;6658&#44;6659&#44;6660&#44;6661&#44;6662&#44;6663&#44;6664&#44;6666&#44;6667&#44;6670&#44;6671&#44;6672&#44;6673&#44;6674&#44;6675&#44;6676&#44;6677&#44;6678&#44;6679&#44;6680&#44;6682&#44;6683&#44;6684&#44;6685&#44;6686&#44;6689&#44;6690&#44;6692&#44;6693&#44;6779&#44;6781&#44;6867&#44;6976&#44;6979&#44;7189&#44;7658&#44;7676&#44;8102&#44;8104&#44;8106&#44;8107&#44;8111&#44;8112&#44;8114&#44;8115&#44;8116&#44;8117&#44;8119&#44;8120&#44;8123&#44;8125&#44;8126&#44;8128&#44;8129&#44;8130&#44;8132&#44;8133&#44;8134&#44;8135&#44;8136&#44;8138&#44;8139&#44;8141&#44;8142&#44;8144&#44;8145&#44;8146&#44;8147&#44;8149&#44;8150&#44;8151&#44;8152&#44;8153&#44;8155&#44;8156&#44;8157&#44;8158&#44;8160&#44;8161&#44;8162&#44;8163&#44;8164&#44;8165&#44;8166&#44;8167&#44;8168&#44;8169&#44;8172&#44;8173&#44;8174&#44;8175&#44;8176&#44;8177&#44;8180&#44;8181&#44;8182&#44;8183&#44;8184&#44;8185&#44;8186&#44;8188&#44;8189&#44;8190&#44;8191&#44;8192&#44;8193&#44;8194&#44;8196&#44;8197&#44;8201&#44;8202&#44;8203&#44;8205&#44;8207&#44;8208&#44;8209&#44;8210&#44;8211&#44;8213&#44;8215&#44;8218&#44;8219&#44;8220&#44;8221&#44;8222&#44;8223&#44;8224&#44;8225&#44;8226&#44;8227&#44;8228&#44;8236&#44;8237&#44;8238&#44;8239&#44;8241&#44;8242&#44;8243&#44;8244&#44;8245&#44;8246&#44;8247&#44;8248&#44;8250&#44;8251&#44;8252&#44;8253&#44;8254&#44;8256&#44;8257&#44;8259&#44;8261&#44;8262&#44;8263&#44;8264&#44;8265&#44;8266&#44;8267&#44;8268&#44;8269&#44;8270&#44;8271&#44;8272&#44;8273&#44;8274&#44;8275&#44;8276&#44;8277&#44;8278&#44;8279&#44;8280&#44;8281&#44;8282&#44;8283&#44;8284&#44;8285&#44;8286&#44;8287&#44;8288&#44;8289&#44;8290&#44;8291&#44;8292&#44;8293&#44;8294&#44;8295&#44;8296&#44;8297&#44;8298&#44;8299&#44;""",4/29/21,4/23/21,N
layouts,Meat and Seafood,"""72&#44;76&#44;93""",,2021,5/3/21,1-NewFolderStructure/C076_C072_C093_Fresh_Meat_Seafood/C72_76_93_Effective_050521/,_C72_C76_C93_Effective_05032021_Planogram_Updated_04232021.pdf,"""4109&#44;4704&#44;4718&#44;4724&#44;4729&#44;4730&#44;4732&#44;4741&#44;4749&#44;4750&#44;4767&#44;4770&#44;4777&#44;4786&#44;4791&#44;4794&#44;4798&#44;4817&#44;4820&#44;4825&#44;4828&#44;4829&#44;4836&#44;4837&#44;4839&#44;4840&#44;4847&#44;4851&#44;4853&#44;4857&#44;4859&#44;4860&#44;4870&#44;4871&#44;4872&#44;4874&#44;4875&#44;4876&#44;4878&#44;4879&#44;4901&#44;4908&#44;4915&#44;4917&#44;4920&#44;4925&#44;4926&#44;4930&#44;4936&#44;4944&#44;4946&#44;4947&#44;4948&#44;4950&#44;4952&#44;4958&#44;4961&#44;4963&#44;4972&#44;4973&#44;4982&#44;4987&#44;4989&#44;4990&#44;4991&#44;4992&#44;4996&#44;4999&#44;6181&#44;6201&#44;6202&#44;6203&#44;6204&#44;6205&#44;6213&#44;6220&#44;6236&#44;6238&#44;6245&#44;6247&#44;6260&#44;6269&#44;6275&#44;6302&#44;6307&#44;6308&#44;6315&#44;6319&#44;6322&#44;6324&#44;6325&#44;6326&#44;6327&#44;6328&#44;6331&#44;6333&#44;6336&#44;6338&#44;6342&#44;6343&#44;6347&#44;6349&#44;6353&#44;6356&#44;6357&#44;6358&#44;6359&#44;6363&#44;6364&#44;6365&#44;6367&#44;6371&#44;6377&#44;6380&#44;6381&#44;6382&#44;6385&#44;6403&#44;6404&#44;6406&#44;6407&#44;6408&#44;6409&#44;6412&#44;6413&#44;6417&#44;6418&#44;6419&#44;6420&#44;6421&#44;6422&#44;6423&#44;6425&#44;6429&#44;6430&#44;6433&#44;6434&#44;6435&#44;6439&#44;6441&#44;6443&#44;6444&#44;6448&#44;6449&#44;6450&#44;6453&#44;6455&#44;6458&#44;6460&#44;6462&#44;6463&#44;6464&#44;6472&#44;6485&#44;6501&#44;6503&#44;6505&#44;6506&#44;6507&#44;6512&#44;6517&#44;6518&#44;6521&#44;6527&#44;6533&#44;6535&#44;6540&#44;6549&#44;6562&#44;6570&#44;6571&#44;6572&#44;6573&#44;6582&#44;6606&#44;6608&#44;6612&#44;6613&#44;6616&#44;6646&#44;6652&#44;6658&#44;6660&#44;6661&#44;6663&#44;6664&#44;6671&#44;6672&#44;6673&#44;6675&#44;6677&#44;6678&#44;6682&#44;6683&#44;6684&#44;6686&#44;6976&#44;6979&#44;7658&#44;7676&#44;8107&#44;8111&#44;8116&#44;8119&#44;8120&#44;8129&#44;8130&#44;8134&#44;8135&#44;8136&#44;8142&#44;8147&#44;8150&#44;8151&#44;8152&#44;8153&#44;8155&#44;8156&#44;8162&#44;8163&#44;8164&#44;8166&#44;8172&#44;8176&#44;8182&#44;8184&#44;8186&#44;8189&#44;8192&#44;8202&#44;8203&#44;8205&#44;8208&#44;8213&#44;8215&#44;8219&#44;8220&#44;8221&#44;8222&#44;8224&#44;8226&#44;8227&#44;8237&#44;8243&#44;8244&#44;8245&#44;8247&#44;8251&#44;8253&#44;8254&#44;8261&#44;8262&#44;8263&#44;8265&#44;8266&#44;8267&#44;8270&#44;8271&#44;8272&#44;8274&#44;8275&#44;8276&#44;8279&#44;8280&#44;8281&#44;8282&#44;8283&#44;8284&#44;8285&#44;8286&#44;8287&#44;8288&#44;8290&#44;8292&#44;8294&#44;8297&#44;8298&#44;""",4/28/21,4/27/21,N
layouts,Baking-Spices,49,,2021,5/3/21,https://sams-csp.cld.samsclub.com/clubs/,/planograms/49,"""4109&#44;4702&#44;4703&#44;4704&#44;4707&#44;4709&#44;4710&#44;4711&#44;4712&#44;4713&#44;4718&#44;4720&#44;4721&#44;4722&#44;4724&#44;4728&#44;4729&#44;4730&#44;4731&#44;4732&#44;4735&#44;4736&#44;4738&#44;4739&#44;4740&#44;4741&#44;4742&#44;4743&#44;4745&#44;4749&#44;4750&#44;4755&#44;4761&#44;4763&#44;4764&#44;4767&#44;4768&#44;4769&#44;4770&#44;4771&#44;4772&#44;4774&#44;4775&#44;4776&#44;4777&#44;4778&#44;4780&#44;4781&#44;4782&#44;4783&#44;4784&#44;4785&#44;4786&#44;4787&#44;4789&#44;4790&#44;4791&#44;4794&#44;4795&#44;4797&#44;4798&#44;4799&#44;4801&#44;4802&#44;4804&#44;4805&#44;4808&#44;4815&#44;4816&#44;4817&#44;4818&#44;4819&#44;4820&#44;4822&#44;4824&#44;4825&#44;4828&#44;4829&#44;4830&#44;4831&#44;4836&#44;4837&#44;4839&#44;4840&#44;4843&#44;4846&#44;4847&#44;4850&#44;4851&#44;4852&#44;4853&#44;4855&#44;4857&#44;4859&#44;4860&#44;4861&#44;4866&#44;4870&#44;4871&#44;4872&#44;4873&#44;4874&#44;4875&#44;4876&#44;4878&#44;4879&#44;4901&#44;4905&#44;4906&#44;4908&#44;4911&#44;4914&#44;4915&#44;4917&#44;4920&#44;4925&#44;4926&#44;4930&#44;4933&#44;4936&#44;4938&#44;4939&#44;4942&#44;4944&#44;4946&#44;4947&#44;4948&#44;4950&#44;4952&#44;4955&#44;4958&#44;4961&#44;4962&#44;4963&#44;4969&#44;4972&#44;4973&#44;4974&#44;4982&#44;4983&#44;4985&#44;4987&#44;4989&#44;4990&#44;4991&#44;4992&#44;4994&#44;4996&#44;4998&#44;4999&#44;6181&#44;6188&#44;6189&#44;6201&#44;6202&#44;6203&#44;6204&#44;6205&#44;6212&#44;6213&#44;6216&#44;6217&#44;6218&#44;6219&#44;6220&#44;6225&#44;6228&#44;6235&#44;6236&#44;6238&#44;6239&#44;6240&#44;6242&#44;6244&#44;6245&#44;6246&#44;6247&#44;6249&#44;6251&#44;6252&#44;6254&#44;6255&#44;6256&#44;6257&#44;6259&#44;6260&#44;6261&#44;6262&#44;6265&#44;6267&#44;6269&#44;6270&#44;6275&#44;6302&#44;6304&#44;6305&#44;6307&#44;6308&#44;6309&#44;6310&#44;6311&#44;6312&#44;6313&#44;6314&#44;6315&#44;6317&#44;6319&#44;6320&#44;6321&#44;6322&#44;6324&#44;6325&#44;6326&#44;6327&#44;6328&#44;6329&#44;6330&#44;6331&#44;6332&#44;6333&#44;6334&#44;6335&#44;6336&#44;6338&#44;6339&#44;6341&#44;6342&#44;6343&#44;6344&#44;6345&#44;6347&#44;6348&#44;6349&#44;6350&#44;6351&#44;6352&#44;6353&#44;6354&#44;6355&#44;6356&#44;6357&#44;6358&#44;6359&#44;6360&#44;6361&#44;6363&#44;6364&#44;6365&#44;6366&#44;6367&#44;6368&#44;6369&#44;6371&#44;6372&#44;6373&#44;6375&#44;6376&#44;6377&#44;6378&#44;6379&#44;6380&#44;6381&#44;6382&#44;6383&#44;6384&#44;6385&#44;6386&#44;6387&#44;6388&#44;6401&#44;6402&#44;6403&#44;6404&#44;6405&#44;6406&#44;6407&#44;6408&#44;6409&#44;6410&#44;6412&#44;6413&#44;6414&#44;6415&#44;6417&#44;6418&#44;6419&#44;6420&#44;6421&#44;6422&#44;6423&#44;6424&#44;6425&#44;6426&#44;6427&#44;6428&#44;6429&#44;6430&#44;6431&#44;6432&#44;6433&#44;6434&#44;6435&#44;6436&#44;6437&#44;6439&#44;6440&#44;6441&#44;6443&#44;6444&#44;6445&#44;6448&#44;6449&#44;6450&#44;6452&#44;6453&#44;6454&#44;6455&#44;6456&#44;6457&#44;6458&#44;6460&#44;6461&#44;6462&#44;6463&#44;6464&#44;6471&#44;6472&#44;6474&#44;6479&#44;6482&#44;6485&#44;6487&#44;6489&#44;6501&#44;6502&#44;6503&#44;6505&#44;6506&#44;6507&#44;6509&#44;6510&#44;6512&#44;6514&#44;6517&#44;6518&#44;6520&#44;6521&#44;6524&#44;6527&#44;6528&#44;6533&#44;6535&#44;6536&#44;6539&#44;6540&#44;6543&#44;6547&#44;6549&#44;6556&#44;6562&#44;6565&#44;6567&#44;6568&#44;6569&#44;6570&#44;6571&#44;6572&#44;6573&#44;6575&#44;6581&#44;6582&#44;6604&#44;6605&#44;6606&#44;6608&#44;6609&#44;6610&#44;6612&#44;6613&#44;6614&#44;6615&#44;6616&#44;6617&#44;6619&#44;6620&#44;6621&#44;6622&#44;6624&#44;6626&#44;6628&#44;6630&#44;6631&#44;6632&#44;6633&#44;6634&#44;6635&#44;6636&#44;6637&#44;6643&#44;6644&#44;6646&#44;6650&#44;6651&#44;6652&#44;6653&#44;6655&#44;6657&#44;6658&#44;6659&#44;6660&#44;6661&#44;6662&#44;6663&#44;6664&#44;6666&#44;6667&#44;6670&#44;6671&#44;6672&#44;6673&#44;6674&#44;6675&#44;6676&#44;6677&#44;6678&#44;6679&#44;6680&#44;6682&#44;6683&#44;6684&#44;6685&#44;6686&#44;6689&#44;6690&#44;6692&#44;6693&#44;6779&#44;6781&#44;6867&#44;6976&#44;6979&#44;7189&#44;7658&#44;7676&#44;8102&#44;8104&#44;8106&#44;8107&#44;8111&#44;8112&#44;8114&#44;8115&#44;8116&#44;8117&#44;8119&#44;8120&#44;8123&#44;8125&#44;8126&#44;8128&#44;8129&#44;8130&#44;8132&#44;8133&#44;8134&#44;8135&#44;8136&#44;8138&#44;8139&#44;8141&#44;8142&#44;8144&#44;8145&#44;8146&#44;8147&#44;8149&#44;8150&#44;8151&#44;8152&#44;8153&#44;8155&#44;8156&#44;8157&#44;8158&#44;8160&#44;8161&#44;8162&#44;8163&#44;8164&#44;8165&#44;8166&#44;8167&#44;8168&#44;8169&#44;8172&#44;8173&#44;8174&#44;8175&#44;8176&#44;8177&#44;8180&#44;8181&#44;8182&#44;8183&#44;8184&#44;8185&#44;8186&#44;8188&#44;8189&#44;8190&#44;8191&#44;8192&#44;8193&#44;8194&#44;8196&#44;8197&#44;8201&#44;8202&#44;8203&#44;8205&#44;8207&#44;8208&#44;8209&#44;8210&#44;8211&#44;8213&#44;8215&#44;8218&#44;8219&#44;8220&#44;8221&#44;8222&#44;8223&#44;8224&#44;8225&#44;8226&#44;8227&#44;8228&#44;8236&#44;8237&#44;8238&#44;8239&#44;8241&#44;8242&#44;8243&#44;8244&#44;8245&#44;8246&#44;8247&#44;8248&#44;8250&#44;8251&#44;8252&#44;8253&#44;8254&#44;8256&#44;8257&#44;8259&#44;8261&#44;8262&#44;8263&#44;8264&#44;8265&#44;8266&#44;8267&#44;8268&#44;8269&#44;8270&#44;8271&#44;8272&#44;8273&#44;8274&#44;8275&#44;8276&#44;8277&#44;8278&#44;8279&#44;8280&#44;8281&#44;8282&#44;8283&#44;8284&#44;8285&#44;8286&#44;8287&#44;8288&#44;8289&#44;8290&#44;8291&#44;8292&#44;8293&#44;8294&#44;8295&#44;8296&#44;8297&#44;8298&#44;8299&#44;""",4/29/21,4/29/21,N
layouts,Meat and Seafood,"""72&#44;76&#44;93""",,2021,5/3/21,1-NewFolderStructure/C076_C072_C093_Fresh_Meat_Seafood/C72_76_93_Effective_05032021/,_C72_C76_C93_Effective_05032021_Planogram_Updated_04302021.pdf,"""4718&#44;4770&#44;4785&#44;4805&#44;4987&#44;6219&#44;6347&#44;6379&#44;6408&#44;6425&#44;6439&#44;6482&#44;6501&#44;6549&#44;6616&#44;6636&#44;6663&#44;6671&#44;6672&#44;8104&#44;8119&#44;8147&#44;8266&#44;8272&#44;8288&#44;8296&#44;8298&#44;""",5/4/21,4/30/21,N
layouts,HMS,79-2,,2021,5/3/21,1-NewFolderStructure/C079_HMS/C79_HMS_Effective_05032021/,_C79_HMS_Effective_05032021.pdf,"""4109&#44;4702&#44;4703&#44;4704&#44;4707&#44;4709&#44;4710&#44;4711&#44;4712&#44;4713&#44;4718&#44;4720&#44;4721&#44;4722&#44;4724&#44;4728&#44;4729&#44;4730&#44;4731&#44;4732&#44;4735&#44;4736&#44;4738&#44;4739&#44;4740&#44;4741&#44;4742&#44;4743&#44;4745&#44;4749&#44;4750&#44;4755&#44;4761&#44;4763&#44;4764&#44;4767&#44;4768&#44;4769&#44;4770&#44;4771&#44;4772&#44;4774&#44;4775&#44;4776&#44;4777&#44;4778&#44;4780&#44;4781&#44;4782&#44;4783&#44;4784&#44;4785&#44;4786&#44;4787&#44;4789&#44;4790&#44;4791&#44;4794&#44;4795&#44;4797&#44;4798&#44;4799&#44;4801&#44;4802&#44;4804&#44;4805&#44;4808&#44;4815&#44;4816&#44;4817&#44;4818&#44;4819&#44;4820&#44;4822&#44;4824&#44;4825&#44;4828&#44;4829&#44;4830&#44;4831&#44;4836&#44;4837&#44;4839&#44;4840&#44;4843&#44;4846&#44;4847&#44;4850&#44;4851&#44;4852&#44;4853&#44;4855&#44;4857&#44;4859&#44;4860&#44;4861&#44;4866&#44;4870&#44;4871&#44;4872&#44;4873&#44;4874&#44;4875&#44;4876&#44;4878&#44;4879&#44;4901&#44;4905&#44;4906&#44;4908&#44;4911&#44;4914&#44;4915&#44;4917&#44;4920&#44;4925&#44;4926&#44;4930&#44;4933&#44;4936&#44;4938&#44;4939&#44;4942&#44;4944&#44;4946&#44;4947&#44;4948&#44;4950&#44;4952&#44;4955&#44;4958&#44;4961&#44;4962&#44;4963&#44;4969&#44;4972&#44;4973&#44;4974&#44;4982&#44;4983&#44;4985&#44;4987&#44;4989&#44;4990&#44;4991&#44;4992&#44;4994&#44;4996&#44;4998&#44;4999&#44;6181&#44;6188&#44;6189&#44;6201&#44;6202&#44;6203&#44;6204&#44;6205&#44;6212&#44;6213&#44;6216&#44;6217&#44;6218&#44;6219&#44;6220&#44;6225&#44;6228&#44;6235&#44;6236&#44;6238&#44;6239&#44;6240&#44;6242&#44;6244&#44;6245&#44;6246&#44;6247&#44;6249&#44;6251&#44;6252&#44;6254&#44;6255&#44;6256&#44;6257&#44;6259&#44;6260&#44;6261&#44;6262&#44;6265&#44;6267&#44;6269&#44;6270&#44;6275&#44;6302&#44;6304&#44;6305&#44;6307&#44;6308&#44;6309&#44;6310&#44;6311&#44;6312&#44;6313&#44;6314&#44;6315&#44;6317&#44;6319&#44;6320&#44;6321&#44;6322&#44;6324&#44;6325&#44;6326&#44;6327&#44;6328&#44;6329&#44;6330&#44;6331&#44;6332&#44;6333&#44;6334&#44;6335&#44;6336&#44;6338&#44;6339&#44;6341&#44;6342&#44;6343&#44;6344&#44;6345&#44;6347&#44;6348&#44;6349&#44;6350&#44;6351&#44;6352&#44;6353&#44;6354&#44;6355&#44;6356&#44;6357&#44;6358&#44;6359&#44;6360&#44;6361&#44;6363&#44;6364&#44;6365&#44;6366&#44;6367&#44;6368&#44;6369&#44;6371&#44;6372&#44;6373&#44;6375&#44;6376&#44;6377&#44;6378&#44;6379&#44;6380&#44;6381&#44;6382&#44;6383&#44;6384&#44;6385&#44;6386&#44;6387&#44;6388&#44;6401&#44;6402&#44;6403&#44;6404&#44;6405&#44;6406&#44;6407&#44;6408&#44;6409&#44;6410&#44;6412&#44;6413&#44;6414&#44;6415&#44;6417&#44;6418&#44;6419&#44;6420&#44;6421&#44;6422&#44;6423&#44;6424&#44;6425&#44;6426&#44;6427&#44;6428&#44;6429&#44;6430&#44;6431&#44;6432&#44;6433&#44;6434&#44;6435&#44;6436&#44;6437&#44;6439&#44;6440&#44;6441&#44;6443&#44;6444&#44;6445&#44;6448&#44;6449&#44;6450&#44;6452&#44;6453&#44;6454&#44;6455&#44;6456&#44;6457&#44;6458&#44;6460&#44;6461&#44;6462&#44;6463&#44;6464&#44;6471&#44;6472&#44;6474&#44;6479&#44;6482&#44;6485&#44;6487&#44;6489&#44;6501&#44;6502&#44;6503&#44;6505&#44;6506&#44;6507&#44;6509&#44;6510&#44;6512&#44;6514&#44;6517&#44;6518&#44;6520&#44;6521&#44;6524&#44;6527&#44;6528&#44;6533&#44;6535&#44;6536&#44;6539&#44;6540&#44;6543&#44;6547&#44;6549&#44;6556&#44;6562&#44;6565&#44;6567&#44;6568&#44;6569&#44;6570&#44;6571&#44;6572&#44;6573&#44;6575&#44;6581&#44;6582&#44;6604&#44;6605&#44;6606&#44;6608&#44;6609&#44;6610&#44;6612&#44;6613&#44;6614&#44;6615&#44;6616&#44;6617&#44;6619&#44;6620&#44;6621&#44;6622&#44;6624&#44;6626&#44;6628&#44;6630&#44;6631&#44;6632&#44;6633&#44;6634&#44;6635&#44;6636&#44;6637&#44;6643&#44;6644&#44;6646&#44;6650&#44;6651&#44;6652&#44;6653&#44;6655&#44;6657&#44;6658&#44;6659&#44;6660&#44;6661&#44;6662&#44;6663&#44;6664&#44;6666&#44;6667&#44;6670&#44;6671&#44;6672&#44;6673&#44;6674&#44;6675&#44;6676&#44;6677&#44;6678&#44;6679&#44;6680&#44;6682&#44;6683&#44;6684&#44;6685&#44;6686&#44;6689&#44;6690&#44;6692&#44;6779&#44;6781&#44;6867&#44;6976&#44;6979&#44;7189&#44;7658&#44;7676&#44;8102&#44;8104&#44;8106&#44;8107&#44;8111&#44;8112&#44;8114&#44;8115&#44;8116&#44;8117&#44;8119&#44;8120&#44;8123&#44;8125&#44;8126&#44;8128&#44;8129&#44;8130&#44;8132&#44;8133&#44;8134&#44;8135&#44;8136&#44;8138&#44;8139&#44;8141&#44;8142&#44;8144&#44;8145&#44;8146&#44;8147&#44;8149&#44;8150&#44;8151&#44;8152&#44;8153&#44;8155&#44;8156&#44;8157&#44;8158&#44;8160&#44;8161&#44;8162&#44;8163&#44;8164&#44;8165&#44;8166&#44;8167&#44;8168&#44;8169&#44;8172&#44;8173&#44;8174&#44;8175&#44;8176&#44;8177&#44;8180&#44;8181&#44;8182&#44;8183&#44;8184&#44;8185&#44;8186&#44;8188&#44;8189&#44;8190&#44;8191&#44;8192&#44;8193&#44;8194&#44;8196&#44;8197&#44;8201&#44;8202&#44;8203&#44;8205&#44;8207&#44;8208&#44;8209&#44;8210&#44;8211&#44;8213&#44;8215&#44;8218&#44;8219&#44;8220&#44;8221&#44;8222&#44;8223&#44;8224&#44;8225&#44;8226&#44;8227&#44;8228&#44;8236&#44;8237&#44;8238&#44;8239&#44;8241&#44;8242&#44;8243&#44;8244&#44;8245&#44;8246&#44;8247&#44;8248&#44;8250&#44;8251&#44;8252&#44;8253&#44;8254&#44;8256&#44;8257&#44;8259&#44;8261&#44;8262&#44;8263&#44;8264&#44;8265&#44;8266&#44;8267&#44;8268&#44;8269&#44;8270&#44;8271&#44;8272&#44;8273&#44;8274&#44;8275&#44;8276&#44;8277&#44;8278&#44;8279&#44;8280&#44;8281&#44;8282&#44;8283&#44;8284&#44;8285&#44;8286&#44;8287&#44;8288&#44;8289&#44;8290&#44;8291&#44;8292&#44;8293&#44;8294&#44;8295&#44;8296&#44;8297&#44;8298&#44;8299&#44;""",5/4/21,4/30/21,N
layouts,Café Grab and Go,79-3,,2021,5/3/21,1-NewFolderStructure/C079_Cafe_Grab_n_Go/C79_Grab_N_Go_Effective_05032021/,_C79_Cafe_Grab_and_Go_Effective_05032021.pdf,"""4109&#44;4702&#44;4703&#44;4704&#44;4707&#44;4709&#44;4710&#44;4711&#44;4712&#44;4713&#44;4718&#44;4720&#44;4721&#44;4722&#44;4724&#44;4728&#44;4729&#44;4730&#44;4731&#44;4732&#44;4735&#44;4736&#44;4738&#44;4739&#44;4740&#44;4741&#44;4742&#44;4743&#44;4745&#44;4749&#44;4750&#44;4755&#44;4761&#44;4763&#44;4764&#44;4767&#44;4768&#44;4769&#44;4770&#44;4771&#44;4772&#44;4774&#44;4775&#44;4776&#44;4777&#44;4778&#44;4780&#44;4781&#44;4782&#44;4783&#44;4784&#44;4785&#44;4786&#44;4787&#44;4789&#44;4790&#44;4791&#44;4794&#44;4795&#44;4797&#44;4798&#44;4799&#44;4801&#44;4802&#44;4804&#44;4805&#44;4808&#44;4815&#44;4816&#44;4817&#44;4818&#44;4819&#44;4820&#44;4822&#44;4824&#44;4825&#44;4828&#44;4829&#44;4830&#44;4831&#44;4836&#44;4837&#44;4839&#44;4840&#44;4843&#44;4846&#44;4847&#44;4850&#44;4851&#44;4852&#44;4853&#44;4855&#44;4857&#44;4859&#44;4860&#44;4861&#44;4870&#44;4871&#44;4872&#44;4873&#44;4874&#44;4875&#44;4876&#44;4878&#44;4879&#44;4901&#44;4905&#44;4906&#44;4908&#44;4911&#44;4914&#44;4915&#44;4917&#44;4920&#44;4925&#44;4926&#44;4930&#44;4933&#44;4936&#44;4938&#44;4939&#44;4942&#44;4944&#44;4946&#44;4947&#44;4948&#44;4950&#44;4952&#44;4955&#44;4958&#44;4961&#44;4962&#44;4963&#44;4969&#44;4972&#44;4973&#44;4974&#44;4982&#44;4983&#44;4985&#44;4987&#44;4989&#44;4990&#44;4991&#44;4992&#44;4994&#44;4996&#44;4998&#44;4999&#44;6181&#44;6188&#44;6189&#44;6201&#44;6202&#44;6203&#44;6204&#44;6205&#44;6212&#44;6213&#44;6216&#44;6217&#44;6218&#44;6219&#44;6220&#44;6228&#44;6235&#44;6236&#44;6238&#44;6239&#44;6240&#44;6242&#44;6244&#44;6245&#44;6246&#44;6247&#44;6249&#44;6251&#44;6252&#44;6254&#44;6255&#44;6256&#44;6257&#44;6259&#44;6260&#44;6261&#44;6262&#44;6265&#44;6267&#44;6269&#44;6275&#44;6302&#44;6304&#44;6305&#44;6307&#44;6308&#44;6309&#44;6310&#44;6311&#44;6312&#44;6313&#44;6314&#44;6315&#44;6317&#44;6319&#44;6320&#44;6321&#44;6322&#44;6324&#44;6325&#44;6326&#44;6327&#44;6328&#44;6329&#44;6330&#44;6331&#44;6332&#44;6333&#44;6334&#44;6335&#44;6336&#44;6338&#44;6339&#44;6341&#44;6342&#44;6343&#44;6344&#44;6345&#44;6347&#44;6348&#44;6349&#44;6350&#44;6351&#44;6352&#44;6353&#44;6354&#44;6355&#44;6356&#44;6357&#44;6358&#44;6359&#44;6360&#44;6361&#44;6363&#44;6364&#44;6365&#44;6366&#44;6367&#44;6368&#44;6369&#44;6371&#44;6372&#44;6373&#44;6375&#44;6376&#44;6377&#44;6379&#44;6380&#44;6381&#44;6382&#44;6383&#44;6384&#44;6385&#44;6386&#44;6387&#44;6388&#44;6401&#44;6402&#44;6403&#44;6405&#44;6406&#44;6407&#44;6408&#44;6409&#44;6410&#44;6412&#44;6413&#44;6414&#44;6415&#44;6417&#44;6418&#44;6419&#44;6420&#44;6421&#44;6422&#44;6423&#44;6424&#44;6425&#44;6426&#44;6427&#44;6428&#44;6429&#44;6430&#44;6431&#44;6432&#44;6433&#44;6434&#44;6435&#44;6436&#44;6437&#44;6439&#44;6440&#44;6441&#44;6443&#44;6444&#44;6445&#44;6448&#44;6450&#44;6452&#44;6453&#44;6454&#44;6456&#44;6457&#44;6458&#44;6460&#44;6461&#44;6462&#44;6463&#44;6464&#44;6471&#44;6472&#44;6474&#44;6482&#44;6485&#44;6487&#44;6489&#44;6501&#44;6502&#44;6503&#44;6505&#44;6506&#44;6507&#44;6509&#44;6510&#44;6512&#44;6514&#44;6517&#44;6518&#44;6520&#44;6521&#44;6524&#44;6527&#44;6528&#44;6533&#44;6535&#44;6536&#44;6539&#44;6540&#44;6547&#44;6549&#44;6556&#44;6562&#44;6565&#44;6567&#44;6568&#44;6569&#44;6570&#44;6571&#44;6572&#44;6573&#44;6575&#44;6581&#44;6582&#44;6604&#44;6605&#44;6606&#44;6608&#44;6609&#44;6610&#44;6612&#44;6613&#44;6614&#44;6615&#44;6616&#44;6617&#44;6619&#44;6620&#44;6621&#44;6622&#44;6624&#44;6626&#44;6628&#44;6630&#44;6631&#44;6632&#44;6633&#44;6634&#44;6635&#44;6636&#44;6637&#44;6643&#44;6644&#44;6646&#44;6650&#44;6651&#44;6652&#44;6653&#44;6655&#44;6657&#44;6658&#44;6659&#44;6660&#44;6661&#44;6662&#44;6663&#44;6664&#44;6666&#44;6667&#44;6670&#44;6671&#44;6672&#44;6673&#44;6674&#44;6675&#44;6676&#44;6677&#44;6678&#44;6679&#44;6682&#44;6683&#44;6684&#44;6685&#44;6686&#44;6692&#44;6693&#44;6779&#44;6781&#44;6867&#44;6976&#44;6979&#44;7189&#44;7658&#44;7676&#44;8102&#44;8104&#44;8106&#44;8107&#44;8111&#44;8112&#44;8114&#44;8115&#44;8116&#44;8117&#44;8119&#44;8120&#44;8123&#44;8125&#44;8126&#44;8128&#44;8129&#44;8130&#44;8132&#44;8133&#44;8134&#44;8135&#44;8136&#44;8138&#44;8139&#44;8141&#44;8142&#44;8144&#44;8145&#44;8146&#44;8147&#44;8149&#44;8150&#44;8151&#44;8152&#44;8153&#44;8155&#44;8156&#44;8157&#44;8158&#44;8160&#44;8161&#44;8162&#44;8163&#44;8164&#44;8165&#44;8166&#44;8167&#44;8168&#44;8169&#44;8172&#44;8173&#44;8174&#44;8175&#44;8176&#44;8177&#44;8180&#44;8181&#44;8182&#44;8183&#44;8184&#44;8185&#44;8186&#44;8188&#44;8189&#44;8190&#44;8191&#44;8192&#44;8193&#44;8194&#44;8196&#44;8197&#44;8201&#44;8202&#44;8203&#44;8205&#44;8207&#44;8208&#44;8209&#44;8210&#44;8211&#44;8213&#44;8215&#44;8218&#44;8219&#44;8220&#44;8221&#44;8222&#44;8223&#44;8224&#44;8225&#44;8226&#44;8227&#44;8228&#44;8236&#44;8237&#44;8238&#44;8239&#44;8241&#44;8242&#44;8243&#44;8244&#44;8245&#44;8246&#44;8247&#44;8248&#44;8250&#44;8251&#44;8252&#44;8253&#44;8254&#44;8256&#44;8257&#44;8259&#44;8261&#44;8262&#44;8263&#44;8264&#44;8265&#44;8266&#44;8267&#44;8268&#44;8269&#44;8270&#44;8271&#44;8272&#44;8273&#44;8274&#44;8275&#44;8276&#44;8277&#44;8278&#44;8279&#44;8280&#44;8281&#44;8282&#44;8283&#44;8284&#44;8285&#44;8286&#44;8287&#44;8288&#44;8289&#44;8290&#44;8291&#44;8292&#44;8293&#44;8294&#44;8295&#44;8296&#44;8297&#44;8298&#44;8299&#44;""",5/4/21,4/30/21,N
layouts,Sushi,79,,2021,5/3/21,1-NewFolderStructure/C079_Sushi/C79_Sushi_Effective_05032021_Update_05052021/,_C79_Sushi_Effective_04052021_Update_05052021.pdf,"""4735&#44;""",5/25/21,5/5/21,N
layouts,HMS,79-2,,2021,5/3/21,1-NewFolderStructure/C079_HMS/C79_HMS_Effective_05032021_Update_05052021/,_C79_HMS_Effective_05032021_Update_05052021.pdf,"""4735&#44;4969&#44;6349&#44;""",5/25/21,5/5/21,N
layouts,Meat and Seafood,"""72&#44;76&#44;93""",,2021,5/3/21,1-NewFolderStructure/C076_C072_C093_Fresh_Meat_Seafood/C72_C76_C93_Effective_05072021/,_C72_C76_C93_Effective_05032021_Planogram_Updated_05072021.pdf,"""4704&#44;4732&#44;4745&#44;4829&#44;6369&#44;6405&#44;6445&#44;6630&#44;6634&#44;8210&#44;""",5/14/21,5/7/21,N
layouts,HMS,79-2,,2021,5/3/21,1-NewFolderStructure/C079_HMS/C79_HMS_Effective_05032021_Update_05072021/,_C79_HMS_Effective_05032021_Update_05072021.pdf,"""8188&#44;8291&#44;6261&#44;6424&#44;6428&#44;6510&#44;8184&#44;4925&#44;""",5/25/21,5/7/21,N
layouts,Meat and Seafood,"""72&#44;76&#44;93""",,2021,5/3/21,1-NewFolderStructure/C076_C072_C093_Fresh_Meat_Seafood/C72_C76_C93_Effective_05072021/,_C72_C76_C93_Effective_05032021_Planogram_Updated_05072021.pdf,"""6634&#44;8210&#44;6630&#44;6405&#44;6445&#44;6369&#44;4704&#44;4745&#44;4829&#44;4732&#44;""",5/24/21,5/10/21,N
layouts,Meat and Seafood,"""72&#44;76&#44;93""",,2021,5/3/21,1-NewFolderStructure/C076_C072_C093_Fresh_Meat_Seafood/C72_76_93_Effective_050321/,_C72_C76_C93_Effective_05032021_Planogram_Updated_04162021.pdf,"""4109&#44;4702&#44;4703&#44;4704&#44;4707&#44;4709&#44;4710&#44;4711&#44;4712&#44;4713&#44;4718&#44;4720&#44;4721&#44;4722&#44;4724&#44;4728&#44;4729&#44;4730&#44;4731&#44;4732&#44;4735&#44;4736&#44;4738&#44;4739&#44;4740&#44;4741&#44;4742&#44;4743&#44;4745&#44;4749&#44;4750&#44;4755&#44;4761&#44;4763&#44;4764&#44;4767&#44;4768&#44;4769&#44;4770&#44;4771&#44;4772&#44;4774&#44;4775&#44;4776&#44;4777&#44;4778&#44;4780&#44;4781&#44;4782&#44;4783&#44;4784&#44;4785&#44;4786&#44;4787&#44;4789&#44;4790&#44;4791&#44;4794&#44;4795&#44;4797&#44;4798&#44;4799&#44;4801&#44;4802&#44;4804&#44;4805&#44;4808&#44;4815&#44;4816&#44;4817&#44;4818&#44;4819&#44;4820&#44;4822&#44;4824&#44;4825&#44;4828&#44;4829&#44;4830&#44;4831&#44;4836&#44;4837&#44;4839&#44;4840&#44;4843&#44;4846&#44;4847&#44;4850&#44;4851&#44;4852&#44;4853&#44;4855&#44;4857&#44;4859&#44;4860&#44;4861&#44;4866&#44;4870&#44;4871&#44;4872&#44;4873&#44;4874&#44;4875&#44;4876&#44;4878&#44;4879&#44;4901&#44;4905&#44;4906&#44;4908&#44;4911&#44;4914&#44;4915&#44;4917&#44;4920&#44;4925&#44;4926&#44;4930&#44;4933&#44;4936&#44;4938&#44;4939&#44;4942&#44;4944&#44;4946&#44;4947&#44;4948&#44;4950&#44;4952&#44;4955&#44;4958&#44;4961&#44;4962&#44;4963&#44;4969&#44;4972&#44;4973&#44;4974&#44;4982&#44;4983&#44;4985&#44;4987&#44;4989&#44;4990&#44;4991&#44;4992&#44;4994&#44;4996&#44;4998&#44;4999&#44;6181&#44;6188&#44;6189&#44;6201&#44;6202&#44;6203&#44;6204&#44;6216&#44;6217&#44;6218&#44;6228&#44;6235&#44;6302&#44;6305&#44;6311&#44;6313&#44;6314&#44;6315&#44;6328&#44;6329&#44;6330&#44;6332&#44;6333&#44;6335&#44;6339&#44;6341&#44;6344&#44;6345&#44;6347&#44;6348&#44;6365&#44;6366&#44;6367&#44;6368&#44;6369&#44;6371&#44;6372&#44;6373&#44;6375&#44;6376&#44;6377&#44;6378&#44;6379&#44;6383&#44;6384&#44;6385&#44;6387&#44;6388&#44;6401&#44;6408&#44;6409&#44;6410&#44;6413&#44;6415&#44;6417&#44;6418&#44;6419&#44;6420&#44;6421&#44;6422&#44;6426&#44;6427&#44;6428&#44;6429&#44;6430&#44;6431&#44;6432&#44;6433&#44;6434&#44;6435&#44;6436&#44;6437&#44;6440&#44;6441&#44;6448&#44;6449&#44;6450&#44;6452&#44;6453&#44;6454&#44;6455&#44;6458&#44;6460&#44;6461&#44;6462&#44;6463&#44;6464&#44;6471&#44;6472&#44;8285&#44;8286&#44;8287&#44;8288&#44;8289&#44;8290&#44;8291&#44;8292&#44;8293&#44;8294&#44;8295&#44;8296&#44;8297&#44;8298&#44;8299&#44;""",5/24/21,5/10/21,N
layouts,Café Grab and Go,79-3,,2021,5/3/21,1-NewFolderStructure/C079_Cafe_Grab_n_Go/C79_Grab_and_Go_Effective_05032021/,_C79_Cafe_Grab_and_Go_Effective_05032021_Update_05122021.pdf,"""4109&#44;4702&#44;4710&#44;4722&#44;4724&#44;4728&#44;4730&#44;4736&#44;4749&#44;4750&#44;4771&#44;4776&#44;4784&#44;4785&#44;4791&#44;4794&#44;4797&#44;4798&#44;4808&#44;4815&#44;4817&#44;4820&#44;4825&#44;4828&#44;4836&#44;4837&#44;4839&#44;4840&#44;4847&#44;4851&#44;4857&#44;4860&#44;4871&#44;4874&#44;4875&#44;4876&#44;4878&#44;4879&#44;4901&#44;4908&#44;4917&#44;4920&#44;4926&#44;4930&#44;4947&#44;4950&#44;4952&#44;4962&#44;4972&#44;4973&#44;4982&#44;4989&#44;4990&#44;4991&#44;4994&#44;4999&#44;6201&#44;6202&#44;6203&#44;6204&#44;6205&#44;6213&#44;6228&#44;6236&#44;6238&#44;6245&#44;6247&#44;6260&#44;6275&#44;6307&#44;6308&#44;6315&#44;6319&#44;6322&#44;6330&#44;6331&#44;6332&#44;6334&#44;6336&#44;6338&#44;6339&#44;6341&#44;6343&#44;6353&#44;6355&#44;6356&#44;6365&#44;6368&#44;6371&#44;6375&#44;6377&#44;6379&#44;6380&#44;6381&#44;6382&#44;6383&#44;6386&#44;6387&#44;6401&#44;6405&#44;6406&#44;6407&#44;6409&#44;6417&#44;6419&#44;6420&#44;6421&#44;6422&#44;6423&#44;6424&#44;6425&#44;6426&#44;6427&#44;6434&#44;6435&#44;6437&#44;6440&#44;6441&#44;6443&#44;6444&#44;6445&#44;6448&#44;6452&#44;6453&#44;6456&#44;6458&#44;6460&#44;6463&#44;6464&#44;6503&#44;6505&#44;6506&#44;6507&#44;6509&#44;6512&#44;6517&#44;6518&#44;6528&#44;6533&#44;6536&#44;6540&#44;6547&#44;6556&#44;6562&#44;6567&#44;6568&#44;6569&#44;6570&#44;6571&#44;6572&#44;6573&#44;6581&#44;6582&#44;6612&#44;6613&#44;6628&#44;6646&#44;6652&#44;6658&#44;6660&#44;6661&#44;6664&#44;6670&#44;6673&#44;6675&#44;6677&#44;6686&#44;6976&#44;6979&#44;7658&#44;7676&#44;8104&#44;8114&#44;8117&#44;8120&#44;8129&#44;8130&#44;8132&#44;8134&#44;8135&#44;8142&#44;8144&#44;8145&#44;8151&#44;8155&#44;8156&#44;8157&#44;8160&#44;8161&#44;8162&#44;8169&#44;8172&#44;8175&#44;8176&#44;8177&#44;8180&#44;8184&#44;8185&#44;8188&#44;8196&#44;8202&#44;8203&#44;8205&#44;8208&#44;8213&#44;8215&#44;8218&#44;8219&#44;8220&#44;8222&#44;8224&#44;8237&#44;8244&#44;8245&#44;8247&#44;8250&#44;8253&#44;8254&#44;8261&#44;8263&#44;8264&#44;8265&#44;8267&#44;8270&#44;8271&#44;8272&#44;8273&#44;8275&#44;8279&#44;8281&#44;8282&#44;8283&#44;8284&#44;8286&#44;8287&#44;8289&#44;8290&#44;8291&#44;8292&#44;8294&#44;8295&#44;""",5/25/21,5/10/21,N
layouts,Café Grab and Go,79-3,,2021,5/3/21,1-NewFolderStructure/C079_Cafe_Grab_n_Go/C79_Cafe_Grab_and_Go_Effective_05032021_Update_05072021/,_C79_Cafe_Grab_and_Go_Effective_05032021_Update_05072021.pdf,"""6670&#44;""",5/25/21,5/11/21,N
layouts,Café Grab and Go,79-3,,2021,5/3/21,1-NewFolderStructure/C079_Cafe_Grab_n_Go/C79_Cafe_Grab_and_Go_Effective_05032021_Update_05052021/,_C79_Cafe_Grab_and_Go_Effective_05032021_Update_05052021.pdf,"""6382&#44;""",5/25/21,5/11/21,N
layouts,HMS,79-2,,2021,5/3/21,1-NewFolderStructure/C079_HMS/C79_HMS_Effective_05032021_Update_05122021/,_C79_HMS_Effective_05032021_Update_05122021.pdf,"""8104&#44;""",5/14/21,5/12/21,N
layouts,HMS,79-2,,2021,5/3/21,1-NewFolderStructure/C079_HMS/C79_HMS_Effective_05032021_Update_05142021/,_C79_HMS_Effective_05032021_Update_05142021.pdf,"""4770&#44;6636&#44;""",5/25/21,5/14/21,N
layouts,Meat and Seafood,"""72&#44;76&#44;93""",,2021,5/3/21,1-NewFolderStructure/C076_C072_C093_Fresh_Meat_Seafood/C72_C76_C93_Effective_05032021/,_C72_C76_C93_Effective_05032021_Planogram_Updated_04162021.pdf,"""4109&#44;4702&#44;4703&#44;4704&#44;4707&#44;4709&#44;4710&#44;4711&#44;4712&#44;4713&#44;4718&#44;4720&#44;4721&#44;4722&#44;4724&#44;4728&#44;4729&#44;4730&#44;4731&#44;4732&#44;4735&#44;4736&#44;4738&#44;4739&#44;4740&#44;4741&#44;4742&#44;4743&#44;4745&#44;4749&#44;4750&#44;4755&#44;4761&#44;4763&#44;4764&#44;4767&#44;4768&#44;4769&#44;4770&#44;4771&#44;4772&#44;4774&#44;4775&#44;4776&#44;4777&#44;4778&#44;4780&#44;4781&#44;4782&#44;4783&#44;4784&#44;4785&#44;4786&#44;4787&#44;4789&#44;4790&#44;4791&#44;4794&#44;4795&#44;4797&#44;4798&#44;4799&#44;4801&#44;4802&#44;4804&#44;4805&#44;4808&#44;4815&#44;4816&#44;4817&#44;4818&#44;4819&#44;4820&#44;4822&#44;4824&#44;4825&#44;4828&#44;4829&#44;4830&#44;4831&#44;4836&#44;4837&#44;4839&#44;4840&#44;4843&#44;4846&#44;4847&#44;4850&#44;4851&#44;4852&#44;4853&#44;4855&#44;4857&#44;4859&#44;4860&#44;4861&#44;4866&#44;4870&#44;4871&#44;4872&#44;4873&#44;4874&#44;4875&#44;4876&#44;4878&#44;4879&#44;4901&#44;4905&#44;4906&#44;4908&#44;4911&#44;4914&#44;4915&#44;4917&#44;4920&#44;4925&#44;4926&#44;4930&#44;4933&#44;4936&#44;4938&#44;4939&#44;4942&#44;4944&#44;4946&#44;4947&#44;4948&#44;4950&#44;4952&#44;4955&#44;4958&#44;4961&#44;4962&#44;4963&#44;4969&#44;4972&#44;4973&#44;4974&#44;4982&#44;4983&#44;4985&#44;4987&#44;4989&#44;4990&#44;4991&#44;4992&#44;4994&#44;4996&#44;4998&#44;4999&#44;6181&#44;6188&#44;6189&#44;6201&#44;6202&#44;6203&#44;6204&#44;6216&#44;6217&#44;6218&#44;6228&#44;6235&#44;6302&#44;6305&#44;6311&#44;6313&#44;6314&#44;6315&#44;6328&#44;6329&#44;6330&#44;6332&#44;6333&#44;6335&#44;6339&#44;6341&#44;6344&#44;6345&#44;6347&#44;6348&#44;6365&#44;6366&#44;6367&#44;6368&#44;6369&#44;6371&#44;6372&#44;6373&#44;6375&#44;6376&#44;6377&#44;6378&#44;6379&#44;6383&#44;6384&#44;6385&#44;6387&#44;6388&#44;6401&#44;6408&#44;6409&#44;6410&#44;6413&#44;6415&#44;6417&#44;6418&#44;6419&#44;6420&#44;6421&#44;6422&#44;6426&#44;6427&#44;6428&#44;6429&#44;6430&#44;6431&#44;6432&#44;6433&#44;6434&#44;6435&#44;6436&#44;6437&#44;6440&#44;6441&#44;6448&#44;6449&#44;6450&#44;6452&#44;6453&#44;6454&#44;6455&#44;6458&#44;6460&#44;6461&#44;6462&#44;6463&#44;6464&#44;6471&#44;6472&#44;8285&#44;8286&#44;8287&#44;8288&#44;8289&#44;8290&#44;8291&#44;8292&#44;8293&#44;8294&#44;8295&#44;8296&#44;8297&#44;8298&#44;8299&#44;""",6/11/21,6/7/21,N
layouts,Deli,57,,2021,5/10/21,1-NewFolderStructure/C057_Deli/C57_Effective_05102021_Planogram_Update_05-12-2021/,_C57_Effective_05102021_Planogram_Update_05-12-2021.pdf,"""6454&#44;6569&#44;8150&#44;8169&#44;8291&#44;8294&#44;""",5/14/21,5/12/20,N
layouts,Deli,57,,2021,5/10/21,1-NewFolderStructure/C057_Deli/C57_Effective_05102021/,_C57_Effective_05102021_Planogram_Update_05-04-2021.pdf,"""4109&#44;4702&#44;4703&#44;4704&#44;4707&#44;4709&#44;4710&#44;4711&#44;4712&#44;4713&#44;4718&#44;4720&#44;4721&#44;4722&#44;4724&#44;4728&#44;4730&#44;4731&#44;4732&#44;4735&#44;4736&#44;4738&#44;4739&#44;4740&#44;4741&#44;4742&#44;4743&#44;4745&#44;4749&#44;4750&#44;4755&#44;4761&#44;4763&#44;4764&#44;4767&#44;4768&#44;4769&#44;4770&#44;4772&#44;4774&#44;4775&#44;4776&#44;4777&#44;4778&#44;4780&#44;4781&#44;4782&#44;4783&#44;4784&#44;4785&#44;4786&#44;4787&#44;4789&#44;4790&#44;4791&#44;4794&#44;4795&#44;4797&#44;4798&#44;4799&#44;4801&#44;4802&#44;4804&#44;4805&#44;4808&#44;4815&#44;4816&#44;4817&#44;4818&#44;4819&#44;4820&#44;4822&#44;4824&#44;4825&#44;4828&#44;4829&#44;4830&#44;4831&#44;4836&#44;4837&#44;4839&#44;4840&#44;4843&#44;4846&#44;4847&#44;4850&#44;4852&#44;4853&#44;4855&#44;4857&#44;4859&#44;4860&#44;4861&#44;4866&#44;4870&#44;4871&#44;4872&#44;4873&#44;4874&#44;4875&#44;4876&#44;4878&#44;4879&#44;4901&#44;4905&#44;4906&#44;4908&#44;4911&#44;4914&#44;4915&#44;4917&#44;4920&#44;4925&#44;4930&#44;4933&#44;4936&#44;4938&#44;4939&#44;4942&#44;4944&#44;4946&#44;4947&#44;4948&#44;4950&#44;4952&#44;4955&#44;4958&#44;4961&#44;4962&#44;4963&#44;4969&#44;4972&#44;4973&#44;4974&#44;4983&#44;4985&#44;4987&#44;4989&#44;4990&#44;4991&#44;4992&#44;4994&#44;4996&#44;4998&#44;6181&#44;6188&#44;6189&#44;6201&#44;6202&#44;6203&#44;6204&#44;6205&#44;6212&#44;6213&#44;6216&#44;6217&#44;6218&#44;6219&#44;6220&#44;6225&#44;6228&#44;6235&#44;6236&#44;6238&#44;6239&#44;6240&#44;6242&#44;6244&#44;6245&#44;6246&#44;6247&#44;6249&#44;6251&#44;6252&#44;6254&#44;6255&#44;6256&#44;6257&#44;6259&#44;6260&#44;6261&#44;6262&#44;6265&#44;6267&#44;6269&#44;6270&#44;6275&#44;6302&#44;6304&#44;6305&#44;6307&#44;6308&#44;6309&#44;6310&#44;6311&#44;6312&#44;6313&#44;6314&#44;6315&#44;6317&#44;6319&#44;6320&#44;6321&#44;6322&#44;6324&#44;6325&#44;6326&#44;6327&#44;6328&#44;6329&#44;6330&#44;6331&#44;6332&#44;6334&#44;6335&#44;6336&#44;6338&#44;6339&#44;6341&#44;6342&#44;6343&#44;6344&#44;6345&#44;6347&#44;6348&#44;6349&#44;6350&#44;6351&#44;6352&#44;6353&#44;6354&#44;6355&#44;6356&#44;6357&#44;6358&#44;6359&#44;6360&#44;6361&#44;6363&#44;6364&#44;6365&#44;6366&#44;6367&#44;6368&#44;6369&#44;6371&#44;6372&#44;6373&#44;6376&#44;6377&#44;6378&#44;6379&#44;6381&#44;6382&#44;6383&#44;6384&#44;6385&#44;6386&#44;6387&#44;6388&#44;6401&#44;6402&#44;6403&#44;6404&#44;6405&#44;6406&#44;6407&#44;6408&#44;6409&#44;6410&#44;6412&#44;6413&#44;6414&#44;6415&#44;6418&#44;6419&#44;6420&#44;6421&#44;6422&#44;6423&#44;6424&#44;6425&#44;6426&#44;6427&#44;6428&#44;6430&#44;6431&#44;6432&#44;6433&#44;6434&#44;6435&#44;6436&#44;6437&#44;6439&#44;6440&#44;6441&#44;6443&#44;6444&#44;6445&#44;6448&#44;6449&#44;6450&#44;6452&#44;6453&#44;6454&#44;6455&#44;6456&#44;6457&#44;6458&#44;6460&#44;6461&#44;6463&#44;6464&#44;6471&#44;6472&#44;6474&#44;6479&#44;6482&#44;6485&#44;6487&#44;6489&#44;6501&#44;6502&#44;6503&#44;6505&#44;6506&#44;6507&#44;6509&#44;6510&#44;6512&#44;6514&#44;6518&#44;6520&#44;6521&#44;6524&#44;6527&#44;6528&#44;6533&#44;6535&#44;6536&#44;6539&#44;6540&#44;6543&#44;6547&#44;6549&#44;6556&#44;6565&#44;6567&#44;6568&#44;6569&#44;6570&#44;6571&#44;6572&#44;6573&#44;6575&#44;6581&#44;6582&#44;6604&#44;6605&#44;6606&#44;6608&#44;6609&#44;6610&#44;6612&#44;6613&#44;6614&#44;6615&#44;6616&#44;6617&#44;6619&#44;6620&#44;6621&#44;6622&#44;6624&#44;6626&#44;6628&#44;6630&#44;6631&#44;6632&#44;6633&#44;6634&#44;6635&#44;6636&#44;6637&#44;6643&#44;6644&#44;6646&#44;6650&#44;6651&#44;6652&#44;6653&#44;6655&#44;6657&#44;6658&#44;6659&#44;6660&#44;6661&#44;6662&#44;6663&#44;6664&#44;6666&#44;6667&#44;6670&#44;6671&#44;6672&#44;6674&#44;6675&#44;6676&#44;6677&#44;6678&#44;6679&#44;6680&#44;6682&#44;6683&#44;6684&#44;6685&#44;6686&#44;6689&#44;6690&#44;6692&#44;6693&#44;6779&#44;6781&#44;6867&#44;6976&#44;6979&#44;7189&#44;7658&#44;7676&#44;8102&#44;8104&#44;8106&#44;8107&#44;8111&#44;8112&#44;8114&#44;8115&#44;8116&#44;8117&#44;8119&#44;8123&#44;8125&#44;8126&#44;8128&#44;8129&#44;8130&#44;8132&#44;8133&#44;8134&#44;8136&#44;8138&#44;8139&#44;8141&#44;8142&#44;8144&#44;8145&#44;8146&#44;8147&#44;8149&#44;8150&#44;8151&#44;8152&#44;8153&#44;8155&#44;8156&#44;8158&#44;8160&#44;8161&#44;8162&#44;8163&#44;8164&#44;8165&#44;8166&#44;8167&#44;8168&#44;8169&#44;8172&#44;8173&#44;8174&#44;8175&#44;8176&#44;8177&#44;8180&#44;8181&#44;8182&#44;8183&#44;8184&#44;8185&#44;8186&#44;8188&#44;8189&#44;8190&#44;8191&#44;8192&#44;8193&#44;8194&#44;8196&#44;8197&#44;8201&#44;8202&#44;8203&#44;8205&#44;8207&#44;8208&#44;8209&#44;8210&#44;8211&#44;8213&#44;8215&#44;8218&#44;8219&#44;8220&#44;8221&#44;8222&#44;8223&#44;8224&#44;8225&#44;8226&#44;8227&#44;8228&#44;8236&#44;8237&#44;8238&#44;8239&#44;8241&#44;8242&#44;8243&#44;8244&#44;8245&#44;8246&#44;8247&#44;8248&#44;8250&#44;8251&#44;8252&#44;8254&#44;8256&#44;8257&#44;8259&#44;8261&#44;8262&#44;8263&#44;8264&#44;8265&#44;8266&#44;8267&#44;8268&#44;8269&#44;8270&#44;8271&#44;8272&#44;8273&#44;8274&#44;8275&#44;8276&#44;8277&#44;8278&#44;8279&#44;8280&#44;8281&#44;8282&#44;8283&#44;8284&#44;8285&#44;8286&#44;8287&#44;8288&#44;8289&#44;8290&#44;8291&#44;8292&#44;8293&#44;8294&#44;8295&#44;8296&#44;8297&#44;8298&#44;8299&#44;""",5/5/21,5/4/21,N
layouts,Spirits,28,,2021,5/10/21,https://sams-csp.cld.samsclub.com/clubs/,/planograms/28,"""4109&#44;4702&#44;4703&#44;4704&#44;4707&#44;4709&#44;4710&#44;4711&#44;4712&#44;4713&#44;4718&#44;4720&#44;4721&#44;4722&#44;4724&#44;4728&#44;4729&#44;4730&#44;4731&#44;4732&#44;4735&#44;4736&#44;4738&#44;4739&#44;4740&#44;4741&#44;4742&#44;4743&#44;4745&#44;4749&#44;4750&#44;4755&#44;4761&#44;4763&#44;4764&#44;4767&#44;4768&#44;4769&#44;4770&#44;4771&#44;4772&#44;4774&#44;4775&#44;4776&#44;4777&#44;4778&#44;4780&#44;4781&#44;4782&#44;4783&#44;4784&#44;4785&#44;4786&#44;4787&#44;4789&#44;4790&#44;4791&#44;4794&#44;4795&#44;4797&#44;4798&#44;4799&#44;4801&#44;4802&#44;4804&#44;4805&#44;4808&#44;4815&#44;4816&#44;4817&#44;4818&#44;4819&#44;4820&#44;4822&#44;4824&#44;4825&#44;4828&#44;4829&#44;4830&#44;4831&#44;4836&#44;4837&#44;4839&#44;4840&#44;4843&#44;4846&#44;4847&#44;4850&#44;4851&#44;4852&#44;4853&#44;4855&#44;4857&#44;4859&#44;4860&#44;4861&#44;4866&#44;4870&#44;4871&#44;4872&#44;4873&#44;4874&#44;4875&#44;4876&#44;4878&#44;4879&#44;4901&#44;4905&#44;4906&#44;4908&#44;4911&#44;4914&#44;4915&#44;4917&#44;4920&#44;4925&#44;4926&#44;4930&#44;4933&#44;4936&#44;4938&#44;4939&#44;4942&#44;4944&#44;4946&#44;4947&#44;4948&#44;4950&#44;4952&#44;4955&#44;4958&#44;4961&#44;4962&#44;4963&#44;4969&#44;4972&#44;4973&#44;4974&#44;4982&#44;4983&#44;4985&#44;4987&#44;4989&#44;4990&#44;4991&#44;4992&#44;4994&#44;4996&#44;4998&#44;4999&#44;6181&#44;6188&#44;6189&#44;6201&#44;6202&#44;6203&#44;6204&#44;6205&#44;6212&#44;6213&#44;6216&#44;6217&#44;6218&#44;6219&#44;6220&#44;6225&#44;6228&#44;6235&#44;6236&#44;6238&#44;6239&#44;6240&#44;6242&#44;6244&#44;6245&#44;6246&#44;6247&#44;6249&#44;6251&#44;6252&#44;6254&#44;6255&#44;6256&#44;6257&#44;6259&#44;6260&#44;6261&#44;6262&#44;6265&#44;6267&#44;6269&#44;6270&#44;6275&#44;6302&#44;6304&#44;6305&#44;6307&#44;6308&#44;6309&#44;6310&#44;6311&#44;6312&#44;6313&#44;6314&#44;6315&#44;6317&#44;6319&#44;6320&#44;6321&#44;6322&#44;6324&#44;6325&#44;6326&#44;6327&#44;6328&#44;6329&#44;6330&#44;6331&#44;6332&#44;6333&#44;6334&#44;6335&#44;6336&#44;6338&#44;6339&#44;6341&#44;6342&#44;6343&#44;6344&#44;6345&#44;6347&#44;6348&#44;6349&#44;6350&#44;6351&#44;6352&#44;6353&#44;6354&#44;6355&#44;6356&#44;6357&#44;6358&#44;6359&#44;6360&#44;6361&#44;6363&#44;6364&#44;6365&#44;6366&#44;6367&#44;6368&#44;6369&#44;6371&#44;6372&#44;6373&#44;6375&#44;6376&#44;6377&#44;6378&#44;6379&#44;6380&#44;6381&#44;6382&#44;6383&#44;6384&#44;6385&#44;6386&#44;6387&#44;6388&#44;6401&#44;6402&#44;6403&#44;6404&#44;6405&#44;6406&#44;6407&#44;6408&#44;6409&#44;6410&#44;6412&#44;6413&#44;6414&#44;6415&#44;6417&#44;6418&#44;6419&#44;6420&#44;6421&#44;6422&#44;6423&#44;6424&#44;6425&#44;6426&#44;6427&#44;6428&#44;6429&#44;6430&#44;6431&#44;6432&#44;6433&#44;6434&#44;6435&#44;6436&#44;6437&#44;6439&#44;6440&#44;6441&#44;6443&#44;6444&#44;6445&#44;6448&#44;6449&#44;6450&#44;6452&#44;6453&#44;6454&#44;6455&#44;6456&#44;6457&#44;6458&#44;6460&#44;6461&#44;6462&#44;6463&#44;6464&#44;6471&#44;6472&#44;6474&#44;6479&#44;6482&#44;6485&#44;6487&#44;6489&#44;6501&#44;6502&#44;6503&#44;6505&#44;6506&#44;6507&#44;6509&#44;6510&#44;6512&#44;6514&#44;6517&#44;6518&#44;6520&#44;6521&#44;6524&#44;6527&#44;6528&#44;6533&#44;6535&#44;6536&#44;6539&#44;6540&#44;6543&#44;6547&#44;6549&#44;6556&#44;6562&#44;6565&#44;6567&#44;6568&#44;6569&#44;6570&#44;6571&#44;6572&#44;6573&#44;6575&#44;6581&#44;6582&#44;6604&#44;6605&#44;6606&#44;6608&#44;6609&#44;6610&#44;6612&#44;6613&#44;6614&#44;6615&#44;6616&#44;6617&#44;6619&#44;6620&#44;6621&#44;6622&#44;6624&#44;6626&#44;6628&#44;6630&#44;6631&#44;6632&#44;6633&#44;6634&#44;6635&#44;6636&#44;6637&#44;6643&#44;6644&#44;6646&#44;6650&#44;6651&#44;6652&#44;6653&#44;6655&#44;6657&#44;6658&#44;6659&#44;6660&#44;6661&#44;6662&#44;6663&#44;6664&#44;6666&#44;6667&#44;6670&#44;6671&#44;6672&#44;6673&#44;6674&#44;6675&#44;6676&#44;6677&#44;6678&#44;6679&#44;6680&#44;6682&#44;6683&#44;6684&#44;6685&#44;6686&#44;6689&#44;6690&#44;6692&#44;6693&#44;6779&#44;6781&#44;6867&#44;6976&#44;6979&#44;7189&#44;7658&#44;7676&#44;8102&#44;8104&#44;8106&#44;8107&#44;8111&#44;8112&#44;8114&#44;8115&#44;8116&#44;8117&#44;8119&#44;8120&#44;8123&#44;8125&#44;8126&#44;8128&#44;8129&#44;8130&#44;8132&#44;8133&#44;8134&#44;8135&#44;8136&#44;8138&#44;8139&#44;8141&#44;8142&#44;8144&#44;8145&#44;8146&#44;8147&#44;8149&#44;8150&#44;8151&#44;8152&#44;8153&#44;8155&#44;8156&#44;8157&#44;8158&#44;8160&#44;8161&#44;8162&#44;8163&#44;8164&#44;8165&#44;8166&#44;8167&#44;8168&#44;8169&#44;8172&#44;8173&#44;8174&#44;8175&#44;8176&#44;8177&#44;8180&#44;8181&#44;8182&#44;8183&#44;8184&#44;8185&#44;8186&#44;8188&#44;8189&#44;8190&#44;8191&#44;8192&#44;8193&#44;8194&#44;8196&#44;8197&#44;8201&#44;8202&#44;8203&#44;8205&#44;8207&#44;8208&#44;8209&#44;8210&#44;8211&#44;8213&#44;8215&#44;8218&#44;8219&#44;8220&#44;8221&#44;8222&#44;8223&#44;8224&#44;8225&#44;8226&#44;8227&#44;8228&#44;8236&#44;8237&#44;8238&#44;8239&#44;8241&#44;8242&#44;8243&#44;8244&#44;8245&#44;8246&#44;8247&#44;8248&#44;8250&#44;8251&#44;8252&#44;8253&#44;8254&#44;8256&#44;8257&#44;8259&#44;8261&#44;8262&#44;8263&#44;8264&#44;8265&#44;8266&#44;8267&#44;8268&#44;8269&#44;8270&#44;8271&#44;8272&#44;8273&#44;8274&#44;8275&#44;8276&#44;8277&#44;8278&#44;8279&#44;8280&#44;8281&#44;8282&#44;8283&#44;8284&#44;8285&#44;8286&#44;8287&#44;8288&#44;8289&#44;8290&#44;8291&#44;8292&#44;8293&#44;8294&#44;8295&#44;8296&#44;8297&#44;8298&#44;8299&#44;""",5/10/21,5/10/21,N
layouts,Deli,57,,2021,5/10/21,1-NewFolderStructure/C057_Deli/C57_Effective_05102021_Planogram_Update_06-02-2021/,_C57_Effective_05102021_Planogram_Update_06-02-2021.pdf,"""4729&#44;4771&#44;4851&#44;4926&#44;4982&#44;4999&#44;6333&#44;6375&#44;6380&#44;6417&#44;6429&#44;6462&#44;6517&#44;6562&#44;6673&#44;8120&#44;8135&#44;8157&#44;8253&#44;""",6/7/21,6/2/21,N
layouts,Bakery Tables,"""37&#44;77""",,2021,5/11/21,1-NewFolderStructure/C037_C077_Bakery_Tables/C37_77_Bakery_Tables_Effective_05112021_Updated_05112021/,_C37_77_Bakery_Tables_Effective_005032021_Updated_04232021.pdf,"""8296&#44;""",5/14/21,5/11/21,N
layouts,Cake Case,"""37-3&#44;77-3""",,2021,5/11/21,1-NewFolderStructure/C037_C077_Cake_Case/C77_C37_Effective_05112021_Updated_05112021/,_C77_C37_Effective_05112021_Updated_05112021.pdf,"""8296&#44;""",5/12/21,5/11/21,N
layouts,Coolers,42-2,,2021,5/18/21,1-NewFolderStructure/C042_Coolers/C42_Effective_05182021/,_C42_Effective_05182021_Planogram_Updated_05102021.pdf,"""4871&#44;6329&#44;6385&#44;6436&#44;8156&#44;8172&#44;8262&#44;8264&#44;""",5/24/21,5/10/21,N
layouts,Coolers,42-2,,2021,5/24/21,1-NewFolderStructure/C042_Coolers/C42_Effective_05172021/,_C42_Effective_04052021_Planogram_Updated_05032021.pdf,"""4852&#44;6270&#44;6342&#44;6543&#44;6680&#44;6689&#44;6690&#44;8282&#44;""",5/24/21,5/3/21,N
layouts,Coolers,42-2,,2021,5/24/21,1-NewFolderStructure/C042_Coolers/C42_Effective_05242021/,_C42_Effective_05242021_Planogram_Updated_05142021.pdf,"""4109&#44;4702&#44;4703&#44;4704&#44;4707&#44;4709&#44;4712&#44;4713&#44;4718&#44;4720&#44;4721&#44;4730&#44;4731&#44;4732&#44;4735&#44;4736&#44;4738&#44;4742&#44;4743&#44;4761&#44;4763&#44;4764&#44;4767&#44;4768&#44;4769&#44;4770&#44;4777&#44;4778&#44;4781&#44;4783&#44;4784&#44;4786&#44;4787&#44;4791&#44;4795&#44;4799&#44;4805&#44;4808&#44;4816&#44;4819&#44;4820&#44;4824&#44;4825&#44;4829&#44;4830&#44;4839&#44;4843&#44;4850&#44;4853&#44;4870&#44;4873&#44;4879&#44;4905&#44;4906&#44;4911&#44;4914&#44;4915&#44;4920&#44;4933&#44;4938&#44;4939&#44;4944&#44;4948&#44;4955&#44;4958&#44;4961&#44;4969&#44;4974&#44;4982&#44;4983&#44;4985&#44;4987&#44;6181&#44;6188&#44;6202&#44;6204&#44;6205&#44;6213&#44;6219&#44;6235&#44;6238&#44;6240&#44;6244&#44;6245&#44;6246&#44;6247&#44;6254&#44;6255&#44;6257&#44;6259&#44;6261&#44;6262&#44;6265&#44;6267&#44;6269&#44;6275&#44;6309&#44;6310&#44;6311&#44;6312&#44;6313&#44;6315&#44;6319&#44;6320&#44;6336&#44;6338&#44;6344&#44;6345&#44;6347&#44;6350&#44;6359&#44;6360&#44;6363&#44;6367&#44;6372&#44;6375&#44;6376&#44;6378&#44;6379&#44;6381&#44;6382&#44;6385&#44;6405&#44;6408&#44;6412&#44;6413&#44;6415&#44;6417&#44;6418&#44;6419&#44;6421&#44;6422&#44;6424&#44;6425&#44;6426&#44;6427&#44;6429&#44;6430&#44;6433&#44;6436&#44;6439&#44;6453&#44;6455&#44;6461&#44;6471&#44;6482&#44;6502&#44;6506&#44;6535&#44;6549&#44;6562&#44;6565&#44;6582&#44;6604&#44;6605&#44;6606&#44;6608&#44;6609&#44;6610&#44;6612&#44;6613&#44;6614&#44;6615&#44;6616&#44;6617&#44;6619&#44;6620&#44;6621&#44;6624&#44;6626&#44;6628&#44;6630&#44;6632&#44;6633&#44;6634&#44;6635&#44;6657&#44;6658&#44;6659&#44;6660&#44;6661&#44;6662&#44;6663&#44;6664&#44;6666&#44;6667&#44;6672&#44;6682&#44;6683&#44;6684&#44;6685&#44;6686&#44;6692&#44;6779&#44;6781&#44;6867&#44;6979&#44;7189&#44;7658&#44;7676&#44;8104&#44;8115&#44;8116&#44;8117&#44;8120&#44;8126&#44;8134&#44;8139&#44;8146&#44;8147&#44;8151&#44;8153&#44;8155&#44;8156&#44;8165&#44;8169&#44;8172&#44;8174&#44;8176&#44;8177&#44;8183&#44;8185&#44;8190&#44;8192&#44;8202&#44;8207&#44;8208&#44;8209&#44;8210&#44;8224&#44;8226&#44;8227&#44;8239&#44;8241&#44;8242&#44;8243&#44;8244&#44;8245&#44;8246&#44;8248&#44;8250&#44;8252&#44;8253&#44;8254&#44;8259&#44;8262&#44;8263&#44;8264&#44;8267&#44;8268&#44;8269&#44;8270&#44;8272&#44;8273&#44;8274&#44;8277&#44;8279&#44;8280&#44;8281&#44;8284&#44;8286&#44;8288&#44;8289&#44;8291&#44;8293&#44;8295&#44;8296&#44;8299&#44;""",5/24/21,5/14/21,N
layouts,Coffee and Breakfast,41,,2021,5/31/21,https://sams-csp.cld.samsclub.com/clubs/,/planograms/41,"""4109&#44;4702&#44;4703&#44;4704&#44;4707&#44;4709&#44;4710&#44;4711&#44;4712&#44;4713&#44;4718&#44;4720&#44;4721&#44;4722&#44;4724&#44;4728&#44;4729&#44;4730&#44;4731&#44;4732&#44;4735&#44;4736&#44;4738&#44;4739&#44;4740&#44;4741&#44;4742&#44;4743&#44;4745&#44;4749&#44;4750&#44;4755&#44;4761&#44;4763&#44;4764&#44;4767&#44;4768&#44;4769&#44;4770&#44;4771&#44;4772&#44;4774&#44;4775&#44;4776&#44;4777&#44;4778&#44;4780&#44;4781&#44;4782&#44;4783&#44;4784&#44;4785&#44;4786&#44;4787&#44;4789&#44;4790&#44;4791&#44;4794&#44;4795&#44;4797&#44;4798&#44;4799&#44;4801&#44;4802&#44;4804&#44;4805&#44;4808&#44;4815&#44;4816&#44;4817&#44;4818&#44;4819&#44;4820&#44;4822&#44;4824&#44;4825&#44;4828&#44;4829&#44;4830&#44;4831&#44;4836&#44;4837&#44;4839&#44;4840&#44;4843&#44;4846&#44;4847&#44;4850&#44;4851&#44;4852&#44;4853&#44;4855&#44;4857&#44;4859&#44;4860&#44;4861&#44;4866&#44;4870&#44;4871&#44;4872&#44;4873&#44;4874&#44;4875&#44;4876&#44;4878&#44;4879&#44;4901&#44;4905&#44;4906&#44;4908&#44;4911&#44;4914&#44;4915&#44;4917&#44;4920&#44;4925&#44;4926&#44;4930&#44;4933&#44;4936&#44;4938&#44;4939&#44;4942&#44;4944&#44;4946&#44;4947&#44;4948&#44;4950&#44;4952&#44;4955&#44;4958&#44;4961&#44;4962&#44;4963&#44;4969&#44;4972&#44;4973&#44;4974&#44;4982&#44;4983&#44;4985&#44;4987&#44;4989&#44;4990&#44;4991&#44;4992&#44;4994&#44;4996&#44;4998&#44;4999&#44;6181&#44;6188&#44;6189&#44;6201&#44;6202&#44;6203&#44;6204&#44;6205&#44;6212&#44;6213&#44;6216&#44;6217&#44;6218&#44;6219&#44;6220&#44;6225&#44;6228&#44;6235&#44;6236&#44;6238&#44;6239&#44;6240&#44;6242&#44;6244&#44;6245&#44;6246&#44;6247&#44;6249&#44;6251&#44;6252&#44;6254&#44;6255&#44;6256&#44;6257&#44;6259&#44;6260&#44;6261&#44;6262&#44;6265&#44;6267&#44;6269&#44;6270&#44;6275&#44;6302&#44;6304&#44;6305&#44;6307&#44;6308&#44;6309&#44;6310&#44;6311&#44;6312&#44;6313&#44;6314&#44;6315&#44;6317&#44;6319&#44;6320&#44;6321&#44;6322&#44;6324&#44;6325&#44;6326&#44;6327&#44;6328&#44;6329&#44;6330&#44;6331&#44;6332&#44;6333&#44;6334&#44;6335&#44;6336&#44;6338&#44;6339&#44;6341&#44;6342&#44;6343&#44;6344&#44;6345&#44;6347&#44;6348&#44;6349&#44;6350&#44;6351&#44;6352&#44;6353&#44;6354&#44;6355&#44;6356&#44;6357&#44;6358&#44;6359&#44;6360&#44;6361&#44;6363&#44;6364&#44;6365&#44;6366&#44;6367&#44;6368&#44;6369&#44;6371&#44;6372&#44;6373&#44;6375&#44;6376&#44;6377&#44;6378&#44;6379&#44;6380&#44;6381&#44;6382&#44;6383&#44;6384&#44;6385&#44;6386&#44;6387&#44;6388&#44;6401&#44;6402&#44;6403&#44;6404&#44;6405&#44;6406&#44;6407&#44;6408&#44;6409&#44;6410&#44;6412&#44;6413&#44;6414&#44;6415&#44;6417&#44;6418&#44;6419&#44;6420&#44;6421&#44;6422&#44;6423&#44;6424&#44;6425&#44;6426&#44;6427&#44;6428&#44;6429&#44;6430&#44;6431&#44;6432&#44;6433&#44;6434&#44;6435&#44;6436&#44;6437&#44;6439&#44;6440&#44;6441&#44;6443&#44;6444&#44;6445&#44;6448&#44;6449&#44;6450&#44;6452&#44;6453&#44;6454&#44;6455&#44;6456&#44;6457&#44;6458&#44;6460&#44;6461&#44;6462&#44;6463&#44;6464&#44;6471&#44;6472&#44;6474&#44;6479&#44;6482&#44;6485&#44;6487&#44;6489&#44;6501&#44;6502&#44;6503&#44;6505&#44;6506&#44;6507&#44;6509&#44;6510&#44;6512&#44;6514&#44;6517&#44;6518&#44;6520&#44;6521&#44;6524&#44;6527&#44;6528&#44;6533&#44;6535&#44;6536&#44;6539&#44;6540&#44;6543&#44;6547&#44;6549&#44;6556&#44;6562&#44;6565&#44;6567&#44;6568&#44;6569&#44;6570&#44;6571&#44;6572&#44;6573&#44;6575&#44;6581&#44;6582&#44;6604&#44;6605&#44;6606&#44;6608&#44;6609&#44;6610&#44;6612&#44;6613&#44;6614&#44;6615&#44;6616&#44;6617&#44;6619&#44;6620&#44;6621&#44;6622&#44;6624&#44;6626&#44;6628&#44;6630&#44;6631&#44;6632&#44;6633&#44;6634&#44;6635&#44;6636&#44;6637&#44;6643&#44;6644&#44;6646&#44;6650&#44;6651&#44;6652&#44;6653&#44;6655&#44;6657&#44;6658&#44;6659&#44;6660&#44;6661&#44;6662&#44;6663&#44;6664&#44;6666&#44;6667&#44;6670&#44;6671&#44;6672&#44;6673&#44;6674&#44;6675&#44;6676&#44;6677&#44;6678&#44;6679&#44;6680&#44;6682&#44;6683&#44;6684&#44;6685&#44;6686&#44;6689&#44;6690&#44;6692&#44;6693&#44;6779&#44;6781&#44;6867&#44;6976&#44;6979&#44;7189&#44;7658&#44;7676&#44;8102&#44;8104&#44;8106&#44;8107&#44;8111&#44;8112&#44;8114&#44;8115&#44;8116&#44;8117&#44;8119&#44;8120&#44;8123&#44;8125&#44;8126&#44;8128&#44;8129&#44;8130&#44;8132&#44;8133&#44;8134&#44;8135&#44;8136&#44;8138&#44;8139&#44;8141&#44;8142&#44;8144&#44;8145&#44;8146&#44;8147&#44;8149&#44;8150&#44;8151&#44;8152&#44;8153&#44;8155&#44;8156&#44;8157&#44;8158&#44;8160&#44;8161&#44;8162&#44;8163&#44;8164&#44;8165&#44;8166&#44;8167&#44;8168&#44;8169&#44;8172&#44;8173&#44;8174&#44;8175&#44;8176&#44;8177&#44;8180&#44;8181&#44;8182&#44;8183&#44;8184&#44;8185&#44;8186&#44;8188&#44;8189&#44;8190&#44;8191&#44;8192&#44;8193&#44;8194&#44;8196&#44;8197&#44;8201&#44;8202&#44;8203&#44;8205&#44;8207&#44;8208&#44;8209&#44;8210&#44;8211&#44;8213&#44;8215&#44;8218&#44;8219&#44;8220&#44;8221&#44;8222&#44;8223&#44;8224&#44;8225&#44;8226&#44;8227&#44;8228&#44;8236&#44;8237&#44;8238&#44;8239&#44;8241&#44;8242&#44;8243&#44;8244&#44;8245&#44;8246&#44;8247&#44;8248&#44;8250&#44;8251&#44;8252&#44;8253&#44;8254&#44;8256&#44;8257&#44;8259&#44;8261&#44;8262&#44;8263&#44;8264&#44;8265&#44;8266&#44;8267&#44;8268&#44;8269&#44;8270&#44;8271&#44;8272&#44;8273&#44;8274&#44;8275&#44;8276&#44;8277&#44;8278&#44;8279&#44;8280&#44;8281&#44;8282&#44;8283&#44;8284&#44;8285&#44;8286&#44;8287&#44;8288&#44;8289&#44;8290&#44;8291&#44;8292&#44;8293&#44;8294&#44;8295&#44;8296&#44;8297&#44;8298&#44;8299&#44;""",5/28/21,5/28/21,N
layouts,Grocery,43,,2021,5/31/21,https://sams-csp.cld.samsclub.com/clubs/,/planograms/43,"""4109&#44;4702&#44;4703&#44;4704&#44;4707&#44;4709&#44;4710&#44;4711&#44;4712&#44;4713&#44;4718&#44;4720&#44;4721&#44;4722&#44;4724&#44;4728&#44;4729&#44;4730&#44;4731&#44;4732&#44;4735&#44;4736&#44;4738&#44;4739&#44;4740&#44;4741&#44;4742&#44;4743&#44;4745&#44;4749&#44;4750&#44;4755&#44;4761&#44;4763&#44;4764&#44;4767&#44;4768&#44;4769&#44;4770&#44;4771&#44;4772&#44;4774&#44;4775&#44;4776&#44;4777&#44;4778&#44;4780&#44;4781&#44;4782&#44;4783&#44;4784&#44;4785&#44;4786&#44;4787&#44;4789&#44;4790&#44;4791&#44;4794&#44;4795&#44;4797&#44;4798&#44;4799&#44;4801&#44;4802&#44;4804&#44;4805&#44;4808&#44;4815&#44;4816&#44;4817&#44;4818&#44;4819&#44;4820&#44;4822&#44;4824&#44;4825&#44;4828&#44;4829&#44;4830&#44;4831&#44;4836&#44;4837&#44;4839&#44;4840&#44;4843&#44;4846&#44;4847&#44;4850&#44;4851&#44;4852&#44;4853&#44;4855&#44;4857&#44;4859&#44;4860&#44;4861&#44;4866&#44;4870&#44;4871&#44;4872&#44;4873&#44;4874&#44;4875&#44;4876&#44;4878&#44;4879&#44;4901&#44;4905&#44;4906&#44;4908&#44;4911&#44;4914&#44;4915&#44;4917&#44;4920&#44;4925&#44;4926&#44;4930&#44;4933&#44;4936&#44;4938&#44;4939&#44;4942&#44;4944&#44;4946&#44;4947&#44;4948&#44;4950&#44;4952&#44;4955&#44;4958&#44;4961&#44;4962&#44;4963&#44;4969&#44;4972&#44;4973&#44;4974&#44;4982&#44;4983&#44;4985&#44;4987&#44;4989&#44;4990&#44;4991&#44;4992&#44;4994&#44;4996&#44;4998&#44;4999&#44;6181&#44;6188&#44;6189&#44;6201&#44;6202&#44;6203&#44;6204&#44;6205&#44;6212&#44;6213&#44;6216&#44;6217&#44;6218&#44;6219&#44;6220&#44;6225&#44;6228&#44;6235&#44;6236&#44;6238&#44;6239&#44;6240&#44;6242&#44;6244&#44;6245&#44;6246&#44;6247&#44;6249&#44;6251&#44;6252&#44;6254&#44;6255&#44;6256&#44;6257&#44;6259&#44;6260&#44;6261&#44;6262&#44;6265&#44;6267&#44;6269&#44;6270&#44;6275&#44;6302&#44;6304&#44;6305&#44;6307&#44;6308&#44;6309&#44;6310&#44;6311&#44;6312&#44;6313&#44;6314&#44;6315&#44;6317&#44;6319&#44;6320&#44;6321&#44;6322&#44;6324&#44;6325&#44;6326&#44;6327&#44;6328&#44;6329&#44;6330&#44;6331&#44;6332&#44;6333&#44;6334&#44;6335&#44;6336&#44;6338&#44;6339&#44;6341&#44;6342&#44;6343&#44;6344&#44;6345&#44;6347&#44;6348&#44;6349&#44;6350&#44;6351&#44;6352&#44;6353&#44;6354&#44;6355&#44;6356&#44;6357&#44;6358&#44;6359&#44;6360&#44;6361&#44;6363&#44;6364&#44;6365&#44;6366&#44;6367&#44;6368&#44;6369&#44;6371&#44;6372&#44;6373&#44;6375&#44;6376&#44;6377&#44;6378&#44;6379&#44;6380&#44;6381&#44;6382&#44;6383&#44;6384&#44;6385&#44;6386&#44;6387&#44;6388&#44;6401&#44;6402&#44;6403&#44;6404&#44;6405&#44;6406&#44;6407&#44;6408&#44;6409&#44;6410&#44;6412&#44;6413&#44;6414&#44;6415&#44;6417&#44;6418&#44;6419&#44;6420&#44;6421&#44;6422&#44;6423&#44;6424&#44;6425&#44;6426&#44;6427&#44;6428&#44;6429&#44;6430&#44;6431&#44;6432&#44;6433&#44;6434&#44;6435&#44;6436&#44;6437&#44;6439&#44;6440&#44;6441&#44;6443&#44;6444&#44;6445&#44;6448&#44;6449&#44;6450&#44;6452&#44;6453&#44;6454&#44;6455&#44;6456&#44;6457&#44;6458&#44;6460&#44;6461&#44;6462&#44;6463&#44;6464&#44;6471&#44;6472&#44;6474&#44;6479&#44;6482&#44;6485&#44;6487&#44;6489&#44;6501&#44;6502&#44;6503&#44;6505&#44;6506&#44;6507&#44;6509&#44;6510&#44;6512&#44;6514&#44;6517&#44;6518&#44;6520&#44;6521&#44;6524&#44;6527&#44;6528&#44;6533&#44;6535&#44;6536&#44;6539&#44;6540&#44;6543&#44;6547&#44;6549&#44;6556&#44;6562&#44;6565&#44;6567&#44;6568&#44;6569&#44;6570&#44;6571&#44;6572&#44;6573&#44;6575&#44;6581&#44;6582&#44;6604&#44;6605&#44;6606&#44;6608&#44;6609&#44;6610&#44;6612&#44;6613&#44;6614&#44;6615&#44;6616&#44;6617&#44;6619&#44;6620&#44;6621&#44;6622&#44;6624&#44;6626&#44;6628&#44;6630&#44;6631&#44;6632&#44;6633&#44;6634&#44;6635&#44;6636&#44;6637&#44;6643&#44;6644&#44;6646&#44;6650&#44;6651&#44;6652&#44;6653&#44;6655&#44;6657&#44;6658&#44;6659&#44;6660&#44;6661&#44;6662&#44;6663&#44;6664&#44;6666&#44;6667&#44;6670&#44;6671&#44;6672&#44;6673&#44;6674&#44;6675&#44;6676&#44;6677&#44;6678&#44;6679&#44;6680&#44;6682&#44;6683&#44;6684&#44;6685&#44;6686&#44;6689&#44;6690&#44;6692&#44;6693&#44;6779&#44;6781&#44;6867&#44;6976&#44;6979&#44;7189&#44;7658&#44;7676&#44;8102&#44;8104&#44;8106&#44;8107&#44;8111&#44;8112&#44;8114&#44;8115&#44;8116&#44;8117&#44;8119&#44;8120&#44;8123&#44;8125&#44;8126&#44;8128&#44;8129&#44;8130&#44;8132&#44;8133&#44;8134&#44;8135&#44;8136&#44;8138&#44;8139&#44;8141&#44;8142&#44;8144&#44;8145&#44;8146&#44;8147&#44;8149&#44;8150&#44;8151&#44;8152&#44;8153&#44;8155&#44;8156&#44;8157&#44;8158&#44;8160&#44;8161&#44;8162&#44;8163&#44;8164&#44;8165&#44;8166&#44;8167&#44;8168&#44;8169&#44;8172&#44;8173&#44;8174&#44;8175&#44;8176&#44;8177&#44;8180&#44;8181&#44;8182&#44;8183&#44;8184&#44;8185&#44;8186&#44;8188&#44;8189&#44;8190&#44;8191&#44;8192&#44;8193&#44;8194&#44;8196&#44;8197&#44;8201&#44;8202&#44;8203&#44;8205&#44;8207&#44;8208&#44;8209&#44;8210&#44;8211&#44;8213&#44;8215&#44;8218&#44;8219&#44;8220&#44;8221&#44;8222&#44;8223&#44;8224&#44;8225&#44;8226&#44;8227&#44;8228&#44;8236&#44;8237&#44;8238&#44;8239&#44;8241&#44;8242&#44;8243&#44;8244&#44;8245&#44;8246&#44;8247&#44;8248&#44;8250&#44;8251&#44;8252&#44;8253&#44;8254&#44;8256&#44;8257&#44;8259&#44;8261&#44;8262&#44;8263&#44;8264&#44;8265&#44;8266&#44;8267&#44;8268&#44;8269&#44;8270&#44;8271&#44;8272&#44;8273&#44;8274&#44;8275&#44;8276&#44;8277&#44;8278&#44;8279&#44;8280&#44;8281&#44;8282&#44;8283&#44;8284&#44;8285&#44;8286&#44;8287&#44;8288&#44;8289&#44;8290&#44;8291&#44;8292&#44;8293&#44;8294&#44;8295&#44;8296&#44;8297&#44;8298&#44;8299&#44;""",5/28/21,5/28/21,N
layouts,HMS,79-2,,2021,6/7/21,1-NewFolderStructure/C079_HMS/C79_HMS_Effective_06072021/,_C79_HMS_Effective_06072021.pdf,"""4109&#44;4702&#44;4703&#44;4704&#44;4707&#44;4709&#44;4710&#44;4711&#44;4712&#44;4713&#44;4718&#44;4720&#44;4721&#44;4722&#44;4724&#44;4728&#44;4729&#44;4730&#44;4731&#44;4732&#44;4735&#44;4736&#44;4738&#44;4739&#44;4740&#44;4741&#44;4742&#44;4743&#44;4745&#44;4749&#44;4750&#44;4755&#44;4761&#44;4763&#44;4764&#44;4767&#44;4768&#44;4769&#44;4770&#44;4771&#44;4772&#44;4774&#44;4775&#44;4776&#44;4777&#44;4778&#44;4780&#44;4781&#44;4782&#44;4783&#44;4784&#44;4785&#44;4786&#44;4787&#44;4789&#44;4790&#44;4791&#44;4794&#44;4795&#44;4797&#44;4798&#44;4799&#44;4801&#44;4802&#44;4804&#44;4805&#44;4808&#44;4815&#44;4816&#44;4817&#44;4818&#44;4819&#44;4820&#44;4822&#44;4824&#44;4825&#44;4828&#44;4829&#44;4830&#44;4831&#44;4836&#44;4837&#44;4839&#44;4840&#44;4843&#44;4846&#44;4847&#44;4850&#44;4851&#44;4852&#44;4853&#44;4855&#44;4857&#44;4859&#44;4860&#44;4861&#44;4866&#44;4870&#44;4871&#44;4872&#44;4873&#44;4874&#44;4875&#44;4876&#44;4878&#44;4879&#44;4901&#44;4905&#44;4906&#44;4908&#44;4911&#44;4914&#44;4915&#44;4917&#44;4920&#44;4925&#44;4926&#44;4930&#44;4933&#44;4936&#44;4938&#44;4939&#44;4942&#44;4944&#44;4946&#44;4947&#44;4948&#44;4950&#44;4952&#44;4955&#44;4958&#44;4961&#44;4962&#44;4963&#44;4969&#44;4972&#44;4973&#44;4974&#44;4982&#44;4983&#44;4985&#44;4987&#44;4989&#44;4990&#44;4991&#44;4992&#44;4994&#44;4996&#44;4998&#44;4999&#44;6181&#44;6188&#44;6189&#44;6201&#44;6202&#44;6203&#44;6204&#44;6205&#44;6212&#44;6213&#44;6216&#44;6217&#44;6218&#44;6219&#44;6220&#44;6225&#44;6228&#44;6235&#44;6236&#44;6238&#44;6239&#44;6240&#44;6242&#44;6244&#44;6245&#44;6246&#44;6247&#44;6249&#44;6251&#44;6252&#44;6254&#44;6255&#44;6256&#44;6257&#44;6259&#44;6260&#44;6261&#44;6262&#44;6265&#44;6267&#44;6269&#44;6270&#44;6275&#44;6302&#44;6304&#44;6305&#44;6307&#44;6308&#44;6309&#44;6310&#44;6311&#44;6312&#44;6313&#44;6314&#44;6315&#44;6317&#44;6319&#44;6320&#44;6321&#44;6322&#44;6324&#44;6325&#44;6326&#44;6327&#44;6328&#44;6329&#44;6330&#44;6331&#44;6332&#44;6333&#44;6334&#44;6335&#44;6336&#44;6338&#44;6339&#44;6341&#44;6342&#44;6343&#44;6344&#44;6345&#44;6347&#44;6348&#44;6349&#44;6350&#44;6351&#44;6352&#44;6353&#44;6354&#44;6355&#44;6356&#44;6357&#44;6358&#44;6359&#44;6360&#44;6361&#44;6363&#44;6364&#44;6365&#44;6366&#44;6367&#44;6368&#44;6369&#44;6371&#44;6372&#44;6373&#44;6375&#44;6376&#44;6377&#44;6378&#44;6379&#44;6380&#44;6381&#44;6382&#44;6383&#44;6384&#44;6385&#44;6386&#44;6387&#44;6388&#44;6401&#44;6402&#44;6403&#44;6404&#44;6405&#44;6406&#44;6407&#44;6408&#44;6409&#44;6410&#44;6412&#44;6413&#44;6414&#44;6415&#44;6417&#44;6418&#44;6419&#44;6420&#44;6421&#44;6422&#44;6423&#44;6424&#44;6425&#44;6426&#44;6427&#44;6428&#44;6429&#44;6430&#44;6431&#44;6432&#44;6433&#44;6434&#44;6435&#44;6436&#44;6437&#44;6439&#44;6440&#44;6441&#44;6443&#44;6444&#44;6445&#44;6448&#44;6449&#44;6450&#44;6452&#44;6453&#44;6454&#44;6455&#44;6456&#44;6457&#44;6458&#44;6460&#44;6461&#44;6462&#44;6463&#44;6464&#44;6471&#44;6472&#44;6474&#44;6479&#44;6482&#44;6485&#44;6487&#44;6489&#44;6501&#44;6502&#44;6503&#44;6505&#44;6506&#44;6507&#44;6509&#44;6510&#44;6512&#44;6514&#44;6517&#44;6518&#44;6520&#44;6521&#44;6524&#44;6527&#44;6528&#44;6533&#44;6535&#44;6536&#44;6539&#44;6540&#44;6543&#44;6547&#44;6549&#44;6556&#44;6562&#44;6565&#44;6567&#44;6568&#44;6569&#44;6570&#44;6571&#44;6572&#44;6573&#44;6575&#44;6581&#44;6582&#44;6604&#44;6605&#44;6606&#44;6608&#44;6609&#44;6610&#44;6612&#44;6613&#44;6614&#44;6615&#44;6616&#44;6617&#44;6619&#44;6620&#44;6621&#44;6622&#44;6624&#44;6626&#44;6628&#44;6630&#44;6631&#44;6632&#44;6633&#44;6634&#44;6635&#44;6636&#44;6637&#44;6643&#44;6644&#44;6646&#44;6650&#44;6651&#44;6652&#44;6653&#44;6655&#44;6657&#44;6658&#44;6659&#44;6660&#44;6661&#44;6662&#44;6663&#44;6664&#44;6666&#44;6667&#44;6670&#44;6671&#44;6672&#44;6673&#44;6674&#44;6675&#44;6676&#44;6677&#44;6678&#44;6679&#44;6680&#44;6682&#44;6683&#44;6684&#44;6685&#44;6686&#44;6689&#44;6690&#44;6692&#44;6779&#44;6781&#44;6867&#44;6976&#44;6979&#44;7189&#44;7658&#44;7676&#44;8102&#44;8104&#44;8106&#44;8107&#44;8111&#44;8112&#44;8114&#44;8115&#44;8116&#44;8117&#44;8119&#44;8120&#44;8123&#44;8125&#44;8126&#44;8128&#44;8129&#44;8130&#44;8132&#44;8133&#44;8134&#44;8135&#44;8136&#44;8138&#44;8139&#44;8141&#44;8142&#44;8144&#44;8145&#44;8146&#44;8147&#44;8149&#44;8150&#44;8151&#44;8152&#44;8153&#44;8155&#44;8156&#44;8157&#44;8158&#44;8160&#44;8161&#44;8162&#44;8163&#44;8164&#44;8165&#44;8166&#44;8167&#44;8168&#44;8169&#44;8172&#44;8173&#44;8174&#44;8175&#44;8176&#44;8177&#44;8180&#44;8181&#44;8182&#44;8183&#44;8184&#44;8185&#44;8186&#44;8188&#44;8189&#44;8190&#44;8191&#44;8192&#44;8193&#44;8194&#44;8196&#44;8197&#44;8201&#44;8202&#44;8203&#44;8205&#44;8207&#44;8208&#44;8209&#44;8210&#44;8211&#44;8213&#44;8215&#44;8218&#44;8219&#44;8220&#44;8221&#44;8222&#44;8223&#44;8224&#44;8225&#44;8226&#44;8227&#44;8228&#44;8236&#44;8237&#44;8238&#44;8239&#44;8241&#44;8242&#44;8243&#44;8244&#44;8245&#44;8246&#44;8247&#44;8248&#44;8250&#44;8251&#44;8252&#44;8253&#44;8254&#44;8256&#44;8257&#44;8259&#44;8261&#44;8262&#44;8263&#44;8264&#44;8265&#44;8266&#44;8267&#44;8268&#44;8269&#44;8270&#44;8271&#44;8272&#44;8273&#44;8274&#44;8275&#44;8276&#44;8277&#44;8278&#44;8279&#44;8280&#44;8281&#44;8282&#44;8283&#44;8284&#44;8285&#44;8286&#44;8287&#44;8288&#44;8289&#44;8290&#44;8291&#44;8292&#44;8293&#44;8294&#44;8295&#44;8296&#44;8297&#44;8298&#44;8299&#44;""",6/11/21,6/7/21,N
layouts,Sushi,79,,2021,6/21/21,1-NewFolderStructure/C079_Sushi/C79_Sushi_Effective_04052021/,_C79_Sushi_Effective_04052021.pdf,"""6616&#44;4999&#44;""",6/21/21,5/5/21,N
layouts,Deli,57,,2021,6/21/21,1-NewFolderStructure/C057_Deli/C57_Effective_05102021_Planogram_Update_05-21-2021/,_C57_Effective_05102021_Planogram_Update_05-21-2021.pdf,"""6424&#44;6441&#44;8169&#44;""",6/18/21,5/21/21,N
layouts,Bakery Dessert,"""37-2&#44;77-2""",,2021,6/21/21,1-NewFolderStructure/C037_C077_Bakery_Dessert/C77_C37_Effective_06072021_Updated_05272021/,_C77_C37_Effective_06072021_Updated_05272021.pdf,"""4109&#44;4702&#44;4703&#44;4704&#44;4707&#44;4709&#44;4710&#44;4711&#44;4712&#44;4713&#44;4718&#44;4720&#44;4721&#44;4722&#44;4724&#44;4728&#44;4729&#44;4730&#44;4731&#44;4732&#44;4735&#44;4736&#44;4738&#44;4739&#44;4740&#44;4741&#44;4742&#44;4743&#44;4745&#44;4749&#44;4750&#44;4755&#44;4761&#44;4763&#44;4764&#44;4767&#44;4768&#44;4769&#44;4770&#44;4771&#44;4772&#44;4774&#44;4775&#44;4776&#44;4777&#44;4778&#44;4780&#44;4781&#44;4782&#44;4783&#44;4784&#44;4785&#44;4786&#44;4787&#44;4789&#44;4790&#44;4791&#44;4794&#44;4795&#44;4797&#44;4798&#44;4799&#44;4801&#44;4802&#44;4804&#44;4805&#44;4808&#44;4815&#44;4816&#44;4817&#44;4818&#44;4819&#44;4820&#44;4822&#44;4824&#44;4825&#44;4828&#44;4829&#44;4830&#44;4831&#44;4836&#44;4837&#44;4839&#44;4840&#44;4843&#44;4846&#44;4847&#44;4850&#44;4851&#44;4852&#44;4853&#44;4855&#44;4857&#44;4859&#44;4860&#44;4861&#44;4866&#44;4870&#44;4872&#44;4873&#44;4874&#44;4875&#44;4876&#44;4878&#44;4879&#44;4901&#44;4905&#44;4906&#44;4911&#44;4914&#44;4915&#44;4917&#44;4920&#44;4925&#44;4926&#44;4933&#44;4936&#44;4938&#44;4939&#44;4942&#44;4944&#44;4946&#44;4947&#44;4948&#44;4950&#44;4952&#44;4955&#44;4958&#44;4961&#44;4962&#44;4963&#44;4969&#44;4972&#44;4973&#44;4974&#44;4982&#44;4983&#44;4985&#44;4987&#44;4989&#44;4990&#44;4991&#44;4992&#44;4994&#44;4996&#44;4998&#44;4999&#44;6181&#44;6188&#44;6189&#44;6201&#44;6202&#44;6203&#44;6204&#44;6205&#44;6212&#44;6213&#44;6216&#44;6217&#44;6218&#44;6219&#44;6220&#44;6225&#44;6228&#44;6235&#44;6236&#44;6238&#44;6239&#44;6240&#44;6242&#44;6244&#44;6245&#44;6246&#44;6247&#44;6249&#44;6251&#44;6252&#44;6254&#44;6255&#44;6256&#44;6257&#44;6259&#44;6260&#44;6261&#44;6262&#44;6265&#44;6267&#44;6269&#44;6270&#44;6275&#44;6302&#44;6304&#44;6305&#44;6307&#44;6308&#44;6309&#44;6310&#44;6311&#44;6312&#44;6313&#44;6314&#44;6315&#44;6317&#44;6319&#44;6320&#44;6321&#44;6322&#44;6324&#44;6325&#44;6326&#44;6327&#44;6328&#44;6329&#44;6330&#44;6331&#44;6332&#44;6333&#44;6334&#44;6335&#44;6336&#44;6338&#44;6339&#44;6341&#44;6342&#44;6343&#44;6344&#44;6345&#44;6347&#44;6348&#44;6349&#44;6350&#44;6351&#44;6352&#44;6353&#44;6354&#44;6355&#44;6356&#44;6357&#44;6358&#44;6359&#44;6360&#44;6361&#44;6363&#44;6364&#44;6365&#44;6366&#44;6367&#44;6368&#44;6369&#44;6371&#44;6372&#44;6373&#44;6375&#44;6376&#44;6378&#44;6379&#44;6380&#44;6381&#44;6382&#44;6383&#44;6384&#44;6386&#44;6387&#44;6388&#44;6401&#44;6402&#44;6403&#44;6404&#44;6405&#44;6406&#44;6407&#44;6408&#44;6409&#44;6410&#44;6412&#44;6413&#44;6414&#44;6415&#44;6418&#44;6419&#44;6420&#44;6421&#44;6422&#44;6423&#44;6425&#44;6426&#44;6427&#44;6428&#44;6429&#44;6431&#44;6433&#44;6434&#44;6435&#44;6436&#44;6437&#44;6439&#44;6440&#44;6441&#44;6443&#44;6444&#44;6445&#44;6448&#44;6449&#44;6450&#44;6452&#44;6453&#44;6454&#44;6455&#44;6456&#44;6457&#44;6458&#44;6460&#44;6462&#44;6463&#44;6464&#44;6472&#44;6474&#44;6479&#44;6482&#44;6485&#44;6487&#44;6489&#44;6501&#44;6502&#44;6503&#44;6505&#44;6506&#44;6507&#44;6509&#44;6512&#44;6517&#44;6518&#44;6520&#44;6521&#44;6524&#44;6527&#44;6528&#44;6535&#44;6536&#44;6539&#44;6543&#44;6547&#44;6549&#44;6562&#44;6565&#44;6569&#44;6570&#44;6571&#44;6572&#44;6573&#44;6575&#44;6581&#44;6582&#44;6604&#44;6605&#44;6606&#44;6608&#44;6609&#44;6610&#44;6612&#44;6613&#44;6614&#44;6615&#44;6616&#44;6617&#44;6619&#44;6620&#44;6621&#44;6622&#44;6624&#44;6626&#44;6628&#44;6630&#44;6631&#44;6632&#44;6633&#44;6634&#44;6635&#44;6636&#44;6637&#44;6643&#44;6644&#44;6646&#44;6650&#44;6651&#44;6652&#44;6653&#44;6655&#44;6657&#44;6658&#44;6659&#44;6660&#44;6661&#44;6662&#44;6663&#44;6664&#44;6666&#44;6667&#44;6670&#44;6671&#44;6672&#44;6673&#44;6674&#44;6675&#44;6676&#44;6677&#44;6678&#44;6679&#44;6680&#44;6682&#44;6683&#44;6684&#44;6685&#44;6686&#44;6689&#44;6690&#44;6692&#44;6693&#44;6779&#44;6781&#44;6867&#44;6976&#44;6979&#44;7189&#44;7658&#44;7676&#44;8102&#44;8104&#44;8106&#44;8107&#44;8111&#44;8112&#44;8114&#44;8115&#44;8116&#44;8117&#44;8119&#44;8120&#44;8123&#44;8125&#44;8126&#44;8128&#44;8129&#44;8130&#44;8132&#44;8133&#44;8134&#44;8135&#44;8136&#44;8138&#44;8139&#44;8141&#44;8142&#44;8144&#44;8145&#44;8146&#44;8147&#44;8149&#44;8150&#44;8151&#44;8152&#44;8153&#44;8155&#44;8156&#44;8157&#44;8158&#44;8160&#44;8161&#44;8162&#44;8163&#44;8164&#44;8165&#44;8166&#44;8167&#44;8168&#44;8169&#44;8172&#44;8173&#44;8174&#44;8175&#44;8176&#44;8177&#44;8181&#44;8182&#44;8183&#44;8184&#44;8185&#44;8186&#44;8188&#44;8190&#44;8191&#44;8192&#44;8193&#44;8194&#44;8196&#44;8197&#44;8201&#44;8202&#44;8203&#44;8205&#44;8207&#44;8208&#44;8209&#44;8210&#44;8211&#44;8213&#44;8215&#44;8218&#44;8219&#44;8220&#44;8221&#44;8222&#44;8223&#44;8224&#44;8225&#44;8226&#44;8227&#44;8228&#44;8236&#44;8237&#44;8238&#44;8239&#44;8241&#44;8242&#44;8243&#44;8244&#44;8245&#44;8246&#44;8247&#44;8248&#44;8250&#44;8251&#44;8252&#44;8253&#44;8254&#44;8256&#44;8257&#44;8259&#44;8261&#44;8262&#44;8263&#44;8264&#44;8265&#44;8266&#44;8267&#44;8268&#44;8269&#44;8270&#44;8271&#44;8272&#44;8273&#44;8274&#44;8275&#44;8276&#44;8277&#44;8278&#44;8279&#44;8280&#44;8281&#44;8282&#44;8283&#44;8284&#44;8285&#44;8286&#44;8287&#44;8288&#44;8289&#44;8290&#44;8291&#44;8292&#44;8293&#44;8294&#44;8295&#44;8296&#44;8297&#44;8298&#44;8299&#44;""",6/18/21,5/27/21,N
layouts,Cake Case,"""37-3&#44;77-3""",,2021,6/21/21,1-NewFolderStructure/C037_C077_Cake_Case/C77_C37_Effective_06072021_Updated_05272021/,_C77_C37_Effective_06072021_Updated_05272021.pdf,"""4109&#44;4702&#44;4703&#44;4704&#44;4707&#44;4709&#44;4710&#44;4711&#44;4712&#44;4713&#44;4718&#44;4720&#44;4721&#44;4722&#44;4724&#44;4728&#44;4729&#44;4730&#44;4731&#44;4732&#44;4735&#44;4736&#44;4738&#44;4739&#44;4740&#44;4741&#44;4742&#44;4743&#44;4745&#44;4749&#44;4750&#44;4755&#44;4761&#44;4763&#44;4764&#44;4767&#44;4768&#44;4769&#44;4770&#44;4771&#44;4772&#44;4774&#44;4775&#44;4776&#44;4777&#44;4778&#44;4780&#44;4781&#44;4782&#44;4783&#44;4784&#44;4785&#44;4786&#44;4787&#44;4789&#44;4790&#44;4791&#44;4794&#44;4795&#44;4797&#44;4798&#44;4799&#44;4801&#44;4802&#44;4804&#44;4805&#44;4808&#44;4815&#44;4816&#44;4817&#44;4818&#44;4819&#44;4820&#44;4822&#44;4824&#44;4825&#44;4828&#44;4829&#44;4830&#44;4831&#44;4836&#44;4837&#44;4839&#44;4840&#44;4843&#44;4846&#44;4847&#44;4850&#44;4851&#44;4852&#44;4853&#44;4855&#44;4857&#44;4859&#44;4860&#44;4861&#44;4866&#44;4870&#44;4872&#44;4873&#44;4874&#44;4875&#44;4876&#44;4878&#44;4879&#44;4901&#44;4905&#44;4906&#44;4911&#44;4914&#44;4915&#44;4917&#44;4920&#44;4925&#44;4926&#44;4933&#44;4936&#44;4938&#44;4939&#44;4942&#44;4944&#44;4946&#44;4947&#44;4948&#44;4950&#44;4952&#44;4955&#44;4958&#44;4961&#44;4962&#44;4963&#44;4969&#44;4972&#44;4973&#44;4974&#44;4982&#44;4983&#44;4985&#44;4987&#44;4989&#44;4990&#44;4991&#44;4992&#44;4994&#44;4996&#44;4998&#44;4999&#44;6181&#44;6188&#44;6189&#44;6201&#44;6202&#44;6203&#44;6204&#44;6205&#44;6212&#44;6213&#44;6216&#44;6217&#44;6218&#44;6219&#44;6220&#44;6225&#44;6228&#44;6235&#44;6236&#44;6238&#44;6239&#44;6240&#44;6242&#44;6244&#44;6245&#44;6246&#44;6247&#44;6249&#44;6251&#44;6252&#44;6254&#44;6255&#44;6256&#44;6257&#44;6259&#44;6260&#44;6261&#44;6262&#44;6265&#44;6267&#44;6269&#44;6270&#44;6275&#44;6302&#44;6304&#44;6305&#44;6307&#44;6308&#44;6309&#44;6310&#44;6311&#44;6312&#44;6313&#44;6314&#44;6315&#44;6317&#44;6319&#44;6320&#44;6321&#44;6322&#44;6324&#44;6325&#44;6326&#44;6327&#44;6328&#44;6329&#44;6330&#44;6331&#44;6332&#44;6333&#44;6334&#44;6335&#44;6336&#44;6338&#44;6339&#44;6341&#44;6342&#44;6343&#44;6344&#44;6345&#44;6347&#44;6348&#44;6349&#44;6350&#44;6351&#44;6352&#44;6353&#44;6354&#44;6355&#44;6356&#44;6357&#44;6358&#44;6359&#44;6360&#44;6361&#44;6363&#44;6364&#44;6365&#44;6366&#44;6367&#44;6368&#44;6369&#44;6371&#44;6372&#44;6373&#44;6375&#44;6376&#44;6378&#44;6379&#44;6380&#44;6381&#44;6382&#44;6383&#44;6384&#44;6386&#44;6387&#44;6388&#44;6401&#44;6402&#44;6403&#44;6404&#44;6405&#44;6406&#44;6407&#44;6408&#44;6409&#44;6410&#44;6412&#44;6413&#44;6414&#44;6415&#44;6418&#44;6419&#44;6420&#44;6421&#44;6422&#44;6423&#44;6425&#44;6426&#44;6427&#44;6428&#44;6429&#44;6431&#44;6433&#44;6434&#44;6435&#44;6436&#44;6437&#44;6439&#44;6440&#44;6441&#44;6443&#44;6444&#44;6445&#44;6448&#44;6449&#44;6450&#44;6452&#44;6453&#44;6454&#44;6455&#44;6456&#44;6457&#44;6458&#44;6460&#44;6462&#44;6463&#44;6464&#44;6472&#44;6474&#44;6479&#44;6482&#44;6485&#44;6487&#44;6489&#44;6501&#44;6502&#44;6503&#44;6505&#44;6506&#44;6507&#44;6509&#44;6512&#44;6517&#44;6518&#44;6520&#44;6521&#44;6524&#44;6527&#44;6528&#44;6535&#44;6536&#44;6539&#44;6540&#44;6543&#44;6547&#44;6549&#44;6562&#44;6565&#44;6569&#44;6570&#44;6571&#44;6572&#44;6573&#44;6575&#44;6581&#44;6582&#44;6604&#44;6605&#44;6606&#44;6608&#44;6609&#44;6610&#44;6612&#44;6613&#44;6614&#44;6615&#44;6616&#44;6617&#44;6619&#44;6620&#44;6621&#44;6622&#44;6624&#44;6626&#44;6628&#44;6630&#44;6631&#44;6632&#44;6633&#44;6634&#44;6635&#44;6636&#44;6637&#44;6643&#44;6644&#44;6646&#44;6650&#44;6651&#44;6652&#44;6653&#44;6655&#44;6657&#44;6658&#44;6659&#44;6660&#44;6661&#44;6662&#44;6663&#44;6664&#44;6666&#44;6667&#44;6670&#44;6671&#44;6672&#44;6673&#44;6674&#44;6675&#44;6676&#44;6677&#44;6678&#44;6679&#44;6680&#44;6682&#44;6683&#44;6684&#44;6685&#44;6686&#44;6689&#44;6690&#44;6692&#44;6693&#44;6779&#44;6781&#44;6867&#44;6976&#44;6979&#44;7189&#44;7658&#44;7676&#44;8102&#44;8104&#44;8106&#44;8107&#44;8111&#44;8112&#44;8114&#44;8115&#44;8116&#44;8117&#44;8119&#44;8120&#44;8123&#44;8125&#44;8126&#44;8128&#44;8129&#44;8130&#44;8132&#44;8133&#44;8134&#44;8135&#44;8136&#44;8138&#44;8139&#44;8141&#44;8142&#44;8144&#44;8145&#44;8146&#44;8147&#44;8149&#44;8150&#44;8151&#44;8152&#44;8153&#44;8155&#44;8156&#44;8157&#44;8158&#44;8160&#44;8161&#44;8162&#44;8163&#44;8164&#44;8165&#44;8166&#44;8167&#44;8168&#44;8169&#44;8172&#44;8173&#44;8174&#44;8175&#44;8176&#44;8177&#44;8181&#44;8182&#44;8183&#44;8184&#44;8185&#44;8186&#44;8188&#44;8190&#44;8191&#44;8192&#44;8193&#44;8194&#44;8196&#44;8197&#44;8201&#44;8202&#44;8203&#44;8205&#44;8207&#44;8208&#44;8209&#44;8210&#44;8211&#44;8213&#44;8215&#44;8218&#44;8219&#44;8220&#44;8221&#44;8222&#44;8223&#44;8224&#44;8225&#44;8226&#44;8227&#44;8228&#44;8236&#44;8237&#44;8238&#44;8239&#44;8241&#44;8242&#44;8243&#44;8244&#44;8245&#44;8246&#44;8247&#44;8248&#44;8250&#44;8251&#44;8252&#44;8253&#44;8254&#44;8256&#44;8257&#44;8259&#44;8261&#44;8262&#44;8263&#44;8264&#44;8265&#44;8266&#44;8267&#44;8268&#44;8269&#44;8270&#44;8271&#44;8272&#44;8273&#44;8274&#44;8275&#44;8276&#44;8277&#44;8278&#44;8279&#44;8280&#44;8281&#44;8282&#44;8283&#44;8284&#44;8285&#44;8286&#44;8287&#44;8288&#44;8289&#44;8290&#44;8291&#44;8292&#44;8293&#44;8294&#44;8295&#44;8296&#44;8297&#44;8298&#44;8299&#44;""",6/21/21,5/27/21,N
layouts,Bakery Tables,"""37&#44;77""",,2021,6/21/21,1-NewFolderStructure/C037_C077_Bakery_Tables/C37_77_Bakery_Tables_Effective_06072021_Updated_05282021/,_C37_77_Bakery_Tables_Effective_06072021_Updated_05282021.pdf,"""4109&#44;4702&#44;4703&#44;4704&#44;4707&#44;4709&#44;4710&#44;4711&#44;4712&#44;4713&#44;4718&#44;4720&#44;4721&#44;4722&#44;4724&#44;4728&#44;4729&#44;4730&#44;4731&#44;4732&#44;4735&#44;4736&#44;4738&#44;4739&#44;4740&#44;4741&#44;4742&#44;4743&#44;4745&#44;4749&#44;4750&#44;4755&#44;4761&#44;4763&#44;4764&#44;4767&#44;4768&#44;4769&#44;4770&#44;4771&#44;4772&#44;4774&#44;4775&#44;4776&#44;4777&#44;4778&#44;4780&#44;4781&#44;4782&#44;4783&#44;4784&#44;4785&#44;4786&#44;4787&#44;4789&#44;4790&#44;4791&#44;4794&#44;4795&#44;4797&#44;4798&#44;4799&#44;4801&#44;4802&#44;4804&#44;4805&#44;4808&#44;4815&#44;4816&#44;4817&#44;4818&#44;4819&#44;4820&#44;4822&#44;4824&#44;4825&#44;4828&#44;4829&#44;4830&#44;4831&#44;4836&#44;4837&#44;4839&#44;4840&#44;4843&#44;4846&#44;4847&#44;4850&#44;4851&#44;4852&#44;4853&#44;4855&#44;4857&#44;4859&#44;4860&#44;4861&#44;4866&#44;4870&#44;4872&#44;4873&#44;4874&#44;4875&#44;4876&#44;4878&#44;4879&#44;4901&#44;4905&#44;4906&#44;4911&#44;4914&#44;4915&#44;4917&#44;4920&#44;4925&#44;4926&#44;4933&#44;4936&#44;4938&#44;4939&#44;4942&#44;4944&#44;4946&#44;4947&#44;4948&#44;4950&#44;4952&#44;4955&#44;4958&#44;4961&#44;4962&#44;4963&#44;4969&#44;4972&#44;4973&#44;4974&#44;4982&#44;4983&#44;4985&#44;4987&#44;4989&#44;4990&#44;4991&#44;4992&#44;4994&#44;4996&#44;4998&#44;4999&#44;6181&#44;6188&#44;6189&#44;6201&#44;6202&#44;6203&#44;6204&#44;6205&#44;6212&#44;6213&#44;6216&#44;6217&#44;6218&#44;6219&#44;6220&#44;6225&#44;6228&#44;6235&#44;6236&#44;6238&#44;6239&#44;6240&#44;6242&#44;6244&#44;6245&#44;6246&#44;6247&#44;6249&#44;6251&#44;6252&#44;6254&#44;6255&#44;6256&#44;6257&#44;6259&#44;6260&#44;6261&#44;6262&#44;6265&#44;6267&#44;6269&#44;6270&#44;6275&#44;6302&#44;6304&#44;6305&#44;6307&#44;6308&#44;6309&#44;6310&#44;6311&#44;6312&#44;6313&#44;6314&#44;6315&#44;6317&#44;6319&#44;6320&#44;6321&#44;6322&#44;6324&#44;6325&#44;6326&#44;6327&#44;6328&#44;6329&#44;6330&#44;6331&#44;6332&#44;6333&#44;6334&#44;6335&#44;6336&#44;6338&#44;6339&#44;6341&#44;6342&#44;6343&#44;6344&#44;6345&#44;6347&#44;6348&#44;6349&#44;6350&#44;6351&#44;6352&#44;6353&#44;6354&#44;6355&#44;6356&#44;6357&#44;6358&#44;6359&#44;6360&#44;6361&#44;6363&#44;6364&#44;6365&#44;6366&#44;6367&#44;6368&#44;6369&#44;6371&#44;6372&#44;6373&#44;6375&#44;6376&#44;6378&#44;6379&#44;6380&#44;6381&#44;6382&#44;6383&#44;6384&#44;6386&#44;6387&#44;6388&#44;6401&#44;6402&#44;6403&#44;6404&#44;6405&#44;6406&#44;6407&#44;6408&#44;6409&#44;6410&#44;6412&#44;6413&#44;6414&#44;6415&#44;6418&#44;6419&#44;6420&#44;6421&#44;6422&#44;6423&#44;6425&#44;6426&#44;6427&#44;6428&#44;6429&#44;6431&#44;6433&#44;6434&#44;6435&#44;6436&#44;6437&#44;6439&#44;6440&#44;6441&#44;6443&#44;6444&#44;6445&#44;6448&#44;6449&#44;6450&#44;6452&#44;6453&#44;6454&#44;6455&#44;6456&#44;6457&#44;6458&#44;6460&#44;6462&#44;6463&#44;6464&#44;6472&#44;6474&#44;6479&#44;6482&#44;6485&#44;6487&#44;6489&#44;6501&#44;6502&#44;6503&#44;6505&#44;6506&#44;6507&#44;6509&#44;6512&#44;6517&#44;6518&#44;6520&#44;6521&#44;6524&#44;6527&#44;6528&#44;6535&#44;6536&#44;6539&#44;6543&#44;6547&#44;6549&#44;6562&#44;6565&#44;6569&#44;6570&#44;6571&#44;6572&#44;6573&#44;6575&#44;6581&#44;6582&#44;6604&#44;6605&#44;6606&#44;6608&#44;6609&#44;6610&#44;6612&#44;6613&#44;6614&#44;6615&#44;6616&#44;6617&#44;6619&#44;6620&#44;6621&#44;6622&#44;6624&#44;6626&#44;6628&#44;6630&#44;6631&#44;6632&#44;6633&#44;6634&#44;6635&#44;6636&#44;6637&#44;6643&#44;6644&#44;6646&#44;6650&#44;6651&#44;6652&#44;6653&#44;6655&#44;6657&#44;6658&#44;6659&#44;6660&#44;6661&#44;6662&#44;6663&#44;6664&#44;6666&#44;6667&#44;6670&#44;6671&#44;6672&#44;6673&#44;6674&#44;6675&#44;6676&#44;6677&#44;6678&#44;6679&#44;6680&#44;6682&#44;6683&#44;6684&#44;6685&#44;6686&#44;6689&#44;6690&#44;6692&#44;6693&#44;6779&#44;6781&#44;6867&#44;6976&#44;6979&#44;7189&#44;7658&#44;7676&#44;8102&#44;8104&#44;8106&#44;8107&#44;8111&#44;8112&#44;8114&#44;8115&#44;8116&#44;8117&#44;8119&#44;8120&#44;8123&#44;8125&#44;8126&#44;8128&#44;8129&#44;8130&#44;8132&#44;8133&#44;8134&#44;8135&#44;8136&#44;8138&#44;8139&#44;8141&#44;8142&#44;8144&#44;8145&#44;8146&#44;8147&#44;8149&#44;8150&#44;8151&#44;8152&#44;8153&#44;8155&#44;8156&#44;8157&#44;8158&#44;8160&#44;8161&#44;8162&#44;8163&#44;8164&#44;8165&#44;8166&#44;8167&#44;8168&#44;8169&#44;8172&#44;8173&#44;8174&#44;8175&#44;8176&#44;8177&#44;8181&#44;8182&#44;8183&#44;8184&#44;8185&#44;8186&#44;8188&#44;8190&#44;8191&#44;8192&#44;8193&#44;8194&#44;8196&#44;8197&#44;8201&#44;8202&#44;8203&#44;8205&#44;8207&#44;8208&#44;8209&#44;8210&#44;8211&#44;8213&#44;8215&#44;8218&#44;8219&#44;8220&#44;8221&#44;8222&#44;8223&#44;8224&#44;8225&#44;8226&#44;8227&#44;8228&#44;8236&#44;8237&#44;8238&#44;8239&#44;8241&#44;8242&#44;8243&#44;8244&#44;8245&#44;8246&#44;8247&#44;8248&#44;8250&#44;8251&#44;8252&#44;8253&#44;8254&#44;8256&#44;8257&#44;8259&#44;8261&#44;8262&#44;8263&#44;8264&#44;8265&#44;8266&#44;8267&#44;8268&#44;8269&#44;8270&#44;8271&#44;8272&#44;8273&#44;8274&#44;8275&#44;8276&#44;8277&#44;8278&#44;8279&#44;8280&#44;8281&#44;8282&#44;8283&#44;8284&#44;8285&#44;8286&#44;8287&#44;8288&#44;8289&#44;8290&#44;8291&#44;8292&#44;8293&#44;8294&#44;8295&#44;8296&#44;8297&#44;8298&#44;8299&#44;""",6/18/21,5/28/21,N
layouts,Bakery Pallets,"""37-4&#44;77-4""",,2021,6/21/21,1-NewFolderStructure/C037_C077_Bakery_Pallets/C37_77_Bakery_Pallets_Effective_06072021_Updated_05282021/,_C37_77_Bakery_Pallets_Effective_06072021_Updated_05282021.pdf,"""4109&#44;4702&#44;4703&#44;4704&#44;4707&#44;4709&#44;4710&#44;4711&#44;4712&#44;4713&#44;4718&#44;4720&#44;4721&#44;4722&#44;4724&#44;4728&#44;4729&#44;4730&#44;4731&#44;4732&#44;4735&#44;4736&#44;4738&#44;4739&#44;4740&#44;4741&#44;4742&#44;4743&#44;4745&#44;4749&#44;4750&#44;4755&#44;4761&#44;4763&#44;4764&#44;4767&#44;4768&#44;4769&#44;4770&#44;4771&#44;4772&#44;4774&#44;4775&#44;4776&#44;4777&#44;4778&#44;4780&#44;4781&#44;4782&#44;4783&#44;4784&#44;4785&#44;4786&#44;4787&#44;4789&#44;4790&#44;4791&#44;4794&#44;4795&#44;4797&#44;4798&#44;4799&#44;4801&#44;4802&#44;4804&#44;4805&#44;4808&#44;4815&#44;4816&#44;4817&#44;4818&#44;4819&#44;4820&#44;4822&#44;4824&#44;4825&#44;4828&#44;4829&#44;4830&#44;4831&#44;4836&#44;4837&#44;4839&#44;4840&#44;4843&#44;4846&#44;4847&#44;4850&#44;4851&#44;4852&#44;4853&#44;4855&#44;4857&#44;4859&#44;4860&#44;4861&#44;4866&#44;4870&#44;4871&#44;4872&#44;4873&#44;4874&#44;4875&#44;4876&#44;4878&#44;4879&#44;4901&#44;4905&#44;4906&#44;4908&#44;4911&#44;4914&#44;4915&#44;4917&#44;4920&#44;4926&#44;4930&#44;4933&#44;4936&#44;4938&#44;4939&#44;4942&#44;4944&#44;4946&#44;4947&#44;4948&#44;4950&#44;4952&#44;4955&#44;4958&#44;4961&#44;4962&#44;4963&#44;4969&#44;4972&#44;4973&#44;4974&#44;4983&#44;4985&#44;4987&#44;4989&#44;4990&#44;4991&#44;4992&#44;4994&#44;4996&#44;4998&#44;4999&#44;6181&#44;6188&#44;6189&#44;6201&#44;6202&#44;6203&#44;6204&#44;6205&#44;6212&#44;6213&#44;6216&#44;6217&#44;6218&#44;6219&#44;6220&#44;6225&#44;6228&#44;6235&#44;6236&#44;6238&#44;6239&#44;6240&#44;6242&#44;6244&#44;6245&#44;6246&#44;6247&#44;6249&#44;6251&#44;6252&#44;6254&#44;6255&#44;6256&#44;6257&#44;6259&#44;6260&#44;6261&#44;6262&#44;6265&#44;6267&#44;6269&#44;6270&#44;6275&#44;6302&#44;6304&#44;6305&#44;6307&#44;6308&#44;6309&#44;6310&#44;6311&#44;6312&#44;6313&#44;6314&#44;6315&#44;6317&#44;6319&#44;6320&#44;6321&#44;6322&#44;6325&#44;6326&#44;6327&#44;6328&#44;6329&#44;6330&#44;6331&#44;6332&#44;6333&#44;6334&#44;6335&#44;6336&#44;6338&#44;6339&#44;6341&#44;6342&#44;6343&#44;6344&#44;6345&#44;6347&#44;6348&#44;6349&#44;6350&#44;6351&#44;6352&#44;6353&#44;6354&#44;6355&#44;6356&#44;6357&#44;6358&#44;6359&#44;6360&#44;6361&#44;6363&#44;6364&#44;6365&#44;6366&#44;6367&#44;6368&#44;6369&#44;6371&#44;6372&#44;6373&#44;6375&#44;6376&#44;6377&#44;6378&#44;6379&#44;6380&#44;6381&#44;6382&#44;6383&#44;6384&#44;6385&#44;6386&#44;6387&#44;6388&#44;6401&#44;6402&#44;6403&#44;6404&#44;6405&#44;6406&#44;6407&#44;6408&#44;6409&#44;6410&#44;6413&#44;6414&#44;6415&#44;6417&#44;6418&#44;6419&#44;6420&#44;6421&#44;6422&#44;6423&#44;6424&#44;6425&#44;6426&#44;6427&#44;6428&#44;6429&#44;6430&#44;6431&#44;6432&#44;6433&#44;6434&#44;6435&#44;6436&#44;6437&#44;6439&#44;6440&#44;6441&#44;6443&#44;6444&#44;6445&#44;6448&#44;6449&#44;6450&#44;6452&#44;6453&#44;6454&#44;6455&#44;6456&#44;6457&#44;6458&#44;6460&#44;6461&#44;6462&#44;6463&#44;6464&#44;6471&#44;6472&#44;6474&#44;6479&#44;6482&#44;6485&#44;6487&#44;6489&#44;6501&#44;6502&#44;6503&#44;6505&#44;6506&#44;6507&#44;6509&#44;6510&#44;6512&#44;6514&#44;6517&#44;6518&#44;6520&#44;6521&#44;6524&#44;6527&#44;6528&#44;6533&#44;6535&#44;6536&#44;6539&#44;6540&#44;6543&#44;6547&#44;6549&#44;6556&#44;6562&#44;6565&#44;6567&#44;6568&#44;6569&#44;6570&#44;6571&#44;6572&#44;6573&#44;6575&#44;6581&#44;6582&#44;6604&#44;6605&#44;6606&#44;6608&#44;6609&#44;6610&#44;6612&#44;6613&#44;6614&#44;6615&#44;6616&#44;6617&#44;6619&#44;6620&#44;6621&#44;6622&#44;6624&#44;6626&#44;6628&#44;6630&#44;6631&#44;6632&#44;6633&#44;6634&#44;6635&#44;6636&#44;6637&#44;6643&#44;6644&#44;6646&#44;6650&#44;6651&#44;6652&#44;6653&#44;6655&#44;6657&#44;6658&#44;6659&#44;6660&#44;6661&#44;6662&#44;6663&#44;6664&#44;6666&#44;6667&#44;6670&#44;6671&#44;6672&#44;6673&#44;6674&#44;6675&#44;6676&#44;6677&#44;6678&#44;6679&#44;6680&#44;6682&#44;6683&#44;6684&#44;6685&#44;6686&#44;6689&#44;6690&#44;6692&#44;6693&#44;6779&#44;6781&#44;6867&#44;6976&#44;6979&#44;7189&#44;7658&#44;7676&#44;8102&#44;8104&#44;8106&#44;8107&#44;8111&#44;8112&#44;8114&#44;8115&#44;8116&#44;8117&#44;8119&#44;8120&#44;8123&#44;8125&#44;8126&#44;8128&#44;8129&#44;8130&#44;8132&#44;8133&#44;8134&#44;8135&#44;8136&#44;8138&#44;8139&#44;8141&#44;8142&#44;8144&#44;8145&#44;8146&#44;8147&#44;8149&#44;8150&#44;8151&#44;8152&#44;8153&#44;8155&#44;8156&#44;8157&#44;8158&#44;8160&#44;8161&#44;8162&#44;8163&#44;8164&#44;8165&#44;8166&#44;8167&#44;8168&#44;8169&#44;8172&#44;8173&#44;8174&#44;8175&#44;8176&#44;8177&#44;8180&#44;8181&#44;8182&#44;8183&#44;8184&#44;8185&#44;8186&#44;8188&#44;8189&#44;8190&#44;8191&#44;8192&#44;8193&#44;8194&#44;8196&#44;8197&#44;8201&#44;8202&#44;8203&#44;8205&#44;8207&#44;8208&#44;8209&#44;8210&#44;8211&#44;8213&#44;8215&#44;8218&#44;8219&#44;8220&#44;8221&#44;8222&#44;8223&#44;8224&#44;8225&#44;8226&#44;8227&#44;8228&#44;8236&#44;8237&#44;8238&#44;8239&#44;8241&#44;8242&#44;8243&#44;8244&#44;8245&#44;8246&#44;8247&#44;8248&#44;8250&#44;8251&#44;8252&#44;8253&#44;8254&#44;8256&#44;8257&#44;8259&#44;8261&#44;8262&#44;8263&#44;8264&#44;8265&#44;8266&#44;8267&#44;8268&#44;8269&#44;8270&#44;8271&#44;8272&#44;8273&#44;8274&#44;8275&#44;8276&#44;8277&#44;8278&#44;8279&#44;8280&#44;8281&#44;8282&#44;8283&#44;8284&#44;8285&#44;8286&#44;8287&#44;8288&#44;8289&#44;8290&#44;8291&#44;8292&#44;8293&#44;8294&#44;8295&#44;8296&#44;8297&#44;8298&#44;8299&#44;""",6/21/21,5/28/21,N
layouts,Meat and Seafood,"""72&#44;76&#44;93""",,2021,6/21/21,1-NewFolderStructure/C076_C072_C093_Fresh_Meat_Seafood/C72_C76_C93 June Minor Submission_Effective 06.21.2021/,_C72_C76_C93_Effective_06212021_Planogram_Updated_06072021.pdf,"""4109&#44;4702&#44;4703&#44;4704&#44;4707&#44;4709&#44;4710&#44;4711&#44;4712&#44;4713&#44;4718&#44;4720&#44;4721&#44;4722&#44;4724&#44;4728&#44;4729&#44;4730&#44;4731&#44;4732&#44;4735&#44;4736&#44;4738&#44;4739&#44;4740&#44;4741&#44;4742&#44;4743&#44;4745&#44;4749&#44;4750&#44;4761&#44;4763&#44;4764&#44;4767&#44;4768&#44;4769&#44;4770&#44;4771&#44;4772&#44;4774&#44;4775&#44;4776&#44;4777&#44;4778&#44;4780&#44;4781&#44;4782&#44;4783&#44;4784&#44;4785&#44;4786&#44;4787&#44;4789&#44;4790&#44;4791&#44;4794&#44;4795&#44;4797&#44;4798&#44;4799&#44;4801&#44;4802&#44;4804&#44;4805&#44;4808&#44;4815&#44;4816&#44;4817&#44;4818&#44;4819&#44;4820&#44;4822&#44;4824&#44;4825&#44;4828&#44;4829&#44;4830&#44;4831&#44;4836&#44;4837&#44;4839&#44;4840&#44;4843&#44;4846&#44;4847&#44;4850&#44;4851&#44;4852&#44;4853&#44;4855&#44;4857&#44;4859&#44;4860&#44;4861&#44;4866&#44;4870&#44;4871&#44;4872&#44;4873&#44;4874&#44;4875&#44;4876&#44;4878&#44;4879&#44;4901&#44;4905&#44;4906&#44;4908&#44;4911&#44;4914&#44;4915&#44;4917&#44;4920&#44;4925&#44;4926&#44;4930&#44;4933&#44;4936&#44;4938&#44;4939&#44;4942&#44;4944&#44;4946&#44;4947&#44;4948&#44;4950&#44;4952&#44;4955&#44;4958&#44;4961&#44;4962&#44;4963&#44;4969&#44;4972&#44;4973&#44;4974&#44;4982&#44;4983&#44;4985&#44;4987&#44;4989&#44;4990&#44;4991&#44;4992&#44;4994&#44;4996&#44;4998&#44;4999&#44;6181&#44;6188&#44;6189&#44;6201&#44;6202&#44;6203&#44;6204&#44;6205&#44;6212&#44;6213&#44;6216&#44;6217&#44;6218&#44;6219&#44;6220&#44;6225&#44;6228&#44;6235&#44;6236&#44;6238&#44;6239&#44;6240&#44;6242&#44;6244&#44;6245&#44;6246&#44;6247&#44;6249&#44;6251&#44;6252&#44;6254&#44;6255&#44;6256&#44;6257&#44;6259&#44;6260&#44;6261&#44;6262&#44;6265&#44;6267&#44;6269&#44;6270&#44;6275&#44;6302&#44;6304&#44;6305&#44;6307&#44;6308&#44;6309&#44;6310&#44;6311&#44;6312&#44;6313&#44;6314&#44;6315&#44;6317&#44;6319&#44;6320&#44;6321&#44;6322&#44;6324&#44;6325&#44;6326&#44;6327&#44;6328&#44;6329&#44;6330&#44;6331&#44;6332&#44;6333&#44;6334&#44;6335&#44;6336&#44;6338&#44;6339&#44;6341&#44;6342&#44;6343&#44;6344&#44;6345&#44;6347&#44;6348&#44;6349&#44;6350&#44;6351&#44;6352&#44;6353&#44;6354&#44;6355&#44;6356&#44;6357&#44;6358&#44;6359&#44;6360&#44;6361&#44;6363&#44;6364&#44;6365&#44;6366&#44;6367&#44;6368&#44;6369&#44;6371&#44;6372&#44;6373&#44;6375&#44;6376&#44;6377&#44;6378&#44;6379&#44;6380&#44;6381&#44;6382&#44;6383&#44;6384&#44;6385&#44;6386&#44;6387&#44;6388&#44;6401&#44;6402&#44;6403&#44;6404&#44;6405&#44;6406&#44;6407&#44;6408&#44;6409&#44;6412&#44;6413&#44;6414&#44;6415&#44;6417&#44;6418&#44;6419&#44;6420&#44;6421&#44;6422&#44;6423&#44;6424&#44;6425&#44;6426&#44;6427&#44;6428&#44;6429&#44;6430&#44;6431&#44;6432&#44;6433&#44;6434&#44;6435&#44;6436&#44;6437&#44;6439&#44;6440&#44;6441&#44;6443&#44;6444&#44;6445&#44;6448&#44;6449&#44;6450&#44;6452&#44;6453&#44;6454&#44;6455&#44;6456&#44;6457&#44;6458&#44;6460&#44;6461&#44;6462&#44;6463&#44;6464&#44;6471&#44;6472&#44;6474&#44;6479&#44;6482&#44;6485&#44;6487&#44;6489&#44;6501&#44;6502&#44;6503&#44;6505&#44;6506&#44;6507&#44;6509&#44;6510&#44;6512&#44;6514&#44;6517&#44;6518&#44;6520&#44;6521&#44;6524&#44;6527&#44;6528&#44;6533&#44;6535&#44;6536&#44;6539&#44;6540&#44;6543&#44;6547&#44;6549&#44;6556&#44;6562&#44;6565&#44;6567&#44;6568&#44;6569&#44;6570&#44;6571&#44;6572&#44;6573&#44;6575&#44;6581&#44;6582&#44;6604&#44;6605&#44;6606&#44;6608&#44;6609&#44;6610&#44;6612&#44;6613&#44;6614&#44;6615&#44;6616&#44;6617&#44;6619&#44;6620&#44;6621&#44;6622&#44;6624&#44;6626&#44;6628&#44;6630&#44;6631&#44;6632&#44;6633&#44;6634&#44;6635&#44;6636&#44;6637&#44;6643&#44;6644&#44;6646&#44;6650&#44;6651&#44;6652&#44;6653&#44;6655&#44;6657&#44;6658&#44;6659&#44;6660&#44;6661&#44;6662&#44;6663&#44;6664&#44;6666&#44;6667&#44;6670&#44;6671&#44;6672&#44;6673&#44;6674&#44;6675&#44;6676&#44;6677&#44;6678&#44;6679&#44;6680&#44;6682&#44;6683&#44;6684&#44;6685&#44;6686&#44;6689&#44;6690&#44;6692&#44;6693&#44;6779&#44;6781&#44;6867&#44;6976&#44;6979&#44;7189&#44;7658&#44;7676&#44;8102&#44;8104&#44;8106&#44;8107&#44;8111&#44;8112&#44;8114&#44;8115&#44;8116&#44;8117&#44;8119&#44;8120&#44;8123&#44;8125&#44;8126&#44;8128&#44;8129&#44;8130&#44;8132&#44;8133&#44;8134&#44;8135&#44;8136&#44;8138&#44;8139&#44;8141&#44;8142&#44;8144&#44;8145&#44;8146&#44;8147&#44;8149&#44;8150&#44;8151&#44;8152&#44;8153&#44;8155&#44;8156&#44;8157&#44;8158&#44;8160&#44;8161&#44;8162&#44;8163&#44;8164&#44;8165&#44;8166&#44;8167&#44;8168&#44;8169&#44;8172&#44;8173&#44;8174&#44;8175&#44;8176&#44;8177&#44;8180&#44;8181&#44;8182&#44;8183&#44;8184&#44;8185&#44;8186&#44;8188&#44;8189&#44;8190&#44;8191&#44;8192&#44;8193&#44;8194&#44;8196&#44;8197&#44;8201&#44;8202&#44;8203&#44;8205&#44;8207&#44;8208&#44;8209&#44;8210&#44;8211&#44;8213&#44;8215&#44;8218&#44;8219&#44;8220&#44;8221&#44;8222&#44;8223&#44;8224&#44;8225&#44;8226&#44;8227&#44;8228&#44;8236&#44;8237&#44;8238&#44;8239&#44;8241&#44;8242&#44;8243&#44;8244&#44;8245&#44;8246&#44;8247&#44;8248&#44;8250&#44;8251&#44;8252&#44;8253&#44;8254&#44;8256&#44;8257&#44;8259&#44;8261&#44;8262&#44;8263&#44;8264&#44;8265&#44;8266&#44;8267&#44;8268&#44;8269&#44;8270&#44;8271&#44;8272&#44;8273&#44;8274&#44;8275&#44;8276&#44;8277&#44;8278&#44;8279&#44;8280&#44;8281&#44;8282&#44;8283&#44;8284&#44;8285&#44;8286&#44;8287&#44;8288&#44;8289&#44;8290&#44;8291&#44;8292&#44;8293&#44;8294&#44;8295&#44;8296&#44;8297&#44;8298&#44;8299&#44;""",6/17/21,6/7/21,N
layouts,HMS,79-2,,2021,6/21/21,1-NewFolderStructure/C079_HMS/C79_HMS_Effective_06072021_Update_06152021/,_C79_HMS_Effective_06072021.pdf,"""6616&#44;8209&#44;4808&#44;4969&#44;4999&#44;""",6/21/21,6/15/21,N
layouts,Deli,57,,2021,6/23/21,1-NewFolderStructure/C057_Deli/C57_Effective_07122021_Planogram_Update_06-23-2021/,_C57_Effective_07122021_Planogram_Update_06-23-2021.pdf,"""6686&#44;6685&#44;6683&#44;6684&#44;6682&#44;4730&#44;4718&#44;4786&#44;""",6/23/21,6/23/21,N
layouts,Bakery Tables,"""37&#44;77""",,2021,7/5/21,1-NewFolderStructure/C037_C077_Bakery_Tables/C37_77_Bakery_Tables_Effective_07052021_Updated_06252021/,_C37_77_Bakery_Tables_Effective_07052021_Updated_06252021.pdf,"""4109&#44;4702&#44;4703&#44;4704&#44;4707&#44;4709&#44;4710&#44;4711&#44;4712&#44;4713&#44;4718&#44;4720&#44;4721&#44;4722&#44;4724&#44;4728&#44;4729&#44;4730&#44;4731&#44;4732&#44;4735&#44;4736&#44;4738&#44;4739&#44;4740&#44;4741&#44;4742&#44;4743&#44;4745&#44;4749&#44;4750&#44;4755&#44;4761&#44;4763&#44;4764&#44;4767&#44;4768&#44;4769&#44;4770&#44;4771&#44;4772&#44;4774&#44;4775&#44;4776&#44;4777&#44;4778&#44;4780&#44;4781&#44;4782&#44;4783&#44;4784&#44;4785&#44;4786&#44;4787&#44;4789&#44;4790&#44;4791&#44;4794&#44;4795&#44;4797&#44;4798&#44;4799&#44;4801&#44;4802&#44;4804&#44;4805&#44;4808&#44;4815&#44;4816&#44;4817&#44;4818&#44;4819&#44;4820&#44;4822&#44;4824&#44;4825&#44;4828&#44;4829&#44;4830&#44;4831&#44;4836&#44;4837&#44;4839&#44;4840&#44;4843&#44;4846&#44;4847&#44;4850&#44;4851&#44;4852&#44;4853&#44;4855&#44;4857&#44;4859&#44;4860&#44;4861&#44;4866&#44;4870&#44;4872&#44;4873&#44;4874&#44;4875&#44;4876&#44;4878&#44;4879&#44;4901&#44;4905&#44;4906&#44;4911&#44;4914&#44;4915&#44;4917&#44;4920&#44;4925&#44;4926&#44;4933&#44;4936&#44;4938&#44;4939&#44;4942&#44;4944&#44;4946&#44;4947&#44;4948&#44;4950&#44;4952&#44;4955&#44;4958&#44;4961&#44;4962&#44;4963&#44;4969&#44;4972&#44;4973&#44;4974&#44;4982&#44;4983&#44;4985&#44;4987&#44;4989&#44;4990&#44;4991&#44;4992&#44;4994&#44;4996&#44;4998&#44;4999&#44;6181&#44;6188&#44;6189&#44;6201&#44;6202&#44;6203&#44;6204&#44;6205&#44;6212&#44;6213&#44;6216&#44;6217&#44;6218&#44;6219&#44;6220&#44;6225&#44;6228&#44;6235&#44;6236&#44;6238&#44;6239&#44;6240&#44;6242&#44;6244&#44;6245&#44;6246&#44;6247&#44;6249&#44;6251&#44;6252&#44;6254&#44;6255&#44;6256&#44;6257&#44;6259&#44;6260&#44;6261&#44;6262&#44;6265&#44;6267&#44;6269&#44;6270&#44;6275&#44;6302&#44;6304&#44;6305&#44;6307&#44;6308&#44;6309&#44;6310&#44;6311&#44;6312&#44;6313&#44;6314&#44;6315&#44;6317&#44;6319&#44;6320&#44;6321&#44;6322&#44;6324&#44;6325&#44;6326&#44;6327&#44;6328&#44;6329&#44;6330&#44;6331&#44;6332&#44;6333&#44;6334&#44;6335&#44;6336&#44;6338&#44;6339&#44;6341&#44;6342&#44;6343&#44;6344&#44;6345&#44;6347&#44;6348&#44;6349&#44;6350&#44;6351&#44;6352&#44;6353&#44;6354&#44;6355&#44;6356&#44;6357&#44;6358&#44;6359&#44;6360&#44;6361&#44;6363&#44;6364&#44;6365&#44;6366&#44;6367&#44;6368&#44;6369&#44;6371&#44;6372&#44;6373&#44;6375&#44;6376&#44;6378&#44;6379&#44;6380&#44;6381&#44;6382&#44;6383&#44;6384&#44;6386&#44;6387&#44;6388&#44;6401&#44;6402&#44;6403&#44;6404&#44;6405&#44;6406&#44;6407&#44;6408&#44;6409&#44;6410&#44;6412&#44;6413&#44;6414&#44;6415&#44;6418&#44;6419&#44;6420&#44;6421&#44;6422&#44;6423&#44;6425&#44;6426&#44;6427&#44;6428&#44;6429&#44;6431&#44;6433&#44;6434&#44;6435&#44;6436&#44;6437&#44;6439&#44;6440&#44;6441&#44;6443&#44;6444&#44;6445&#44;6448&#44;6449&#44;6450&#44;6452&#44;6453&#44;6454&#44;6455&#44;6456&#44;6457&#44;6458&#44;6460&#44;6462&#44;6463&#44;6464&#44;6472&#44;6474&#44;6479&#44;6482&#44;6485&#44;6487&#44;6489&#44;6501&#44;6502&#44;6503&#44;6505&#44;6506&#44;6507&#44;6509&#44;6512&#44;6517&#44;6518&#44;6520&#44;6521&#44;6524&#44;6527&#44;6528&#44;6535&#44;6536&#44;6539&#44;6543&#44;6547&#44;6549&#44;6562&#44;6565&#44;6569&#44;6570&#44;6571&#44;6572&#44;6573&#44;6575&#44;6581&#44;6582&#44;6604&#44;6605&#44;6606&#44;6608&#44;6609&#44;6610&#44;6612&#44;6613&#44;6614&#44;6615&#44;6616&#44;6617&#44;6619&#44;6620&#44;6621&#44;6622&#44;6624&#44;6626&#44;6628&#44;6630&#44;6631&#44;6632&#44;6633&#44;6634&#44;6635&#44;6636&#44;6637&#44;6643&#44;6644&#44;6646&#44;6650&#44;6651&#44;6652&#44;6653&#44;6655&#44;6657&#44;6658&#44;6659&#44;6660&#44;6661&#44;6662&#44;6663&#44;6664&#44;6666&#44;6667&#44;6670&#44;6671&#44;6672&#44;6673&#44;6674&#44;6675&#44;6676&#44;6677&#44;6678&#44;6679&#44;6680&#44;6682&#44;6683&#44;6684&#44;6685&#44;6686&#44;6689&#44;6690&#44;6692&#44;6693&#44;6779&#44;6781&#44;6867&#44;6976&#44;6979&#44;7189&#44;7658&#44;7676&#44;8102&#44;8104&#44;8106&#44;8107&#44;8111&#44;8112&#44;8114&#44;8115&#44;8116&#44;8117&#44;8119&#44;8120&#44;8123&#44;8125&#44;8126&#44;8128&#44;8129&#44;8130&#44;8132&#44;8133&#44;8134&#44;8135&#44;8136&#44;8138&#44;8139&#44;8141&#44;8142&#44;8144&#44;8145&#44;8146&#44;8147&#44;8149&#44;8150&#44;8151&#44;8152&#44;8153&#44;8155&#44;8156&#44;8157&#44;8158&#44;8160&#44;8161&#44;8162&#44;8163&#44;8164&#44;8165&#44;8166&#44;8167&#44;8168&#44;8169&#44;8172&#44;8173&#44;8174&#44;8175&#44;8176&#44;8177&#44;8181&#44;8182&#44;8183&#44;8184&#44;8185&#44;8186&#44;8188&#44;8190&#44;8191&#44;8192&#44;8193&#44;8194&#44;8196&#44;8197&#44;8201&#44;8202&#44;8203&#44;8205&#44;8207&#44;8208&#44;8209&#44;8210&#44;8211&#44;8213&#44;8215&#44;8218&#44;8219&#44;8220&#44;8221&#44;8222&#44;8223&#44;8224&#44;8225&#44;8226&#44;8227&#44;8228&#44;8236&#44;8237&#44;8238&#44;8239&#44;8241&#44;8242&#44;8243&#44;8244&#44;8245&#44;8246&#44;8247&#44;8248&#44;8250&#44;8251&#44;8252&#44;8253&#44;8254&#44;8256&#44;8257&#44;8259&#44;8261&#44;8262&#44;8263&#44;8264&#44;8265&#44;8266&#44;8267&#44;8268&#44;8269&#44;8270&#44;8271&#44;8272&#44;8273&#44;8274&#44;8275&#44;8276&#44;8277&#44;8278&#44;8279&#44;8280&#44;8281&#44;8282&#44;8283&#44;8284&#44;8285&#44;8286&#44;8287&#44;8288&#44;8289&#44;8290&#44;8291&#44;8292&#44;8293&#44;8294&#44;8295&#44;8296&#44;8297&#44;8298&#44;8299&#44;""",6/28/21,6/25/21,N
layouts,Bakery Dessert,"""37-2&#44;77-2""",,2021,7/5/21,1-NewFolderStructure/C037_C077_Bakery_Dessert/C77_C37_Effective_07052021_Updated_06252021/,_C77_C37_Effective_07052021_Updated_06252021.pdf,"""4109&#44;4702&#44;4703&#44;4704&#44;4707&#44;4709&#44;4710&#44;4711&#44;4712&#44;4713&#44;4718&#44;4720&#44;4721&#44;4722&#44;4724&#44;4728&#44;4729&#44;4730&#44;4731&#44;4732&#44;4735&#44;4736&#44;4738&#44;4739&#44;4740&#44;4741&#44;4742&#44;4743&#44;4745&#44;4749&#44;4750&#44;4755&#44;4761&#44;4763&#44;4764&#44;4767&#44;4768&#44;4769&#44;4770&#44;4771&#44;4772&#44;4774&#44;4775&#44;4776&#44;4777&#44;4778&#44;4780&#44;4781&#44;4782&#44;4783&#44;4784&#44;4785&#44;4786&#44;4787&#44;4789&#44;4790&#44;4791&#44;4794&#44;4795&#44;4797&#44;4798&#44;4799&#44;4801&#44;4802&#44;4804&#44;4805&#44;4808&#44;4815&#44;4816&#44;4817&#44;4818&#44;4819&#44;4820&#44;4822&#44;4824&#44;4825&#44;4828&#44;4829&#44;4830&#44;4831&#44;4836&#44;4837&#44;4839&#44;4840&#44;4843&#44;4846&#44;4847&#44;4850&#44;4851&#44;4852&#44;4853&#44;4855&#44;4857&#44;4859&#44;4860&#44;4861&#44;4866&#44;4870&#44;4872&#44;4873&#44;4874&#44;4875&#44;4876&#44;4878&#44;4879&#44;4901&#44;4905&#44;4906&#44;4911&#44;4914&#44;4915&#44;4917&#44;4920&#44;4925&#44;4926&#44;4933&#44;4936&#44;4938&#44;4939&#44;4942&#44;4944&#44;4946&#44;4947&#44;4948&#44;4950&#44;4952&#44;4955&#44;4958&#44;4961&#44;4962&#44;4963&#44;4969&#44;4972&#44;4973&#44;4974&#44;4982&#44;4983&#44;4985&#44;4987&#44;4989&#44;4990&#44;4991&#44;4992&#44;4994&#44;4996&#44;4998&#44;4999&#44;6181&#44;6188&#44;6189&#44;6201&#44;6202&#44;6203&#44;6204&#44;6205&#44;6212&#44;6213&#44;6216&#44;6217&#44;6218&#44;6219&#44;6220&#44;6225&#44;6228&#44;6235&#44;6236&#44;6238&#44;6239&#44;6240&#44;6242&#44;6244&#44;6245&#44;6246&#44;6247&#44;6249&#44;6251&#44;6252&#44;6254&#44;6255&#44;6256&#44;6257&#44;6259&#44;6260&#44;6261&#44;6262&#44;6265&#44;6267&#44;6269&#44;6270&#44;6275&#44;6302&#44;6304&#44;6305&#44;6307&#44;6308&#44;6309&#44;6310&#44;6311&#44;6312&#44;6313&#44;6314&#44;6315&#44;6317&#44;6319&#44;6320&#44;6321&#44;6322&#44;6324&#44;6325&#44;6326&#44;6327&#44;6328&#44;6329&#44;6330&#44;6331&#44;6332&#44;6333&#44;6334&#44;6335&#44;6336&#44;6338&#44;6339&#44;6341&#44;6342&#44;6343&#44;6344&#44;6345&#44;6347&#44;6348&#44;6349&#44;6350&#44;6351&#44;6352&#44;6353&#44;6354&#44;6355&#44;6356&#44;6357&#44;6358&#44;6359&#44;6360&#44;6361&#44;6363&#44;6364&#44;6365&#44;6366&#44;6367&#44;6368&#44;6369&#44;6371&#44;6372&#44;6373&#44;6375&#44;6376&#44;6378&#44;6379&#44;6380&#44;6381&#44;6382&#44;6383&#44;6384&#44;6386&#44;6387&#44;6388&#44;6401&#44;6402&#44;6403&#44;6404&#44;6405&#44;6406&#44;6407&#44;6408&#44;6409&#44;6410&#44;6412&#44;6413&#44;6414&#44;6415&#44;6418&#44;6419&#44;6420&#44;6421&#44;6422&#44;6423&#44;6425&#44;6426&#44;6427&#44;6428&#44;6429&#44;6431&#44;6433&#44;6434&#44;6435&#44;6436&#44;6437&#44;6439&#44;6440&#44;6441&#44;6443&#44;6444&#44;6445&#44;6448&#44;6449&#44;6450&#44;6452&#44;6453&#44;6454&#44;6455&#44;6456&#44;6457&#44;6458&#44;6460&#44;6462&#44;6463&#44;6464&#44;6472&#44;6474&#44;6479&#44;6482&#44;6485&#44;6487&#44;6489&#44;6501&#44;6502&#44;6503&#44;6505&#44;6506&#44;6507&#44;6509&#44;6512&#44;6517&#44;6518&#44;6520&#44;6521&#44;6524&#44;6527&#44;6528&#44;6535&#44;6536&#44;6539&#44;6543&#44;6547&#44;6549&#44;6562&#44;6565&#44;6569&#44;6570&#44;6571&#44;6572&#44;6573&#44;6575&#44;6581&#44;6582&#44;6604&#44;6605&#44;6606&#44;6608&#44;6609&#44;6610&#44;6612&#44;6613&#44;6614&#44;6615&#44;6616&#44;6617&#44;6619&#44;6620&#44;6621&#44;6622&#44;6624&#44;6626&#44;6628&#44;6630&#44;6631&#44;6632&#44;6633&#44;6634&#44;6635&#44;6636&#44;6637&#44;6643&#44;6644&#44;6646&#44;6650&#44;6651&#44;6652&#44;6653&#44;6655&#44;6657&#44;6658&#44;6659&#44;6660&#44;6661&#44;6662&#44;6663&#44;6664&#44;6666&#44;6667&#44;6670&#44;6671&#44;6672&#44;6673&#44;6674&#44;6675&#44;6676&#44;6677&#44;6678&#44;6679&#44;6680&#44;6682&#44;6683&#44;6684&#44;6685&#44;6686&#44;6689&#44;6690&#44;6692&#44;6693&#44;6779&#44;6781&#44;6867&#44;6976&#44;6979&#44;7189&#44;7658&#44;7676&#44;8102&#44;8104&#44;8106&#44;8107&#44;8111&#44;8112&#44;8114&#44;8115&#44;8116&#44;8117&#44;8119&#44;8120&#44;8123&#44;8125&#44;8126&#44;8128&#44;8129&#44;8130&#44;8132&#44;8133&#44;8134&#44;8135&#44;8136&#44;8138&#44;8139&#44;8141&#44;8142&#44;8144&#44;8145&#44;8146&#44;8147&#44;8149&#44;8150&#44;8151&#44;8152&#44;8153&#44;8155&#44;8156&#44;8157&#44;8158&#44;8160&#44;8161&#44;8162&#44;8163&#44;8164&#44;8165&#44;8166&#44;8167&#44;8168&#44;8169&#44;8172&#44;8173&#44;8174&#44;8175&#44;8176&#44;8177&#44;8181&#44;8182&#44;8183&#44;8184&#44;8185&#44;8186&#44;8188&#44;8190&#44;8191&#44;8192&#44;8193&#44;8194&#44;8196&#44;8197&#44;8201&#44;8202&#44;8203&#44;8205&#44;8207&#44;8208&#44;8209&#44;8210&#44;8211&#44;8213&#44;8215&#44;8218&#44;8219&#44;8220&#44;8221&#44;8222&#44;8223&#44;8224&#44;8225&#44;8226&#44;8227&#44;8228&#44;8236&#44;8237&#44;8238&#44;8239&#44;8241&#44;8242&#44;8243&#44;8244&#44;8245&#44;8246&#44;8247&#44;8248&#44;8250&#44;8251&#44;8252&#44;8253&#44;8254&#44;8256&#44;8257&#44;8259&#44;8261&#44;8262&#44;8263&#44;8264&#44;8265&#44;8266&#44;8267&#44;8268&#44;8269&#44;8270&#44;8271&#44;8272&#44;8273&#44;8274&#44;8275&#44;8276&#44;8277&#44;8278&#44;8279&#44;8280&#44;8281&#44;8282&#44;8283&#44;8284&#44;8285&#44;8286&#44;8287&#44;8288&#44;8289&#44;8290&#44;8291&#44;8292&#44;8293&#44;8294&#44;8295&#44;8296&#44;8297&#44;8298&#44;8299&#44;""",6/28/21,6/25/21,N
layouts,Bakery Dessert,"""37-2&#44;77-2""",,2021,7/5/21,1-NewFolderStructure/C037_C077_Bakery_Dessert/C77_C37_Effective_07052021_Updated_06252021/,_C77_C37_Effective_07052021_Updated_06252021.pdf,"""4109&#44;4702&#44;4703&#44;4704&#44;4707&#44;4709&#44;4710&#44;4711&#44;4712&#44;4713&#44;4718&#44;4720&#44;4721&#44;4722&#44;4724&#44;4728&#44;4729&#44;4730&#44;4731&#44;4732&#44;4735&#44;4736&#44;4738&#44;4739&#44;4740&#44;4741&#44;4742&#44;4743&#44;4745&#44;4749&#44;4750&#44;4755&#44;4761&#44;4763&#44;4764&#44;4767&#44;4768&#44;4769&#44;4770&#44;4771&#44;4772&#44;4774&#44;4775&#44;4776&#44;4777&#44;4778&#44;4780&#44;4781&#44;4782&#44;4783&#44;4784&#44;4785&#44;4786&#44;4787&#44;4789&#44;4790&#44;4791&#44;4794&#44;4795&#44;4797&#44;4798&#44;4799&#44;4801&#44;4802&#44;4804&#44;4805&#44;4808&#44;4815&#44;4816&#44;4817&#44;4818&#44;4819&#44;4820&#44;4822&#44;4824&#44;4825&#44;4828&#44;4829&#44;4830&#44;4831&#44;4836&#44;4837&#44;4839&#44;4840&#44;4843&#44;4846&#44;4847&#44;4850&#44;4851&#44;4852&#44;4853&#44;4855&#44;4857&#44;4859&#44;4860&#44;4861&#44;4866&#44;4870&#44;4872&#44;4873&#44;4874&#44;4875&#44;4876&#44;4878&#44;4879&#44;4901&#44;4905&#44;4906&#44;4911&#44;4914&#44;4915&#44;4917&#44;4920&#44;4925&#44;4926&#44;4933&#44;4936&#44;4938&#44;4939&#44;4942&#44;4944&#44;4946&#44;4947&#44;4948&#44;4950&#44;4952&#44;4955&#44;4958&#44;4961&#44;4962&#44;4963&#44;4969&#44;4972&#44;4973&#44;4974&#44;4982&#44;4983&#44;4985&#44;4987&#44;4989&#44;4990&#44;4991&#44;4992&#44;4994&#44;4996&#44;4998&#44;4999&#44;6181&#44;6188&#44;6189&#44;6201&#44;6202&#44;6203&#44;6204&#44;6205&#44;6212&#44;6213&#44;6216&#44;6217&#44;6218&#44;6219&#44;6220&#44;6225&#44;6228&#44;6235&#44;6236&#44;6238&#44;6239&#44;6240&#44;6242&#44;6244&#44;6245&#44;6246&#44;6247&#44;6249&#44;6251&#44;6252&#44;6254&#44;6255&#44;6256&#44;6257&#44;6259&#44;6260&#44;6261&#44;6262&#44;6265&#44;6267&#44;6269&#44;6270&#44;6275&#44;6302&#44;6304&#44;6305&#44;6307&#44;6308&#44;6309&#44;6310&#44;6311&#44;6312&#44;6313&#44;6314&#44;6315&#44;6317&#44;6319&#44;6320&#44;6321&#44;6322&#44;6324&#44;6325&#44;6326&#44;6327&#44;6328&#44;6329&#44;6330&#44;6331&#44;6332&#44;6333&#44;6334&#44;6335&#44;6336&#44;6338&#44;6339&#44;6341&#44;6342&#44;6343&#44;6344&#44;6345&#44;6347&#44;6348&#44;6349&#44;6350&#44;6351&#44;6352&#44;6353&#44;6354&#44;6355&#44;6356&#44;6357&#44;6358&#44;6359&#44;6360&#44;6361&#44;6363&#44;6364&#44;6365&#44;6366&#44;6367&#44;6368&#44;6369&#44;6371&#44;6372&#44;6373&#44;6375&#44;6376&#44;6378&#44;6379&#44;6380&#44;6381&#44;6382&#44;6383&#44;6384&#44;6386&#44;6387&#44;6388&#44;6401&#44;6402&#44;6403&#44;6404&#44;6405&#44;6406&#44;6407&#44;6408&#44;6409&#44;6410&#44;6412&#44;6413&#44;6414&#44;6415&#44;6418&#44;6419&#44;6420&#44;6421&#44;6422&#44;6423&#44;6425&#44;6426&#44;6427&#44;6428&#44;6429&#44;6431&#44;6433&#44;6434&#44;6435&#44;6436&#44;6437&#44;6439&#44;6440&#44;6441&#44;6443&#44;6444&#44;6445&#44;6448&#44;6449&#44;6450&#44;6452&#44;6453&#44;6454&#44;6455&#44;6456&#44;6457&#44;6458&#44;6460&#44;6462&#44;6463&#44;6464&#44;6472&#44;6474&#44;6479&#44;6482&#44;6485&#44;6487&#44;6489&#44;6501&#44;6502&#44;6503&#44;6505&#44;6506&#44;6507&#44;6509&#44;6512&#44;6517&#44;6518&#44;6520&#44;6521&#44;6524&#44;6527&#44;6528&#44;6535&#44;6536&#44;6539&#44;6543&#44;6547&#44;6549&#44;6562&#44;6565&#44;6569&#44;6570&#44;6571&#44;6572&#44;6573&#44;6575&#44;6581&#44;6582&#44;6604&#44;6605&#44;6606&#44;6608&#44;6609&#44;6610&#44;6612&#44;6613&#44;6614&#44;6615&#44;6616&#44;6617&#44;6619&#44;6620&#44;6621&#44;6622&#44;6624&#44;6626&#44;6628&#44;6630&#44;6631&#44;6632&#44;6633&#44;6634&#44;6635&#44;6636&#44;6637&#44;6643&#44;6644&#44;6646&#44;6650&#44;6651&#44;6652&#44;6653&#44;6655&#44;6657&#44;6658&#44;6659&#44;6660&#44;6661&#44;6662&#44;6663&#44;6664&#44;6666&#44;6667&#44;6670&#44;6671&#44;6672&#44;6673&#44;6674&#44;6675&#44;6676&#44;6677&#44;6678&#44;6679&#44;6680&#44;6682&#44;6683&#44;6684&#44;6685&#44;6686&#44;6689&#44;6690&#44;6692&#44;6693&#44;6779&#44;6781&#44;6867&#44;6976&#44;6979&#44;7189&#44;7658&#44;7676&#44;8102&#44;8104&#44;8106&#44;8107&#44;8111&#44;8112&#44;8114&#44;8115&#44;8116&#44;8117&#44;8119&#44;8120&#44;8123&#44;8125&#44;8126&#44;8128&#44;8129&#44;8130&#44;8132&#44;8133&#44;8134&#44;8135&#44;8136&#44;8138&#44;8139&#44;8141&#44;8142&#44;8144&#44;8145&#44;8146&#44;8147&#44;8149&#44;8150&#44;8151&#44;8152&#44;8153&#44;8155&#44;8156&#44;8157&#44;8158&#44;8160&#44;8161&#44;8162&#44;8163&#44;8164&#44;8165&#44;8166&#44;8167&#44;8168&#44;8169&#44;8172&#44;8173&#44;8174&#44;8175&#44;8176&#44;8177&#44;8181&#44;8182&#44;8183&#44;8184&#44;8185&#44;8186&#44;8188&#44;8190&#44;8191&#44;8192&#44;8193&#44;8194&#44;8196&#44;8197&#44;8201&#44;8202&#44;8203&#44;8205&#44;8207&#44;8208&#44;8209&#44;8210&#44;8211&#44;8213&#44;8215&#44;8218&#44;8219&#44;8220&#44;8221&#44;8222&#44;8223&#44;8224&#44;8225&#44;8226&#44;8227&#44;8228&#44;8236&#44;8237&#44;8238&#44;8239&#44;8241&#44;8242&#44;8243&#44;8244&#44;8245&#44;8246&#44;8247&#44;8248&#44;8250&#44;8251&#44;8252&#44;8253&#44;8254&#44;8256&#44;8257&#44;8259&#44;8261&#44;8262&#44;8263&#44;8264&#44;8265&#44;8266&#44;8267&#44;8268&#44;8269&#44;8270&#44;8271&#44;8272&#44;8273&#44;8274&#44;8275&#44;8276&#44;8277&#44;8278&#44;8279&#44;8280&#44;8281&#44;8282&#44;8283&#44;8284&#44;8285&#44;8286&#44;8287&#44;8288&#44;8289&#44;8290&#44;8291&#44;8292&#44;8293&#44;8294&#44;8295&#44;8296&#44;8297&#44;8298&#44;8299&#44;""",7/2/21,6/25/21,N
layouts,Cake Case,"""37-3&#44;77-3""",,2021,7/5/21,1-NewFolderStructure/C037_C077_Cake_Case/C77_C37_Effective_07052021_Updated_06252021/,_C77_C37_Effective_07052021_Updated_06252021.PDF,"""4109&#44;4702&#44;4703&#44;4704&#44;4707&#44;4709&#44;4710&#44;4711&#44;4712&#44;4713&#44;4718&#44;4720&#44;4721&#44;4722&#44;4724&#44;4728&#44;4729&#44;4730&#44;4731&#44;4732&#44;4735&#44;4736&#44;4738&#44;4739&#44;4740&#44;4741&#44;4742&#44;4743&#44;4745&#44;4749&#44;4750&#44;4755&#44;4761&#44;4763&#44;4764&#44;4767&#44;4768&#44;4769&#44;4770&#44;4771&#44;4772&#44;4774&#44;4775&#44;4776&#44;4777&#44;4778&#44;4780&#44;4781&#44;4782&#44;4783&#44;4784&#44;4785&#44;4786&#44;4787&#44;4789&#44;4790&#44;4791&#44;4794&#44;4795&#44;4797&#44;4798&#44;4799&#44;4801&#44;4802&#44;4804&#44;4805&#44;4808&#44;4815&#44;4816&#44;4817&#44;4818&#44;4819&#44;4820&#44;4822&#44;4824&#44;4825&#44;4828&#44;4829&#44;4830&#44;4831&#44;4836&#44;4837&#44;4839&#44;4840&#44;4843&#44;4846&#44;4847&#44;4850&#44;4851&#44;4852&#44;4853&#44;4855&#44;4857&#44;4859&#44;4860&#44;4861&#44;4866&#44;4870&#44;4872&#44;4873&#44;4874&#44;4875&#44;4876&#44;4878&#44;4879&#44;4901&#44;4905&#44;4906&#44;4911&#44;4914&#44;4915&#44;4917&#44;4920&#44;4925&#44;4926&#44;4933&#44;4936&#44;4938&#44;4939&#44;4942&#44;4944&#44;4946&#44;4947&#44;4948&#44;4950&#44;4952&#44;4955&#44;4958&#44;4961&#44;4962&#44;4963&#44;4969&#44;4972&#44;4973&#44;4974&#44;4982&#44;4983&#44;4985&#44;4987&#44;4989&#44;4990&#44;4991&#44;4992&#44;4994&#44;4996&#44;4998&#44;4999&#44;6181&#44;6188&#44;6189&#44;6201&#44;6202&#44;6203&#44;6204&#44;6205&#44;6212&#44;6213&#44;6216&#44;6217&#44;6218&#44;6219&#44;6220&#44;6225&#44;6228&#44;6235&#44;6236&#44;6238&#44;6239&#44;6240&#44;6242&#44;6244&#44;6245&#44;6246&#44;6247&#44;6249&#44;6251&#44;6252&#44;6254&#44;6255&#44;6256&#44;6257&#44;6259&#44;6260&#44;6261&#44;6262&#44;6265&#44;6267&#44;6269&#44;6270&#44;6275&#44;6302&#44;6304&#44;6305&#44;6307&#44;6308&#44;6309&#44;6310&#44;6311&#44;6312&#44;6313&#44;6314&#44;6315&#44;6317&#44;6319&#44;6320&#44;6321&#44;6322&#44;6324&#44;6325&#44;6326&#44;6327&#44;6328&#44;6329&#44;6330&#44;6331&#44;6332&#44;6333&#44;6334&#44;6335&#44;6336&#44;6338&#44;6339&#44;6341&#44;6342&#44;6343&#44;6344&#44;6345&#44;6347&#44;6348&#44;6349&#44;6350&#44;6351&#44;6352&#44;6353&#44;6354&#44;6355&#44;6356&#44;6357&#44;6358&#44;6359&#44;6360&#44;6361&#44;6363&#44;6364&#44;6365&#44;6366&#44;6367&#44;6368&#44;6369&#44;6371&#44;6372&#44;6373&#44;6375&#44;6376&#44;6378&#44;6379&#44;6380&#44;6381&#44;6382&#44;6383&#44;6384&#44;6386&#44;6387&#44;6388&#44;6401&#44;6402&#44;6403&#44;6404&#44;6405&#44;6406&#44;6407&#44;6408&#44;6409&#44;6410&#44;6412&#44;6413&#44;6414&#44;6415&#44;6418&#44;6419&#44;6420&#44;6421&#44;6422&#44;6423&#44;6425&#44;6426&#44;6427&#44;6428&#44;6429&#44;6431&#44;6433&#44;6434&#44;6435&#44;6436&#44;6437&#44;6439&#44;6440&#44;6441&#44;6443&#44;6444&#44;6445&#44;6448&#44;6449&#44;6450&#44;6452&#44;6453&#44;6454&#44;6455&#44;6456&#44;6457&#44;6458&#44;6460&#44;6462&#44;6463&#44;6464&#44;6472&#44;6474&#44;6479&#44;6482&#44;6485&#44;6487&#44;6489&#44;6501&#44;6502&#44;6503&#44;6505&#44;6506&#44;6507&#44;6509&#44;6512&#44;6517&#44;6518&#44;6520&#44;6521&#44;6524&#44;6527&#44;6528&#44;6535&#44;6536&#44;6539&#44;6540&#44;6543&#44;6547&#44;6549&#44;6562&#44;6565&#44;6569&#44;6570&#44;6571&#44;6572&#44;6573&#44;6575&#44;6581&#44;6582&#44;6604&#44;6605&#44;6606&#44;6608&#44;6609&#44;6610&#44;6612&#44;6613&#44;6614&#44;6615&#44;6616&#44;6617&#44;6619&#44;6620&#44;6621&#44;6622&#44;6624&#44;6626&#44;6628&#44;6630&#44;6631&#44;6632&#44;6633&#44;6634&#44;6635&#44;6636&#44;6637&#44;6643&#44;6644&#44;6646&#44;6650&#44;6651&#44;6652&#44;6653&#44;6655&#44;6657&#44;6658&#44;6659&#44;6660&#44;6661&#44;6662&#44;6663&#44;6664&#44;6666&#44;6667&#44;6670&#44;6671&#44;6672&#44;6673&#44;6674&#44;6675&#44;6676&#44;6677&#44;6678&#44;6679&#44;6680&#44;6682&#44;6683&#44;6684&#44;6685&#44;6686&#44;6689&#44;6690&#44;6692&#44;6693&#44;6779&#44;6781&#44;6867&#44;6976&#44;6979&#44;7189&#44;7658&#44;7676&#44;8102&#44;8104&#44;8106&#44;8107&#44;8111&#44;8112&#44;8114&#44;8115&#44;8116&#44;8117&#44;8119&#44;8120&#44;8123&#44;8125&#44;8126&#44;8128&#44;8129&#44;8130&#44;8132&#44;8133&#44;8134&#44;8135&#44;8136&#44;8138&#44;8139&#44;8141&#44;8142&#44;8144&#44;8145&#44;8146&#44;8147&#44;8149&#44;8150&#44;8151&#44;8152&#44;8153&#44;8155&#44;8156&#44;8157&#44;8158&#44;8160&#44;8161&#44;8162&#44;8163&#44;8164&#44;8165&#44;8166&#44;8167&#44;8168&#44;8169&#44;8172&#44;8173&#44;8174&#44;8175&#44;8176&#44;8177&#44;8181&#44;8182&#44;8183&#44;8184&#44;8185&#44;8186&#44;8188&#44;8190&#44;8191&#44;8192&#44;8193&#44;8194&#44;8196&#44;8197&#44;8201&#44;8202&#44;8203&#44;8205&#44;8207&#44;8208&#44;8209&#44;8210&#44;8211&#44;8213&#44;8215&#44;8218&#44;8219&#44;8220&#44;8221&#44;8222&#44;8223&#44;8224&#44;8225&#44;8226&#44;8227&#44;8228&#44;8236&#44;8237&#44;8238&#44;8239&#44;8241&#44;8242&#44;8243&#44;8244&#44;8245&#44;8246&#44;8247&#44;8248&#44;8250&#44;8251&#44;8252&#44;8253&#44;8254&#44;8256&#44;8257&#44;8259&#44;8261&#44;8262&#44;8263&#44;8264&#44;8265&#44;8266&#44;8267&#44;8268&#44;8269&#44;8270&#44;8271&#44;8272&#44;8273&#44;8274&#44;8275&#44;8276&#44;8277&#44;8278&#44;8279&#44;8280&#44;8281&#44;8282&#44;8283&#44;8284&#44;8285&#44;8286&#44;8287&#44;8288&#44;8289&#44;8290&#44;8291&#44;8292&#44;8293&#44;8294&#44;8295&#44;8296&#44;8297&#44;8298&#44;8299&#44;""",6/28/21,6/25/21,N
layouts,Bakery Pallets,"""37-4&#44;77-4""",,2021,7/5/21,1-NewFolderStructure/C037_C077_Bakery_Pallets/C37_77_Bakery_Pallets_Effective_07052021_Updated_06252021/,_C37_77_Bakery_Pallets_Effective_07052021_Updated_06252021.pdf,"""4109&#44;4702&#44;4703&#44;4704&#44;4707&#44;4709&#44;4710&#44;4711&#44;4712&#44;4713&#44;4718&#44;4720&#44;4721&#44;4722&#44;4724&#44;4728&#44;4729&#44;4730&#44;4731&#44;4732&#44;4735&#44;4736&#44;4738&#44;4739&#44;4740&#44;4741&#44;4742&#44;4743&#44;4745&#44;4749&#44;4750&#44;4755&#44;4761&#44;4763&#44;4764&#44;4767&#44;4768&#44;4769&#44;4770&#44;4771&#44;4772&#44;4774&#44;4775&#44;4776&#44;4777&#44;4778&#44;4780&#44;4781&#44;4782&#44;4783&#44;4784&#44;4785&#44;4786&#44;4787&#44;4789&#44;4790&#44;4791&#44;4794&#44;4795&#44;4797&#44;4798&#44;4799&#44;4801&#44;4802&#44;4804&#44;4805&#44;4808&#44;4815&#44;4816&#44;4817&#44;4818&#44;4819&#44;4820&#44;4822&#44;4824&#44;4825&#44;4828&#44;4829&#44;4830&#44;4831&#44;4836&#44;4837&#44;4839&#44;4840&#44;4843&#44;4846&#44;4847&#44;4850&#44;4851&#44;4852&#44;4853&#44;4855&#44;4857&#44;4859&#44;4860&#44;4861&#44;4866&#44;4870&#44;4871&#44;4872&#44;4873&#44;4874&#44;4875&#44;4876&#44;4878&#44;4879&#44;4901&#44;4905&#44;4906&#44;4908&#44;4911&#44;4914&#44;4915&#44;4917&#44;4920&#44;4926&#44;4930&#44;4933&#44;4936&#44;4938&#44;4939&#44;4942&#44;4944&#44;4946&#44;4947&#44;4948&#44;4950&#44;4952&#44;4955&#44;4958&#44;4961&#44;4962&#44;4963&#44;4969&#44;4972&#44;4973&#44;4974&#44;4983&#44;4985&#44;4987&#44;4989&#44;4990&#44;4991&#44;4992&#44;4994&#44;4996&#44;4998&#44;4999&#44;6181&#44;6188&#44;6189&#44;6201&#44;6202&#44;6203&#44;6204&#44;6205&#44;6212&#44;6213&#44;6216&#44;6217&#44;6218&#44;6219&#44;6220&#44;6225&#44;6228&#44;6235&#44;6236&#44;6238&#44;6239&#44;6240&#44;6242&#44;6244&#44;6245&#44;6246&#44;6247&#44;6249&#44;6251&#44;6252&#44;6254&#44;6255&#44;6256&#44;6257&#44;6259&#44;6260&#44;6261&#44;6262&#44;6265&#44;6267&#44;6269&#44;6270&#44;6275&#44;6302&#44;6304&#44;6305&#44;6307&#44;6308&#44;6309&#44;6310&#44;6311&#44;6312&#44;6313&#44;6314&#44;6315&#44;6317&#44;6319&#44;6320&#44;6321&#44;6322&#44;6325&#44;6326&#44;6327&#44;6328&#44;6329&#44;6330&#44;6331&#44;6332&#44;6333&#44;6334&#44;6335&#44;6336&#44;6338&#44;6339&#44;6341&#44;6342&#44;6343&#44;6344&#44;6345&#44;6347&#44;6348&#44;6349&#44;6350&#44;6351&#44;6352&#44;6353&#44;6354&#44;6355&#44;6356&#44;6357&#44;6358&#44;6359&#44;6360&#44;6361&#44;6363&#44;6364&#44;6365&#44;6366&#44;6367&#44;6368&#44;6369&#44;6371&#44;6372&#44;6373&#44;6375&#44;6376&#44;6377&#44;6378&#44;6379&#44;6380&#44;6381&#44;6382&#44;6383&#44;6384&#44;6385&#44;6386&#44;6387&#44;6388&#44;6401&#44;6402&#44;6403&#44;6404&#44;6405&#44;6406&#44;6407&#44;6408&#44;6409&#44;6410&#44;6413&#44;6414&#44;6415&#44;6417&#44;6418&#44;6419&#44;6420&#44;6421&#44;6422&#44;6423&#44;6424&#44;6425&#44;6426&#44;6427&#44;6428&#44;6429&#44;6430&#44;6431&#44;6432&#44;6433&#44;6434&#44;6435&#44;6436&#44;6437&#44;6439&#44;6440&#44;6441&#44;6443&#44;6444&#44;6445&#44;6448&#44;6449&#44;6450&#44;6452&#44;6453&#44;6454&#44;6455&#44;6456&#44;6457&#44;6458&#44;6460&#44;6461&#44;6462&#44;6463&#44;6464&#44;6471&#44;6472&#44;6474&#44;6479&#44;6482&#44;6485&#44;6487&#44;6489&#44;6501&#44;6502&#44;6503&#44;6505&#44;6506&#44;6507&#44;6509&#44;6510&#44;6512&#44;6514&#44;6517&#44;6518&#44;6520&#44;6521&#44;6524&#44;6527&#44;6528&#44;6533&#44;6535&#44;6536&#44;6539&#44;6540&#44;6543&#44;6547&#44;6549&#44;6556&#44;6562&#44;6565&#44;6567&#44;6568&#44;6569&#44;6570&#44;6571&#44;6572&#44;6573&#44;6575&#44;6581&#44;6582&#44;6604&#44;6605&#44;6606&#44;6608&#44;6609&#44;6610&#44;6612&#44;6613&#44;6614&#44;6615&#44;6616&#44;6617&#44;6619&#44;6620&#44;6621&#44;6622&#44;6624&#44;6626&#44;6628&#44;6630&#44;6631&#44;6632&#44;6633&#44;6634&#44;6635&#44;6636&#44;6637&#44;6643&#44;6644&#44;6646&#44;6650&#44;6651&#44;6652&#44;6653&#44;6655&#44;6657&#44;6658&#44;6659&#44;6660&#44;6661&#44;6662&#44;6663&#44;6664&#44;6666&#44;6667&#44;6670&#44;6671&#44;6672&#44;6673&#44;6674&#44;6675&#44;6676&#44;6677&#44;6678&#44;6679&#44;6680&#44;6682&#44;6683&#44;6684&#44;6685&#44;6686&#44;6689&#44;6690&#44;6692&#44;6693&#44;6779&#44;6781&#44;6867&#44;6976&#44;6979&#44;7189&#44;7658&#44;7676&#44;8102&#44;8104&#44;8106&#44;8107&#44;8111&#44;8112&#44;8114&#44;8115&#44;8116&#44;8117&#44;8119&#44;8120&#44;8123&#44;8125&#44;8126&#44;8128&#44;8129&#44;8130&#44;8132&#44;8133&#44;8134&#44;8135&#44;8136&#44;8138&#44;8139&#44;8141&#44;8142&#44;8144&#44;8145&#44;8146&#44;8147&#44;8149&#44;8150&#44;8151&#44;8152&#44;8153&#44;8155&#44;8156&#44;8157&#44;8158&#44;8160&#44;8161&#44;8162&#44;8163&#44;8164&#44;8165&#44;8166&#44;8167&#44;8168&#44;8169&#44;8172&#44;8173&#44;8174&#44;8175&#44;8176&#44;8177&#44;8180&#44;8181&#44;8182&#44;8183&#44;8184&#44;8185&#44;8186&#44;8188&#44;8189&#44;8190&#44;8191&#44;8192&#44;8193&#44;8194&#44;8196&#44;8197&#44;8201&#44;8202&#44;8203&#44;8205&#44;8207&#44;8208&#44;8209&#44;8210&#44;8211&#44;8213&#44;8215&#44;8218&#44;8219&#44;8220&#44;8221&#44;8222&#44;8223&#44;8224&#44;8225&#44;8226&#44;8227&#44;8228&#44;8236&#44;8237&#44;8238&#44;8239&#44;8241&#44;8242&#44;8243&#44;8244&#44;8245&#44;8246&#44;8247&#44;8248&#44;8250&#44;8251&#44;8252&#44;8253&#44;8254&#44;8256&#44;8257&#44;8259&#44;8261&#44;8262&#44;8263&#44;8264&#44;8265&#44;8266&#44;8267&#44;8268&#44;8269&#44;8270&#44;8271&#44;8272&#44;8273&#44;8274&#44;8275&#44;8276&#44;8277&#44;8278&#44;8279&#44;8280&#44;8281&#44;8282&#44;8283&#44;8284&#44;8285&#44;8286&#44;8287&#44;8288&#44;8289&#44;8290&#44;8291&#44;8292&#44;8293&#44;8294&#44;8295&#44;8296&#44;8297&#44;8298&#44;8299&#44;""",6/28/21,6/25/21,N
layouts,Sushi,79,,2021,7/5/21,1-NewFolderStructure/C079_Sushi/C79_Sushi_Effective_07052021/,_C79_Sushi_Effective_07052021.pdf,"""4702&#44;4707&#44;4709&#44;4711&#44;4712&#44;4713&#44;4718&#44;4721&#44;4722&#44;4728&#44;4731&#44;4732&#44;4736&#44;4739&#44;4740&#44;4741&#44;4742&#44;4743&#44;4745&#44;4749&#44;4755&#44;4761&#44;4763&#44;4764&#44;4767&#44;4768&#44;4769&#44;4771&#44;4772&#44;4774&#44;4775&#44;4776&#44;4777&#44;4778&#44;4780&#44;4781&#44;4782&#44;4784&#44;4785&#44;4786&#44;4787&#44;4789&#44;4790&#44;4794&#44;4795&#44;4797&#44;4801&#44;4802&#44;4804&#44;4805&#44;4808&#44;4816&#44;4818&#44;4819&#44;4822&#44;4824&#44;4825&#44;4828&#44;4829&#44;4830&#44;4831&#44;4837&#44;4839&#44;4840&#44;4843&#44;4847&#44;4850&#44;4851&#44;4852&#44;4853&#44;4855&#44;4857&#44;4859&#44;4861&#44;4870&#44;4873&#44;4874&#44;4875&#44;4878&#44;4901&#44;4905&#44;4906&#44;4908&#44;4911&#44;4914&#44;4915&#44;4917&#44;4920&#44;4925&#44;4926&#44;4938&#44;4939&#44;4942&#44;4944&#44;4946&#44;4955&#44;4958&#44;4961&#44;4969&#44;4972&#44;4974&#44;4983&#44;4985&#44;4987&#44;4989&#44;4990&#44;4991&#44;4992&#44;4998&#44;6181&#44;6188&#44;6189&#44;6202&#44;6205&#44;6212&#44;6213&#44;6216&#44;6217&#44;6218&#44;6219&#44;6220&#44;6228&#44;6236&#44;6238&#44;6239&#44;6240&#44;6242&#44;6244&#44;6245&#44;6246&#44;6247&#44;6249&#44;6251&#44;6252&#44;6254&#44;6255&#44;6257&#44;6259&#44;6261&#44;6262&#44;6265&#44;6267&#44;6304&#44;6308&#44;6309&#44;6310&#44;6311&#44;6312&#44;6313&#44;6314&#44;6315&#44;6317&#44;6319&#44;6320&#44;6321&#44;6324&#44;6325&#44;6326&#44;6328&#44;6332&#44;6335&#44;6341&#44;6342&#44;6343&#44;6344&#44;6345&#44;6348&#44;6350&#44;6351&#44;6354&#44;6355&#44;6357&#44;6358&#44;6359&#44;6360&#44;6361&#44;6363&#44;6367&#44;6368&#44;6369&#44;6371&#44;6372&#44;6376&#44;6378&#44;6381&#44;6382&#44;6383&#44;6384&#44;6385&#44;6401&#44;6402&#44;6403&#44;6408&#44;6409&#44;6410&#44;6412&#44;6413&#44;6414&#44;6415&#44;6418&#44;6419&#44;6420&#44;6422&#44;6428&#44;6429&#44;6434&#44;6437&#44;6440&#44;6443&#44;6444&#44;6445&#44;6452&#44;6457&#44;6458&#44;6463&#44;6464&#44;6472&#44;6474&#44;6479&#44;6482&#44;6487&#44;6489&#44;6501&#44;6505&#44;6512&#44;6518&#44;6520&#44;6524&#44;6527&#44;6535&#44;6536&#44;6540&#44;6565&#44;6567&#44;6568&#44;6570&#44;6572&#44;6573&#44;6575&#44;6604&#44;6608&#44;6609&#44;6610&#44;6612&#44;6613&#44;6614&#44;6615&#44;6616&#44;6617&#44;6619&#44;6621&#44;6622&#44;6624&#44;6626&#44;6628&#44;6630&#44;6631&#44;6633&#44;6635&#44;6636&#44;6637&#44;6643&#44;6644&#44;6646&#44;6650&#44;6651&#44;6652&#44;6653&#44;6655&#44;6657&#44;6658&#44;6659&#44;6660&#44;6661&#44;6662&#44;6663&#44;6664&#44;6666&#44;6667&#44;6670&#44;6671&#44;6674&#44;6676&#44;6677&#44;6678&#44;6682&#44;6684&#44;6685&#44;6686&#44;6692&#44;6779&#44;6781&#44;6976&#44;6979&#44;7189&#44;7676&#44;8104&#44;8106&#44;8111&#44;8112&#44;8114&#44;8115&#44;8116&#44;8117&#44;8119&#44;8120&#44;8123&#44;8129&#44;8134&#44;8135&#44;8138&#44;8139&#44;8141&#44;8142&#44;8145&#44;8146&#44;8149&#44;8151&#44;8155&#44;8157&#44;8158&#44;8160&#44;8161&#44;8164&#44;8165&#44;8166&#44;8167&#44;8168&#44;8173&#44;8174&#44;8175&#44;8176&#44;8177&#44;8181&#44;8182&#44;8183&#44;8188&#44;8190&#44;8191&#44;8193&#44;8194&#44;8197&#44;8201&#44;8203&#44;8205&#44;8207&#44;8208&#44;8209&#44;8210&#44;8213&#44;8215&#44;8218&#44;8219&#44;8220&#44;8221&#44;8222&#44;8223&#44;8224&#44;8225&#44;8227&#44;8236&#44;8237&#44;8238&#44;8239&#44;8241&#44;8242&#44;8243&#44;8246&#44;8247&#44;8248&#44;8250&#44;8251&#44;8252&#44;8253&#44;8257&#44;8259&#44;8261&#44;8262&#44;8263&#44;8264&#44;8265&#44;8266&#44;8267&#44;8268&#44;8269&#44;8270&#44;8271&#44;8272&#44;8275&#44;8277&#44;8278&#44;8279&#44;8282&#44;8284&#44;8285&#44;8287&#44;8290&#44;8291&#44;8293&#44;8294&#44;8296&#44;8297&#44;8298&#44;8299&#44;""",6/29/21,6/29/21,N
layouts,HMS,79-2,,2021,7/5/21,1-NewFolderStructure/C079_HMS/C79_HMS_Effective_07052021/,_C79_HMS_Effective_07052021.pdf,"""4109&#44;4702&#44;4703&#44;4704&#44;4707&#44;4709&#44;4710&#44;4711&#44;4712&#44;4713&#44;4718&#44;4720&#44;4721&#44;4722&#44;4724&#44;4728&#44;4729&#44;4730&#44;4731&#44;4732&#44;4735&#44;4736&#44;4738&#44;4739&#44;4740&#44;4741&#44;4742&#44;4743&#44;4745&#44;4749&#44;4750&#44;4755&#44;4761&#44;4763&#44;4764&#44;4767&#44;4768&#44;4769&#44;4770&#44;4771&#44;4772&#44;4774&#44;4775&#44;4776&#44;4777&#44;4778&#44;4780&#44;4781&#44;4782&#44;4783&#44;4784&#44;4785&#44;4786&#44;4787&#44;4789&#44;4790&#44;4791&#44;4794&#44;4795&#44;4797&#44;4798&#44;4799&#44;4801&#44;4802&#44;4804&#44;4805&#44;4808&#44;4815&#44;4816&#44;4817&#44;4818&#44;4819&#44;4820&#44;4822&#44;4824&#44;4825&#44;4828&#44;4829&#44;4830&#44;4831&#44;4836&#44;4837&#44;4839&#44;4840&#44;4843&#44;4846&#44;4847&#44;4850&#44;4851&#44;4852&#44;4853&#44;4855&#44;4857&#44;4859&#44;4860&#44;4861&#44;4866&#44;4870&#44;4872&#44;4873&#44;4874&#44;4875&#44;4876&#44;4878&#44;4879&#44;4901&#44;4905&#44;4906&#44;4911&#44;4914&#44;4915&#44;4917&#44;4920&#44;4925&#44;4926&#44;4933&#44;4936&#44;4938&#44;4939&#44;4942&#44;4944&#44;4946&#44;4947&#44;4948&#44;4950&#44;4952&#44;4955&#44;4958&#44;4961&#44;4962&#44;4963&#44;4969&#44;4972&#44;4973&#44;4974&#44;4982&#44;4983&#44;4985&#44;4987&#44;4989&#44;4990&#44;4991&#44;4992&#44;4994&#44;4996&#44;4998&#44;4999&#44;6181&#44;6188&#44;6189&#44;6201&#44;6202&#44;6203&#44;6204&#44;6205&#44;6212&#44;6213&#44;6216&#44;6217&#44;6218&#44;6219&#44;6220&#44;6225&#44;6228&#44;6235&#44;6236&#44;6238&#44;6239&#44;6240&#44;6242&#44;6244&#44;6245&#44;6246&#44;6247&#44;6249&#44;6251&#44;6252&#44;6254&#44;6255&#44;6256&#44;6257&#44;6259&#44;6260&#44;6261&#44;6262&#44;6265&#44;6267&#44;6269&#44;6270&#44;6275&#44;6302&#44;6304&#44;6305&#44;6307&#44;6308&#44;6309&#44;6310&#44;6311&#44;6312&#44;6313&#44;6314&#44;6315&#44;6317&#44;6319&#44;6320&#44;6321&#44;6322&#44;6324&#44;6325&#44;6326&#44;6327&#44;6328&#44;6329&#44;6330&#44;6331&#44;6332&#44;6333&#44;6334&#44;6335&#44;6336&#44;6338&#44;6339&#44;6341&#44;6342&#44;6343&#44;6344&#44;6345&#44;6347&#44;6348&#44;6349&#44;6350&#44;6351&#44;6352&#44;6353&#44;6354&#44;6355&#44;6356&#44;6357&#44;6358&#44;6359&#44;6360&#44;6361&#44;6363&#44;6364&#44;6365&#44;6366&#44;6367&#44;6368&#44;6369&#44;6371&#44;6372&#44;6373&#44;6375&#44;6376&#44;6378&#44;6379&#44;6380&#44;6381&#44;6382&#44;6383&#44;6384&#44;6386&#44;6387&#44;6388&#44;6401&#44;6402&#44;6403&#44;6404&#44;6405&#44;6406&#44;6407&#44;6408&#44;6409&#44;6410&#44;6412&#44;6413&#44;6414&#44;6415&#44;6418&#44;6419&#44;6420&#44;6421&#44;6422&#44;6423&#44;6425&#44;6426&#44;6427&#44;6428&#44;6429&#44;6431&#44;6433&#44;6434&#44;6435&#44;6436&#44;6437&#44;6439&#44;6440&#44;6441&#44;6443&#44;6444&#44;6445&#44;6448&#44;6449&#44;6450&#44;6452&#44;6453&#44;6454&#44;6455&#44;6456&#44;6457&#44;6458&#44;6460&#44;6462&#44;6463&#44;6464&#44;6472&#44;6474&#44;6479&#44;6482&#44;6485&#44;6487&#44;6489&#44;6501&#44;6502&#44;6503&#44;6505&#44;6506&#44;6507&#44;6509&#44;6512&#44;6517&#44;6518&#44;6520&#44;6521&#44;6524&#44;6527&#44;6528&#44;6535&#44;6536&#44;6539&#44;6540&#44;6543&#44;6547&#44;6549&#44;6562&#44;6565&#44;6569&#44;6570&#44;6571&#44;6572&#44;6573&#44;6575&#44;6581&#44;6582&#44;6604&#44;6605&#44;6606&#44;6608&#44;6609&#44;6610&#44;6612&#44;6613&#44;6614&#44;6615&#44;6616&#44;6617&#44;6619&#44;6620&#44;6621&#44;6622&#44;6624&#44;6626&#44;6628&#44;6630&#44;6631&#44;6632&#44;6633&#44;6634&#44;6635&#44;6636&#44;6637&#44;6643&#44;6644&#44;6646&#44;6650&#44;6651&#44;6652&#44;6653&#44;6655&#44;6657&#44;6658&#44;6659&#44;6660&#44;6661&#44;6662&#44;6663&#44;6664&#44;6666&#44;6667&#44;6670&#44;6671&#44;6672&#44;6673&#44;6674&#44;6675&#44;6676&#44;6677&#44;6678&#44;6679&#44;6680&#44;6682&#44;6683&#44;6684&#44;6685&#44;6686&#44;6689&#44;6690&#44;6692&#44;6693&#44;6779&#44;6781&#44;6867&#44;6976&#44;6979&#44;7189&#44;7658&#44;7676&#44;8102&#44;8104&#44;8106&#44;8107&#44;8111&#44;8112&#44;8114&#44;8115&#44;8116&#44;8117&#44;8119&#44;8120&#44;8123&#44;8125&#44;8126&#44;8128&#44;8129&#44;8130&#44;8132&#44;8133&#44;8134&#44;8135&#44;8136&#44;8138&#44;8139&#44;8141&#44;8142&#44;8144&#44;8145&#44;8146&#44;8147&#44;8149&#44;8150&#44;8151&#44;8152&#44;8153&#44;8155&#44;8156&#44;8157&#44;8158&#44;8160&#44;8161&#44;8162&#44;8163&#44;8164&#44;8165&#44;8166&#44;8167&#44;8168&#44;8169&#44;8172&#44;8173&#44;8174&#44;8175&#44;8176&#44;8177&#44;8181&#44;8182&#44;8183&#44;8184&#44;8185&#44;8186&#44;8188&#44;8190&#44;8191&#44;8192&#44;8193&#44;8194&#44;8196&#44;8197&#44;8201&#44;8202&#44;8203&#44;8205&#44;8207&#44;8208&#44;8209&#44;8210&#44;8211&#44;8213&#44;8215&#44;8218&#44;8219&#44;8220&#44;8221&#44;8222&#44;8223&#44;8224&#44;8225&#44;8226&#44;8227&#44;8228&#44;8236&#44;8237&#44;8238&#44;8239&#44;8241&#44;8242&#44;8243&#44;8244&#44;8245&#44;8246&#44;8247&#44;8248&#44;8250&#44;8251&#44;8252&#44;8253&#44;8254&#44;8256&#44;8257&#44;8259&#44;8261&#44;8262&#44;8263&#44;8264&#44;8265&#44;8266&#44;8267&#44;8268&#44;8269&#44;8270&#44;8271&#44;8272&#44;8273&#44;8274&#44;8275&#44;8276&#44;8277&#44;8278&#44;8279&#44;8280&#44;8281&#44;8282&#44;8283&#44;8284&#44;8285&#44;8286&#44;8287&#44;8288&#44;8289&#44;8290&#44;8291&#44;8292&#44;8293&#44;8294&#44;8295&#44;8296&#44;8297&#44;8298&#44;8299&#44;""",6/29/21,6/29/21,N
layouts,Café Grab and Go,79-3,,2021,7/5/21,1-NewFolderStructure/C079_Cafe_Grab_n_Go/C79_Cafe_Grab_and_Go_Effective_07052021/,_C79_Cafe_Grab_and_Go_Effective_07052021.pdf,"""4109&#44;4702&#44;4710&#44;4722&#44;4724&#44;4728&#44;4730&#44;4736&#44;4749&#44;4750&#44;4771&#44;4776&#44;4784&#44;4785&#44;4791&#44;4794&#44;4797&#44;4798&#44;4808&#44;4815&#44;4817&#44;4820&#44;4825&#44;4828&#44;4836&#44;4837&#44;4839&#44;4840&#44;4847&#44;4851&#44;4857&#44;4860&#44;4871&#44;4874&#44;4875&#44;4876&#44;4878&#44;4879&#44;4901&#44;4908&#44;4917&#44;4920&#44;4926&#44;4930&#44;4947&#44;4950&#44;4952&#44;4962&#44;4972&#44;4973&#44;4982&#44;4989&#44;4990&#44;4991&#44;4994&#44;4999&#44;6201&#44;6202&#44;6203&#44;6204&#44;6205&#44;6213&#44;6228&#44;6236&#44;6238&#44;6245&#44;6247&#44;6260&#44;6275&#44;6307&#44;6308&#44;6315&#44;6319&#44;6322&#44;6330&#44;6331&#44;6332&#44;6334&#44;6336&#44;6338&#44;6339&#44;6341&#44;6343&#44;6353&#44;6355&#44;6356&#44;6365&#44;6368&#44;6371&#44;6375&#44;6377&#44;6379&#44;6380&#44;6381&#44;6382&#44;6383&#44;6386&#44;6387&#44;6401&#44;6405&#44;6406&#44;6407&#44;6409&#44;6417&#44;6419&#44;6420&#44;6421&#44;6422&#44;6423&#44;6424&#44;6425&#44;6426&#44;6427&#44;6434&#44;6435&#44;6437&#44;6440&#44;6441&#44;6443&#44;6444&#44;6445&#44;6448&#44;6452&#44;6453&#44;6456&#44;6458&#44;6460&#44;6463&#44;6464&#44;6503&#44;6505&#44;6506&#44;6507&#44;6509&#44;6512&#44;6517&#44;6518&#44;6528&#44;6533&#44;6536&#44;6540&#44;6547&#44;6556&#44;6562&#44;6567&#44;6568&#44;6569&#44;6570&#44;6571&#44;6572&#44;6573&#44;6581&#44;6582&#44;6612&#44;6613&#44;6628&#44;6646&#44;6652&#44;6658&#44;6660&#44;6661&#44;6664&#44;6670&#44;6673&#44;6675&#44;6677&#44;6686&#44;6976&#44;6979&#44;7658&#44;7676&#44;8104&#44;8114&#44;8117&#44;8120&#44;8129&#44;8130&#44;8132&#44;8134&#44;8135&#44;8142&#44;8144&#44;8145&#44;8151&#44;8155&#44;8156&#44;8157&#44;8160&#44;8161&#44;8162&#44;8169&#44;8172&#44;8175&#44;8176&#44;8177&#44;8180&#44;8184&#44;8185&#44;8188&#44;8196&#44;8202&#44;8203&#44;8205&#44;8208&#44;8213&#44;8215&#44;8218&#44;8219&#44;8220&#44;8222&#44;8224&#44;8237&#44;8244&#44;8245&#44;8247&#44;8250&#44;8253&#44;8254&#44;8261&#44;8263&#44;8264&#44;8265&#44;8267&#44;8270&#44;8271&#44;8272&#44;8273&#44;8275&#44;8279&#44;8281&#44;8282&#44;8283&#44;8284&#44;8286&#44;8287&#44;8289&#44;8290&#44;8291&#44;8292&#44;8294&#44;8295&#44;""",6/29/21,6/29/21,N
layouts,Bakery Tables,"""37&#44;77""",,2021,7/5/21,1-NewFolderStructure/C037_C077_Bakery_Tables/C37_77_Bakery_Tables_Effective_07052021_Updated_07012021/,_C37_77_Bakery_Tables_Effective_07052021_Updated_07012021.pdf,"""6201&#44;""",7/1/21,7/1/21,N
layouts,Bakery Pallets,"""37-4&#44;77-4""",,2021,7/5/21,1-NewFolderStructure/C037_C077_Bakery_Pallets/C37_77_Bakery_Pallets_Effective_07052021_Updated_07012021/,_C37_77_Bakery_Pallets_Effective_07052021_Updated_07012021.pdf,"""6201&#44;""",7/1/21,7/1/21,N
layouts,Bakery Dessert,"""37-2&#44;77-2""",,2021,7/6/21,1-NewFolderStructure/C037_C077_Bakery_Dessert/C77_C37_Effective_07052021_Updated_07062021/,_C77_C37_Effective_07052021_Updated_07062021.pdf,"""4771&#44;6404&#44;""",7/6/21,7/6/21,N
layouts,Cake Case,"""37-3&#44;77-3""",,2021,7/6/21,1-NewFolderStructure/C037_C077_Cake_Case/C77_C37_Effective_07052021_Updated_07062021/,_C77_C37_Effective_07052021_Updated_07062021.pdf,"""4771&#44;6404&#44;""",7/6/21,7/6/21,N
layouts,Bakery Dessert,"""37-2&#44;77-2""",,2021,7/8/21,1-NewFolderStructure/C037_C077_Bakery_Dessert/C77_C37_Effective_07052021_Updated_07072021/,_C77_C37_Effective_07052021_Updated_07072021.pdf,"""6575&#44;6428&#44;6388&#44;6217&#44;""",7/8/21,7/7/21,N
layouts,Cake Case,"""37-3&#44;77-3""",,2021,7/8/21,1-NewFolderStructure/C037_C077_Cake_Case/C77_C37_Effective_07052021_Updated_07072021/,_C77_C37_Effective_07052021_Updated_07072021.pdf,"""6575&#44;6428&#44;6388&#44;6217&#44;""",7/8/21,7/7/21,N
layouts,HMS,79-2,,2021,7/8/21,1-NewFolderStructure/C079_HMS/C79_HMS_Effective_07052021_Update_07072021/,_C79_HMS_Effective_07052021_Update_07072021.pdf,"""6658&#44;6424&#44;""",7/8/21,7/7/21,N
layouts,Café Grab and Go,79-3,,2021,7/8/21,1-NewFolderStructure/C079_Cafe_Grab_n_Go/C79_Cafe_Grab_and_Go_Effective_07052021_Update_07072021/,_C79_Cafe_Grab_and_Go_Effective_07052021_Update_07072021.pdf,"""4724&#44;4784&#44;4795&#44;4830&#44;4839&#44;4851&#44;4861&#44;4908&#44;4936&#44;4946&#44;4974&#44;6189&#44;6219&#44;6246&#44;6265&#44;6305&#44;6321&#44;6369&#44;6376&#44;6379&#44;6387&#44;6408&#44;6441&#44;6482&#44;6517&#44;6549&#44;6575&#44;6604&#44;6606&#44;6658&#44;6677&#44;6679&#44;6682&#44;8119&#44;8126&#44;8136&#44;8141&#44;8166&#44;8181&#44;8182&#44;8201&#44;8262&#44;8296&#44;""",7/8/21,7/7/21,N
layouts,HMS,79-2,,2021,7/12/21,1-NewFolderStructure/C079_HMS/C79_HMS_Effective_07122021/,_C79_HMS_Effective_07052021.pdf,"""4837&#44;4866&#44;6381&#44;6427&#44;6430&#44;6440&#44;6510&#44;6628&#44;6670&#44;8245&#44;8272&#44;8279&#44;""",6/28/21,6/15/21,N
layouts,Bakery Tables,"""37&#44;77""",,2021,7/12/21,1-NewFolderStructure/C037_C077_Bakery_Tables/C37_77_Bakery_Tables_Effective_06142021_Updated_06102021/,_C37_77_Bakery_Tables_Effective_06142021_Updated_06102021.pdf,"""4837&#44;4866&#44;6381&#44;6427&#44;6430&#44;6440&#44;6510&#44;6628&#44;6670&#44;8245&#44;8272&#44;8279&#44;""",6/30/21,6/25/21,N
layouts,Bakery Dessert,"""37-2&#44;77-2""",,2021,7/12/21,1-NewFolderStructure/C037_C077_Bakery_Dessert/C77_C37_Effective_06142021_Updated_06102021/,_C77_C37_Effective_06142021_Updated_06102021.pdf,"""4837&#44;4866&#44;6381&#44;6427&#44;6430&#44;6440&#44;6510&#44;6628&#44;6670&#44;8245&#44;8272&#44;8279&#44;""",6/30/21,6/25/21,N
layouts,Cake Case,"""37-3&#44;77-3""",,2021,7/12/21,1-NewFolderStructure/C037_C077_Cake_Case/C77_C37_Effective_06142021_Updated_06102021/,_C77_C37_Effective_06142021_Updated_06102021.pdf,"""4837&#44;4866&#44;6381&#44;6427&#44;6430&#44;6440&#44;6510&#44;6628&#44;6670&#44;8245&#44;8272&#44;8279&#44;""",6/30/21,6/25/21,N
layouts,Bakery Pallets,"""37-4&#44;77-4""",,2021,7/12/21,1-NewFolderStructure/C037_C077_Bakery_Pallets/C37_77_Bakery_Pallets_Effective_06142021_Updated_06102021/,_C37_77_Bakery_Pallets_Effective_06142021_Updated_06102021.pdf,"""4837&#44;4866&#44;6381&#44;6427&#44;6430&#44;6440&#44;6510&#44;6628&#44;6670&#44;8245&#44;8272&#44;8279&#44;""",6/30/21,6/25/21,N
layouts,Deli,57,,2021,7/12/21,1-NewFolderStructure/C057_Deli/C57_Effective_07122021_Planogram_Update_06-22-2021/,_C57_Effective_07122021_Planogram_Update_06-22-2021.pdf,"""4837&#44;4866&#44;6381&#44;6427&#44;6430&#44;6440&#44;6510&#44;6628&#44;6670&#44;8245&#44;8272&#44;8279&#44;""",6/29/21,6/28/21,N
layouts,Deli,57,,2021,7/12/21,1-NewFolderStructure/C057_Deli/C57_Effective_07122021_Planogram_Update_06282021/,_C57_Effective_07122021_Planogram_Update_06-28-2021.pdf,"""4109&#44;4702&#44;4703&#44;4704&#44;4707&#44;4709&#44;4710&#44;4711&#44;4712&#44;4713&#44;4718&#44;4720&#44;4721&#44;4722&#44;4724&#44;4728&#44;4729&#44;4730&#44;4731&#44;4732&#44;4735&#44;4736&#44;4738&#44;4739&#44;4740&#44;4741&#44;4742&#44;4743&#44;4745&#44;4749&#44;4750&#44;4755&#44;4761&#44;4763&#44;4764&#44;4767&#44;4768&#44;4769&#44;4770&#44;4771&#44;4772&#44;4774&#44;4775&#44;4776&#44;4777&#44;4778&#44;4780&#44;4781&#44;4782&#44;4783&#44;4784&#44;4785&#44;4786&#44;4787&#44;4789&#44;4790&#44;4791&#44;4794&#44;4795&#44;4797&#44;4798&#44;4799&#44;4801&#44;4802&#44;4804&#44;4805&#44;4808&#44;4815&#44;4816&#44;4817&#44;4818&#44;4819&#44;4820&#44;4822&#44;4824&#44;4825&#44;4828&#44;4829&#44;4830&#44;4831&#44;4836&#44;4837&#44;4839&#44;4840&#44;4843&#44;4846&#44;4847&#44;4850&#44;4851&#44;4852&#44;4853&#44;4855&#44;4857&#44;4859&#44;4860&#44;4861&#44;4866&#44;4870&#44;4872&#44;4873&#44;4874&#44;4875&#44;4876&#44;4878&#44;4879&#44;4901&#44;4905&#44;4906&#44;4911&#44;4914&#44;4915&#44;4917&#44;4920&#44;4925&#44;4926&#44;4933&#44;4936&#44;4938&#44;4939&#44;4942&#44;4944&#44;4946&#44;4947&#44;4948&#44;4950&#44;4952&#44;4955&#44;4958&#44;4961&#44;4962&#44;4963&#44;4969&#44;4972&#44;4973&#44;4974&#44;4982&#44;4983&#44;4985&#44;4987&#44;4989&#44;4990&#44;4991&#44;4992&#44;4994&#44;4996&#44;4998&#44;4999&#44;6181&#44;6188&#44;6189&#44;6201&#44;6202&#44;6203&#44;6204&#44;6205&#44;6212&#44;6213&#44;6216&#44;6217&#44;6218&#44;6219&#44;6220&#44;6225&#44;6228&#44;6235&#44;6236&#44;6238&#44;6239&#44;6240&#44;6242&#44;6244&#44;6245&#44;6246&#44;6247&#44;6249&#44;6251&#44;6252&#44;6254&#44;6255&#44;6256&#44;6257&#44;6259&#44;6260&#44;6261&#44;6262&#44;6265&#44;6267&#44;6269&#44;6270&#44;6275&#44;6302&#44;6304&#44;6305&#44;6307&#44;6308&#44;6309&#44;6310&#44;6311&#44;6312&#44;6313&#44;6314&#44;6315&#44;6317&#44;6319&#44;6320&#44;6321&#44;6322&#44;6324&#44;6325&#44;6326&#44;6327&#44;6328&#44;6329&#44;6330&#44;6331&#44;6332&#44;6333&#44;6334&#44;6335&#44;6336&#44;6338&#44;6339&#44;6341&#44;6342&#44;6343&#44;6344&#44;6345&#44;6347&#44;6348&#44;6349&#44;6350&#44;6351&#44;6352&#44;6353&#44;6354&#44;6355&#44;6356&#44;6357&#44;6358&#44;6359&#44;6360&#44;6361&#44;6363&#44;6364&#44;6365&#44;6366&#44;6367&#44;6368&#44;6369&#44;6371&#44;6372&#44;6373&#44;6375&#44;6376&#44;6378&#44;6379&#44;6380&#44;6381&#44;6382&#44;6383&#44;6384&#44;6386&#44;6387&#44;6388&#44;6401&#44;6402&#44;6403&#44;6404&#44;6405&#44;6406&#44;6407&#44;6408&#44;6409&#44;6410&#44;6412&#44;6413&#44;6414&#44;6415&#44;6418&#44;6419&#44;6420&#44;6421&#44;6422&#44;6423&#44;6425&#44;6426&#44;6427&#44;6428&#44;6429&#44;6431&#44;6433&#44;6434&#44;6435&#44;6436&#44;6437&#44;6439&#44;6440&#44;6441&#44;6443&#44;6444&#44;6445&#44;6448&#44;6449&#44;6450&#44;6452&#44;6453&#44;6454&#44;6455&#44;6456&#44;6457&#44;6458&#44;6460&#44;6462&#44;6463&#44;6464&#44;6472&#44;6474&#44;6479&#44;6482&#44;6485&#44;6487&#44;6489&#44;6501&#44;6502&#44;6503&#44;6505&#44;6506&#44;6507&#44;6509&#44;6512&#44;6517&#44;6518&#44;6520&#44;6521&#44;6524&#44;6527&#44;6528&#44;6535&#44;6536&#44;6539&#44;6540&#44;6543&#44;6547&#44;6549&#44;6562&#44;6565&#44;6569&#44;6570&#44;6571&#44;6572&#44;6573&#44;6575&#44;6581&#44;6582&#44;6604&#44;6605&#44;6606&#44;6608&#44;6609&#44;6610&#44;6612&#44;6613&#44;6614&#44;6615&#44;6616&#44;6617&#44;6619&#44;6620&#44;6621&#44;6622&#44;6624&#44;6626&#44;6628&#44;6630&#44;6631&#44;6632&#44;6633&#44;6634&#44;6635&#44;6636&#44;6637&#44;6643&#44;6644&#44;6646&#44;6650&#44;6651&#44;6652&#44;6653&#44;6655&#44;6657&#44;6658&#44;6659&#44;6660&#44;6661&#44;6662&#44;6663&#44;6664&#44;6666&#44;6667&#44;6670&#44;6671&#44;6672&#44;6673&#44;6674&#44;6675&#44;6676&#44;6677&#44;6678&#44;6679&#44;6680&#44;6682&#44;6683&#44;6684&#44;6685&#44;6686&#44;6689&#44;6690&#44;6692&#44;6693&#44;6779&#44;6781&#44;6867&#44;6976&#44;6979&#44;7189&#44;7658&#44;7676&#44;8102&#44;8104&#44;8106&#44;8107&#44;8111&#44;8112&#44;8114&#44;8115&#44;8116&#44;8117&#44;8119&#44;8120&#44;8123&#44;8125&#44;8126&#44;8128&#44;8129&#44;8130&#44;8132&#44;8133&#44;8134&#44;8135&#44;8136&#44;8138&#44;8139&#44;8141&#44;8142&#44;8144&#44;8145&#44;8146&#44;8147&#44;8149&#44;8150&#44;8151&#44;8152&#44;8153&#44;8155&#44;8156&#44;8157&#44;8158&#44;8160&#44;8161&#44;8162&#44;8163&#44;8164&#44;8165&#44;8166&#44;8167&#44;8168&#44;8169&#44;8172&#44;8173&#44;8174&#44;8175&#44;8176&#44;8177&#44;8181&#44;8182&#44;8183&#44;8184&#44;8185&#44;8186&#44;8188&#44;8190&#44;8191&#44;8192&#44;8193&#44;8194&#44;8196&#44;8197&#44;8201&#44;8202&#44;8203&#44;8205&#44;8207&#44;8208&#44;8209&#44;8210&#44;8211&#44;8213&#44;8215&#44;8218&#44;8219&#44;8220&#44;8221&#44;8222&#44;8223&#44;8224&#44;8225&#44;8226&#44;8227&#44;8228&#44;8236&#44;8237&#44;8238&#44;8239&#44;8241&#44;8242&#44;8243&#44;8244&#44;8245&#44;8246&#44;8247&#44;8248&#44;8250&#44;8251&#44;8252&#44;8253&#44;8254&#44;8256&#44;8257&#44;8259&#44;8261&#44;8262&#44;8263&#44;8264&#44;8265&#44;8266&#44;8267&#44;8268&#44;8269&#44;8270&#44;8271&#44;8272&#44;8273&#44;8274&#44;8275&#44;8276&#44;8277&#44;8278&#44;8279&#44;8280&#44;8281&#44;8282&#44;8283&#44;8284&#44;8285&#44;8286&#44;8287&#44;8288&#44;8289&#44;8290&#44;8291&#44;8292&#44;8293&#44;8294&#44;8295&#44;8296&#44;8297&#44;8298&#44;8299&#44;""",6/29/21,6/28/21,N
layouts,Coolers,42-2,,2021,7/12/21,1-NewFolderStructure/C042_Coolers/C42_Effective_07122021_Planogram_Updated_06142021/,_C42_Effective_07122021_Planogram_Updated_06142021.pdf,"""4109&#44;4702&#44;4703&#44;4704&#44;4707&#44;4709&#44;4712&#44;4713&#44;4718&#44;4720&#44;4721&#44;4730&#44;4731&#44;4732&#44;4735&#44;4736&#44;4738&#44;4742&#44;4743&#44;4761&#44;4763&#44;4764&#44;4767&#44;4768&#44;4769&#44;4770&#44;4777&#44;4778&#44;4781&#44;4783&#44;4784&#44;4786&#44;4787&#44;4791&#44;4795&#44;4799&#44;4805&#44;4808&#44;4816&#44;4819&#44;4820&#44;4824&#44;4825&#44;4829&#44;4830&#44;4839&#44;4843&#44;4850&#44;4853&#44;4870&#44;4873&#44;4879&#44;4905&#44;4906&#44;4911&#44;4914&#44;4915&#44;4920&#44;4933&#44;4938&#44;4939&#44;4944&#44;4948&#44;4955&#44;4958&#44;4961&#44;4969&#44;4974&#44;4982&#44;4983&#44;4985&#44;4987&#44;6181&#44;6188&#44;6202&#44;6204&#44;6205&#44;6213&#44;6219&#44;6235&#44;6238&#44;6240&#44;6244&#44;6245&#44;6246&#44;6247&#44;6254&#44;6255&#44;6257&#44;6259&#44;6261&#44;6262&#44;6265&#44;6267&#44;6269&#44;6275&#44;6309&#44;6310&#44;6311&#44;6312&#44;6313&#44;6315&#44;6319&#44;6320&#44;6336&#44;6338&#44;6344&#44;6345&#44;6347&#44;6350&#44;6359&#44;6360&#44;6363&#44;6367&#44;6372&#44;6375&#44;6376&#44;6378&#44;6379&#44;6381&#44;6382&#44;6385&#44;6405&#44;6408&#44;6412&#44;6413&#44;6415&#44;6417&#44;6418&#44;6419&#44;6421&#44;6422&#44;6424&#44;6425&#44;6426&#44;6427&#44;6429&#44;6430&#44;6433&#44;6436&#44;6439&#44;6453&#44;6455&#44;6461&#44;6471&#44;6482&#44;6502&#44;6506&#44;6535&#44;6549&#44;6562&#44;6565&#44;6582&#44;6604&#44;6605&#44;6606&#44;6608&#44;6609&#44;6610&#44;6612&#44;6613&#44;6614&#44;6615&#44;6616&#44;6617&#44;6619&#44;6620&#44;6621&#44;6624&#44;6626&#44;6628&#44;6630&#44;6632&#44;6633&#44;6634&#44;6635&#44;6657&#44;6658&#44;6659&#44;6660&#44;6661&#44;6662&#44;6663&#44;6664&#44;6666&#44;6667&#44;6672&#44;6682&#44;6683&#44;6684&#44;6685&#44;6686&#44;6692&#44;6779&#44;6781&#44;6867&#44;6979&#44;7189&#44;7658&#44;7676&#44;8104&#44;8115&#44;8116&#44;8117&#44;8120&#44;8126&#44;8134&#44;8139&#44;8146&#44;8147&#44;8151&#44;8153&#44;8155&#44;8156&#44;8165&#44;8169&#44;8172&#44;8174&#44;8176&#44;8177&#44;8183&#44;8185&#44;8190&#44;8192&#44;8202&#44;8207&#44;8208&#44;8209&#44;8210&#44;8224&#44;8226&#44;8227&#44;8239&#44;8241&#44;8242&#44;8243&#44;8244&#44;8245&#44;8246&#44;8248&#44;8250&#44;8252&#44;8253&#44;8254&#44;8259&#44;8262&#44;8263&#44;8264&#44;8267&#44;8268&#44;8269&#44;8270&#44;8272&#44;8273&#44;8274&#44;8277&#44;8279&#44;8280&#44;8281&#44;8284&#44;8286&#44;8288&#44;8289&#44;8291&#44;8293&#44;8295&#44;8296&#44;8299&#44;""",7/1/21,6/30/21,N
layouts,Coolers,42-2,,2021,7/12/21,1-NewFolderStructure/C042_Coolers/C42_Effective_07112021_Planogram_Updated_06142021/,_C42_Effective_07112021_Planogram_Updated_06142021.pdf,"""4837&#44;4866&#44;6381&#44;6427&#44;6430&#44;6440&#44;6510&#44;6628&#44;6670&#44;8245&#44;8272&#44;8279&#44;""",7/1/21,6/30/21,N
layouts,Deli,57,,2021,7/12/21,1-NewFolderStructure/C057_Deli/C57_Effective_07122021_Planogram_Update_07-02-2021/,_C57_Effective_07122021_Planogram_Update_07-02-2021.pdf,"""4770&#44;6673&#44;6679&#44;""",7/2/21,7/2/21,N
layouts,Deli,57,,2021,7/12/21,1-NewFolderStructure/C057_Deli/C57_Effective_07122021_Planogram_Update_06-28-2021/,_C57_Effective_07122021_Planogram_Update_06-28-2021.pdf,"""4109&#44;4702&#44;4703&#44;4704&#44;4707&#44;4709&#44;4710&#44;4711&#44;4712&#44;4713&#44;4718&#44;4720&#44;4721&#44;4722&#44;4724&#44;4728&#44;4729&#44;4730&#44;4731&#44;4732&#44;4735&#44;4736&#44;4738&#44;4739&#44;4740&#44;4741&#44;4742&#44;4743&#44;4745&#44;4749&#44;4750&#44;4755&#44;4761&#44;4763&#44;4764&#44;4767&#44;4768&#44;4769&#44;4770&#44;4771&#44;4772&#44;4774&#44;4775&#44;4776&#44;4777&#44;4778&#44;4780&#44;4781&#44;4782&#44;4783&#44;4784&#44;4785&#44;4786&#44;4787&#44;4789&#44;4790&#44;4791&#44;4794&#44;4795&#44;4797&#44;4798&#44;4799&#44;4801&#44;4802&#44;4804&#44;4805&#44;4808&#44;4815&#44;4816&#44;4817&#44;4818&#44;4819&#44;4820&#44;4822&#44;4824&#44;4825&#44;4828&#44;4829&#44;4830&#44;4831&#44;4836&#44;4837&#44;4839&#44;4840&#44;4843&#44;4846&#44;4847&#44;4850&#44;4851&#44;4852&#44;4853&#44;4855&#44;4857&#44;4859&#44;4860&#44;4861&#44;4866&#44;4870&#44;4872&#44;4873&#44;4874&#44;4875&#44;4876&#44;4878&#44;4879&#44;4901&#44;4905&#44;4906&#44;4911&#44;4914&#44;4915&#44;4917&#44;4920&#44;4925&#44;4926&#44;4933&#44;4936&#44;4938&#44;4939&#44;4942&#44;4944&#44;4946&#44;4947&#44;4948&#44;4950&#44;4952&#44;4955&#44;4958&#44;4961&#44;4962&#44;4963&#44;4969&#44;4972&#44;4973&#44;4974&#44;4982&#44;4983&#44;4985&#44;4987&#44;4989&#44;4990&#44;4991&#44;4992&#44;4994&#44;4996&#44;4998&#44;4999&#44;6181&#44;6188&#44;6189&#44;6201&#44;6202&#44;6203&#44;6204&#44;6205&#44;6212&#44;6213&#44;6216&#44;6217&#44;6218&#44;6219&#44;6220&#44;6225&#44;6228&#44;6235&#44;6236&#44;6238&#44;6239&#44;6240&#44;6242&#44;6244&#44;6245&#44;6246&#44;6247&#44;6249&#44;6251&#44;6252&#44;6254&#44;6255&#44;6256&#44;6257&#44;6259&#44;6260&#44;6261&#44;6262&#44;6265&#44;6267&#44;6269&#44;6270&#44;6275&#44;6302&#44;6304&#44;6305&#44;6307&#44;6308&#44;6309&#44;6310&#44;6311&#44;6312&#44;6313&#44;6314&#44;6315&#44;6317&#44;6319&#44;6320&#44;6321&#44;6322&#44;6324&#44;6325&#44;6326&#44;6327&#44;6328&#44;6329&#44;6330&#44;6331&#44;6332&#44;6333&#44;6334&#44;6335&#44;6336&#44;6338&#44;6339&#44;6341&#44;6342&#44;6343&#44;6344&#44;6345&#44;6347&#44;6348&#44;6349&#44;6350&#44;6351&#44;6352&#44;6353&#44;6354&#44;6355&#44;6356&#44;6357&#44;6358&#44;6359&#44;6360&#44;6361&#44;6363&#44;6364&#44;6365&#44;6366&#44;6367&#44;6368&#44;6369&#44;6371&#44;6372&#44;6373&#44;6375&#44;6376&#44;6378&#44;6379&#44;6380&#44;6381&#44;6382&#44;6383&#44;6384&#44;6386&#44;6387&#44;6388&#44;6401&#44;6402&#44;6403&#44;6404&#44;6405&#44;6406&#44;6407&#44;6408&#44;6409&#44;6410&#44;6412&#44;6413&#44;6414&#44;6415&#44;6418&#44;6419&#44;6420&#44;6421&#44;6422&#44;6423&#44;6425&#44;6426&#44;6427&#44;6428&#44;6429&#44;6431&#44;6433&#44;6434&#44;6435&#44;6436&#44;6437&#44;6439&#44;6440&#44;6441&#44;6443&#44;6444&#44;6445&#44;6448&#44;6449&#44;6450&#44;6452&#44;6453&#44;6454&#44;6455&#44;6456&#44;6457&#44;6458&#44;6460&#44;6462&#44;6463&#44;6464&#44;6472&#44;6474&#44;6479&#44;6482&#44;6485&#44;6487&#44;6489&#44;6501&#44;6502&#44;6503&#44;6505&#44;6506&#44;6507&#44;6509&#44;6512&#44;6517&#44;6518&#44;6520&#44;6521&#44;6524&#44;6527&#44;6528&#44;6535&#44;6536&#44;6539&#44;6543&#44;6547&#44;6549&#44;6562&#44;6565&#44;6569&#44;6570&#44;6571&#44;6572&#44;6573&#44;6575&#44;6581&#44;6582&#44;6604&#44;6605&#44;6606&#44;6608&#44;6609&#44;6610&#44;6612&#44;6613&#44;6614&#44;6615&#44;6616&#44;6617&#44;6619&#44;6620&#44;6621&#44;6622&#44;6624&#44;6626&#44;6628&#44;6630&#44;6631&#44;6632&#44;6633&#44;6634&#44;6635&#44;6636&#44;6637&#44;6643&#44;6644&#44;6646&#44;6650&#44;6651&#44;6652&#44;6653&#44;6655&#44;6657&#44;6658&#44;6659&#44;6660&#44;6661&#44;6662&#44;6663&#44;6664&#44;6666&#44;6667&#44;6670&#44;6671&#44;6672&#44;6673&#44;6674&#44;6675&#44;6676&#44;6677&#44;6678&#44;6679&#44;6680&#44;6682&#44;6683&#44;6684&#44;6685&#44;6686&#44;6689&#44;6690&#44;6692&#44;6693&#44;6779&#44;6781&#44;6867&#44;6976&#44;6979&#44;7189&#44;7658&#44;7676&#44;8102&#44;8104&#44;8106&#44;8107&#44;8111&#44;8112&#44;8114&#44;8115&#44;8116&#44;8117&#44;8119&#44;8120&#44;8123&#44;8125&#44;8126&#44;8128&#44;8129&#44;8130&#44;8132&#44;8133&#44;8134&#44;8135&#44;8136&#44;8138&#44;8139&#44;8141&#44;8142&#44;8144&#44;8145&#44;8146&#44;8147&#44;8149&#44;8150&#44;8151&#44;8152&#44;8153&#44;8155&#44;8156&#44;8157&#44;8158&#44;8160&#44;8161&#44;8162&#44;8163&#44;8164&#44;8165&#44;8166&#44;8167&#44;8168&#44;8169&#44;8172&#44;8173&#44;8174&#44;8175&#44;8176&#44;8177&#44;8181&#44;8182&#44;8183&#44;8184&#44;8185&#44;8186&#44;8188&#44;8190&#44;8191&#44;8192&#44;8193&#44;8194&#44;8196&#44;8197&#44;8201&#44;8202&#44;8203&#44;8205&#44;8207&#44;8208&#44;8209&#44;8210&#44;8211&#44;8213&#44;8215&#44;8218&#44;8219&#44;8220&#44;8221&#44;8222&#44;8223&#44;8224&#44;8225&#44;8226&#44;8227&#44;8228&#44;8236&#44;8237&#44;8238&#44;8239&#44;8241&#44;8242&#44;8243&#44;8244&#44;8245&#44;8246&#44;8247&#44;8248&#44;8250&#44;8251&#44;8252&#44;8253&#44;8254&#44;8256&#44;8257&#44;8259&#44;8261&#44;8262&#44;8263&#44;8264&#44;8265&#44;8266&#44;8267&#44;8268&#44;8269&#44;8270&#44;8271&#44;8272&#44;8273&#44;8274&#44;8275&#44;8276&#44;8277&#44;8278&#44;8279&#44;8280&#44;8281&#44;8282&#44;8283&#44;8284&#44;8285&#44;8286&#44;8287&#44;8288&#44;8289&#44;8290&#44;8291&#44;8292&#44;8293&#44;8294&#44;8295&#44;8296&#44;8297&#44;8298&#44;8299&#44;""",7/7/21,7/7/21,N
layouts,Deli,57,,2021,7/12/21,1-NewFolderStructure/C057_Deli/C57_Effective_07122021_Planogram_Update_06-28-2021/,_C57_Effective_07122021_Planogram_Update_06-28-2021,"""4109&#44;4702&#44;4703&#44;4704&#44;4707&#44;4709&#44;4710&#44;4711&#44;4712&#44;4713&#44;4718&#44;4720&#44;4721&#44;4722&#44;4724&#44;4728&#44;4729&#44;4730&#44;4731&#44;4732&#44;4735&#44;4736&#44;4738&#44;4739&#44;4740&#44;4741&#44;4742&#44;4743&#44;4745&#44;4749&#44;4750&#44;4755&#44;4761&#44;4763&#44;4764&#44;4767&#44;4768&#44;4769&#44;4770&#44;4771&#44;4772&#44;4774&#44;4775&#44;4776&#44;4777&#44;4778&#44;4780&#44;4781&#44;4782&#44;4783&#44;4784&#44;4785&#44;4786&#44;4787&#44;4789&#44;4790&#44;4791&#44;4794&#44;4795&#44;4797&#44;4798&#44;4799&#44;4801&#44;4802&#44;4804&#44;4805&#44;4808&#44;4815&#44;4816&#44;4817&#44;4818&#44;4819&#44;4820&#44;4822&#44;4824&#44;4825&#44;4828&#44;4829&#44;4830&#44;4831&#44;4836&#44;4837&#44;4839&#44;4840&#44;4843&#44;4846&#44;4847&#44;4850&#44;4851&#44;4852&#44;4853&#44;4855&#44;4857&#44;4859&#44;4860&#44;4861&#44;4866&#44;4870&#44;4872&#44;4873&#44;4874&#44;4875&#44;4876&#44;4878&#44;4879&#44;4901&#44;4905&#44;4906&#44;4911&#44;4914&#44;4915&#44;4917&#44;4920&#44;4925&#44;4926&#44;4933&#44;4936&#44;4938&#44;4939&#44;4942&#44;4944&#44;4946&#44;4947&#44;4948&#44;4950&#44;4952&#44;4955&#44;4958&#44;4961&#44;4962&#44;4963&#44;4969&#44;4972&#44;4973&#44;4974&#44;4982&#44;4983&#44;4985&#44;4987&#44;4989&#44;4990&#44;4991&#44;4992&#44;4994&#44;4996&#44;4998&#44;4999&#44;6181&#44;6188&#44;6189&#44;6201&#44;6202&#44;6203&#44;6204&#44;6205&#44;6212&#44;6213&#44;6216&#44;6217&#44;6218&#44;6219&#44;6220&#44;6225&#44;6228&#44;6235&#44;6236&#44;6238&#44;6239&#44;6240&#44;6242&#44;6244&#44;6245&#44;6246&#44;6247&#44;6249&#44;6251&#44;6252&#44;6254&#44;6255&#44;6256&#44;6257&#44;6259&#44;6260&#44;6261&#44;6262&#44;6265&#44;6267&#44;6269&#44;6270&#44;6275&#44;6302&#44;6304&#44;6305&#44;6307&#44;6308&#44;6309&#44;6310&#44;6311&#44;6312&#44;6313&#44;6314&#44;6315&#44;6317&#44;6319&#44;6320&#44;6321&#44;6322&#44;6324&#44;6325&#44;6326&#44;6327&#44;6328&#44;6329&#44;6330&#44;6331&#44;6332&#44;6333&#44;6334&#44;6335&#44;6336&#44;6338&#44;6339&#44;6341&#44;6342&#44;6343&#44;6344&#44;6345&#44;6347&#44;6348&#44;6349&#44;6350&#44;6351&#44;6352&#44;6353&#44;6354&#44;6355&#44;6356&#44;6357&#44;6358&#44;6359&#44;6360&#44;6361&#44;6363&#44;6364&#44;6365&#44;6366&#44;6367&#44;6368&#44;6369&#44;6371&#44;6372&#44;6373&#44;6375&#44;6376&#44;6378&#44;6379&#44;6380&#44;6381&#44;6382&#44;6383&#44;6384&#44;6386&#44;6387&#44;6388&#44;6401&#44;6402&#44;6403&#44;6404&#44;6405&#44;6406&#44;6407&#44;6408&#44;6409&#44;6410&#44;6412&#44;6413&#44;6414&#44;6415&#44;6418&#44;6419&#44;6420&#44;6421&#44;6422&#44;6423&#44;6425&#44;6426&#44;6427&#44;6428&#44;6429&#44;6431&#44;6433&#44;6434&#44;6435&#44;6436&#44;6437&#44;6439&#44;6440&#44;6441&#44;6443&#44;6444&#44;6445&#44;6448&#44;6449&#44;6450&#44;6452&#44;6453&#44;6454&#44;6455&#44;6456&#44;6457&#44;6458&#44;6460&#44;6462&#44;6463&#44;6464&#44;6472&#44;6474&#44;6479&#44;6482&#44;6485&#44;6487&#44;6489&#44;6501&#44;6502&#44;6503&#44;6505&#44;6506&#44;6507&#44;6509&#44;6512&#44;6517&#44;6518&#44;6520&#44;6521&#44;6524&#44;6527&#44;6528&#44;6535&#44;6536&#44;6539&#44;6540&#44;6543&#44;6547&#44;6549&#44;6562&#44;6565&#44;6569&#44;6570&#44;6571&#44;6572&#44;6573&#44;6575&#44;6581&#44;6582&#44;6604&#44;6605&#44;6606&#44;6608&#44;6609&#44;6610&#44;6612&#44;6613&#44;6614&#44;6615&#44;6616&#44;6617&#44;6619&#44;6620&#44;6621&#44;6622&#44;6624&#44;6626&#44;6628&#44;6630&#44;6631&#44;6632&#44;6633&#44;6634&#44;6635&#44;6636&#44;6637&#44;6643&#44;6644&#44;6646&#44;6650&#44;6651&#44;6652&#44;6653&#44;6655&#44;6657&#44;6658&#44;6659&#44;6660&#44;6661&#44;6662&#44;6663&#44;6664&#44;6666&#44;6667&#44;6670&#44;6671&#44;6672&#44;6673&#44;6674&#44;6675&#44;6676&#44;6677&#44;6678&#44;6679&#44;6680&#44;6682&#44;6683&#44;6684&#44;6685&#44;6686&#44;6689&#44;6690&#44;6692&#44;6693&#44;6779&#44;6781&#44;6867&#44;6976&#44;6979&#44;7189&#44;7658&#44;7676&#44;8102&#44;8104&#44;8106&#44;8107&#44;8111&#44;8112&#44;8114&#44;8115&#44;8116&#44;8117&#44;8119&#44;8120&#44;8123&#44;8125&#44;8126&#44;8128&#44;8129&#44;8130&#44;8132&#44;8133&#44;8134&#44;8135&#44;8136&#44;8138&#44;8139&#44;8141&#44;8142&#44;8144&#44;8145&#44;8146&#44;8147&#44;8149&#44;8150&#44;8151&#44;8152&#44;8153&#44;8155&#44;8156&#44;8157&#44;8158&#44;8160&#44;8161&#44;8162&#44;8163&#44;8164&#44;8165&#44;8166&#44;8167&#44;8168&#44;8169&#44;8172&#44;8173&#44;8174&#44;8175&#44;8176&#44;8177&#44;8181&#44;8182&#44;8183&#44;8184&#44;8185&#44;8186&#44;8188&#44;8190&#44;8191&#44;8192&#44;8193&#44;8194&#44;8196&#44;8197&#44;8201&#44;8202&#44;8203&#44;8205&#44;8207&#44;8208&#44;8209&#44;8210&#44;8211&#44;8213&#44;8215&#44;8218&#44;8219&#44;8220&#44;8221&#44;8222&#44;8223&#44;8224&#44;8225&#44;8226&#44;8227&#44;8228&#44;8236&#44;8237&#44;8238&#44;8239&#44;8241&#44;8242&#44;8243&#44;8244&#44;8245&#44;8246&#44;8247&#44;8248&#44;8250&#44;8251&#44;8252&#44;8253&#44;8254&#44;8256&#44;8257&#44;8259&#44;8261&#44;8262&#44;8263&#44;8264&#44;8265&#44;8266&#44;8267&#44;8268&#44;8269&#44;8270&#44;8271&#44;8272&#44;8273&#44;8274&#44;8275&#44;8276&#44;8277&#44;8278&#44;8279&#44;8280&#44;8281&#44;8282&#44;8283&#44;8284&#44;8285&#44;8286&#44;8287&#44;8288&#44;8289&#44;8290&#44;8291&#44;8292&#44;8293&#44;8294&#44;8295&#44;8296&#44;8297&#44;8298&#44;8299&#44;""",7/12/21,7/7/21,N
layouts,Coolers,42-2,,2021,7/12/21,1-NewFolderStructure/C042_Coolers/C42_Effective_07122021_Planogram_Updated_06142021/,_C42_Effective_07122021_Planogram_Updated_06142021.pdf,"""4109&#44;4702&#44;4703&#44;4704&#44;4707&#44;4709&#44;4710&#44;4711&#44;4712&#44;4713&#44;4718&#44;4720&#44;4721&#44;4722&#44;4724&#44;4728&#44;4729&#44;4730&#44;4731&#44;4732&#44;4735&#44;4736&#44;4738&#44;4739&#44;4740&#44;4741&#44;4742&#44;4743&#44;4745&#44;4749&#44;4750&#44;4755&#44;4761&#44;4763&#44;4764&#44;4767&#44;4768&#44;4769&#44;4770&#44;4771&#44;4772&#44;4774&#44;4775&#44;4776&#44;4777&#44;4778&#44;4780&#44;4781&#44;4782&#44;4783&#44;4784&#44;4785&#44;4786&#44;4787&#44;4789&#44;4790&#44;4791&#44;4794&#44;4795&#44;4797&#44;4798&#44;4799&#44;4801&#44;4802&#44;4804&#44;4805&#44;4808&#44;4815&#44;4816&#44;4817&#44;4818&#44;4819&#44;4820&#44;4822&#44;4824&#44;4825&#44;4828&#44;4829&#44;4830&#44;4831&#44;4836&#44;4837&#44;4839&#44;4840&#44;4843&#44;4846&#44;4847&#44;4850&#44;4851&#44;4852&#44;4853&#44;4855&#44;4857&#44;4859&#44;4860&#44;4861&#44;4866&#44;4870&#44;4872&#44;4873&#44;4874&#44;4875&#44;4876&#44;4878&#44;4879&#44;4901&#44;4905&#44;4906&#44;4911&#44;4914&#44;4915&#44;4917&#44;4920&#44;4925&#44;4926&#44;4933&#44;4936&#44;4938&#44;4939&#44;4942&#44;4944&#44;4946&#44;4947&#44;4948&#44;4950&#44;4952&#44;4955&#44;4958&#44;4961&#44;4962&#44;4963&#44;4969&#44;4972&#44;4973&#44;4974&#44;4982&#44;4983&#44;4985&#44;4987&#44;4989&#44;4990&#44;4991&#44;4992&#44;4994&#44;4996&#44;4998&#44;4999&#44;6181&#44;6188&#44;6189&#44;6201&#44;6202&#44;6203&#44;6204&#44;6205&#44;6212&#44;6213&#44;6216&#44;6217&#44;6218&#44;6219&#44;6220&#44;6225&#44;6228&#44;6235&#44;6236&#44;6238&#44;6239&#44;6240&#44;6242&#44;6244&#44;6245&#44;6246&#44;6247&#44;6249&#44;6251&#44;6252&#44;6254&#44;6255&#44;6256&#44;6257&#44;6259&#44;6260&#44;6261&#44;6262&#44;6265&#44;6267&#44;6269&#44;6270&#44;6275&#44;6302&#44;6304&#44;6305&#44;6307&#44;6308&#44;6309&#44;6310&#44;6311&#44;6312&#44;6313&#44;6314&#44;6315&#44;6317&#44;6319&#44;6320&#44;6321&#44;6322&#44;6324&#44;6325&#44;6326&#44;6327&#44;6328&#44;6329&#44;6330&#44;6331&#44;6332&#44;6333&#44;6334&#44;6335&#44;6336&#44;6338&#44;6339&#44;6341&#44;6342&#44;6343&#44;6344&#44;6345&#44;6347&#44;6348&#44;6349&#44;6350&#44;6351&#44;6352&#44;6353&#44;6354&#44;6355&#44;6356&#44;6357&#44;6358&#44;6359&#44;6360&#44;6361&#44;6363&#44;6364&#44;6365&#44;6366&#44;6367&#44;6368&#44;6369&#44;6371&#44;6372&#44;6373&#44;6375&#44;6376&#44;6378&#44;6379&#44;6380&#44;6381&#44;6382&#44;6383&#44;6384&#44;6386&#44;6387&#44;6388&#44;6401&#44;6402&#44;6403&#44;6404&#44;6405&#44;6406&#44;6407&#44;6408&#44;6409&#44;6410&#44;6412&#44;6413&#44;6414&#44;6415&#44;6418&#44;6419&#44;6420&#44;6421&#44;6422&#44;6423&#44;6425&#44;6426&#44;6427&#44;6428&#44;6429&#44;6431&#44;6433&#44;6434&#44;6435&#44;6436&#44;6437&#44;6439&#44;6440&#44;6441&#44;6443&#44;6444&#44;6445&#44;6448&#44;6449&#44;6450&#44;6452&#44;6453&#44;6454&#44;6455&#44;6456&#44;6457&#44;6458&#44;6460&#44;6462&#44;6463&#44;6464&#44;6472&#44;6474&#44;6479&#44;6482&#44;6485&#44;6487&#44;6489&#44;6501&#44;6502&#44;6503&#44;6505&#44;6506&#44;6507&#44;6509&#44;6512&#44;6517&#44;6518&#44;6520&#44;6521&#44;6524&#44;6527&#44;6528&#44;6535&#44;6536&#44;6539&#44;6540&#44;6543&#44;6547&#44;6549&#44;6562&#44;6565&#44;6569&#44;6570&#44;6571&#44;6572&#44;6573&#44;6575&#44;6581&#44;6582&#44;6604&#44;6605&#44;6606&#44;6608&#44;6609&#44;6610&#44;6612&#44;6613&#44;6614&#44;6615&#44;6616&#44;6617&#44;6619&#44;6620&#44;6621&#44;6622&#44;6624&#44;6626&#44;6628&#44;6630&#44;6631&#44;6632&#44;6633&#44;6634&#44;6635&#44;6636&#44;6637&#44;6643&#44;6644&#44;6646&#44;6650&#44;6651&#44;6652&#44;6653&#44;6655&#44;6657&#44;6658&#44;6659&#44;6660&#44;6661&#44;6662&#44;6663&#44;6664&#44;6666&#44;6667&#44;6670&#44;6671&#44;6672&#44;6673&#44;6674&#44;6675&#44;6676&#44;6677&#44;6678&#44;6679&#44;6680&#44;6682&#44;6683&#44;6684&#44;6685&#44;6686&#44;6689&#44;6690&#44;6692&#44;6693&#44;6779&#44;6781&#44;6867&#44;6976&#44;6979&#44;7189&#44;7658&#44;7676&#44;8102&#44;8104&#44;8106&#44;8107&#44;8111&#44;8112&#44;8114&#44;8115&#44;8116&#44;8117&#44;8119&#44;8120&#44;8123&#44;8125&#44;8126&#44;8128&#44;8129&#44;8130&#44;8132&#44;8133&#44;8134&#44;8135&#44;8136&#44;8138&#44;8139&#44;8141&#44;8142&#44;8144&#44;8145&#44;8146&#44;8147&#44;8149&#44;8150&#44;8151&#44;8152&#44;8153&#44;8155&#44;8156&#44;8157&#44;8158&#44;8160&#44;8161&#44;8162&#44;8163&#44;8164&#44;8165&#44;8166&#44;8167&#44;8168&#44;8169&#44;8172&#44;8173&#44;8174&#44;8175&#44;8176&#44;8177&#44;8181&#44;8182&#44;8183&#44;8184&#44;8185&#44;8186&#44;8188&#44;8190&#44;8191&#44;8192&#44;8193&#44;8194&#44;8196&#44;8197&#44;8201&#44;8202&#44;8203&#44;8205&#44;8207&#44;8208&#44;8209&#44;8210&#44;8211&#44;8213&#44;8215&#44;8218&#44;8219&#44;8220&#44;8221&#44;8222&#44;8223&#44;8224&#44;8225&#44;8226&#44;8227&#44;8228&#44;8236&#44;8237&#44;8238&#44;8239&#44;8241&#44;8242&#44;8243&#44;8244&#44;8245&#44;8246&#44;8247&#44;8248&#44;8250&#44;8251&#44;8252&#44;8253&#44;8254&#44;8256&#44;8257&#44;8259&#44;8261&#44;8262&#44;8263&#44;8264&#44;8265&#44;8266&#44;8267&#44;8268&#44;8269&#44;8270&#44;8271&#44;8272&#44;8273&#44;8274&#44;8275&#44;8276&#44;8277&#44;8278&#44;8279&#44;8280&#44;8281&#44;8282&#44;8283&#44;8284&#44;8285&#44;8286&#44;8287&#44;8288&#44;8289&#44;8290&#44;8291&#44;8292&#44;8293&#44;8294&#44;8295&#44;8296&#44;8297&#44;8298&#44;8299&#44;""",7/7/21,7/7/21,N
layouts,Coolers,42-2,,2021,7/12/21,1-NewFolderStructure/C042_Coolers/C42_Effective_07122021_Planogram_Updated_06142021/,_C42_Effective_07122021_Planogram_Updated_06142021.pdf,"""4109&#44;4702&#44;4703&#44;4704&#44;4707&#44;4709&#44;4710&#44;4711&#44;4712&#44;4713&#44;4718&#44;4720&#44;4721&#44;4722&#44;4724&#44;4728&#44;4729&#44;4730&#44;4731&#44;4732&#44;4735&#44;4736&#44;4738&#44;4739&#44;4740&#44;4741&#44;4742&#44;4743&#44;4745&#44;4749&#44;4750&#44;4755&#44;4761&#44;4763&#44;4764&#44;4767&#44;4768&#44;4769&#44;4770&#44;4771&#44;4772&#44;4774&#44;4775&#44;4776&#44;4777&#44;4778&#44;4780&#44;4781&#44;4782&#44;4783&#44;4784&#44;4785&#44;4786&#44;4787&#44;4789&#44;4790&#44;4791&#44;4794&#44;4795&#44;4797&#44;4798&#44;4799&#44;4801&#44;4802&#44;4804&#44;4805&#44;4808&#44;4815&#44;4816&#44;4817&#44;4818&#44;4819&#44;4820&#44;4822&#44;4824&#44;4825&#44;4828&#44;4829&#44;4830&#44;4831&#44;4836&#44;4837&#44;4839&#44;4840&#44;4843&#44;4846&#44;4847&#44;4850&#44;4851&#44;4852&#44;4853&#44;4855&#44;4857&#44;4859&#44;4860&#44;4861&#44;4866&#44;4870&#44;4872&#44;4873&#44;4874&#44;4875&#44;4876&#44;4878&#44;4879&#44;4901&#44;4905&#44;4906&#44;4911&#44;4914&#44;4915&#44;4917&#44;4920&#44;4925&#44;4926&#44;4933&#44;4936&#44;4938&#44;4939&#44;4942&#44;4944&#44;4946&#44;4947&#44;4948&#44;4950&#44;4952&#44;4955&#44;4958&#44;4961&#44;4962&#44;4963&#44;4969&#44;4972&#44;4973&#44;4974&#44;4982&#44;4983&#44;4985&#44;4987&#44;4989&#44;4990&#44;4991&#44;4992&#44;4994&#44;4996&#44;4998&#44;4999&#44;6181&#44;6188&#44;6189&#44;6201&#44;6202&#44;6203&#44;6204&#44;6205&#44;6212&#44;6213&#44;6216&#44;6217&#44;6218&#44;6219&#44;6220&#44;6225&#44;6228&#44;6235&#44;6236&#44;6238&#44;6239&#44;6240&#44;6242&#44;6244&#44;6245&#44;6246&#44;6247&#44;6249&#44;6251&#44;6252&#44;6254&#44;6255&#44;6256&#44;6257&#44;6259&#44;6260&#44;6261&#44;6262&#44;6265&#44;6267&#44;6269&#44;6270&#44;6275&#44;6302&#44;6304&#44;6305&#44;6307&#44;6308&#44;6309&#44;6310&#44;6311&#44;6312&#44;6313&#44;6314&#44;6315&#44;6317&#44;6319&#44;6320&#44;6321&#44;6322&#44;6324&#44;6325&#44;6326&#44;6327&#44;6328&#44;6329&#44;6330&#44;6331&#44;6332&#44;6333&#44;6334&#44;6335&#44;6336&#44;6338&#44;6339&#44;6341&#44;6342&#44;6343&#44;6344&#44;6345&#44;6347&#44;6348&#44;6349&#44;6350&#44;6351&#44;6352&#44;6353&#44;6354&#44;6355&#44;6356&#44;6357&#44;6358&#44;6359&#44;6360&#44;6361&#44;6363&#44;6364&#44;6365&#44;6366&#44;6367&#44;6368&#44;6369&#44;6371&#44;6372&#44;6373&#44;6375&#44;6376&#44;6378&#44;6379&#44;6380&#44;6381&#44;6382&#44;6383&#44;6384&#44;6386&#44;6387&#44;6388&#44;6401&#44;6402&#44;6403&#44;6404&#44;6405&#44;6406&#44;6407&#44;6408&#44;6409&#44;6410&#44;6412&#44;6413&#44;6414&#44;6415&#44;6418&#44;6419&#44;6420&#44;6421&#44;6422&#44;6423&#44;6425&#44;6426&#44;6427&#44;6428&#44;6429&#44;6431&#44;6433&#44;6434&#44;6435&#44;6436&#44;6437&#44;6439&#44;6440&#44;6441&#44;6443&#44;6444&#44;6445&#44;6448&#44;6449&#44;6450&#44;6452&#44;6453&#44;6454&#44;6455&#44;6456&#44;6457&#44;6458&#44;6460&#44;6462&#44;6463&#44;6464&#44;6472&#44;6474&#44;6479&#44;6482&#44;6485&#44;6487&#44;6489&#44;6501&#44;6502&#44;6503&#44;6505&#44;6506&#44;6507&#44;6509&#44;6512&#44;6517&#44;6518&#44;6520&#44;6521&#44;6524&#44;6527&#44;6528&#44;6535&#44;6536&#44;6539&#44;6540&#44;6543&#44;6547&#44;6549&#44;6562&#44;6565&#44;6569&#44;6570&#44;6571&#44;6572&#44;6573&#44;6575&#44;6581&#44;6582&#44;6604&#44;6605&#44;6606&#44;6608&#44;6609&#44;6610&#44;6612&#44;6613&#44;6614&#44;6615&#44;6616&#44;6617&#44;6619&#44;6620&#44;6621&#44;6622&#44;6624&#44;6626&#44;6628&#44;6630&#44;6631&#44;6632&#44;6633&#44;6634&#44;6635&#44;6636&#44;6637&#44;6643&#44;6644&#44;6646&#44;6650&#44;6651&#44;6652&#44;6653&#44;6655&#44;6657&#44;6658&#44;6659&#44;6660&#44;6661&#44;6662&#44;6663&#44;6664&#44;6666&#44;6667&#44;6670&#44;6671&#44;6672&#44;6673&#44;6674&#44;6675&#44;6676&#44;6677&#44;6678&#44;6679&#44;6680&#44;6682&#44;6683&#44;6684&#44;6685&#44;6686&#44;6689&#44;6690&#44;6692&#44;6693&#44;6779&#44;6781&#44;6867&#44;6976&#44;6979&#44;7189&#44;7658&#44;7676&#44;8102&#44;8104&#44;8106&#44;8107&#44;8111&#44;8112&#44;8114&#44;8115&#44;8116&#44;8117&#44;8119&#44;8120&#44;8123&#44;8125&#44;8126&#44;8128&#44;8129&#44;8130&#44;8132&#44;8133&#44;8134&#44;8135&#44;8136&#44;8138&#44;8139&#44;8141&#44;8142&#44;8144&#44;8145&#44;8146&#44;8147&#44;8149&#44;8150&#44;8151&#44;8152&#44;8153&#44;8155&#44;8156&#44;8157&#44;8158&#44;8160&#44;8161&#44;8162&#44;8163&#44;8164&#44;8165&#44;8166&#44;8167&#44;8168&#44;8169&#44;8172&#44;8173&#44;8174&#44;8175&#44;8176&#44;8177&#44;8181&#44;8182&#44;8183&#44;8184&#44;8185&#44;8186&#44;8188&#44;8190&#44;8191&#44;8192&#44;8193&#44;8194&#44;8196&#44;8197&#44;8201&#44;8202&#44;8203&#44;8205&#44;8207&#44;8208&#44;8209&#44;8210&#44;8211&#44;8213&#44;8215&#44;8218&#44;8219&#44;8220&#44;8221&#44;8222&#44;8223&#44;8224&#44;8225&#44;8226&#44;8227&#44;8228&#44;8236&#44;8237&#44;8238&#44;8239&#44;8241&#44;8242&#44;8243&#44;8244&#44;8245&#44;8246&#44;8247&#44;8248&#44;8250&#44;8251&#44;8252&#44;8253&#44;8254&#44;8256&#44;8257&#44;8259&#44;8261&#44;8262&#44;8263&#44;8264&#44;8265&#44;8266&#44;8267&#44;8268&#44;8269&#44;8270&#44;8271&#44;8272&#44;8273&#44;8274&#44;8275&#44;8276&#44;8277&#44;8278&#44;8279&#44;8280&#44;8281&#44;8282&#44;8283&#44;8284&#44;8285&#44;8286&#44;8287&#44;8288&#44;8289&#44;8290&#44;8291&#44;8292&#44;8293&#44;8294&#44;8295&#44;8296&#44;8297&#44;8298&#44;8299&#44;""",7/12/21,7/7/21,N
layouts,Meat and Seafood,"""72&#44;76&#44;93""",,2021,7/19/21,1-NewFolderStructure/C076_C072_C093_Fresh_Meat_Seafood/C72_C76_C93_Effective_07192021_Planogram_Updated_07012021/,_C72_C76_C93_Effective_07192021_Planogram_Updated_07012021.pdf,"""4109&#44;4702&#44;4703&#44;4704&#44;4707&#44;4709&#44;4710&#44;4711&#44;4712&#44;4713&#44;4718&#44;4720&#44;4721&#44;4722&#44;4724&#44;4728&#44;4729&#44;4730&#44;4731&#44;4732&#44;4735&#44;4736&#44;4738&#44;4739&#44;4740&#44;4741&#44;4742&#44;4743&#44;4745&#44;4749&#44;4750&#44;4761&#44;4763&#44;4764&#44;4767&#44;4768&#44;4769&#44;4770&#44;4771&#44;4772&#44;4774&#44;4775&#44;4776&#44;4777&#44;4778&#44;4780&#44;4781&#44;4782&#44;4783&#44;4784&#44;4785&#44;4786&#44;4787&#44;4789&#44;4790&#44;4791&#44;4794&#44;4795&#44;4797&#44;4798&#44;4799&#44;4801&#44;4802&#44;4804&#44;4805&#44;4808&#44;4815&#44;4816&#44;4817&#44;4818&#44;4819&#44;4820&#44;4822&#44;4824&#44;4825&#44;4828&#44;4829&#44;4830&#44;4831&#44;4836&#44;4837&#44;4839&#44;4840&#44;4843&#44;4846&#44;4847&#44;4850&#44;4851&#44;4852&#44;4853&#44;4855&#44;4857&#44;4859&#44;4860&#44;4861&#44;4866&#44;4870&#44;4871&#44;4872&#44;4873&#44;4874&#44;4875&#44;4876&#44;4878&#44;4879&#44;4901&#44;4905&#44;4906&#44;4908&#44;4911&#44;4914&#44;4915&#44;4917&#44;4920&#44;4925&#44;4926&#44;4930&#44;4933&#44;4936&#44;4938&#44;4939&#44;4942&#44;4944&#44;4946&#44;4947&#44;4948&#44;4950&#44;4952&#44;4955&#44;4958&#44;4961&#44;4962&#44;4963&#44;4969&#44;4972&#44;4973&#44;4974&#44;4982&#44;4983&#44;4985&#44;4987&#44;4989&#44;4990&#44;4991&#44;4992&#44;4994&#44;4996&#44;4998&#44;4999&#44;6181&#44;6188&#44;6189&#44;6201&#44;6202&#44;6203&#44;6204&#44;6205&#44;6212&#44;6213&#44;6216&#44;6217&#44;6218&#44;6219&#44;6220&#44;6225&#44;6228&#44;6235&#44;6236&#44;6238&#44;6239&#44;6240&#44;6242&#44;6244&#44;6245&#44;6246&#44;6247&#44;6249&#44;6251&#44;6252&#44;6254&#44;6255&#44;6256&#44;6257&#44;6259&#44;6260&#44;6261&#44;6262&#44;6265&#44;6267&#44;6269&#44;6270&#44;6275&#44;6302&#44;6304&#44;6305&#44;6307&#44;6308&#44;6309&#44;6310&#44;6311&#44;6312&#44;6313&#44;6314&#44;6315&#44;6317&#44;6319&#44;6320&#44;6321&#44;6322&#44;6324&#44;6325&#44;6326&#44;6327&#44;6328&#44;6329&#44;6330&#44;6331&#44;6332&#44;6333&#44;6334&#44;6335&#44;6336&#44;6338&#44;6339&#44;6341&#44;6342&#44;6343&#44;6344&#44;6345&#44;6347&#44;6348&#44;6349&#44;6350&#44;6351&#44;6352&#44;6353&#44;6354&#44;6355&#44;6356&#44;6357&#44;6358&#44;6359&#44;6360&#44;6361&#44;6363&#44;6364&#44;6365&#44;6366&#44;6367&#44;6368&#44;6369&#44;6371&#44;6372&#44;6373&#44;6375&#44;6376&#44;6377&#44;6378&#44;6379&#44;6380&#44;6381&#44;6382&#44;6383&#44;6384&#44;6385&#44;6386&#44;6387&#44;6388&#44;6401&#44;6402&#44;6403&#44;6404&#44;6405&#44;6406&#44;6407&#44;6408&#44;6409&#44;6412&#44;6413&#44;6414&#44;6415&#44;6417&#44;6418&#44;6419&#44;6420&#44;6421&#44;6422&#44;6423&#44;6424&#44;6425&#44;6426&#44;6427&#44;6428&#44;6429&#44;6430&#44;6431&#44;6432&#44;6433&#44;6434&#44;6435&#44;6436&#44;6437&#44;6439&#44;6440&#44;6441&#44;6443&#44;6444&#44;6445&#44;6448&#44;6449&#44;6450&#44;6452&#44;6453&#44;6454&#44;6455&#44;6456&#44;6457&#44;6458&#44;6460&#44;6461&#44;6462&#44;6463&#44;6464&#44;6471&#44;6472&#44;6474&#44;6479&#44;6482&#44;6485&#44;6487&#44;6489&#44;6501&#44;6502&#44;6503&#44;6505&#44;6506&#44;6507&#44;6509&#44;6510&#44;6512&#44;6514&#44;6517&#44;6518&#44;6520&#44;6521&#44;6524&#44;6527&#44;6528&#44;6533&#44;6535&#44;6536&#44;6539&#44;6540&#44;6543&#44;6547&#44;6549&#44;6556&#44;6562&#44;6565&#44;6567&#44;6568&#44;6569&#44;6570&#44;6571&#44;6572&#44;6573&#44;6575&#44;6581&#44;6582&#44;6604&#44;6605&#44;6606&#44;6608&#44;6609&#44;6610&#44;6612&#44;6613&#44;6614&#44;6615&#44;6616&#44;6617&#44;6619&#44;6620&#44;6621&#44;6622&#44;6624&#44;6626&#44;6628&#44;6630&#44;6631&#44;6632&#44;6633&#44;6634&#44;6635&#44;6636&#44;6637&#44;6643&#44;6644&#44;6646&#44;6650&#44;6651&#44;6652&#44;6653&#44;6655&#44;6657&#44;6658&#44;6659&#44;6660&#44;6661&#44;6662&#44;6663&#44;6664&#44;6666&#44;6667&#44;6670&#44;6671&#44;6672&#44;6673&#44;6674&#44;6675&#44;6676&#44;6677&#44;6678&#44;6679&#44;6680&#44;6682&#44;6683&#44;6684&#44;6685&#44;6686&#44;6689&#44;6690&#44;6692&#44;6693&#44;6779&#44;6781&#44;6867&#44;6976&#44;6979&#44;7189&#44;7658&#44;7676&#44;8102&#44;8104&#44;8106&#44;8107&#44;8111&#44;8112&#44;8114&#44;8115&#44;8116&#44;8117&#44;8119&#44;8120&#44;8123&#44;8125&#44;8126&#44;8128&#44;8129&#44;8130&#44;8132&#44;8133&#44;8134&#44;8135&#44;8136&#44;8138&#44;8139&#44;8141&#44;8142&#44;8144&#44;8145&#44;8146&#44;8147&#44;8149&#44;8150&#44;8151&#44;8152&#44;8153&#44;8155&#44;8156&#44;8157&#44;8158&#44;8160&#44;8161&#44;8162&#44;8163&#44;8164&#44;8165&#44;8166&#44;8167&#44;8168&#44;8169&#44;8172&#44;8173&#44;8174&#44;8175&#44;8176&#44;8177&#44;8180&#44;8181&#44;8182&#44;8183&#44;8184&#44;8185&#44;8186&#44;8188&#44;8189&#44;8190&#44;8191&#44;8192&#44;8193&#44;8194&#44;8196&#44;8197&#44;8201&#44;8202&#44;8203&#44;8205&#44;8207&#44;8208&#44;8209&#44;8210&#44;8211&#44;8213&#44;8215&#44;8218&#44;8219&#44;8220&#44;8221&#44;8222&#44;8223&#44;8224&#44;8225&#44;8226&#44;8227&#44;8228&#44;8236&#44;8237&#44;8238&#44;8239&#44;8241&#44;8242&#44;8243&#44;8244&#44;8245&#44;8246&#44;8247&#44;8248&#44;8250&#44;8251&#44;8252&#44;8253&#44;8254&#44;8256&#44;8257&#44;8259&#44;8261&#44;8262&#44;8263&#44;8264&#44;8265&#44;8266&#44;8267&#44;8268&#44;8269&#44;8270&#44;8271&#44;8272&#44;8273&#44;8274&#44;8275&#44;8276&#44;8277&#44;8278&#44;8279&#44;8280&#44;8281&#44;8282&#44;8283&#44;8284&#44;8285&#44;8286&#44;8287&#44;8288&#44;8289&#44;8290&#44;8291&#44;8292&#44;8293&#44;8294&#44;8295&#44;8296&#44;8297&#44;8298&#44;8299&#44;""",7/5/21,7/1/21,N
layouts,Deli,57,,2021,7/19/21,1-NewFolderStructure/C057_Deli/C57_Effective_07192021_Planogram_Update_07-13-2021/,_C57_Effective_07192021_Planogram_Update_07-13-2021.pdf,"""4109&#44;4702&#44;4703&#44;4704&#44;4707&#44;4709&#44;4710&#44;4711&#44;4712&#44;4713&#44;4718&#44;4720&#44;4721&#44;4722&#44;4724&#44;4728&#44;4729&#44;4730&#44;4731&#44;4732&#44;4735&#44;4736&#44;4738&#44;4739&#44;4740&#44;4741&#44;4742&#44;4743&#44;4745&#44;4749&#44;4750&#44;4755&#44;4761&#44;4763&#44;4764&#44;4767&#44;4768&#44;4769&#44;4770&#44;4771&#44;4772&#44;4774&#44;4775&#44;4776&#44;4777&#44;4778&#44;4780&#44;4781&#44;4782&#44;4783&#44;4784&#44;4785&#44;4786&#44;4787&#44;4789&#44;4790&#44;4791&#44;4794&#44;4795&#44;4797&#44;4798&#44;4799&#44;4801&#44;4802&#44;4804&#44;4805&#44;4808&#44;4815&#44;4816&#44;4817&#44;4818&#44;4819&#44;4820&#44;4822&#44;4824&#44;4825&#44;4828&#44;4829&#44;4830&#44;4831&#44;4836&#44;4837&#44;4839&#44;4840&#44;4843&#44;4846&#44;4847&#44;4850&#44;4851&#44;4852&#44;4853&#44;4855&#44;4857&#44;4859&#44;4860&#44;4861&#44;4866&#44;4870&#44;4872&#44;4873&#44;4874&#44;4875&#44;4876&#44;4878&#44;4879&#44;4901&#44;4905&#44;4906&#44;4911&#44;4914&#44;4915&#44;4917&#44;4920&#44;4925&#44;4926&#44;4933&#44;4936&#44;4938&#44;4939&#44;4942&#44;4944&#44;4946&#44;4947&#44;4948&#44;4950&#44;4952&#44;4955&#44;4958&#44;4961&#44;4962&#44;4963&#44;4969&#44;4972&#44;4973&#44;4974&#44;4982&#44;4983&#44;4985&#44;4987&#44;4989&#44;4990&#44;4991&#44;4992&#44;4994&#44;4996&#44;4998&#44;4999&#44;6181&#44;6188&#44;6189&#44;6201&#44;6202&#44;6203&#44;6204&#44;6205&#44;6212&#44;6213&#44;6216&#44;6217&#44;6218&#44;6219&#44;6220&#44;6225&#44;6228&#44;6235&#44;6236&#44;6238&#44;6239&#44;6240&#44;6242&#44;6244&#44;6245&#44;6246&#44;6247&#44;6249&#44;6251&#44;6252&#44;6254&#44;6255&#44;6256&#44;6257&#44;6259&#44;6260&#44;6261&#44;6262&#44;6265&#44;6267&#44;6269&#44;6270&#44;6275&#44;6302&#44;6304&#44;6305&#44;6307&#44;6308&#44;6309&#44;6310&#44;6311&#44;6312&#44;6313&#44;6314&#44;6315&#44;6317&#44;6319&#44;6320&#44;6321&#44;6322&#44;6324&#44;6325&#44;6326&#44;6327&#44;6328&#44;6329&#44;6330&#44;6331&#44;6332&#44;6333&#44;6334&#44;6335&#44;6336&#44;6338&#44;6339&#44;6341&#44;6342&#44;6343&#44;6344&#44;6345&#44;6347&#44;6348&#44;6349&#44;6350&#44;6351&#44;6352&#44;6353&#44;6354&#44;6355&#44;6356&#44;6357&#44;6358&#44;6359&#44;6360&#44;6361&#44;6363&#44;6364&#44;6365&#44;6366&#44;6367&#44;6368&#44;6369&#44;6371&#44;6372&#44;6373&#44;6375&#44;6376&#44;6378&#44;6379&#44;6380&#44;6381&#44;6382&#44;6383&#44;6384&#44;6386&#44;6387&#44;6388&#44;6401&#44;6402&#44;6403&#44;6404&#44;6405&#44;6406&#44;6407&#44;6408&#44;6409&#44;6410&#44;6412&#44;6413&#44;6414&#44;6415&#44;6418&#44;6419&#44;6420&#44;6421&#44;6422&#44;6423&#44;6425&#44;6426&#44;6427&#44;6428&#44;6429&#44;6431&#44;6433&#44;6434&#44;6435&#44;6436&#44;6437&#44;6439&#44;6440&#44;6441&#44;6443&#44;6444&#44;6445&#44;6448&#44;6449&#44;6450&#44;6452&#44;6453&#44;6454&#44;6455&#44;6456&#44;6457&#44;6458&#44;6460&#44;6462&#44;6463&#44;6464&#44;6472&#44;6474&#44;6479&#44;6482&#44;6485&#44;6487&#44;6489&#44;6501&#44;6502&#44;6503&#44;6505&#44;6506&#44;6507&#44;6509&#44;6512&#44;6517&#44;6518&#44;6520&#44;6521&#44;6524&#44;6527&#44;6528&#44;6535&#44;6536&#44;6539&#44;6543&#44;6547&#44;6549&#44;6562&#44;6565&#44;6569&#44;6570&#44;6571&#44;6572&#44;6573&#44;6575&#44;6581&#44;6582&#44;6604&#44;6605&#44;6606&#44;6608&#44;6609&#44;6610&#44;6612&#44;6613&#44;6614&#44;6615&#44;6616&#44;6617&#44;6619&#44;6620&#44;6621&#44;6622&#44;6624&#44;6626&#44;6628&#44;6630&#44;6631&#44;6632&#44;6633&#44;6634&#44;6635&#44;6636&#44;6637&#44;6643&#44;6644&#44;6646&#44;6650&#44;6651&#44;6652&#44;6653&#44;6655&#44;6657&#44;6658&#44;6659&#44;6660&#44;6661&#44;6662&#44;6663&#44;6664&#44;6666&#44;6667&#44;6670&#44;6671&#44;6672&#44;6673&#44;6674&#44;6675&#44;6676&#44;6677&#44;6678&#44;6679&#44;6680&#44;6682&#44;6683&#44;6684&#44;6685&#44;6686&#44;6689&#44;6690&#44;6692&#44;6693&#44;6779&#44;6781&#44;6867&#44;6976&#44;6979&#44;7189&#44;7658&#44;7676&#44;8102&#44;8104&#44;8106&#44;8107&#44;8111&#44;8112&#44;8114&#44;8115&#44;8116&#44;8117&#44;8119&#44;8120&#44;8123&#44;8125&#44;8126&#44;8128&#44;8129&#44;8130&#44;8132&#44;8133&#44;8134&#44;8135&#44;8136&#44;8138&#44;8139&#44;8141&#44;8142&#44;8144&#44;8145&#44;8146&#44;8147&#44;8149&#44;8150&#44;8151&#44;8152&#44;8153&#44;8155&#44;8156&#44;8157&#44;8158&#44;8160&#44;8161&#44;8162&#44;8163&#44;8164&#44;8165&#44;8166&#44;8167&#44;8168&#44;8169&#44;8172&#44;8173&#44;8174&#44;8175&#44;8176&#44;8177&#44;8181&#44;8182&#44;8183&#44;8184&#44;8185&#44;8186&#44;8188&#44;8190&#44;8191&#44;8192&#44;8193&#44;8194&#44;8196&#44;8197&#44;8201&#44;8202&#44;8203&#44;8205&#44;8207&#44;8208&#44;8209&#44;8210&#44;8211&#44;8213&#44;8215&#44;8218&#44;8219&#44;8220&#44;8221&#44;8222&#44;8223&#44;8224&#44;8225&#44;8226&#44;8227&#44;8228&#44;8236&#44;8237&#44;8238&#44;8239&#44;8241&#44;8242&#44;8243&#44;8244&#44;8245&#44;8246&#44;8247&#44;8248&#44;8250&#44;8251&#44;8252&#44;8253&#44;8254&#44;8256&#44;8257&#44;8259&#44;8261&#44;8262&#44;8263&#44;8264&#44;8265&#44;8266&#44;8267&#44;8268&#44;8269&#44;8270&#44;8271&#44;8272&#44;8273&#44;8274&#44;8275&#44;8276&#44;8277&#44;8278&#44;8279&#44;8280&#44;8281&#44;8282&#44;8283&#44;8284&#44;8285&#44;8286&#44;8287&#44;8288&#44;8289&#44;8290&#44;8291&#44;8292&#44;8293&#44;8294&#44;8295&#44;8296&#44;8297&#44;8298&#44;8299&#44;""",7/13/21,7/13/21,N
layouts,Deli,57,,2021,7/26/21,1-NewFolderStructure/C057_Deli/C57_Effective_08042021_Planogram_Update_07-16-2021/,_C57_Effective_08042021_Planogram_Update_07-16-2021.pdf,"""4109&#44;6225&#44;6245&#44;6356&#44;6406&#44;6422&#44;6432&#44;6514&#44;6568&#44;6612&#44;6617&#44;6628&#44;6979&#44;8145&#44;8281&#44;8282&#44;""",7/22/21,7/16/21,N
layouts,Bakery Tables,"""37&#44;77""",,2021,7/26/21,1-NewFolderStructure/C037_C077_Bakery_Tables/C37_77_Bakery_Tables_Effective_07122021_Updated_07082021/,_C37_77_Bakery_Tables_Effective_07122021_Updated_07082021.pdf,"""4109&#44;6225&#44;6245&#44;6356&#44;6406&#44;6422&#44;6432&#44;6514&#44;6568&#44;6612&#44;6617&#44;6628&#44;6979&#44;8145&#44;8281&#44;8282&#44;""",7/22/21,7/16/21,N
layouts,Bakery Dessert,"""37-2&#44;77-2""",,2021,7/26/21,1-NewFolderStructure/C037_C077_Bakery_Dessert/C77_C37_Effective_07122021_Updated_07082021/,_C77_C37_Effective_07122021_Updated_07082021.pdf,"""4109&#44;6225&#44;6245&#44;6356&#44;6406&#44;6422&#44;6432&#44;6514&#44;6568&#44;6612&#44;6617&#44;6628&#44;6979&#44;8145&#44;8281&#44;8282&#44;""",7/22/21,7/16/21,N
layouts,Cake Case,"""37-3&#44;77-3""",,2021,7/26/21,1-NewFolderStructure/C037_C077_Cake_Case/C77_C37_Effective_07122021_Updated_07082021/,_C77_C37_Effective_07122021_Updated_07082021.pdf,"""4109&#44;6225&#44;6245&#44;6356&#44;6406&#44;6422&#44;6432&#44;6514&#44;6568&#44;6612&#44;6617&#44;6628&#44;6979&#44;8145&#44;8281&#44;8282&#44;""",7/22/21,7/16/21,N
layouts,Bakery Pallets,"""37-4&#44;77-4""",,2021,7/26/21,1-NewFolderStructure/C037_C077_Bakery_Pallets/C37_77_Bakery_Pallets_Effective_07122021_Updated_07082021/,_C37_77_Bakery_Pallets_Effective_07122021_Updated_07082021.pdf,"""4109&#44;6225&#44;6245&#44;6356&#44;6406&#44;6422&#44;6432&#44;6514&#44;6568&#44;6612&#44;6617&#44;6628&#44;6979&#44;8145&#44;8281&#44;8282&#44;""",7/22/21,7/16/21,N
layouts,Coolers,42-2,,2021,7/26/21,1-NewFolderStructure/C042_Coolers/C42_Effective_08082021_Planogram_Updated_07162021/,_C42_Effective_08082021_Planogram_Updated_07162021.pdf,"""4109&#44;6225&#44;6245&#44;6356&#44;6406&#44;6422&#44;6432&#44;6514&#44;6568&#44;6612&#44;6617&#44;6628&#44;6979&#44;8145&#44;8281&#44;8282&#44;""",7/22/21,7/16/21,N
layouts,HMS,79-2,,2021,7/26/21,1-NewFolderStructure/C079_HMS/C79_HMS_Effective_07122021/,_C79_HMS_Effective_07122021.pdf,"""4109&#44;6225&#44;6245&#44;6356&#44;6406&#44;6422&#44;6432&#44;6514&#44;6568&#44;6612&#44;6617&#44;6628&#44;6979&#44;8145&#44;8281&#44;8282&#44;""",7/22/21,7/16/21,N
layouts,Café Grab and Go,79-3,,2021,7/29/21,1-NewFolderStructure/C079_Cafe_Grab_n_Go/C79_Cafe_Grab_and_Go_Effective_07052021/,_C79_Cafe_Grab_and_Go_Effective_07052021.pdf,"""4109&#44;4702&#44;4703&#44;4704&#44;4707&#44;4709&#44;4710&#44;4711&#44;4712&#44;4713&#44;4718&#44;4720&#44;4721&#44;4722&#44;4724&#44;4728&#44;4729&#44;4730&#44;4731&#44;4732&#44;4735&#44;4736&#44;4738&#44;4739&#44;4740&#44;4741&#44;4742&#44;4743&#44;4745&#44;4749&#44;4750&#44;4755&#44;4761&#44;4763&#44;4764&#44;4767&#44;4768&#44;4769&#44;4770&#44;4771&#44;4772&#44;4774&#44;4775&#44;4776&#44;4777&#44;4778&#44;4780&#44;4781&#44;4782&#44;4783&#44;4784&#44;4785&#44;4786&#44;4787&#44;4789&#44;4790&#44;4791&#44;4794&#44;4795&#44;4797&#44;4798&#44;4799&#44;4801&#44;4802&#44;4804&#44;4805&#44;4808&#44;4815&#44;4816&#44;4817&#44;4818&#44;4819&#44;4820&#44;4822&#44;4824&#44;4825&#44;4828&#44;4829&#44;4830&#44;4831&#44;4836&#44;4837&#44;4839&#44;4840&#44;4843&#44;4846&#44;4847&#44;4850&#44;4851&#44;4852&#44;4853&#44;4855&#44;4857&#44;4859&#44;4860&#44;4861&#44;4866&#44;4870&#44;4872&#44;4873&#44;4874&#44;4875&#44;4876&#44;4878&#44;4879&#44;4901&#44;4905&#44;4906&#44;4911&#44;4914&#44;4915&#44;4917&#44;4920&#44;4925&#44;4926&#44;4933&#44;4936&#44;4938&#44;4939&#44;4942&#44;4944&#44;4946&#44;4947&#44;4948&#44;4950&#44;4952&#44;4955&#44;4958&#44;4961&#44;4962&#44;4963&#44;4969&#44;4972&#44;4973&#44;4974&#44;4982&#44;4983&#44;4985&#44;4987&#44;4989&#44;4990&#44;4991&#44;4992&#44;4994&#44;4996&#44;4998&#44;4999&#44;6181&#44;6188&#44;6189&#44;6201&#44;6202&#44;6203&#44;6204&#44;6205&#44;6212&#44;6213&#44;6216&#44;6217&#44;6218&#44;6219&#44;6220&#44;6225&#44;6228&#44;6235&#44;6236&#44;6238&#44;6239&#44;6240&#44;6242&#44;6244&#44;6245&#44;6246&#44;6247&#44;6249&#44;6251&#44;6252&#44;6254&#44;6255&#44;6256&#44;6257&#44;6259&#44;6260&#44;6261&#44;6262&#44;6265&#44;6267&#44;6269&#44;6270&#44;6275&#44;6302&#44;6304&#44;6305&#44;6307&#44;6308&#44;6309&#44;6310&#44;6311&#44;6312&#44;6313&#44;6314&#44;6315&#44;6317&#44;6319&#44;6320&#44;6321&#44;6322&#44;6324&#44;6325&#44;6326&#44;6327&#44;6328&#44;6329&#44;6330&#44;6331&#44;6332&#44;6333&#44;6334&#44;6335&#44;6336&#44;6338&#44;6339&#44;6341&#44;6342&#44;6343&#44;6344&#44;6345&#44;6347&#44;6348&#44;6349&#44;6350&#44;6351&#44;6352&#44;6353&#44;6354&#44;6355&#44;6356&#44;6357&#44;6358&#44;6359&#44;6360&#44;6361&#44;6363&#44;6364&#44;6365&#44;6366&#44;6367&#44;6368&#44;6369&#44;6371&#44;6372&#44;6373&#44;6375&#44;6376&#44;6378&#44;6379&#44;6380&#44;6381&#44;6382&#44;6383&#44;6384&#44;6386&#44;6387&#44;6388&#44;6401&#44;6402&#44;6403&#44;6404&#44;6405&#44;6406&#44;6407&#44;6408&#44;6409&#44;6410&#44;6412&#44;6413&#44;6414&#44;6415&#44;6418&#44;6419&#44;6420&#44;6421&#44;6422&#44;6423&#44;6425&#44;6426&#44;6427&#44;6428&#44;6429&#44;6431&#44;6433&#44;6434&#44;6435&#44;6436&#44;6437&#44;6439&#44;6440&#44;6441&#44;6443&#44;6444&#44;6445&#44;6448&#44;6449&#44;6450&#44;6452&#44;6453&#44;6454&#44;6455&#44;6456&#44;6457&#44;6458&#44;6460&#44;6462&#44;6463&#44;6464&#44;6472&#44;6474&#44;6479&#44;6482&#44;6485&#44;6487&#44;6489&#44;6501&#44;6502&#44;6503&#44;6505&#44;6506&#44;6507&#44;6509&#44;6512&#44;6517&#44;6518&#44;6520&#44;6521&#44;6524&#44;6527&#44;6528&#44;6535&#44;6536&#44;6539&#44;6543&#44;6547&#44;6549&#44;6562&#44;6565&#44;6569&#44;6570&#44;6571&#44;6572&#44;6573&#44;6575&#44;6581&#44;6582&#44;6604&#44;6605&#44;6606&#44;6608&#44;6609&#44;6610&#44;6612&#44;6613&#44;6614&#44;6615&#44;6616&#44;6617&#44;6619&#44;6620&#44;6621&#44;6622&#44;6624&#44;6626&#44;6628&#44;6630&#44;6631&#44;6632&#44;6633&#44;6634&#44;6635&#44;6636&#44;6637&#44;6643&#44;6644&#44;6646&#44;6650&#44;6651&#44;6652&#44;6653&#44;6655&#44;6657&#44;6658&#44;6659&#44;6660&#44;6661&#44;6662&#44;6663&#44;6664&#44;6666&#44;6667&#44;6670&#44;6671&#44;6672&#44;6673&#44;6674&#44;6675&#44;6676&#44;6677&#44;6678&#44;6679&#44;6680&#44;6682&#44;6683&#44;6684&#44;6685&#44;6686&#44;6689&#44;6690&#44;6692&#44;6693&#44;6779&#44;6781&#44;6867&#44;6976&#44;6979&#44;7189&#44;7658&#44;7676&#44;8102&#44;8104&#44;8106&#44;8107&#44;8111&#44;8112&#44;8114&#44;8115&#44;8116&#44;8117&#44;8119&#44;8120&#44;8123&#44;8125&#44;8126&#44;8128&#44;8129&#44;8130&#44;8132&#44;8133&#44;8134&#44;8135&#44;8136&#44;8138&#44;8139&#44;8141&#44;8142&#44;8144&#44;8145&#44;8146&#44;8147&#44;8149&#44;8150&#44;8151&#44;8152&#44;8153&#44;8155&#44;8156&#44;8157&#44;8158&#44;8160&#44;8161&#44;8162&#44;8163&#44;8164&#44;8165&#44;8166&#44;8167&#44;8168&#44;8169&#44;8172&#44;8173&#44;8174&#44;8175&#44;8176&#44;8177&#44;8181&#44;8182&#44;8183&#44;8184&#44;8185&#44;8186&#44;8188&#44;8190&#44;8191&#44;8192&#44;8193&#44;8194&#44;8196&#44;8197&#44;8201&#44;8202&#44;8203&#44;8205&#44;8207&#44;8208&#44;8209&#44;8210&#44;8211&#44;8213&#44;8215&#44;8218&#44;8219&#44;8220&#44;8221&#44;8222&#44;8223&#44;8224&#44;8225&#44;8226&#44;8227&#44;8228&#44;8236&#44;8237&#44;8238&#44;8239&#44;8241&#44;8242&#44;8243&#44;8244&#44;8245&#44;8246&#44;8247&#44;8248&#44;8250&#44;8251&#44;8252&#44;8253&#44;8254&#44;8256&#44;8257&#44;8259&#44;8261&#44;8262&#44;8263&#44;8264&#44;8265&#44;8266&#44;8267&#44;8268&#44;8269&#44;8270&#44;8271&#44;8272&#44;8273&#44;8274&#44;8275&#44;8276&#44;8277&#44;8278&#44;8279&#44;8280&#44;8281&#44;8282&#44;8283&#44;8284&#44;8285&#44;8286&#44;8287&#44;8288&#44;8289&#44;8290&#44;8291&#44;8292&#44;8293&#44;8294&#44;8295&#44;8296&#44;8297&#44;8298&#44;8299&#44;""",7/29/21,7/5/21,N
layouts,Bakery Dessert,"""37-2&#44;77-2""",,2021,7/30/21,1-NewFolderStructure/C037_C077_Bakery_Dessert/C77_37_Effective_08022021_Updated_07292021/,_C77_C37_Effective_08022021_Updated_07292021 Dessert.pdf,"""6366&#44;""",7/30/21,7/29/21,N
layouts,Cake Case,"""37-3&#44;77-3""",,2021,7/30/21,1-NewFolderStructure/C037_C077_Cake_Case/C77_C37_Effective_08022021_Updated_07292021/,_C77_C37_Effective_08022021_Updated_07292021.pdf,"""6366&#44;""",7/30/21,7/29/21,N
layouts,Coolers,42-2,,2021,8/2/21,1-NewFolderStructure/C042_Coolers/C42_Effective_08022021_Planogram_Updated_07302021/,_C42_Effective_07302021_Planogram_Updated_07302021.pdf,"""6672&#44;6436&#44;""",8/2/21,7/30/21,N
layouts,Meat and Seafood,"""72&#44;76&#44;93""",,2021,8/3/21,1-NewFolderStructure/C076_C072_C093_Fresh_Meat_Seafood/C72_C76_C93_Effective_08162021_Planogram_Updated_07302021/,_C72_C76_C93_Effective_08162021_Planogram_Updated_07302021.pdf,"""4109&#44;4837&#44;6245&#44;6356&#44;6381&#44;6406&#44;6422&#44;6427&#44;6432&#44;6440&#44;6510&#44;6514&#44;6568&#44;6612&#44;6617&#44;6628&#44;6670&#44;6979&#44;8145&#44;8245&#44;8272&#44;8279&#44;8281&#44;8282&#44;""",8/3/21,8/2/21,N
layouts,Bakery Tables,"""37&#44;77""",,2021,8/4/21,1-NewFolderStructure/C037_C077_Bakery_Tables/C37_77_Bakery_Tables_Effective_08022021_Updated_08032021/,_C37_77_Bakery_Tables_Effective_08022021_Updated_08032021.pdf,"""4750&#44;4846&#44;4847&#44;4936&#44;6302&#44;6305&#44;6314&#44;6317&#44;6322&#44;6327&#44;6404&#44;6575&#44;6677&#44;6678&#44;6679&#44;""",8/2/21,8/3/21,N
layouts,Café Grab and Go,79-3,,2021,8/4/21,1-NewFolderStructure/C079_Cafe_Grab_n_Go/C79_Cafe_Grab_and_Go_Effective_07052021_Update_08092021/,_C79_Cafe_Grab_and_Go_Effective_07052021_Update_08092021.pdf,"""4739&#44;4774&#44;4780&#44;4802&#44;4804&#44;4872&#44;6203&#44;6369&#44;6409&#44;6423&#44;6636&#44;6643&#44;6646&#44;6671&#44;6674&#44;8115&#44;8158&#44;8166&#44;8203&#44;8211&#44;8213&#44;8278&#44;8283&#44;8287&#44;""",8/4/21,8/3/21,N
layouts,Sushi,79,,2021,8/9/21,1-NewFolderStructure/C079_Sushi/C79_Sushi_Effective_08092021/,_C79_Sushi_Effective_08092021.pdf,"""4702&#44;4707&#44;4709&#44;4711&#44;4712&#44;4713&#44;4718&#44;4721&#44;4722&#44;4728&#44;4731&#44;4732&#44;4736&#44;4739&#44;4740&#44;4741&#44;4742&#44;4743&#44;4745&#44;4749&#44;4755&#44;4761&#44;4763&#44;4764&#44;4767&#44;4768&#44;4769&#44;4771&#44;4772&#44;4774&#44;4775&#44;4776&#44;4777&#44;4778&#44;4780&#44;4781&#44;4782&#44;4784&#44;4785&#44;4786&#44;4787&#44;4789&#44;4790&#44;4794&#44;4795&#44;4797&#44;4801&#44;4802&#44;4804&#44;4805&#44;4808&#44;4816&#44;4818&#44;4819&#44;4822&#44;4824&#44;4825&#44;4828&#44;4829&#44;4830&#44;4831&#44;4837&#44;4839&#44;4840&#44;4843&#44;4847&#44;4850&#44;4851&#44;4852&#44;4853&#44;4855&#44;4857&#44;4859&#44;4861&#44;4870&#44;4873&#44;4874&#44;4875&#44;4878&#44;4901&#44;4905&#44;4906&#44;4908&#44;4911&#44;4914&#44;4915&#44;4917&#44;4920&#44;4925&#44;4926&#44;4938&#44;4939&#44;4942&#44;4944&#44;4946&#44;4955&#44;4958&#44;4961&#44;4969&#44;4972&#44;4974&#44;4983&#44;4985&#44;4987&#44;4989&#44;4990&#44;4991&#44;4992&#44;4998&#44;6181&#44;6188&#44;6189&#44;6202&#44;6205&#44;6212&#44;6213&#44;6216&#44;6217&#44;6218&#44;6219&#44;6220&#44;6228&#44;6236&#44;6238&#44;6239&#44;6240&#44;6242&#44;6244&#44;6245&#44;6246&#44;6247&#44;6249&#44;6251&#44;6252&#44;6254&#44;6255&#44;6257&#44;6259&#44;6261&#44;6262&#44;6265&#44;6267&#44;6304&#44;6308&#44;6309&#44;6310&#44;6311&#44;6312&#44;6313&#44;6314&#44;6315&#44;6317&#44;6319&#44;6320&#44;6321&#44;6324&#44;6325&#44;6326&#44;6328&#44;6332&#44;6335&#44;6341&#44;6342&#44;6343&#44;6344&#44;6345&#44;6348&#44;6350&#44;6351&#44;6354&#44;6355&#44;6357&#44;6358&#44;6359&#44;6360&#44;6361&#44;6363&#44;6367&#44;6368&#44;6369&#44;6371&#44;6372&#44;6376&#44;6378&#44;6381&#44;6382&#44;6383&#44;6384&#44;6385&#44;6401&#44;6402&#44;6403&#44;6408&#44;6409&#44;6410&#44;6412&#44;6413&#44;6414&#44;6415&#44;6418&#44;6419&#44;6420&#44;6422&#44;6428&#44;6429&#44;6434&#44;6437&#44;6440&#44;6443&#44;6444&#44;6445&#44;6452&#44;6457&#44;6458&#44;6463&#44;6464&#44;6472&#44;6474&#44;6479&#44;6482&#44;6487&#44;6489&#44;6501&#44;6505&#44;6512&#44;6518&#44;6520&#44;6524&#44;6527&#44;6535&#44;6536&#44;6540&#44;6565&#44;6567&#44;6568&#44;6570&#44;6572&#44;6573&#44;6575&#44;6604&#44;6608&#44;6609&#44;6610&#44;6612&#44;6613&#44;6614&#44;6615&#44;6616&#44;6617&#44;6619&#44;6621&#44;6622&#44;6624&#44;6626&#44;6628&#44;6630&#44;6631&#44;6633&#44;6635&#44;6636&#44;6637&#44;6643&#44;6644&#44;6646&#44;6650&#44;6651&#44;6652&#44;6653&#44;6655&#44;6657&#44;6658&#44;6659&#44;6660&#44;6661&#44;6662&#44;6663&#44;6664&#44;6666&#44;6667&#44;6670&#44;6671&#44;6674&#44;6676&#44;6677&#44;6678&#44;6682&#44;6684&#44;6685&#44;6686&#44;6692&#44;6779&#44;6781&#44;6976&#44;6979&#44;7189&#44;7676&#44;8104&#44;8106&#44;8111&#44;8112&#44;8114&#44;8115&#44;8116&#44;8117&#44;8119&#44;8120&#44;8123&#44;8129&#44;8134&#44;8135&#44;8138&#44;8139&#44;8141&#44;8142&#44;8145&#44;8146&#44;8149&#44;8151&#44;8155&#44;8157&#44;8158&#44;8160&#44;8161&#44;8164&#44;8165&#44;8166&#44;8167&#44;8168&#44;8173&#44;8174&#44;8175&#44;8176&#44;8177&#44;8181&#44;8182&#44;8183&#44;8188&#44;8190&#44;8191&#44;8193&#44;8194&#44;8197&#44;8201&#44;8203&#44;8205&#44;8207&#44;8208&#44;8209&#44;8210&#44;8213&#44;8215&#44;8218&#44;8219&#44;8220&#44;8221&#44;8222&#44;8223&#44;8224&#44;8225&#44;8227&#44;8236&#44;8237&#44;8238&#44;8239&#44;8241&#44;8242&#44;8243&#44;8246&#44;8247&#44;8248&#44;8250&#44;8251&#44;8252&#44;8253&#44;8257&#44;8259&#44;8261&#44;8262&#44;8263&#44;8264&#44;8265&#44;8266&#44;8267&#44;8268&#44;8269&#44;8270&#44;8271&#44;8272&#44;8275&#44;8277&#44;8278&#44;8279&#44;8282&#44;8284&#44;8285&#44;8287&#44;8290&#44;8291&#44;8293&#44;8294&#44;8296&#44;8297&#44;8298&#44;8299&#44;""",8/3/21,8/2/21,N
layouts,HMS,79-2,,2021,8/9/21,1-NewFolderStructure/C079_HMS/C79_HMS_Effective_08092021/,_C79_HMS_Effective_08092021.pdf,"""4109&#44;4702&#44;4703&#44;4704&#44;4707&#44;4709&#44;4710&#44;4711&#44;4712&#44;4713&#44;4718&#44;4720&#44;4721&#44;4722&#44;4724&#44;4728&#44;4729&#44;4730&#44;4731&#44;4732&#44;4735&#44;4736&#44;4738&#44;4739&#44;4740&#44;4741&#44;4742&#44;4743&#44;4745&#44;4749&#44;4750&#44;4755&#44;4761&#44;4763&#44;4764&#44;4767&#44;4768&#44;4769&#44;4770&#44;4771&#44;4772&#44;4774&#44;4775&#44;4776&#44;4777&#44;4778&#44;4780&#44;4781&#44;4782&#44;4783&#44;4784&#44;4785&#44;4786&#44;4787&#44;4789&#44;4790&#44;4791&#44;4794&#44;4795&#44;4797&#44;4798&#44;4799&#44;4801&#44;4802&#44;4804&#44;4805&#44;4808&#44;4815&#44;4816&#44;4817&#44;4818&#44;4819&#44;4820&#44;4822&#44;4824&#44;4825&#44;4828&#44;4829&#44;4830&#44;4831&#44;4836&#44;4837&#44;4839&#44;4840&#44;4843&#44;4846&#44;4847&#44;4850&#44;4851&#44;4852&#44;4853&#44;4855&#44;4857&#44;4859&#44;4860&#44;4861&#44;4866&#44;4870&#44;4872&#44;4873&#44;4874&#44;4875&#44;4876&#44;4878&#44;4879&#44;4901&#44;4905&#44;4906&#44;4911&#44;4914&#44;4915&#44;4917&#44;4920&#44;4925&#44;4926&#44;4933&#44;4936&#44;4938&#44;4939&#44;4942&#44;4944&#44;4946&#44;4947&#44;4948&#44;4950&#44;4952&#44;4955&#44;4958&#44;4961&#44;4962&#44;4963&#44;4969&#44;4972&#44;4973&#44;4974&#44;4982&#44;4983&#44;4985&#44;4987&#44;4989&#44;4990&#44;4991&#44;4992&#44;4994&#44;4996&#44;4998&#44;4999&#44;6181&#44;6188&#44;6189&#44;6201&#44;6202&#44;6203&#44;6204&#44;6205&#44;6212&#44;6213&#44;6216&#44;6217&#44;6218&#44;6219&#44;6220&#44;6225&#44;6228&#44;6235&#44;6236&#44;6238&#44;6239&#44;6240&#44;6242&#44;6244&#44;6245&#44;6246&#44;6247&#44;6249&#44;6251&#44;6252&#44;6254&#44;6255&#44;6256&#44;6257&#44;6259&#44;6260&#44;6261&#44;6262&#44;6265&#44;6267&#44;6269&#44;6270&#44;6275&#44;6302&#44;6304&#44;6305&#44;6307&#44;6308&#44;6309&#44;6310&#44;6311&#44;6312&#44;6313&#44;6314&#44;6315&#44;6317&#44;6319&#44;6320&#44;6321&#44;6322&#44;6324&#44;6325&#44;6326&#44;6327&#44;6328&#44;6329&#44;6330&#44;6331&#44;6332&#44;6333&#44;6334&#44;6335&#44;6336&#44;6338&#44;6339&#44;6341&#44;6342&#44;6343&#44;6344&#44;6345&#44;6347&#44;6348&#44;6349&#44;6350&#44;6351&#44;6352&#44;6353&#44;6354&#44;6355&#44;6356&#44;6357&#44;6358&#44;6359&#44;6360&#44;6361&#44;6363&#44;6364&#44;6365&#44;6366&#44;6367&#44;6368&#44;6369&#44;6371&#44;6372&#44;6373&#44;6375&#44;6376&#44;6378&#44;6379&#44;6380&#44;6381&#44;6382&#44;6383&#44;6384&#44;6386&#44;6387&#44;6388&#44;6401&#44;6402&#44;6403&#44;6404&#44;6405&#44;6406&#44;6407&#44;6408&#44;6409&#44;6410&#44;6412&#44;6413&#44;6414&#44;6415&#44;6418&#44;6419&#44;6420&#44;6421&#44;6422&#44;6423&#44;6425&#44;6426&#44;6427&#44;6428&#44;6429&#44;6431&#44;6433&#44;6434&#44;6435&#44;6436&#44;6437&#44;6439&#44;6440&#44;6441&#44;6443&#44;6444&#44;6445&#44;6448&#44;6449&#44;6450&#44;6452&#44;6453&#44;6454&#44;6455&#44;6456&#44;6457&#44;6458&#44;6460&#44;6462&#44;6463&#44;6464&#44;6472&#44;6474&#44;6479&#44;6482&#44;6485&#44;6487&#44;6489&#44;6501&#44;6502&#44;6503&#44;6505&#44;6506&#44;6507&#44;6509&#44;6512&#44;6517&#44;6518&#44;6520&#44;6521&#44;6524&#44;6527&#44;6528&#44;6535&#44;6536&#44;6539&#44;6540&#44;6543&#44;6547&#44;6549&#44;6562&#44;6565&#44;6569&#44;6570&#44;6571&#44;6572&#44;6573&#44;6575&#44;6581&#44;6582&#44;6604&#44;6605&#44;6606&#44;6608&#44;6609&#44;6610&#44;6612&#44;6613&#44;6614&#44;6615&#44;6616&#44;6617&#44;6619&#44;6620&#44;6621&#44;6622&#44;6624&#44;6626&#44;6628&#44;6630&#44;6631&#44;6632&#44;6633&#44;6634&#44;6635&#44;6636&#44;6637&#44;6643&#44;6644&#44;6646&#44;6650&#44;6651&#44;6652&#44;6653&#44;6655&#44;6657&#44;6658&#44;6659&#44;6660&#44;6661&#44;6662&#44;6663&#44;6664&#44;6666&#44;6667&#44;6670&#44;6671&#44;6672&#44;6673&#44;6674&#44;6675&#44;6676&#44;6677&#44;6678&#44;6679&#44;6680&#44;6682&#44;6683&#44;6684&#44;6685&#44;6686&#44;6689&#44;6690&#44;6692&#44;6693&#44;6779&#44;6781&#44;6867&#44;6976&#44;6979&#44;7189&#44;7658&#44;7676&#44;8102&#44;8104&#44;8106&#44;8107&#44;8111&#44;8112&#44;8114&#44;8115&#44;8116&#44;8117&#44;8119&#44;8120&#44;8123&#44;8125&#44;8126&#44;8128&#44;8129&#44;8130&#44;8132&#44;8133&#44;8134&#44;8135&#44;8136&#44;8138&#44;8139&#44;8141&#44;8142&#44;8144&#44;8145&#44;8146&#44;8147&#44;8149&#44;8150&#44;8151&#44;8152&#44;8153&#44;8155&#44;8156&#44;8157&#44;8158&#44;8160&#44;8161&#44;8162&#44;8163&#44;8164&#44;8165&#44;8166&#44;8167&#44;8168&#44;8169&#44;8172&#44;8173&#44;8174&#44;8175&#44;8176&#44;8177&#44;8181&#44;8182&#44;8183&#44;8184&#44;8185&#44;8186&#44;8188&#44;8190&#44;8191&#44;8192&#44;8193&#44;8194&#44;8196&#44;8197&#44;8201&#44;8202&#44;8203&#44;8205&#44;8207&#44;8208&#44;8209&#44;8210&#44;8211&#44;8213&#44;8215&#44;8218&#44;8219&#44;8220&#44;8221&#44;8222&#44;8223&#44;8224&#44;8225&#44;8226&#44;8227&#44;8228&#44;8236&#44;8237&#44;8238&#44;8239&#44;8241&#44;8242&#44;8243&#44;8244&#44;8245&#44;8246&#44;8247&#44;8248&#44;8250&#44;8251&#44;8252&#44;8253&#44;8254&#44;8256&#44;8257&#44;8259&#44;8261&#44;8262&#44;8263&#44;8264&#44;8265&#44;8266&#44;8267&#44;8268&#44;8269&#44;8270&#44;8271&#44;8272&#44;8273&#44;8274&#44;8275&#44;8276&#44;8277&#44;8278&#44;8279&#44;8280&#44;8281&#44;8282&#44;8283&#44;8284&#44;8285&#44;8286&#44;8287&#44;8288&#44;8289&#44;8290&#44;8291&#44;8292&#44;8293&#44;8294&#44;8295&#44;8296&#44;8297&#44;8298&#44;8299&#44;""",8/3/21,8/2/21,N
layouts,Coolers,42-2,,2021,8/14/21,1-NewFolderStructure/C042_Coolers/C42_Effective_08142021_Planogram_Updated_08052021/,_C42_Effective_08142021_Planogram_Updated_08052021.pdf,"""4749&#44;4926&#44;4950&#44;6251&#44;6375&#44;6406&#44;8169&#44;8242&#44;8244&#44;8266&#44;8281&#44;8282&#44;""",8/9/21,7/30/21,N
layouts,Bakery Tables,"""37&#44;77""",,2021,8/16/21,1-NewFolderStructure/C037_C077_Bakery_Tables/C37_77_Bakery_Tables_Effective_08022021_Updated_07232021/,_C37_77_Bakery_Tables_Effective_08022021_Updated_07232021.pdf,"""4109&#44;4702&#44;4703&#44;4704&#44;4707&#44;4709&#44;4710&#44;4711&#44;4712&#44;4713&#44;4718&#44;4720&#44;4721&#44;4722&#44;4724&#44;4728&#44;4729&#44;4730&#44;4731&#44;4732&#44;4735&#44;4736&#44;4738&#44;4739&#44;4740&#44;4741&#44;4742&#44;4743&#44;4745&#44;4749&#44;4750&#44;4755&#44;4761&#44;4763&#44;4764&#44;4767&#44;4768&#44;4769&#44;4770&#44;4771&#44;4772&#44;4774&#44;4775&#44;4776&#44;4777&#44;4778&#44;4780&#44;4781&#44;4782&#44;4783&#44;4784&#44;4785&#44;4786&#44;4787&#44;4789&#44;4790&#44;4791&#44;4794&#44;4795&#44;4797&#44;4798&#44;4799&#44;4801&#44;4802&#44;4804&#44;4805&#44;4808&#44;4815&#44;4816&#44;4817&#44;4818&#44;4819&#44;4820&#44;4822&#44;4824&#44;4825&#44;4828&#44;4829&#44;4830&#44;4831&#44;4836&#44;4837&#44;4839&#44;4840&#44;4843&#44;4846&#44;4847&#44;4850&#44;4851&#44;4852&#44;4853&#44;4855&#44;4857&#44;4859&#44;4860&#44;4861&#44;4866&#44;4870&#44;4872&#44;4873&#44;4874&#44;4875&#44;4876&#44;4878&#44;4879&#44;4901&#44;4905&#44;4906&#44;4911&#44;4914&#44;4915&#44;4917&#44;4920&#44;4925&#44;4926&#44;4933&#44;4936&#44;4938&#44;4939&#44;4942&#44;4944&#44;4946&#44;4947&#44;4948&#44;4950&#44;4952&#44;4955&#44;4958&#44;4961&#44;4962&#44;4963&#44;4969&#44;4972&#44;4973&#44;4974&#44;4982&#44;4983&#44;4985&#44;4987&#44;4989&#44;4990&#44;4991&#44;4992&#44;4994&#44;4996&#44;4998&#44;4999&#44;6181&#44;6188&#44;6189&#44;6201&#44;6202&#44;6203&#44;6204&#44;6205&#44;6212&#44;6213&#44;6216&#44;6217&#44;6218&#44;6219&#44;6220&#44;6225&#44;6228&#44;6235&#44;6236&#44;6238&#44;6239&#44;6240&#44;6242&#44;6244&#44;6245&#44;6246&#44;6247&#44;6249&#44;6251&#44;6252&#44;6254&#44;6255&#44;6256&#44;6257&#44;6259&#44;6260&#44;6261&#44;6262&#44;6265&#44;6267&#44;6269&#44;6270&#44;6275&#44;6302&#44;6304&#44;6305&#44;6307&#44;6308&#44;6309&#44;6310&#44;6311&#44;6312&#44;6313&#44;6314&#44;6315&#44;6317&#44;6319&#44;6320&#44;6321&#44;6322&#44;6324&#44;6325&#44;6326&#44;6327&#44;6328&#44;6329&#44;6330&#44;6331&#44;6332&#44;6333&#44;6334&#44;6335&#44;6336&#44;6338&#44;6339&#44;6341&#44;6342&#44;6343&#44;6344&#44;6345&#44;6347&#44;6348&#44;6349&#44;6350&#44;6351&#44;6352&#44;6353&#44;6354&#44;6355&#44;6356&#44;6357&#44;6358&#44;6359&#44;6360&#44;6361&#44;6363&#44;6364&#44;6365&#44;6366&#44;6367&#44;6368&#44;6369&#44;6371&#44;6372&#44;6373&#44;6375&#44;6376&#44;6378&#44;6379&#44;6380&#44;6381&#44;6382&#44;6383&#44;6384&#44;6386&#44;6387&#44;6388&#44;6401&#44;6402&#44;6403&#44;6404&#44;6405&#44;6406&#44;6407&#44;6408&#44;6409&#44;6410&#44;6412&#44;6413&#44;6414&#44;6415&#44;6418&#44;6419&#44;6420&#44;6421&#44;6422&#44;6423&#44;6425&#44;6426&#44;6427&#44;6428&#44;6429&#44;6431&#44;6433&#44;6434&#44;6435&#44;6436&#44;6437&#44;6439&#44;6440&#44;6441&#44;6443&#44;6444&#44;6445&#44;6448&#44;6449&#44;6450&#44;6452&#44;6453&#44;6454&#44;6455&#44;6456&#44;6457&#44;6458&#44;6460&#44;6462&#44;6463&#44;6464&#44;6472&#44;6474&#44;6479&#44;6482&#44;6485&#44;6487&#44;6489&#44;6501&#44;6502&#44;6503&#44;6505&#44;6506&#44;6507&#44;6509&#44;6512&#44;6517&#44;6518&#44;6520&#44;6521&#44;6524&#44;6527&#44;6528&#44;6535&#44;6536&#44;6539&#44;6543&#44;6547&#44;6549&#44;6562&#44;6565&#44;6569&#44;6570&#44;6571&#44;6572&#44;6573&#44;6575&#44;6581&#44;6582&#44;6604&#44;6605&#44;6606&#44;6608&#44;6609&#44;6610&#44;6612&#44;6613&#44;6614&#44;6615&#44;6616&#44;6617&#44;6619&#44;6620&#44;6621&#44;6622&#44;6624&#44;6626&#44;6628&#44;6630&#44;6631&#44;6632&#44;6633&#44;6634&#44;6635&#44;6636&#44;6637&#44;6643&#44;6644&#44;6646&#44;6650&#44;6651&#44;6652&#44;6653&#44;6655&#44;6657&#44;6658&#44;6659&#44;6660&#44;6661&#44;6662&#44;6663&#44;6664&#44;6666&#44;6667&#44;6670&#44;6671&#44;6672&#44;6673&#44;6674&#44;6675&#44;6676&#44;6677&#44;6678&#44;6679&#44;6680&#44;6682&#44;6683&#44;6684&#44;6685&#44;6686&#44;6689&#44;6690&#44;6692&#44;6693&#44;6779&#44;6781&#44;6867&#44;6976&#44;6979&#44;7189&#44;7658&#44;7676&#44;8102&#44;8104&#44;8106&#44;8107&#44;8111&#44;8112&#44;8114&#44;8115&#44;8116&#44;8117&#44;8119&#44;8120&#44;8123&#44;8125&#44;8126&#44;8128&#44;8129&#44;8130&#44;8132&#44;8133&#44;8134&#44;8135&#44;8136&#44;8138&#44;8139&#44;8141&#44;8142&#44;8144&#44;8145&#44;8146&#44;8147&#44;8149&#44;8150&#44;8151&#44;8152&#44;8153&#44;8155&#44;8156&#44;8157&#44;8158&#44;8160&#44;8161&#44;8162&#44;8163&#44;8164&#44;8165&#44;8166&#44;8167&#44;8168&#44;8169&#44;8172&#44;8173&#44;8174&#44;8175&#44;8176&#44;8177&#44;8181&#44;8182&#44;8183&#44;8184&#44;8185&#44;8186&#44;8188&#44;8190&#44;8191&#44;8192&#44;8193&#44;8194&#44;8196&#44;8197&#44;8201&#44;8202&#44;8203&#44;8205&#44;8207&#44;8208&#44;8209&#44;8210&#44;8211&#44;8213&#44;8215&#44;8218&#44;8219&#44;8220&#44;8221&#44;8222&#44;8223&#44;8224&#44;8225&#44;8226&#44;8227&#44;8228&#44;8236&#44;8237&#44;8238&#44;8239&#44;8241&#44;8242&#44;8243&#44;8244&#44;8245&#44;8246&#44;8247&#44;8248&#44;8250&#44;8251&#44;8252&#44;8253&#44;8254&#44;8256&#44;8257&#44;8259&#44;8261&#44;8262&#44;8263&#44;8264&#44;8265&#44;8266&#44;8267&#44;8268&#44;8269&#44;8270&#44;8271&#44;8272&#44;8273&#44;8274&#44;8275&#44;8276&#44;8277&#44;8278&#44;8279&#44;8280&#44;8281&#44;8282&#44;8283&#44;8284&#44;8285&#44;8286&#44;8287&#44;8288&#44;8289&#44;8290&#44;8291&#44;8292&#44;8293&#44;8294&#44;8295&#44;8296&#44;8297&#44;8298&#44;8299&#44;""",7/27/21,7/23/21,N
layouts,Bakery Dessert,"""37-2&#44;77-2""",,2021,8/16/21,1-NewFolderStructure/C037_C077_Bakery_Dessert/C77_C37_Effective_08022021_Updated_07232021/,_C77_C37_Effective_08022021_Updated_07232021.pdf,"""4109&#44;4702&#44;4703&#44;4704&#44;4707&#44;4709&#44;4710&#44;4711&#44;4712&#44;4713&#44;4718&#44;4720&#44;4721&#44;4722&#44;4724&#44;4728&#44;4729&#44;4730&#44;4731&#44;4732&#44;4735&#44;4736&#44;4738&#44;4739&#44;4740&#44;4741&#44;4742&#44;4743&#44;4745&#44;4749&#44;4750&#44;4755&#44;4761&#44;4763&#44;4764&#44;4767&#44;4768&#44;4769&#44;4770&#44;4771&#44;4772&#44;4774&#44;4775&#44;4776&#44;4777&#44;4778&#44;4780&#44;4781&#44;4782&#44;4783&#44;4784&#44;4785&#44;4786&#44;4787&#44;4789&#44;4790&#44;4791&#44;4794&#44;4795&#44;4797&#44;4798&#44;4799&#44;4801&#44;4802&#44;4804&#44;4805&#44;4808&#44;4815&#44;4816&#44;4817&#44;4818&#44;4819&#44;4820&#44;4822&#44;4824&#44;4825&#44;4828&#44;4829&#44;4830&#44;4831&#44;4836&#44;4837&#44;4839&#44;4840&#44;4843&#44;4846&#44;4847&#44;4850&#44;4851&#44;4852&#44;4853&#44;4855&#44;4857&#44;4859&#44;4860&#44;4861&#44;4870&#44;4871&#44;4872&#44;4873&#44;4874&#44;4875&#44;4876&#44;4878&#44;4879&#44;4901&#44;4905&#44;4906&#44;4908&#44;4911&#44;4914&#44;4915&#44;4917&#44;4920&#44;4926&#44;4933&#44;4936&#44;4938&#44;4939&#44;4942&#44;4944&#44;4946&#44;4947&#44;4948&#44;4950&#44;4952&#44;4955&#44;4958&#44;4961&#44;4962&#44;4963&#44;4969&#44;4972&#44;4973&#44;4974&#44;4982&#44;4983&#44;4985&#44;4987&#44;4989&#44;4990&#44;4991&#44;4992&#44;4994&#44;4996&#44;4998&#44;4999&#44;6181&#44;6188&#44;6189&#44;6201&#44;6202&#44;6203&#44;6204&#44;6205&#44;6212&#44;6213&#44;6216&#44;6217&#44;6218&#44;6219&#44;6220&#44;6228&#44;6235&#44;6236&#44;6238&#44;6239&#44;6240&#44;6242&#44;6244&#44;6245&#44;6246&#44;6247&#44;6249&#44;6251&#44;6252&#44;6254&#44;6255&#44;6256&#44;6257&#44;6259&#44;6260&#44;6261&#44;6262&#44;6265&#44;6267&#44;6269&#44;6275&#44;6302&#44;6304&#44;6305&#44;6307&#44;6308&#44;6309&#44;6310&#44;6311&#44;6312&#44;6313&#44;6314&#44;6315&#44;6317&#44;6319&#44;6320&#44;6321&#44;6322&#44;6324&#44;6325&#44;6326&#44;6327&#44;6328&#44;6329&#44;6330&#44;6331&#44;6332&#44;6333&#44;6334&#44;6335&#44;6336&#44;6338&#44;6339&#44;6341&#44;6342&#44;6343&#44;6344&#44;6345&#44;6347&#44;6348&#44;6349&#44;6350&#44;6351&#44;6352&#44;6353&#44;6354&#44;6355&#44;6356&#44;6357&#44;6358&#44;6359&#44;6360&#44;6361&#44;6363&#44;6364&#44;6365&#44;6366&#44;6367&#44;6368&#44;6369&#44;6371&#44;6372&#44;6373&#44;6375&#44;6376&#44;6377&#44;6378&#44;6379&#44;6380&#44;6381&#44;6382&#44;6383&#44;6384&#44;6385&#44;6386&#44;6387&#44;6388&#44;6401&#44;6402&#44;6403&#44;6404&#44;6405&#44;6406&#44;6407&#44;6408&#44;6409&#44;6410&#44;6412&#44;6413&#44;6414&#44;6415&#44;6417&#44;6418&#44;6419&#44;6420&#44;6421&#44;6422&#44;6423&#44;6424&#44;6425&#44;6426&#44;6427&#44;6428&#44;6429&#44;6430&#44;6431&#44;6432&#44;6433&#44;6434&#44;6435&#44;6436&#44;6437&#44;6439&#44;6440&#44;6441&#44;6443&#44;6444&#44;6445&#44;6448&#44;6449&#44;6450&#44;6452&#44;6453&#44;6454&#44;6455&#44;6456&#44;6457&#44;6458&#44;6460&#44;6461&#44;6462&#44;6463&#44;6464&#44;6471&#44;6472&#44;6474&#44;6479&#44;6482&#44;6485&#44;6487&#44;6489&#44;6501&#44;6502&#44;6503&#44;6505&#44;6506&#44;6507&#44;6509&#44;6510&#44;6512&#44;6514&#44;6517&#44;6518&#44;6520&#44;6521&#44;6524&#44;6527&#44;6528&#44;6535&#44;6536&#44;6539&#44;6540&#44;6547&#44;6549&#44;6556&#44;6562&#44;6565&#44;6567&#44;6568&#44;6569&#44;6570&#44;6571&#44;6572&#44;6573&#44;6575&#44;6581&#44;6582&#44;6604&#44;6605&#44;6606&#44;6608&#44;6609&#44;6610&#44;6612&#44;6613&#44;6614&#44;6615&#44;6616&#44;6617&#44;6619&#44;6620&#44;6621&#44;6622&#44;6624&#44;6626&#44;6628&#44;6630&#44;6631&#44;6632&#44;6633&#44;6634&#44;6635&#44;6636&#44;6637&#44;6643&#44;6644&#44;6646&#44;6650&#44;6651&#44;6652&#44;6653&#44;6655&#44;6657&#44;6658&#44;6659&#44;6660&#44;6661&#44;6662&#44;6663&#44;6664&#44;6666&#44;6667&#44;6670&#44;6671&#44;6672&#44;6673&#44;6674&#44;6675&#44;6676&#44;6677&#44;6678&#44;6679&#44;6682&#44;6683&#44;6684&#44;6685&#44;6686&#44;6692&#44;6693&#44;6779&#44;6781&#44;6867&#44;6976&#44;6979&#44;7189&#44;7658&#44;7676&#44;8102&#44;8104&#44;8106&#44;8107&#44;8111&#44;8112&#44;8114&#44;8115&#44;8116&#44;8117&#44;8119&#44;8120&#44;8123&#44;8125&#44;8126&#44;8128&#44;8129&#44;8130&#44;8132&#44;8133&#44;8134&#44;8135&#44;8136&#44;8138&#44;8139&#44;8141&#44;8142&#44;8144&#44;8145&#44;8146&#44;8147&#44;8149&#44;8150&#44;8151&#44;8152&#44;8153&#44;8155&#44;8156&#44;8157&#44;8158&#44;8160&#44;8161&#44;8162&#44;8163&#44;8164&#44;8165&#44;8166&#44;8167&#44;8168&#44;8169&#44;8172&#44;8173&#44;8174&#44;8175&#44;8176&#44;8177&#44;8180&#44;8181&#44;8182&#44;8183&#44;8184&#44;8185&#44;8186&#44;8188&#44;8189&#44;8190&#44;8191&#44;8192&#44;8193&#44;8194&#44;8196&#44;8197&#44;8201&#44;8202&#44;8203&#44;8205&#44;8207&#44;8208&#44;8209&#44;8210&#44;8211&#44;8213&#44;8215&#44;8218&#44;8219&#44;8220&#44;8221&#44;8222&#44;8223&#44;8224&#44;8225&#44;8226&#44;8227&#44;8228&#44;8236&#44;8237&#44;8238&#44;8239&#44;8241&#44;8242&#44;8243&#44;8244&#44;8245&#44;8246&#44;8247&#44;8248&#44;8250&#44;8251&#44;8252&#44;8253&#44;8254&#44;8256&#44;8257&#44;8259&#44;8261&#44;8262&#44;8263&#44;8264&#44;8265&#44;8266&#44;8267&#44;8268&#44;8269&#44;8270&#44;8271&#44;8272&#44;8273&#44;8274&#44;8275&#44;8276&#44;8277&#44;8278&#44;8279&#44;8280&#44;8281&#44;8282&#44;8283&#44;8284&#44;8285&#44;8286&#44;8287&#44;8288&#44;8289&#44;8290&#44;8291&#44;8292&#44;8293&#44;8294&#44;8295&#44;8296&#44;8297&#44;8298&#44;8299&#44;""",7/27/21,7/23/21,N
layouts,Cake Case,"""37-3&#44;77-3""",,2021,8/16/21,1-NewFolderStructure/C037_C077_Cake_Case/C77_C37_Effective_08022021_Updated_07232021/,_C37_Effective_08022021_Updated_07232021.pdf,"""4109&#44;4702&#44;4703&#44;4704&#44;4707&#44;4709&#44;4710&#44;4711&#44;4712&#44;4713&#44;4718&#44;4720&#44;4721&#44;4722&#44;4724&#44;4728&#44;4729&#44;4730&#44;4731&#44;4732&#44;4735&#44;4736&#44;4738&#44;4739&#44;4740&#44;4741&#44;4742&#44;4743&#44;4745&#44;4749&#44;4750&#44;4755&#44;4761&#44;4763&#44;4764&#44;4767&#44;4768&#44;4769&#44;4770&#44;4771&#44;4772&#44;4774&#44;4775&#44;4776&#44;4777&#44;4778&#44;4780&#44;4781&#44;4782&#44;4783&#44;4784&#44;4785&#44;4786&#44;4787&#44;4789&#44;4790&#44;4791&#44;4794&#44;4795&#44;4797&#44;4798&#44;4799&#44;4801&#44;4802&#44;4804&#44;4805&#44;4808&#44;4815&#44;4816&#44;4817&#44;4818&#44;4819&#44;4820&#44;4822&#44;4824&#44;4825&#44;4828&#44;4829&#44;4830&#44;4831&#44;4836&#44;4837&#44;4839&#44;4840&#44;4843&#44;4846&#44;4847&#44;4850&#44;4851&#44;4852&#44;4853&#44;4855&#44;4857&#44;4859&#44;4860&#44;4861&#44;4870&#44;4871&#44;4872&#44;4873&#44;4874&#44;4875&#44;4876&#44;4878&#44;4879&#44;4901&#44;4905&#44;4906&#44;4908&#44;4911&#44;4914&#44;4915&#44;4917&#44;4920&#44;4926&#44;4933&#44;4936&#44;4938&#44;4939&#44;4942&#44;4944&#44;4946&#44;4947&#44;4948&#44;4950&#44;4952&#44;4955&#44;4958&#44;4961&#44;4962&#44;4963&#44;4969&#44;4972&#44;4973&#44;4974&#44;4982&#44;4983&#44;4985&#44;4987&#44;4989&#44;4990&#44;4991&#44;4992&#44;4994&#44;4996&#44;4998&#44;4999&#44;6181&#44;6188&#44;6189&#44;6201&#44;6202&#44;6203&#44;6204&#44;6205&#44;6212&#44;6213&#44;6216&#44;6217&#44;6218&#44;6219&#44;6220&#44;6228&#44;6235&#44;6236&#44;6238&#44;6239&#44;6240&#44;6242&#44;6244&#44;6245&#44;6246&#44;6247&#44;6249&#44;6251&#44;6252&#44;6254&#44;6255&#44;6256&#44;6257&#44;6259&#44;6260&#44;6261&#44;6262&#44;6265&#44;6267&#44;6269&#44;6275&#44;6302&#44;6304&#44;6305&#44;6307&#44;6308&#44;6309&#44;6310&#44;6311&#44;6312&#44;6313&#44;6314&#44;6315&#44;6317&#44;6319&#44;6320&#44;6321&#44;6322&#44;6324&#44;6325&#44;6326&#44;6327&#44;6328&#44;6329&#44;6330&#44;6331&#44;6332&#44;6333&#44;6334&#44;6335&#44;6336&#44;6338&#44;6339&#44;6341&#44;6342&#44;6343&#44;6344&#44;6345&#44;6347&#44;6348&#44;6349&#44;6350&#44;6351&#44;6352&#44;6353&#44;6354&#44;6355&#44;6356&#44;6357&#44;6358&#44;6359&#44;6360&#44;6361&#44;6363&#44;6364&#44;6365&#44;6366&#44;6367&#44;6368&#44;6369&#44;6371&#44;6372&#44;6373&#44;6375&#44;6376&#44;6377&#44;6378&#44;6379&#44;6380&#44;6381&#44;6382&#44;6383&#44;6384&#44;6385&#44;6386&#44;6387&#44;6388&#44;6401&#44;6402&#44;6403&#44;6404&#44;6405&#44;6406&#44;6407&#44;6408&#44;6409&#44;6410&#44;6412&#44;6413&#44;6414&#44;6415&#44;6417&#44;6418&#44;6419&#44;6420&#44;6421&#44;6422&#44;6423&#44;6424&#44;6425&#44;6426&#44;6427&#44;6428&#44;6429&#44;6430&#44;6431&#44;6432&#44;6433&#44;6434&#44;6435&#44;6436&#44;6437&#44;6439&#44;6440&#44;6441&#44;6443&#44;6444&#44;6445&#44;6448&#44;6449&#44;6450&#44;6452&#44;6453&#44;6454&#44;6455&#44;6456&#44;6457&#44;6458&#44;6460&#44;6461&#44;6462&#44;6463&#44;6464&#44;6471&#44;6472&#44;6474&#44;6479&#44;6482&#44;6485&#44;6487&#44;6489&#44;6501&#44;6502&#44;6503&#44;6505&#44;6506&#44;6507&#44;6509&#44;6510&#44;6512&#44;6514&#44;6517&#44;6518&#44;6520&#44;6521&#44;6524&#44;6527&#44;6528&#44;6535&#44;6536&#44;6539&#44;6540&#44;6547&#44;6549&#44;6556&#44;6562&#44;6565&#44;6567&#44;6568&#44;6569&#44;6570&#44;6571&#44;6572&#44;6573&#44;6575&#44;6581&#44;6582&#44;6604&#44;6605&#44;6606&#44;6608&#44;6609&#44;6610&#44;6612&#44;6613&#44;6614&#44;6615&#44;6616&#44;6617&#44;6619&#44;6620&#44;6621&#44;6622&#44;6624&#44;6626&#44;6628&#44;6630&#44;6631&#44;6632&#44;6633&#44;6634&#44;6635&#44;6636&#44;6637&#44;6643&#44;6644&#44;6646&#44;6650&#44;6651&#44;6652&#44;6653&#44;6655&#44;6657&#44;6658&#44;6659&#44;6660&#44;6661&#44;6662&#44;6663&#44;6664&#44;6666&#44;6667&#44;6670&#44;6671&#44;6672&#44;6673&#44;6674&#44;6675&#44;6676&#44;6677&#44;6678&#44;6679&#44;6682&#44;6683&#44;6684&#44;6685&#44;6686&#44;6692&#44;6693&#44;6779&#44;6781&#44;6867&#44;6976&#44;6979&#44;7189&#44;7658&#44;7676&#44;8102&#44;8104&#44;8106&#44;8107&#44;8111&#44;8112&#44;8114&#44;8115&#44;8116&#44;8117&#44;8119&#44;8120&#44;8123&#44;8125&#44;8126&#44;8128&#44;8129&#44;8130&#44;8132&#44;8133&#44;8134&#44;8135&#44;8136&#44;8138&#44;8139&#44;8141&#44;8142&#44;8144&#44;8145&#44;8146&#44;8147&#44;8149&#44;8150&#44;8151&#44;8152&#44;8153&#44;8155&#44;8156&#44;8157&#44;8158&#44;8160&#44;8161&#44;8162&#44;8163&#44;8164&#44;8165&#44;8166&#44;8167&#44;8168&#44;8169&#44;8172&#44;8173&#44;8174&#44;8175&#44;8176&#44;8177&#44;8180&#44;8181&#44;8182&#44;8183&#44;8184&#44;8185&#44;8186&#44;8188&#44;8189&#44;8190&#44;8191&#44;8192&#44;8193&#44;8194&#44;8196&#44;8197&#44;8201&#44;8202&#44;8203&#44;8205&#44;8207&#44;8208&#44;8209&#44;8210&#44;8211&#44;8213&#44;8215&#44;8218&#44;8219&#44;8220&#44;8221&#44;8222&#44;8223&#44;8224&#44;8225&#44;8226&#44;8227&#44;8228&#44;8236&#44;8237&#44;8238&#44;8239&#44;8241&#44;8242&#44;8243&#44;8244&#44;8245&#44;8246&#44;8247&#44;8248&#44;8250&#44;8251&#44;8252&#44;8253&#44;8254&#44;8256&#44;8257&#44;8259&#44;8261&#44;8262&#44;8263&#44;8264&#44;8265&#44;8266&#44;8267&#44;8268&#44;8269&#44;8270&#44;8271&#44;8272&#44;8273&#44;8274&#44;8275&#44;8276&#44;8277&#44;8278&#44;8279&#44;8280&#44;8281&#44;8282&#44;8283&#44;8284&#44;8285&#44;8286&#44;8287&#44;8288&#44;8289&#44;8290&#44;8291&#44;8292&#44;8293&#44;8294&#44;8295&#44;8296&#44;8297&#44;8298&#44;8299&#44;""",7/27/21,7/23/21,N
layouts,Cake Case,"""37-3&#44;77-3""",,2021,8/16/21,1-NewFolderStructure/C037_C077_Cake_Case/C77_C37_Effective_08022021_Updated_07232021/,_C77_C37_Effective_08022021_Updated_07232021.pdf,"""4109&#44;4702&#44;4703&#44;4704&#44;4707&#44;4709&#44;4710&#44;4711&#44;4712&#44;4713&#44;4718&#44;4720&#44;4721&#44;4722&#44;4724&#44;4728&#44;4729&#44;4730&#44;4731&#44;4732&#44;4735&#44;4736&#44;4738&#44;4739&#44;4740&#44;4741&#44;4742&#44;4743&#44;4745&#44;4749&#44;4750&#44;4755&#44;4761&#44;4763&#44;4764&#44;4767&#44;4768&#44;4769&#44;4770&#44;4771&#44;4772&#44;4774&#44;4775&#44;4776&#44;4777&#44;4778&#44;4780&#44;4781&#44;4782&#44;4783&#44;4784&#44;4785&#44;4786&#44;4787&#44;4789&#44;4790&#44;4791&#44;4794&#44;4795&#44;4797&#44;4798&#44;4799&#44;4801&#44;4802&#44;4804&#44;4805&#44;4808&#44;4815&#44;4816&#44;4817&#44;4818&#44;4819&#44;4820&#44;4822&#44;4824&#44;4825&#44;4828&#44;4829&#44;4830&#44;4831&#44;4836&#44;4837&#44;4839&#44;4840&#44;4843&#44;4846&#44;4847&#44;4850&#44;4851&#44;4852&#44;4853&#44;4855&#44;4857&#44;4859&#44;4860&#44;4861&#44;4870&#44;4871&#44;4872&#44;4873&#44;4874&#44;4875&#44;4876&#44;4878&#44;4879&#44;4901&#44;4905&#44;4906&#44;4908&#44;4911&#44;4914&#44;4915&#44;4917&#44;4920&#44;4926&#44;4933&#44;4936&#44;4938&#44;4939&#44;4942&#44;4944&#44;4946&#44;4947&#44;4948&#44;4950&#44;4952&#44;4955&#44;4958&#44;4961&#44;4962&#44;4963&#44;4969&#44;4972&#44;4973&#44;4974&#44;4982&#44;4983&#44;4985&#44;4987&#44;4989&#44;4990&#44;4991&#44;4992&#44;4994&#44;4996&#44;4998&#44;4999&#44;6181&#44;6188&#44;6189&#44;6201&#44;6202&#44;6203&#44;6204&#44;6205&#44;6212&#44;6213&#44;6216&#44;6217&#44;6218&#44;6219&#44;6220&#44;6228&#44;6235&#44;6236&#44;6238&#44;6239&#44;6240&#44;6242&#44;6244&#44;6245&#44;6246&#44;6247&#44;6249&#44;6251&#44;6252&#44;6254&#44;6255&#44;6256&#44;6257&#44;6259&#44;6260&#44;6261&#44;6262&#44;6265&#44;6267&#44;6269&#44;6275&#44;6302&#44;6304&#44;6305&#44;6307&#44;6308&#44;6309&#44;6310&#44;6311&#44;6312&#44;6313&#44;6314&#44;6315&#44;6317&#44;6319&#44;6320&#44;6321&#44;6322&#44;6324&#44;6325&#44;6326&#44;6327&#44;6328&#44;6329&#44;6330&#44;6331&#44;6332&#44;6333&#44;6334&#44;6335&#44;6336&#44;6338&#44;6339&#44;6341&#44;6342&#44;6343&#44;6344&#44;6345&#44;6347&#44;6348&#44;6349&#44;6350&#44;6351&#44;6352&#44;6353&#44;6354&#44;6355&#44;6356&#44;6357&#44;6358&#44;6359&#44;6360&#44;6361&#44;6363&#44;6364&#44;6365&#44;6366&#44;6367&#44;6368&#44;6369&#44;6371&#44;6372&#44;6373&#44;6375&#44;6376&#44;6377&#44;6378&#44;6379&#44;6380&#44;6381&#44;6382&#44;6383&#44;6384&#44;6385&#44;6386&#44;6387&#44;6388&#44;6401&#44;6402&#44;6403&#44;6404&#44;6405&#44;6406&#44;6407&#44;6408&#44;6409&#44;6410&#44;6412&#44;6413&#44;6414&#44;6415&#44;6417&#44;6418&#44;6419&#44;6420&#44;6421&#44;6422&#44;6423&#44;6424&#44;6425&#44;6426&#44;6427&#44;6428&#44;6429&#44;6430&#44;6431&#44;6432&#44;6433&#44;6434&#44;6435&#44;6436&#44;6437&#44;6439&#44;6440&#44;6441&#44;6443&#44;6444&#44;6445&#44;6448&#44;6449&#44;6450&#44;6452&#44;6453&#44;6454&#44;6455&#44;6456&#44;6457&#44;6458&#44;6460&#44;6461&#44;6462&#44;6463&#44;6464&#44;6471&#44;6472&#44;6474&#44;6479&#44;6482&#44;6485&#44;6487&#44;6489&#44;6501&#44;6502&#44;6503&#44;6505&#44;6506&#44;6507&#44;6509&#44;6510&#44;6512&#44;6514&#44;6517&#44;6518&#44;6520&#44;6521&#44;6524&#44;6527&#44;6528&#44;6535&#44;6536&#44;6539&#44;6540&#44;6547&#44;6549&#44;6556&#44;6562&#44;6565&#44;6567&#44;6568&#44;6569&#44;6570&#44;6571&#44;6572&#44;6573&#44;6575&#44;6581&#44;6582&#44;6604&#44;6605&#44;6606&#44;6608&#44;6609&#44;6610&#44;6612&#44;6613&#44;6614&#44;6615&#44;6616&#44;6617&#44;6619&#44;6620&#44;6621&#44;6622&#44;6624&#44;6626&#44;6628&#44;6630&#44;6631&#44;6632&#44;6633&#44;6634&#44;6635&#44;6636&#44;6637&#44;6643&#44;6644&#44;6646&#44;6650&#44;6651&#44;6652&#44;6653&#44;6655&#44;6657&#44;6658&#44;6659&#44;6660&#44;6661&#44;6662&#44;6663&#44;6664&#44;6666&#44;6667&#44;6670&#44;6671&#44;6672&#44;6673&#44;6674&#44;6675&#44;6676&#44;6677&#44;6678&#44;6679&#44;6682&#44;6683&#44;6684&#44;6685&#44;6686&#44;6692&#44;6693&#44;6779&#44;6781&#44;6867&#44;6976&#44;6979&#44;7189&#44;7658&#44;7676&#44;8102&#44;8104&#44;8106&#44;8107&#44;8111&#44;8112&#44;8114&#44;8115&#44;8116&#44;8117&#44;8119&#44;8120&#44;8123&#44;8125&#44;8126&#44;8128&#44;8129&#44;8130&#44;8132&#44;8133&#44;8134&#44;8135&#44;8136&#44;8138&#44;8139&#44;8141&#44;8142&#44;8144&#44;8145&#44;8146&#44;8147&#44;8149&#44;8150&#44;8151&#44;8152&#44;8153&#44;8155&#44;8156&#44;8157&#44;8158&#44;8160&#44;8161&#44;8162&#44;8163&#44;8164&#44;8165&#44;8166&#44;8167&#44;8168&#44;8169&#44;8172&#44;8173&#44;8174&#44;8175&#44;8176&#44;8177&#44;8180&#44;8181&#44;8182&#44;8183&#44;8184&#44;8185&#44;8186&#44;8188&#44;8189&#44;8190&#44;8191&#44;8192&#44;8193&#44;8194&#44;8196&#44;8197&#44;8201&#44;8202&#44;8203&#44;8205&#44;8207&#44;8208&#44;8209&#44;8210&#44;8211&#44;8213&#44;8215&#44;8218&#44;8219&#44;8220&#44;8221&#44;8222&#44;8223&#44;8224&#44;8225&#44;8226&#44;8227&#44;8228&#44;8236&#44;8237&#44;8238&#44;8239&#44;8241&#44;8242&#44;8243&#44;8244&#44;8245&#44;8246&#44;8247&#44;8248&#44;8250&#44;8251&#44;8252&#44;8253&#44;8254&#44;8256&#44;8257&#44;8259&#44;8261&#44;8262&#44;8263&#44;8264&#44;8265&#44;8266&#44;8267&#44;8268&#44;8269&#44;8270&#44;8271&#44;8272&#44;8273&#44;8274&#44;8275&#44;8276&#44;8277&#44;8278&#44;8279&#44;8280&#44;8281&#44;8282&#44;8283&#44;8284&#44;8285&#44;8286&#44;8287&#44;8288&#44;8289&#44;8290&#44;8291&#44;8292&#44;8293&#44;8294&#44;8295&#44;8296&#44;8297&#44;8298&#44;8299&#44;""",8/13/21,7/23/21,N
layouts,Bakery Pallets,"""37-4&#44;77-4""",,2021,8/16/21,1-NewFolderStructure/C037_C077_Bakery_Pallets/C37_77_Bakery_Pallets_Effective_08022021_Updated_07232021/,_C37_77_Bakery_Pallets_Effective_08022021_Updated_07232021.pdf,"""4866&#44;4908&#44;4930&#44;6225&#44;6270&#44;6377&#44;6471&#44;6543&#44;6680&#44;6689&#44;6690&#44;8180&#44;""",7/28/21,7/23/21,N
layouts,Bakery Tables,"""37&#44;77""",,2021,8/16/21,1-NewFolderStructure/C037_C077_Bakery_Tables/_C77_C37_Bakery_Tables_Effective_08022021_Updated_07292021/,_C77_C37_Bakery_Tables_Effective_08022021_Updated_07292021.pdf,"""4750&#44;4846&#44;4847&#44;4936&#44;6302&#44;6305&#44;6314&#44;6317&#44;6322&#44;6327&#44;6404&#44;6575&#44;6677&#44;6678&#44;6679&#44;""",8/2/21,7/29/21,N
layouts,Coolers,42-2,,2021,8/16/21,1-NewFolderStructure/C042_Coolers/C42_Effective_08092021_Planogram_Updated_07302021/,_C42_Effective_08092021_Planogram_Updated_07302021.pdf,"""4704&#44;4709&#44;4722&#44;4732&#44;4761&#44;4767&#44;4771&#44;4799&#44;4819&#44;4822&#44;4824&#44;4825&#44;4829&#44;4830&#44;4853&#44;4855&#44;4905&#44;4955&#44;4961&#44;4983&#44;4994&#44;6235&#44;6239&#44;6240&#44;6257&#44;6261&#44;6330&#44;6332&#44;6345&#44;6360&#44;6383&#44;6536&#44;6547&#44;6549&#44;6567&#44;6581&#44;6604&#44;6609&#44;6610&#44;6614&#44;6615&#44;6619&#44;6620&#44;6621&#44;6622&#44;6624&#44;6630&#44;6631&#44;6632&#44;6650&#44;6651&#44;6670&#44;6676&#44;6684&#44;6685&#44;6692&#44;6693&#44;6779&#44;8144&#44;8145&#44;8160&#44;8161&#44;8175&#44;8191&#44;8210&#44;8226&#44;8295&#44;""",8/9/21,7/30/21,N
layouts,Meat and Seafood,"""72&#44;76&#44;93""",,2021,8/16/21,1-NewFolderStructure/C076_C072_C093_Fresh_Meat_Seafood/C72__C76_C93_Effective_08162021_Planogram_Updated_07302021/,_C72_C76_C93_Effective_08162021_Planogram_Updated_07302021.pdf,"""4109&#44;4702&#44;4703&#44;4704&#44;4707&#44;4709&#44;4710&#44;4711&#44;4712&#44;4713&#44;4718&#44;4720&#44;4721&#44;4722&#44;4724&#44;4728&#44;4729&#44;4730&#44;4731&#44;4732&#44;4735&#44;4736&#44;4738&#44;4739&#44;4740&#44;4741&#44;4742&#44;4743&#44;4745&#44;4749&#44;4750&#44;4755&#44;4761&#44;4763&#44;4764&#44;4767&#44;4768&#44;4769&#44;4770&#44;4771&#44;4772&#44;4774&#44;4775&#44;4776&#44;4777&#44;4778&#44;4780&#44;4781&#44;4782&#44;4783&#44;4784&#44;4785&#44;4786&#44;4787&#44;4789&#44;4790&#44;4791&#44;4794&#44;4795&#44;4797&#44;4798&#44;4799&#44;4801&#44;4802&#44;4804&#44;4805&#44;4808&#44;4815&#44;4816&#44;4817&#44;4818&#44;4819&#44;4820&#44;4822&#44;4824&#44;4825&#44;4828&#44;4829&#44;4830&#44;4831&#44;4836&#44;4837&#44;4839&#44;4840&#44;4843&#44;4846&#44;4847&#44;4850&#44;4851&#44;4852&#44;4853&#44;4855&#44;4857&#44;4859&#44;4860&#44;4861&#44;4870&#44;4871&#44;4872&#44;4873&#44;4874&#44;4875&#44;4876&#44;4878&#44;4879&#44;4901&#44;4905&#44;4906&#44;4908&#44;4911&#44;4914&#44;4915&#44;4917&#44;4920&#44;4926&#44;4930&#44;4933&#44;4936&#44;4938&#44;4939&#44;4942&#44;4944&#44;4946&#44;4947&#44;4948&#44;4950&#44;4952&#44;4955&#44;4958&#44;4961&#44;4962&#44;4963&#44;4969&#44;4972&#44;4973&#44;4974&#44;4982&#44;4983&#44;4985&#44;4987&#44;4989&#44;4990&#44;4991&#44;4992&#44;4994&#44;4996&#44;4998&#44;4999&#44;6181&#44;6188&#44;6189&#44;6201&#44;6202&#44;6203&#44;6204&#44;6205&#44;6212&#44;6213&#44;6216&#44;6217&#44;6218&#44;6219&#44;6220&#44;6228&#44;6235&#44;6236&#44;6238&#44;6239&#44;6240&#44;6242&#44;6244&#44;6245&#44;6246&#44;6247&#44;6249&#44;6251&#44;6252&#44;6254&#44;6255&#44;6256&#44;6257&#44;6259&#44;6260&#44;6261&#44;6262&#44;6265&#44;6267&#44;6269&#44;6275&#44;6302&#44;6304&#44;6305&#44;6307&#44;6308&#44;6309&#44;6310&#44;6311&#44;6312&#44;6313&#44;6314&#44;6315&#44;6317&#44;6319&#44;6320&#44;6321&#44;6322&#44;6324&#44;6325&#44;6326&#44;6327&#44;6328&#44;6329&#44;6330&#44;6331&#44;6332&#44;6333&#44;6334&#44;6335&#44;6336&#44;6338&#44;6339&#44;6341&#44;6342&#44;6343&#44;6344&#44;6345&#44;6347&#44;6348&#44;6349&#44;6350&#44;6351&#44;6352&#44;6353&#44;6354&#44;6355&#44;6356&#44;6357&#44;6358&#44;6359&#44;6360&#44;6361&#44;6363&#44;6364&#44;6365&#44;6366&#44;6367&#44;6368&#44;6369&#44;6371&#44;6372&#44;6373&#44;6375&#44;6376&#44;6377&#44;6378&#44;6379&#44;6380&#44;6381&#44;6382&#44;6383&#44;6384&#44;6385&#44;6386&#44;6387&#44;6388&#44;6401&#44;6402&#44;6403&#44;6404&#44;6405&#44;6406&#44;6407&#44;6408&#44;6409&#44;6410&#44;6412&#44;6413&#44;6414&#44;6415&#44;6417&#44;6418&#44;6419&#44;6420&#44;6421&#44;6422&#44;6423&#44;6424&#44;6425&#44;6426&#44;6427&#44;6428&#44;6429&#44;6430&#44;6431&#44;6432&#44;6433&#44;6434&#44;6435&#44;6436&#44;6437&#44;6439&#44;6440&#44;6441&#44;6443&#44;6444&#44;6445&#44;6448&#44;6449&#44;6450&#44;6452&#44;6453&#44;6454&#44;6455&#44;6456&#44;6457&#44;6458&#44;6460&#44;6461&#44;6462&#44;6463&#44;6464&#44;6471&#44;6472&#44;6474&#44;6479&#44;6482&#44;6485&#44;6487&#44;6489&#44;6501&#44;6502&#44;6503&#44;6505&#44;6506&#44;6507&#44;6509&#44;6510&#44;6512&#44;6514&#44;6517&#44;6518&#44;6520&#44;6521&#44;6524&#44;6527&#44;6528&#44;6533&#44;6535&#44;6536&#44;6539&#44;6540&#44;6547&#44;6549&#44;6556&#44;6562&#44;6565&#44;6567&#44;6568&#44;6569&#44;6570&#44;6571&#44;6572&#44;6573&#44;6575&#44;6581&#44;6582&#44;6604&#44;6605&#44;6606&#44;6608&#44;6609&#44;6610&#44;6612&#44;6613&#44;6614&#44;6615&#44;6616&#44;6617&#44;6619&#44;6620&#44;6621&#44;6622&#44;6624&#44;6626&#44;6628&#44;6630&#44;6631&#44;6632&#44;6633&#44;6634&#44;6635&#44;6636&#44;6637&#44;6643&#44;6644&#44;6646&#44;6650&#44;6651&#44;6652&#44;6653&#44;6655&#44;6657&#44;6658&#44;6659&#44;6660&#44;6661&#44;6662&#44;6663&#44;6664&#44;6666&#44;6667&#44;6670&#44;6671&#44;6672&#44;6673&#44;6674&#44;6675&#44;6676&#44;6677&#44;6678&#44;6679&#44;6682&#44;6683&#44;6684&#44;6685&#44;6686&#44;6692&#44;6693&#44;6779&#44;6781&#44;6867&#44;6976&#44;6979&#44;7189&#44;7658&#44;7676&#44;8102&#44;8104&#44;8106&#44;8107&#44;8111&#44;8112&#44;8114&#44;8115&#44;8116&#44;8117&#44;8119&#44;8120&#44;8123&#44;8125&#44;8126&#44;8128&#44;8129&#44;8130&#44;8132&#44;8133&#44;8134&#44;8135&#44;8136&#44;8138&#44;8139&#44;8141&#44;8142&#44;8144&#44;8145&#44;8146&#44;8147&#44;8149&#44;8150&#44;8151&#44;8152&#44;8153&#44;8155&#44;8156&#44;8157&#44;8158&#44;8160&#44;8161&#44;8162&#44;8163&#44;8164&#44;8165&#44;8166&#44;8167&#44;8168&#44;8169&#44;8172&#44;8173&#44;8174&#44;8175&#44;8176&#44;8177&#44;8180&#44;8181&#44;8182&#44;8183&#44;8184&#44;8185&#44;8186&#44;8188&#44;8189&#44;8190&#44;8191&#44;8192&#44;8193&#44;8194&#44;8196&#44;8197&#44;8201&#44;8202&#44;8203&#44;8205&#44;8207&#44;8208&#44;8209&#44;8210&#44;8211&#44;8213&#44;8215&#44;8218&#44;8219&#44;8220&#44;8221&#44;8222&#44;8223&#44;8224&#44;8225&#44;8226&#44;8227&#44;8228&#44;8236&#44;8237&#44;8238&#44;8239&#44;8241&#44;8242&#44;8243&#44;8244&#44;8245&#44;8246&#44;8247&#44;8248&#44;8250&#44;8251&#44;8252&#44;8253&#44;8254&#44;8256&#44;8257&#44;8259&#44;8261&#44;8262&#44;8263&#44;8264&#44;8265&#44;8266&#44;8267&#44;8268&#44;8269&#44;8270&#44;8271&#44;8272&#44;8273&#44;8274&#44;8275&#44;8276&#44;8277&#44;8278&#44;8279&#44;8280&#44;8281&#44;8282&#44;8283&#44;8284&#44;8285&#44;8286&#44;8287&#44;8288&#44;8289&#44;8290&#44;8291&#44;8292&#44;8293&#44;8294&#44;8295&#44;8296&#44;8297&#44;8298&#44;8299&#44;""",8/9/21,8/3/21,N
layouts,Meat and Seafood,"""72&#44;76&#44;93""",,2021,8/16/21,1-NewFolderStructure/C076_C072_C093_Fresh_Meat_Seafood/C72_C76_C93_Effective_08162021_Planogram_Updated_08132021/,_C72_C76_C93_Effective_08162021_Planogram_Updated_08132021.pdf,"""4720&#44;4728&#44;4745&#44;4749&#44;4750&#44;4755&#44;4846&#44;4860&#44;4866&#44;4926&#44;4947&#44;4950&#44;4962&#44;4963&#44;6225&#44;6242&#44;6251&#44;6257&#44;6265&#44;6270&#44;6302&#44;6305&#44;6307&#44;6308&#44;6314&#44;6317&#44;6322&#44;6326&#44;6327&#44;6372&#44;6373&#44;6375&#44;6376&#44;6380&#44;6404&#44;6406&#44;6407&#44;6410&#44;6445&#44;6450&#44;6457&#44;6460&#44;6506&#44;6517&#44;6528&#44;6543&#44;6556&#44;6569&#44;6581&#44;6622&#44;6630&#44;6644&#44;6661&#44;6675&#44;6680&#44;6685&#44;6689&#44;6690&#44;6867&#44;8106&#44;8111&#44;8117&#44;8132&#44;8133&#44;8136&#44;8152&#44;8169&#44;8188&#44;8189&#44;8192&#44;8242&#44;8244&#44;8252&#44;8266&#44;8278&#44;8281&#44;8282&#44;8299&#44;""",8/17/21,8/17/21,N
layouts,Housewares,14,,2021,8/16/21,https://sams-csp.cld.samsclub.com/clubs/,/planograms/14,"""4109&#44;4702&#44;4703&#44;4704&#44;4707&#44;4709&#44;4710&#44;4711&#44;4712&#44;4713&#44;4718&#44;4720&#44;4721&#44;4722&#44;4724&#44;4728&#44;4729&#44;4730&#44;4731&#44;4732&#44;4735&#44;4736&#44;4738&#44;4739&#44;4740&#44;4741&#44;4742&#44;4743&#44;4745&#44;4749&#44;4750&#44;4755&#44;4761&#44;4763&#44;4764&#44;4767&#44;4768&#44;4769&#44;4770&#44;4771&#44;4772&#44;4774&#44;4775&#44;4776&#44;4777&#44;4778&#44;4780&#44;4781&#44;4782&#44;4783&#44;4784&#44;4785&#44;4786&#44;4787&#44;4789&#44;4790&#44;4791&#44;4794&#44;4795&#44;4797&#44;4798&#44;4799&#44;4801&#44;4802&#44;4804&#44;4805&#44;4808&#44;4815&#44;4816&#44;4817&#44;4818&#44;4819&#44;4820&#44;4822&#44;4824&#44;4825&#44;4828&#44;4829&#44;4830&#44;4831&#44;4836&#44;4837&#44;4839&#44;4840&#44;4843&#44;4846&#44;4847&#44;4850&#44;4851&#44;4852&#44;4853&#44;4855&#44;4857&#44;4859&#44;4860&#44;4861&#44;4866&#44;4870&#44;4871&#44;4872&#44;4873&#44;4874&#44;4875&#44;4876&#44;4878&#44;4879&#44;4901&#44;4905&#44;4906&#44;4908&#44;4911&#44;4914&#44;4915&#44;4917&#44;4920&#44;4925&#44;4926&#44;4930&#44;4933&#44;4936&#44;4938&#44;4939&#44;4942&#44;4944&#44;4946&#44;4947&#44;4948&#44;4950&#44;4952&#44;4955&#44;4958&#44;4961&#44;4962&#44;4963&#44;4969&#44;4972&#44;4973&#44;4974&#44;4982&#44;4983&#44;4985&#44;4987&#44;4989&#44;4990&#44;4991&#44;4992&#44;4994&#44;4996&#44;4998&#44;4999&#44;6181&#44;6188&#44;6189&#44;6201&#44;6202&#44;6203&#44;6204&#44;6205&#44;6212&#44;6213&#44;6216&#44;6217&#44;6218&#44;6219&#44;6220&#44;6225&#44;6228&#44;6235&#44;6236&#44;6238&#44;6239&#44;6240&#44;6242&#44;6244&#44;6245&#44;6246&#44;6247&#44;6249&#44;6251&#44;6252&#44;6254&#44;6255&#44;6256&#44;6257&#44;6259&#44;6260&#44;6261&#44;6262&#44;6265&#44;6267&#44;6269&#44;6270&#44;6275&#44;6302&#44;6304&#44;6305&#44;6307&#44;6308&#44;6309&#44;6310&#44;6311&#44;6312&#44;6313&#44;6314&#44;6315&#44;6317&#44;6319&#44;6320&#44;6321&#44;6322&#44;6324&#44;6325&#44;6326&#44;6327&#44;6328&#44;6329&#44;6330&#44;6331&#44;6332&#44;6333&#44;6334&#44;6335&#44;6336&#44;6338&#44;6339&#44;6341&#44;6342&#44;6343&#44;6344&#44;6345&#44;6347&#44;6348&#44;6349&#44;6350&#44;6351&#44;6352&#44;6353&#44;6354&#44;6355&#44;6356&#44;6357&#44;6358&#44;6359&#44;6360&#44;6361&#44;6363&#44;6364&#44;6365&#44;6366&#44;6367&#44;6368&#44;6369&#44;6371&#44;6372&#44;6373&#44;6375&#44;6376&#44;6377&#44;6378&#44;6379&#44;6380&#44;6381&#44;6382&#44;6383&#44;6384&#44;6385&#44;6386&#44;6387&#44;6388&#44;6401&#44;6402&#44;6403&#44;6404&#44;6405&#44;6406&#44;6407&#44;6408&#44;6409&#44;6410&#44;6412&#44;6413&#44;6414&#44;6415&#44;6417&#44;6418&#44;6419&#44;6420&#44;6421&#44;6422&#44;6423&#44;6424&#44;6425&#44;6426&#44;6427&#44;6428&#44;6429&#44;6430&#44;6431&#44;6432&#44;6433&#44;6434&#44;6435&#44;6436&#44;6437&#44;6439&#44;6440&#44;6441&#44;6443&#44;6444&#44;6445&#44;6448&#44;6449&#44;6450&#44;6452&#44;6453&#44;6454&#44;6455&#44;6456&#44;6457&#44;6458&#44;6460&#44;6461&#44;6462&#44;6463&#44;6464&#44;6471&#44;6472&#44;6474&#44;6479&#44;6482&#44;6485&#44;6487&#44;6489&#44;6501&#44;6502&#44;6503&#44;6505&#44;6506&#44;6507&#44;6509&#44;6510&#44;6512&#44;6514&#44;6517&#44;6518&#44;6520&#44;6521&#44;6524&#44;6527&#44;6528&#44;6533&#44;6535&#44;6536&#44;6539&#44;6540&#44;6543&#44;6547&#44;6549&#44;6556&#44;6562&#44;6565&#44;6567&#44;6568&#44;6569&#44;6570&#44;6571&#44;6572&#44;6573&#44;6575&#44;6581&#44;6582&#44;6604&#44;6605&#44;6606&#44;6608&#44;6609&#44;6610&#44;6612&#44;6613&#44;6614&#44;6615&#44;6616&#44;6617&#44;6619&#44;6620&#44;6621&#44;6622&#44;6624&#44;6626&#44;6628&#44;6630&#44;6631&#44;6632&#44;6633&#44;6634&#44;6635&#44;6636&#44;6637&#44;6643&#44;6644&#44;6646&#44;6650&#44;6651&#44;6652&#44;6653&#44;6655&#44;6657&#44;6658&#44;6659&#44;6660&#44;6661&#44;6662&#44;6663&#44;6664&#44;6666&#44;6667&#44;6670&#44;6671&#44;6672&#44;6673&#44;6674&#44;6675&#44;6676&#44;6677&#44;6678&#44;6679&#44;6680&#44;6682&#44;6683&#44;6684&#44;6685&#44;6686&#44;6689&#44;6690&#44;6692&#44;6693&#44;6779&#44;6781&#44;6867&#44;6976&#44;6979&#44;7189&#44;7658&#44;7676&#44;8102&#44;8104&#44;8106&#44;8107&#44;8111&#44;8112&#44;8114&#44;8115&#44;8116&#44;8117&#44;8119&#44;8120&#44;8123&#44;8125&#44;8126&#44;8128&#44;8129&#44;8130&#44;8132&#44;8133&#44;8134&#44;8135&#44;8136&#44;8138&#44;8139&#44;8141&#44;8142&#44;8144&#44;8145&#44;8146&#44;8147&#44;8149&#44;8150&#44;8151&#44;8152&#44;8153&#44;8155&#44;8156&#44;8157&#44;8158&#44;8160&#44;8161&#44;8162&#44;8163&#44;8164&#44;8165&#44;8166&#44;8167&#44;8168&#44;8169&#44;8172&#44;8173&#44;8174&#44;8175&#44;8176&#44;8177&#44;8180&#44;8181&#44;8182&#44;8183&#44;8184&#44;8185&#44;8186&#44;8188&#44;8189&#44;8190&#44;8191&#44;8192&#44;8193&#44;8194&#44;8196&#44;8197&#44;8201&#44;8202&#44;8203&#44;8205&#44;8207&#44;8208&#44;8209&#44;8210&#44;8211&#44;8213&#44;8215&#44;8218&#44;8219&#44;8220&#44;8221&#44;8222&#44;8223&#44;8224&#44;8225&#44;8226&#44;8227&#44;8228&#44;8236&#44;8237&#44;8238&#44;8239&#44;8241&#44;8242&#44;8243&#44;8244&#44;8245&#44;8246&#44;8247&#44;8248&#44;8250&#44;8251&#44;8252&#44;8253&#44;8254&#44;8256&#44;8257&#44;8259&#44;8261&#44;8262&#44;8263&#44;8264&#44;8265&#44;8266&#44;8267&#44;8268&#44;8269&#44;8270&#44;8271&#44;8272&#44;8273&#44;8274&#44;8275&#44;8276&#44;8277&#44;8278&#44;8279&#44;8280&#44;8281&#44;8282&#44;8283&#44;8284&#44;8285&#44;8286&#44;8287&#44;8288&#44;8289&#44;8290&#44;8291&#44;8292&#44;8293&#44;8294&#44;8295&#44;8296&#44;8297&#44;8298&#44;8299&#44;""",10/11/21,10/11/21,N
layouts,DSD Bread - IWP,48,,2021,8/17/21,https://sams-csp.cld.samsclub.com/clubs/,/planograms/48,"""4109&#44;4702&#44;4703&#44;4704&#44;4707&#44;4709&#44;4710&#44;4711&#44;4712&#44;4713&#44;4718&#44;4720&#44;4721&#44;4722&#44;4724&#44;4728&#44;4729&#44;4730&#44;4731&#44;4732&#44;4735&#44;4736&#44;4738&#44;4739&#44;4740&#44;4741&#44;4742&#44;4743&#44;4745&#44;4749&#44;4750&#44;4755&#44;4761&#44;4763&#44;4764&#44;4767&#44;4768&#44;4769&#44;4770&#44;4771&#44;4772&#44;4774&#44;4775&#44;4776&#44;4777&#44;4778&#44;4780&#44;4781&#44;4782&#44;4783&#44;4784&#44;4785&#44;4786&#44;4787&#44;4789&#44;4790&#44;4791&#44;4794&#44;4795&#44;4797&#44;4798&#44;4799&#44;4801&#44;4802&#44;4804&#44;4805&#44;4808&#44;4815&#44;4816&#44;4817&#44;4818&#44;4819&#44;4820&#44;4822&#44;4824&#44;4825&#44;4828&#44;4829&#44;4830&#44;4831&#44;4836&#44;4837&#44;4839&#44;4840&#44;4843&#44;4846&#44;4847&#44;4850&#44;4851&#44;4852&#44;4853&#44;4855&#44;4857&#44;4859&#44;4860&#44;4861&#44;4866&#44;4870&#44;4871&#44;4872&#44;4873&#44;4874&#44;4875&#44;4876&#44;4878&#44;4879&#44;4901&#44;4905&#44;4906&#44;4908&#44;4911&#44;4914&#44;4915&#44;4917&#44;4920&#44;4925&#44;4926&#44;4930&#44;4933&#44;4936&#44;4938&#44;4939&#44;4942&#44;4944&#44;4946&#44;4947&#44;4948&#44;4950&#44;4952&#44;4955&#44;4958&#44;4961&#44;4962&#44;4963&#44;4969&#44;4972&#44;4973&#44;4974&#44;4982&#44;4983&#44;4985&#44;4987&#44;4989&#44;4990&#44;4991&#44;4992&#44;4994&#44;4996&#44;4998&#44;4999&#44;6181&#44;6188&#44;6189&#44;6201&#44;6202&#44;6203&#44;6204&#44;6205&#44;6212&#44;6213&#44;6216&#44;6217&#44;6218&#44;6219&#44;6220&#44;6225&#44;6228&#44;6235&#44;6236&#44;6238&#44;6239&#44;6240&#44;6242&#44;6244&#44;6245&#44;6246&#44;6247&#44;6249&#44;6251&#44;6252&#44;6254&#44;6255&#44;6256&#44;6257&#44;6259&#44;6260&#44;6261&#44;6262&#44;6265&#44;6267&#44;6269&#44;6270&#44;6275&#44;6302&#44;6304&#44;6305&#44;6307&#44;6308&#44;6309&#44;6310&#44;6311&#44;6312&#44;6313&#44;6314&#44;6315&#44;6317&#44;6319&#44;6320&#44;6321&#44;6322&#44;6324&#44;6325&#44;6326&#44;6327&#44;6328&#44;6329&#44;6330&#44;6331&#44;6332&#44;6333&#44;6334&#44;6335&#44;6336&#44;6338&#44;6339&#44;6341&#44;6342&#44;6343&#44;6344&#44;6345&#44;6347&#44;6348&#44;6349&#44;6350&#44;6351&#44;6352&#44;6353&#44;6354&#44;6355&#44;6356&#44;6357&#44;6358&#44;6359&#44;6360&#44;6361&#44;6363&#44;6364&#44;6365&#44;6366&#44;6367&#44;6368&#44;6369&#44;6371&#44;6372&#44;6373&#44;6375&#44;6376&#44;6377&#44;6378&#44;6379&#44;6380&#44;6381&#44;6382&#44;6383&#44;6384&#44;6385&#44;6386&#44;6387&#44;6388&#44;6401&#44;6402&#44;6403&#44;6404&#44;6405&#44;6406&#44;6407&#44;6408&#44;6409&#44;6410&#44;6412&#44;6413&#44;6414&#44;6415&#44;6417&#44;6418&#44;6419&#44;6420&#44;6421&#44;6422&#44;6423&#44;6424&#44;6425&#44;6426&#44;6427&#44;6428&#44;6429&#44;6430&#44;6431&#44;6432&#44;6433&#44;6434&#44;6435&#44;6436&#44;6437&#44;6439&#44;6440&#44;6441&#44;6443&#44;6444&#44;6445&#44;6448&#44;6449&#44;6450&#44;6452&#44;6453&#44;6454&#44;6455&#44;6456&#44;6457&#44;6458&#44;6460&#44;6461&#44;6462&#44;6463&#44;6464&#44;6471&#44;6472&#44;6474&#44;6479&#44;6482&#44;6485&#44;6487&#44;6489&#44;6501&#44;6502&#44;6503&#44;6505&#44;6506&#44;6507&#44;6509&#44;6510&#44;6512&#44;6514&#44;6517&#44;6518&#44;6520&#44;6521&#44;6524&#44;6527&#44;6528&#44;6533&#44;6535&#44;6536&#44;6539&#44;6540&#44;6543&#44;6547&#44;6549&#44;6556&#44;6562&#44;6565&#44;6567&#44;6568&#44;6569&#44;6570&#44;6571&#44;6572&#44;6573&#44;6575&#44;6581&#44;6582&#44;6604&#44;6605&#44;6606&#44;6608&#44;6609&#44;6610&#44;6612&#44;6613&#44;6614&#44;6615&#44;6616&#44;6617&#44;6619&#44;6620&#44;6621&#44;6622&#44;6624&#44;6626&#44;6628&#44;6630&#44;6631&#44;6632&#44;6633&#44;6634&#44;6635&#44;6636&#44;6637&#44;6643&#44;6644&#44;6646&#44;6650&#44;6651&#44;6652&#44;6653&#44;6655&#44;6657&#44;6658&#44;6659&#44;6660&#44;6661&#44;6662&#44;6663&#44;6664&#44;6666&#44;6667&#44;6670&#44;6671&#44;6672&#44;6673&#44;6674&#44;6675&#44;6676&#44;6677&#44;6678&#44;6679&#44;6680&#44;6682&#44;6683&#44;6684&#44;6685&#44;6686&#44;6689&#44;6690&#44;6692&#44;6693&#44;6779&#44;6781&#44;6867&#44;6976&#44;6979&#44;7189&#44;7658&#44;7676&#44;8102&#44;8104&#44;8106&#44;8107&#44;8111&#44;8112&#44;8114&#44;8115&#44;8116&#44;8117&#44;8119&#44;8120&#44;8123&#44;8125&#44;8126&#44;8128&#44;8129&#44;8130&#44;8132&#44;8133&#44;8134&#44;8135&#44;8136&#44;8138&#44;8139&#44;8141&#44;8142&#44;8144&#44;8145&#44;8146&#44;8147&#44;8149&#44;8150&#44;8151&#44;8152&#44;8153&#44;8155&#44;8156&#44;8157&#44;8158&#44;8160&#44;8161&#44;8162&#44;8163&#44;8164&#44;8165&#44;8166&#44;8167&#44;8168&#44;8169&#44;8172&#44;8173&#44;8174&#44;8175&#44;8176&#44;8177&#44;8180&#44;8181&#44;8182&#44;8183&#44;8184&#44;8185&#44;8186&#44;8188&#44;8189&#44;8190&#44;8191&#44;8192&#44;8193&#44;8194&#44;8196&#44;8197&#44;8201&#44;8202&#44;8203&#44;8205&#44;8207&#44;8208&#44;8209&#44;8210&#44;8211&#44;8213&#44;8215&#44;8218&#44;8219&#44;8220&#44;8221&#44;8222&#44;8223&#44;8224&#44;8225&#44;8226&#44;8227&#44;8228&#44;8236&#44;8237&#44;8238&#44;8239&#44;8241&#44;8242&#44;8243&#44;8244&#44;8245&#44;8246&#44;8247&#44;8248&#44;8250&#44;8251&#44;8252&#44;8253&#44;8254&#44;8256&#44;8257&#44;8259&#44;8261&#44;8262&#44;8263&#44;8264&#44;8265&#44;8266&#44;8267&#44;8268&#44;8269&#44;8270&#44;8271&#44;8272&#44;8273&#44;8274&#44;8275&#44;8276&#44;8277&#44;8278&#44;8279&#44;8280&#44;8281&#44;8282&#44;8283&#44;8284&#44;8285&#44;8286&#44;8287&#44;8288&#44;8289&#44;8290&#44;8291&#44;8292&#44;8293&#44;8294&#44;8295&#44;8296&#44;8297&#44;8298&#44;8299&#44;""",8/17/21,8/17/21,N
layouts,Restaurant Supplies,53,,2021,8/17/21,https://sams-csp.cld.samsclub.com/clubs/,/planograms/53,"""4109&#44;4702&#44;4703&#44;4704&#44;4707&#44;4709&#44;4710&#44;4711&#44;4712&#44;4713&#44;4718&#44;4720&#44;4721&#44;4722&#44;4724&#44;4728&#44;4729&#44;4730&#44;4731&#44;4732&#44;4735&#44;4736&#44;4738&#44;4739&#44;4740&#44;4741&#44;4742&#44;4743&#44;4745&#44;4749&#44;4750&#44;4755&#44;4761&#44;4763&#44;4764&#44;4767&#44;4768&#44;4769&#44;4770&#44;4771&#44;4772&#44;4774&#44;4775&#44;4776&#44;4777&#44;4778&#44;4780&#44;4781&#44;4782&#44;4783&#44;4784&#44;4785&#44;4786&#44;4787&#44;4789&#44;4790&#44;4791&#44;4794&#44;4795&#44;4797&#44;4798&#44;4799&#44;4801&#44;4802&#44;4804&#44;4805&#44;4808&#44;4815&#44;4816&#44;4817&#44;4818&#44;4819&#44;4820&#44;4822&#44;4824&#44;4825&#44;4828&#44;4829&#44;4830&#44;4831&#44;4836&#44;4837&#44;4839&#44;4840&#44;4843&#44;4846&#44;4847&#44;4850&#44;4851&#44;4852&#44;4853&#44;4855&#44;4857&#44;4859&#44;4860&#44;4861&#44;4866&#44;4870&#44;4871&#44;4872&#44;4873&#44;4874&#44;4875&#44;4876&#44;4878&#44;4879&#44;4901&#44;4905&#44;4906&#44;4908&#44;4911&#44;4914&#44;4915&#44;4917&#44;4920&#44;4925&#44;4926&#44;4930&#44;4933&#44;4936&#44;4938&#44;4939&#44;4942&#44;4944&#44;4946&#44;4947&#44;4948&#44;4950&#44;4952&#44;4955&#44;4958&#44;4961&#44;4962&#44;4963&#44;4969&#44;4972&#44;4973&#44;4974&#44;4982&#44;4983&#44;4985&#44;4987&#44;4989&#44;4990&#44;4991&#44;4992&#44;4994&#44;4996&#44;4998&#44;4999&#44;6181&#44;6188&#44;6189&#44;6201&#44;6202&#44;6203&#44;6204&#44;6205&#44;6212&#44;6213&#44;6216&#44;6217&#44;6218&#44;6219&#44;6220&#44;6225&#44;6228&#44;6235&#44;6236&#44;6238&#44;6239&#44;6240&#44;6242&#44;6244&#44;6245&#44;6246&#44;6247&#44;6249&#44;6251&#44;6252&#44;6254&#44;6255&#44;6256&#44;6257&#44;6259&#44;6260&#44;6261&#44;6262&#44;6265&#44;6267&#44;6269&#44;6270&#44;6275&#44;6302&#44;6304&#44;6305&#44;6307&#44;6308&#44;6309&#44;6310&#44;6311&#44;6312&#44;6313&#44;6314&#44;6315&#44;6317&#44;6319&#44;6320&#44;6321&#44;6322&#44;6324&#44;6325&#44;6326&#44;6327&#44;6328&#44;6329&#44;6330&#44;6331&#44;6332&#44;6333&#44;6334&#44;6335&#44;6336&#44;6338&#44;6339&#44;6341&#44;6342&#44;6343&#44;6344&#44;6345&#44;6347&#44;6348&#44;6349&#44;6350&#44;6351&#44;6352&#44;6353&#44;6354&#44;6355&#44;6356&#44;6357&#44;6358&#44;6359&#44;6360&#44;6361&#44;6363&#44;6364&#44;6365&#44;6366&#44;6367&#44;6368&#44;6369&#44;6371&#44;6372&#44;6373&#44;6375&#44;6376&#44;6377&#44;6378&#44;6379&#44;6380&#44;6381&#44;6382&#44;6383&#44;6384&#44;6385&#44;6386&#44;6387&#44;6388&#44;6401&#44;6402&#44;6403&#44;6404&#44;6405&#44;6406&#44;6407&#44;6408&#44;6409&#44;6410&#44;6412&#44;6413&#44;6414&#44;6415&#44;6417&#44;6418&#44;6419&#44;6420&#44;6421&#44;6422&#44;6423&#44;6424&#44;6425&#44;6426&#44;6427&#44;6428&#44;6429&#44;6430&#44;6431&#44;6432&#44;6433&#44;6434&#44;6435&#44;6436&#44;6437&#44;6439&#44;6440&#44;6441&#44;6443&#44;6444&#44;6445&#44;6448&#44;6449&#44;6450&#44;6452&#44;6453&#44;6454&#44;6455&#44;6456&#44;6457&#44;6458&#44;6460&#44;6461&#44;6462&#44;6463&#44;6464&#44;6471&#44;6472&#44;6474&#44;6479&#44;6482&#44;6485&#44;6487&#44;6489&#44;6501&#44;6502&#44;6503&#44;6505&#44;6506&#44;6507&#44;6509&#44;6510&#44;6512&#44;6514&#44;6517&#44;6518&#44;6520&#44;6521&#44;6524&#44;6527&#44;6528&#44;6533&#44;6535&#44;6536&#44;6539&#44;6540&#44;6543&#44;6547&#44;6549&#44;6556&#44;6562&#44;6565&#44;6567&#44;6568&#44;6569&#44;6570&#44;6571&#44;6572&#44;6573&#44;6575&#44;6581&#44;6582&#44;6604&#44;6605&#44;6606&#44;6608&#44;6609&#44;6610&#44;6612&#44;6613&#44;6614&#44;6615&#44;6616&#44;6617&#44;6619&#44;6620&#44;6621&#44;6622&#44;6624&#44;6626&#44;6628&#44;6630&#44;6631&#44;6632&#44;6633&#44;6634&#44;6635&#44;6636&#44;6637&#44;6643&#44;6644&#44;6646&#44;6650&#44;6651&#44;6652&#44;6653&#44;6655&#44;6657&#44;6658&#44;6659&#44;6660&#44;6661&#44;6662&#44;6663&#44;6664&#44;6666&#44;6667&#44;6670&#44;6671&#44;6672&#44;6673&#44;6674&#44;6675&#44;6676&#44;6677&#44;6678&#44;6679&#44;6680&#44;6682&#44;6683&#44;6684&#44;6685&#44;6686&#44;6689&#44;6690&#44;6692&#44;6693&#44;6779&#44;6781&#44;6867&#44;6976&#44;6979&#44;7189&#44;7658&#44;7676&#44;8102&#44;8104&#44;8106&#44;8107&#44;8111&#44;8112&#44;8114&#44;8115&#44;8116&#44;8117&#44;8119&#44;8120&#44;8123&#44;8125&#44;8126&#44;8128&#44;8129&#44;8130&#44;8132&#44;8133&#44;8134&#44;8135&#44;8136&#44;8138&#44;8139&#44;8141&#44;8142&#44;8144&#44;8145&#44;8146&#44;8147&#44;8149&#44;8150&#44;8151&#44;8152&#44;8153&#44;8155&#44;8156&#44;8157&#44;8158&#44;8160&#44;8161&#44;8162&#44;8163&#44;8164&#44;8165&#44;8166&#44;8167&#44;8168&#44;8169&#44;8172&#44;8173&#44;8174&#44;8175&#44;8176&#44;8177&#44;8180&#44;8181&#44;8182&#44;8183&#44;8184&#44;8185&#44;8186&#44;8188&#44;8189&#44;8190&#44;8191&#44;8192&#44;8193&#44;8194&#44;8196&#44;8197&#44;8201&#44;8202&#44;8203&#44;8205&#44;8207&#44;8208&#44;8209&#44;8210&#44;8211&#44;8213&#44;8215&#44;8218&#44;8219&#44;8220&#44;8221&#44;8222&#44;8223&#44;8224&#44;8225&#44;8226&#44;8227&#44;8228&#44;8236&#44;8237&#44;8238&#44;8239&#44;8241&#44;8242&#44;8243&#44;8244&#44;8245&#44;8246&#44;8247&#44;8248&#44;8250&#44;8251&#44;8252&#44;8253&#44;8254&#44;8256&#44;8257&#44;8259&#44;8261&#44;8262&#44;8263&#44;8264&#44;8265&#44;8266&#44;8267&#44;8268&#44;8269&#44;8270&#44;8271&#44;8272&#44;8273&#44;8274&#44;8275&#44;8276&#44;8277&#44;8278&#44;8279&#44;8280&#44;8281&#44;8282&#44;8283&#44;8284&#44;8285&#44;8286&#44;8287&#44;8288&#44;8289&#44;8290&#44;8291&#44;8292&#44;8293&#44;8294&#44;8295&#44;8296&#44;8297&#44;8298&#44;8299&#44;""",8/17/21,8/17/21,N
layouts,Cake Case,"""37-3&#44;77-3""",,2021,8/17/21,1-NewFolderStructure/C037_C077_Cake_Case/C77_C37_Effective_08162021_Updated_08172021/,_C77_C37_Effective_08162021_Updated_08172021.pdf,"""4109&#44;4702&#44;4703&#44;4704&#44;4707&#44;4709&#44;4710&#44;4711&#44;4712&#44;4713&#44;4718&#44;4720&#44;4721&#44;4722&#44;4724&#44;4728&#44;4729&#44;4730&#44;4731&#44;4732&#44;4735&#44;4736&#44;4738&#44;4739&#44;4740&#44;4741&#44;4742&#44;4743&#44;4745&#44;4749&#44;4750&#44;4755&#44;4761&#44;4763&#44;4764&#44;4767&#44;4768&#44;4769&#44;4770&#44;4771&#44;4772&#44;4774&#44;4775&#44;4776&#44;4777&#44;4778&#44;4780&#44;4781&#44;4782&#44;4783&#44;4784&#44;4785&#44;4786&#44;4787&#44;4789&#44;4790&#44;4791&#44;4794&#44;4795&#44;4797&#44;4798&#44;4799&#44;4801&#44;4802&#44;4804&#44;4805&#44;4808&#44;4815&#44;4816&#44;4817&#44;4818&#44;4819&#44;4820&#44;4822&#44;4824&#44;4825&#44;4828&#44;4829&#44;4830&#44;4831&#44;4836&#44;4837&#44;4839&#44;4840&#44;4843&#44;4846&#44;4847&#44;4850&#44;4851&#44;4852&#44;4853&#44;4855&#44;4857&#44;4859&#44;4860&#44;4861&#44;4870&#44;4871&#44;4872&#44;4873&#44;4874&#44;4875&#44;4876&#44;4878&#44;4879&#44;4901&#44;4905&#44;4906&#44;4908&#44;4911&#44;4914&#44;4915&#44;4917&#44;4920&#44;4926&#44;4933&#44;4936&#44;4938&#44;4939&#44;4942&#44;4944&#44;4946&#44;4947&#44;4948&#44;4950&#44;4952&#44;4955&#44;4958&#44;4961&#44;4962&#44;4963&#44;4969&#44;4972&#44;4973&#44;4974&#44;4982&#44;4983&#44;4985&#44;4987&#44;4989&#44;4990&#44;4991&#44;4992&#44;4994&#44;4996&#44;4998&#44;4999&#44;6181&#44;6188&#44;6189&#44;6201&#44;6202&#44;6203&#44;6204&#44;6205&#44;6212&#44;6213&#44;6216&#44;6217&#44;6218&#44;6219&#44;6220&#44;6228&#44;6235&#44;6236&#44;6238&#44;6239&#44;6240&#44;6242&#44;6244&#44;6245&#44;6246&#44;6247&#44;6249&#44;6251&#44;6252&#44;6254&#44;6255&#44;6256&#44;6257&#44;6259&#44;6260&#44;6261&#44;6262&#44;6265&#44;6267&#44;6269&#44;6275&#44;6302&#44;6304&#44;6305&#44;6307&#44;6308&#44;6309&#44;6310&#44;6311&#44;6312&#44;6313&#44;6314&#44;6315&#44;6317&#44;6319&#44;6320&#44;6321&#44;6322&#44;6324&#44;6325&#44;6326&#44;6327&#44;6328&#44;6329&#44;6330&#44;6331&#44;6332&#44;6333&#44;6334&#44;6335&#44;6336&#44;6338&#44;6339&#44;6341&#44;6342&#44;6343&#44;6344&#44;6345&#44;6347&#44;6348&#44;6349&#44;6350&#44;6351&#44;6352&#44;6353&#44;6354&#44;6355&#44;6356&#44;6357&#44;6358&#44;6359&#44;6360&#44;6361&#44;6363&#44;6364&#44;6365&#44;6366&#44;6367&#44;6368&#44;6369&#44;6371&#44;6372&#44;6373&#44;6375&#44;6376&#44;6377&#44;6378&#44;6379&#44;6380&#44;6381&#44;6382&#44;6383&#44;6384&#44;6385&#44;6386&#44;6387&#44;6388&#44;6401&#44;6402&#44;6403&#44;6404&#44;6405&#44;6406&#44;6407&#44;6408&#44;6409&#44;6410&#44;6412&#44;6413&#44;6414&#44;6415&#44;6417&#44;6418&#44;6419&#44;6420&#44;6421&#44;6422&#44;6423&#44;6424&#44;6425&#44;6426&#44;6427&#44;6428&#44;6429&#44;6430&#44;6431&#44;6432&#44;6433&#44;6434&#44;6435&#44;6436&#44;6437&#44;6439&#44;6440&#44;6441&#44;6443&#44;6444&#44;6445&#44;6448&#44;6449&#44;6450&#44;6452&#44;6453&#44;6454&#44;6455&#44;6456&#44;6457&#44;6458&#44;6460&#44;6461&#44;6462&#44;6463&#44;6464&#44;6471&#44;6472&#44;6474&#44;6479&#44;6482&#44;6485&#44;6487&#44;6489&#44;6501&#44;6502&#44;6503&#44;6505&#44;6506&#44;6507&#44;6509&#44;6510&#44;6512&#44;6514&#44;6517&#44;6518&#44;6520&#44;6521&#44;6524&#44;6527&#44;6528&#44;6535&#44;6536&#44;6539&#44;6540&#44;6547&#44;6549&#44;6556&#44;6562&#44;6565&#44;6567&#44;6568&#44;6569&#44;6570&#44;6571&#44;6572&#44;6573&#44;6575&#44;6581&#44;6582&#44;6604&#44;6605&#44;6606&#44;6608&#44;6609&#44;6610&#44;6612&#44;6613&#44;6614&#44;6615&#44;6616&#44;6617&#44;6619&#44;6620&#44;6621&#44;6622&#44;6624&#44;6626&#44;6628&#44;6630&#44;6631&#44;6632&#44;6633&#44;6634&#44;6635&#44;6636&#44;6637&#44;6643&#44;6644&#44;6646&#44;6650&#44;6651&#44;6652&#44;6653&#44;6655&#44;6657&#44;6658&#44;6659&#44;6660&#44;6661&#44;6662&#44;6663&#44;6664&#44;6666&#44;6667&#44;6670&#44;6671&#44;6672&#44;6673&#44;6674&#44;6675&#44;6676&#44;6677&#44;6678&#44;6679&#44;6682&#44;6683&#44;6684&#44;6685&#44;6686&#44;6692&#44;6693&#44;6779&#44;6781&#44;6867&#44;6976&#44;6979&#44;7189&#44;7658&#44;7676&#44;8102&#44;8104&#44;8106&#44;8107&#44;8111&#44;8112&#44;8114&#44;8115&#44;8116&#44;8117&#44;8119&#44;8120&#44;8123&#44;8125&#44;8126&#44;8128&#44;8129&#44;8130&#44;8132&#44;8133&#44;8134&#44;8135&#44;8136&#44;8138&#44;8139&#44;8141&#44;8142&#44;8144&#44;8145&#44;8146&#44;8147&#44;8149&#44;8150&#44;8151&#44;8152&#44;8153&#44;8155&#44;8156&#44;8157&#44;8158&#44;8160&#44;8161&#44;8162&#44;8163&#44;8164&#44;8165&#44;8166&#44;8167&#44;8168&#44;8169&#44;8172&#44;8173&#44;8174&#44;8175&#44;8176&#44;8177&#44;8180&#44;8181&#44;8182&#44;8183&#44;8184&#44;8185&#44;8186&#44;8188&#44;8189&#44;8190&#44;8191&#44;8192&#44;8193&#44;8194&#44;8196&#44;8197&#44;8201&#44;8202&#44;8203&#44;8205&#44;8207&#44;8208&#44;8209&#44;8210&#44;8211&#44;8213&#44;8215&#44;8218&#44;8219&#44;8220&#44;8221&#44;8222&#44;8223&#44;8224&#44;8225&#44;8226&#44;8227&#44;8228&#44;8236&#44;8237&#44;8238&#44;8239&#44;8241&#44;8242&#44;8243&#44;8244&#44;8245&#44;8246&#44;8247&#44;8248&#44;8250&#44;8251&#44;8252&#44;8253&#44;8254&#44;8256&#44;8257&#44;8259&#44;8261&#44;8262&#44;8263&#44;8264&#44;8265&#44;8266&#44;8267&#44;8268&#44;8269&#44;8270&#44;8271&#44;8272&#44;8273&#44;8274&#44;8275&#44;8276&#44;8277&#44;8278&#44;8279&#44;8280&#44;8281&#44;8282&#44;8283&#44;8284&#44;8285&#44;8286&#44;8287&#44;8288&#44;8289&#44;8290&#44;8291&#44;8292&#44;8293&#44;8294&#44;8295&#44;8296&#44;8297&#44;8298&#44;8299&#44;""",8/17/21,8/17/21,N
layouts,Deli,57,,2021,8/23/21,1-NewFolderStructure/C057_Deli/C57_Effective_09062021_Planogram_Update_08-18-2021/,_C57_Effective_09062021_Planogram_Update_08-18-2021.pdf,"""4791&#44;6202&#44;6269&#44;6336&#44;6367&#44;6421&#44;6471&#44;6535&#44;8126&#44;8185&#44;8239&#44;8244&#44;8280&#44;""",8/23/21,8/18/21,N
layouts,Bakery Tables,"""37&#44;77""",,2021,8/23/21,1-NewFolderStructure/C037_C077_Bakery_Tables/C37_77_Bakery_Tables_Effective_08232021_Updated_08182021/,_C37_77_Bakery_Tables_Effective_08232021_Updated_08182021.pdf,"""4791&#44;6202&#44;6269&#44;6336&#44;6356&#44;6367&#44;6406&#44;6421&#44;6471&#44;6514&#44;6535&#44;6568&#44;6617&#44;8126&#44;8145&#44;8185&#44;8239&#44;8244&#44;8280&#44;""",8/23/21,8/18/21,N
layouts,Bakery Dessert,"""37-2&#44;77-2""",,2021,8/23/21,1-NewFolderStructure/C037_C077_Bakery_Dessert/C77_C37_Effective_08232021_Updated_08182021/,_C77_C37_Effective_08232021_Updated_08182021.pdf,"""4791&#44;6202&#44;6269&#44;6336&#44;6356&#44;6367&#44;6406&#44;6421&#44;6471&#44;6514&#44;6535&#44;6568&#44;6617&#44;8126&#44;8145&#44;8185&#44;8239&#44;8244&#44;8280&#44;""",8/23/21,8/18/21,N
layouts,Cake Case,"""37-3&#44;77-3""",,2021,8/23/21,1-NewFolderStructure/C037_C077_Cake_Case/C77_C37_Effective_08232021_Updated_08182021/,_C77_C37_Effective_08232021_Updated_08182021.pdf,"""4791&#44;6202&#44;6269&#44;6336&#44;6356&#44;6367&#44;6406&#44;6421&#44;6471&#44;6514&#44;6535&#44;6568&#44;6617&#44;8126&#44;8145&#44;8185&#44;8239&#44;8244&#44;8280&#44;""",8/23/21,8/18/21,N
layouts,Bakery Pallets,"""37-4&#44;77-4""",,2021,8/23/21,1-NewFolderStructure/C037_C077_Bakery_Pallets/C37_77_Bakery_Pallets_Effective_08232021_Updated_08182021/,_C37_77_Bakery_Pallets_Effective_08232021_Updated_08182021.pdf,"""4791&#44;6202&#44;6269&#44;6336&#44;6356&#44;6367&#44;6406&#44;6421&#44;6471&#44;6514&#44;6535&#44;6568&#44;6617&#44;8126&#44;8145&#44;8185&#44;8239&#44;8244&#44;8280&#44;""",8/23/21,8/18/21,N
layouts,Coolers,42-2,,2021,8/23/21,1-NewFolderStructure/C042_Coolers/C42_Effective_08192021_Planogram_Updated_08192021/,_C42_Effective_08192021_Planogram_Updated_08192021.pdf,"""4791&#44;6202&#44;6269&#44;6336&#44;6356&#44;6367&#44;6406&#44;6421&#44;6471&#44;6514&#44;6535&#44;6568&#44;6617&#44;8126&#44;8145&#44;8185&#44;8239&#44;8244&#44;8280&#44;""",8/19/21,8/18/21,N
layouts,HMS,79-2,,2021,8/23/21,1-NewFolderStructure/C079_HMS/C79_HMS_Effective_09062021/,_C79_HMS_Effective_09062021.pdf,"""4791&#44;6202&#44;6269&#44;6336&#44;6367&#44;6421&#44;6535&#44;8126&#44;8185&#44;8239&#44;8244&#44;8280&#44;""",8/19/21,8/18/21,N
layouts,Meat and Seafood,"""72&#44;76&#44;93""",,2021,8/23/21,1-NewFolderStructure/C076_C072_C093_Fresh_Meat_Seafood/C72_C76_C93_Effective_08162021_Planogram_Updated_08202021/,_C72_C76_C93_Effective_08162021_Planogram_Updated_08202021.pdf,"""4791&#44;6202&#44;6269&#44;6336&#44;6367&#44;6421&#44;6471&#44;6535&#44;8126&#44;8185&#44;8239&#44;8244&#44;8280&#44;""",8/23/21,8/23/21,N
layouts,Deli,57,,2021,8/30/21,1-NewFolderStructure/C057_Deli/C57_Effective_08302021_Planogram_Update_08-27-2021/,_C57_Effective_08302021_Planogram_Update_08-27-2021.pdf,"""6440&#44;""",8/30/21,8/28/21,N
layouts,Bakery Tables,"""37&#44;77""",,2021,9/6/21,1-NewFolderStructure/C037_C077_Bakery_Tables/C37_77_Bakery_Tables_Effective_09062021_Updated_08272021/,_C37_77_Bakery_Tables_Effective_09062021_Updated_08272021.pdf,"""4109&#44;4702&#44;4703&#44;4704&#44;4707&#44;4709&#44;4710&#44;4711&#44;4712&#44;4713&#44;4718&#44;4720&#44;4721&#44;4722&#44;4724&#44;4728&#44;4729&#44;4730&#44;4731&#44;4732&#44;4735&#44;4736&#44;4738&#44;4739&#44;4740&#44;4741&#44;4742&#44;4743&#44;4745&#44;4749&#44;4750&#44;4755&#44;4761&#44;4763&#44;4764&#44;4767&#44;4768&#44;4769&#44;4770&#44;4771&#44;4772&#44;4774&#44;4775&#44;4776&#44;4777&#44;4778&#44;4780&#44;4781&#44;4782&#44;4783&#44;4784&#44;4785&#44;4786&#44;4787&#44;4789&#44;4790&#44;4791&#44;4794&#44;4795&#44;4797&#44;4798&#44;4799&#44;4801&#44;4802&#44;4804&#44;4805&#44;4808&#44;4815&#44;4816&#44;4817&#44;4818&#44;4819&#44;4820&#44;4822&#44;4824&#44;4825&#44;4828&#44;4829&#44;4830&#44;4831&#44;4836&#44;4837&#44;4839&#44;4840&#44;4843&#44;4846&#44;4847&#44;4850&#44;4851&#44;4852&#44;4853&#44;4855&#44;4857&#44;4859&#44;4860&#44;4861&#44;4866&#44;4870&#44;4871&#44;4872&#44;4873&#44;4874&#44;4875&#44;4876&#44;4878&#44;4879&#44;4901&#44;4905&#44;4906&#44;4908&#44;4911&#44;4914&#44;4915&#44;4917&#44;4920&#44;4925&#44;4926&#44;4933&#44;4936&#44;4938&#44;4939&#44;4942&#44;4944&#44;4946&#44;4947&#44;4948&#44;4950&#44;4952&#44;4955&#44;4958&#44;4961&#44;4962&#44;4963&#44;4969&#44;4972&#44;4973&#44;4974&#44;4982&#44;4983&#44;4985&#44;4987&#44;4989&#44;4990&#44;4991&#44;4992&#44;4994&#44;4996&#44;4998&#44;4999&#44;6181&#44;6188&#44;6189&#44;6201&#44;6202&#44;6203&#44;6204&#44;6205&#44;6212&#44;6213&#44;6216&#44;6217&#44;6218&#44;6219&#44;6220&#44;6225&#44;6228&#44;6235&#44;6236&#44;6238&#44;6239&#44;6240&#44;6242&#44;6244&#44;6245&#44;6246&#44;6247&#44;6249&#44;6251&#44;6252&#44;6254&#44;6255&#44;6256&#44;6257&#44;6259&#44;6260&#44;6261&#44;6262&#44;6265&#44;6267&#44;6269&#44;6270&#44;6275&#44;6302&#44;6304&#44;6305&#44;6307&#44;6308&#44;6309&#44;6310&#44;6311&#44;6312&#44;6313&#44;6314&#44;6315&#44;6317&#44;6319&#44;6320&#44;6321&#44;6322&#44;6324&#44;6325&#44;6326&#44;6327&#44;6328&#44;6329&#44;6330&#44;6331&#44;6332&#44;6333&#44;6334&#44;6335&#44;6336&#44;6338&#44;6339&#44;6341&#44;6342&#44;6343&#44;6344&#44;6345&#44;6347&#44;6348&#44;6349&#44;6350&#44;6351&#44;6352&#44;6353&#44;6354&#44;6355&#44;6356&#44;6357&#44;6358&#44;6359&#44;6360&#44;6361&#44;6363&#44;6364&#44;6365&#44;6366&#44;6367&#44;6368&#44;6369&#44;6371&#44;6372&#44;6373&#44;6375&#44;6376&#44;6378&#44;6379&#44;6380&#44;6381&#44;6382&#44;6383&#44;6384&#44;6385&#44;6386&#44;6387&#44;6388&#44;6401&#44;6402&#44;6403&#44;6404&#44;6405&#44;6406&#44;6407&#44;6408&#44;6409&#44;6410&#44;6412&#44;6413&#44;6414&#44;6415&#44;6417&#44;6418&#44;6419&#44;6420&#44;6421&#44;6422&#44;6423&#44;6424&#44;6425&#44;6426&#44;6427&#44;6428&#44;6429&#44;6430&#44;6431&#44;6432&#44;6433&#44;6434&#44;6435&#44;6436&#44;6437&#44;6439&#44;6440&#44;6441&#44;6443&#44;6444&#44;6445&#44;6448&#44;6449&#44;6450&#44;6452&#44;6453&#44;6454&#44;6455&#44;6456&#44;6457&#44;6458&#44;6460&#44;6461&#44;6462&#44;6463&#44;6464&#44;6471&#44;6472&#44;6474&#44;6479&#44;6482&#44;6485&#44;6487&#44;6489&#44;6501&#44;6502&#44;6503&#44;6505&#44;6506&#44;6507&#44;6509&#44;6510&#44;6512&#44;6514&#44;6517&#44;6518&#44;6520&#44;6521&#44;6524&#44;6527&#44;6528&#44;6535&#44;6536&#44;6539&#44;6540&#44;6543&#44;6547&#44;6549&#44;6556&#44;6562&#44;6565&#44;6567&#44;6568&#44;6569&#44;6570&#44;6571&#44;6572&#44;6573&#44;6575&#44;6581&#44;6582&#44;6604&#44;6605&#44;6606&#44;6608&#44;6609&#44;6610&#44;6612&#44;6613&#44;6614&#44;6615&#44;6616&#44;6617&#44;6619&#44;6620&#44;6621&#44;6622&#44;6624&#44;6626&#44;6628&#44;6630&#44;6631&#44;6632&#44;6633&#44;6634&#44;6635&#44;6636&#44;6637&#44;6643&#44;6644&#44;6646&#44;6650&#44;6651&#44;6652&#44;6653&#44;6655&#44;6657&#44;6658&#44;6659&#44;6660&#44;6661&#44;6662&#44;6663&#44;6664&#44;6666&#44;6667&#44;6670&#44;6671&#44;6672&#44;6673&#44;6674&#44;6675&#44;6676&#44;6677&#44;6678&#44;6679&#44;6680&#44;6682&#44;6683&#44;6684&#44;6685&#44;6686&#44;6689&#44;6690&#44;6692&#44;6693&#44;6779&#44;6781&#44;6867&#44;6976&#44;6979&#44;7189&#44;7658&#44;7676&#44;8102&#44;8104&#44;8106&#44;8107&#44;8111&#44;8112&#44;8114&#44;8115&#44;8116&#44;8117&#44;8119&#44;8120&#44;8123&#44;8125&#44;8126&#44;8128&#44;8129&#44;8130&#44;8132&#44;8133&#44;8134&#44;8135&#44;8136&#44;8138&#44;8139&#44;8141&#44;8142&#44;8144&#44;8145&#44;8146&#44;8147&#44;8149&#44;8150&#44;8151&#44;8152&#44;8153&#44;8155&#44;8156&#44;8157&#44;8158&#44;8160&#44;8161&#44;8162&#44;8163&#44;8164&#44;8165&#44;8166&#44;8167&#44;8168&#44;8169&#44;8172&#44;8173&#44;8174&#44;8175&#44;8176&#44;8177&#44;8180&#44;8181&#44;8182&#44;8183&#44;8184&#44;8185&#44;8186&#44;8188&#44;8189&#44;8190&#44;8191&#44;8192&#44;8193&#44;8194&#44;8196&#44;8197&#44;8201&#44;8202&#44;8203&#44;8205&#44;8207&#44;8208&#44;8209&#44;8210&#44;8211&#44;8213&#44;8215&#44;8218&#44;8219&#44;8220&#44;8221&#44;8222&#44;8223&#44;8224&#44;8225&#44;8226&#44;8227&#44;8228&#44;8236&#44;8237&#44;8238&#44;8239&#44;8241&#44;8242&#44;8243&#44;8244&#44;8245&#44;8246&#44;8247&#44;8248&#44;8250&#44;8251&#44;8252&#44;8253&#44;8254&#44;8256&#44;8257&#44;8259&#44;8261&#44;8262&#44;8263&#44;8264&#44;8265&#44;8266&#44;8267&#44;8268&#44;8269&#44;8270&#44;8271&#44;8272&#44;8273&#44;8274&#44;8275&#44;8276&#44;8277&#44;8278&#44;8279&#44;8280&#44;8281&#44;8282&#44;8283&#44;8284&#44;8285&#44;8286&#44;8287&#44;8288&#44;8289&#44;8290&#44;8291&#44;8292&#44;8293&#44;8294&#44;8295&#44;8296&#44;8297&#44;8298&#44;8299&#44;""",9/6/21,8/30/21,N
layouts,Bakery Dessert,"""37-2&#44;77-2""",,2021,9/6/21,1-NewFolderStructure/C037_C077_Bakery_Dessert/C77_C37_Effective_09062021_Updated_08272021/,_C77_C37_Effective_09062021_Updated_08272021.pdf,"""4109&#44;4702&#44;4703&#44;4704&#44;4707&#44;4709&#44;4710&#44;4711&#44;4712&#44;4713&#44;4718&#44;4720&#44;4721&#44;4722&#44;4724&#44;4728&#44;4729&#44;4730&#44;4731&#44;4732&#44;4735&#44;4736&#44;4738&#44;4739&#44;4740&#44;4741&#44;4742&#44;4743&#44;4745&#44;4749&#44;4750&#44;4755&#44;4761&#44;4763&#44;4764&#44;4767&#44;4768&#44;4769&#44;4770&#44;4771&#44;4772&#44;4774&#44;4775&#44;4776&#44;4777&#44;4778&#44;4780&#44;4781&#44;4782&#44;4783&#44;4784&#44;4785&#44;4786&#44;4787&#44;4789&#44;4790&#44;4791&#44;4794&#44;4795&#44;4797&#44;4798&#44;4799&#44;4801&#44;4802&#44;4804&#44;4805&#44;4808&#44;4815&#44;4816&#44;4817&#44;4818&#44;4819&#44;4820&#44;4822&#44;4824&#44;4825&#44;4828&#44;4829&#44;4830&#44;4831&#44;4836&#44;4837&#44;4839&#44;4840&#44;4843&#44;4846&#44;4847&#44;4850&#44;4851&#44;4852&#44;4853&#44;4855&#44;4857&#44;4859&#44;4860&#44;4861&#44;4866&#44;4870&#44;4871&#44;4872&#44;4873&#44;4874&#44;4875&#44;4876&#44;4878&#44;4879&#44;4901&#44;4905&#44;4906&#44;4908&#44;4911&#44;4914&#44;4915&#44;4917&#44;4920&#44;4925&#44;4926&#44;4933&#44;4936&#44;4938&#44;4939&#44;4942&#44;4944&#44;4946&#44;4947&#44;4948&#44;4950&#44;4952&#44;4955&#44;4958&#44;4961&#44;4962&#44;4963&#44;4969&#44;4972&#44;4973&#44;4974&#44;4982&#44;4983&#44;4985&#44;4987&#44;4989&#44;4990&#44;4991&#44;4992&#44;4994&#44;4996&#44;4998&#44;4999&#44;6181&#44;6188&#44;6189&#44;6201&#44;6202&#44;6203&#44;6204&#44;6205&#44;6212&#44;6213&#44;6216&#44;6217&#44;6218&#44;6219&#44;6220&#44;6225&#44;6228&#44;6235&#44;6236&#44;6238&#44;6239&#44;6240&#44;6242&#44;6244&#44;6245&#44;6246&#44;6247&#44;6249&#44;6251&#44;6252&#44;6254&#44;6255&#44;6256&#44;6257&#44;6259&#44;6260&#44;6261&#44;6262&#44;6265&#44;6267&#44;6269&#44;6270&#44;6275&#44;6302&#44;6304&#44;6305&#44;6307&#44;6308&#44;6309&#44;6310&#44;6311&#44;6312&#44;6313&#44;6314&#44;6315&#44;6317&#44;6319&#44;6320&#44;6321&#44;6322&#44;6324&#44;6325&#44;6326&#44;6327&#44;6328&#44;6329&#44;6330&#44;6331&#44;6332&#44;6333&#44;6334&#44;6335&#44;6336&#44;6338&#44;6339&#44;6341&#44;6342&#44;6343&#44;6344&#44;6345&#44;6347&#44;6348&#44;6349&#44;6350&#44;6351&#44;6352&#44;6353&#44;6354&#44;6355&#44;6356&#44;6357&#44;6358&#44;6359&#44;6360&#44;6361&#44;6363&#44;6364&#44;6365&#44;6366&#44;6367&#44;6368&#44;6369&#44;6371&#44;6372&#44;6373&#44;6375&#44;6376&#44;6377&#44;6378&#44;6379&#44;6380&#44;6381&#44;6382&#44;6383&#44;6384&#44;6385&#44;6386&#44;6387&#44;6388&#44;6401&#44;6402&#44;6403&#44;6404&#44;6405&#44;6406&#44;6407&#44;6408&#44;6409&#44;6410&#44;6412&#44;6413&#44;6414&#44;6415&#44;6417&#44;6418&#44;6419&#44;6420&#44;6421&#44;6422&#44;6423&#44;6424&#44;6425&#44;6426&#44;6427&#44;6428&#44;6429&#44;6430&#44;6431&#44;6432&#44;6433&#44;6434&#44;6435&#44;6436&#44;6437&#44;6439&#44;6440&#44;6441&#44;6443&#44;6444&#44;6445&#44;6448&#44;6449&#44;6450&#44;6452&#44;6453&#44;6454&#44;6455&#44;6456&#44;6457&#44;6458&#44;6460&#44;6461&#44;6462&#44;6463&#44;6464&#44;6471&#44;6472&#44;6474&#44;6479&#44;6482&#44;6485&#44;6487&#44;6489&#44;6501&#44;6502&#44;6503&#44;6505&#44;6506&#44;6507&#44;6509&#44;6510&#44;6512&#44;6514&#44;6517&#44;6518&#44;6520&#44;6521&#44;6524&#44;6527&#44;6528&#44;6535&#44;6536&#44;6539&#44;6540&#44;6543&#44;6547&#44;6549&#44;6556&#44;6562&#44;6565&#44;6567&#44;6568&#44;6569&#44;6570&#44;6571&#44;6572&#44;6573&#44;6575&#44;6581&#44;6582&#44;6604&#44;6605&#44;6606&#44;6608&#44;6609&#44;6610&#44;6612&#44;6613&#44;6614&#44;6615&#44;6616&#44;6617&#44;6619&#44;6620&#44;6621&#44;6622&#44;6624&#44;6626&#44;6628&#44;6630&#44;6631&#44;6632&#44;6633&#44;6634&#44;6635&#44;6636&#44;6637&#44;6643&#44;6644&#44;6646&#44;6650&#44;6651&#44;6652&#44;6653&#44;6655&#44;6657&#44;6658&#44;6659&#44;6660&#44;6661&#44;6662&#44;6663&#44;6664&#44;6666&#44;6667&#44;6670&#44;6671&#44;6672&#44;6673&#44;6674&#44;6675&#44;6676&#44;6677&#44;6678&#44;6679&#44;6680&#44;6682&#44;6683&#44;6684&#44;6685&#44;6686&#44;6689&#44;6690&#44;6692&#44;6693&#44;6779&#44;6781&#44;6867&#44;6976&#44;6979&#44;7189&#44;7658&#44;7676&#44;8102&#44;8104&#44;8106&#44;8107&#44;8111&#44;8112&#44;8114&#44;8115&#44;8116&#44;8117&#44;8119&#44;8120&#44;8123&#44;8125&#44;8126&#44;8128&#44;8129&#44;8130&#44;8132&#44;8133&#44;8134&#44;8135&#44;8136&#44;8138&#44;8139&#44;8141&#44;8142&#44;8144&#44;8145&#44;8146&#44;8147&#44;8149&#44;8150&#44;8151&#44;8152&#44;8153&#44;8155&#44;8156&#44;8157&#44;8158&#44;8160&#44;8161&#44;8162&#44;8163&#44;8164&#44;8165&#44;8166&#44;8167&#44;8168&#44;8169&#44;8172&#44;8173&#44;8174&#44;8175&#44;8176&#44;8177&#44;8180&#44;8181&#44;8182&#44;8183&#44;8184&#44;8185&#44;8186&#44;8188&#44;8189&#44;8190&#44;8191&#44;8192&#44;8193&#44;8194&#44;8196&#44;8197&#44;8201&#44;8202&#44;8203&#44;8205&#44;8207&#44;8208&#44;8209&#44;8210&#44;8211&#44;8213&#44;8215&#44;8218&#44;8219&#44;8220&#44;8221&#44;8222&#44;8223&#44;8224&#44;8225&#44;8226&#44;8227&#44;8228&#44;8236&#44;8237&#44;8238&#44;8239&#44;8241&#44;8242&#44;8243&#44;8244&#44;8245&#44;8246&#44;8247&#44;8248&#44;8250&#44;8251&#44;8252&#44;8253&#44;8254&#44;8256&#44;8257&#44;8259&#44;8261&#44;8262&#44;8263&#44;8264&#44;8265&#44;8266&#44;8267&#44;8268&#44;8269&#44;8270&#44;8271&#44;8272&#44;8273&#44;8274&#44;8275&#44;8276&#44;8277&#44;8278&#44;8279&#44;8280&#44;8281&#44;8282&#44;8283&#44;8284&#44;8285&#44;8286&#44;8287&#44;8288&#44;8289&#44;8290&#44;8291&#44;8292&#44;8293&#44;8294&#44;8295&#44;8296&#44;8297&#44;8298&#44;8299&#44;""",9/6/21,8/30/21,N
layouts,Cake Case,"""37-3&#44;77-3""",,2021,9/6/21,1-NewFolderStructure/C037_C077_Cake_Case/C77_C37_Effective_09062021_Updated_08272021/,_C77_C37_Effective_09062021_Updated_08272021.pdf,"""4109&#44;4702&#44;4703&#44;4704&#44;4707&#44;4709&#44;4710&#44;4711&#44;4712&#44;4713&#44;4718&#44;4720&#44;4721&#44;4722&#44;4724&#44;4728&#44;4729&#44;4730&#44;4731&#44;4732&#44;4735&#44;4736&#44;4738&#44;4739&#44;4740&#44;4741&#44;4742&#44;4743&#44;4745&#44;4749&#44;4750&#44;4755&#44;4761&#44;4763&#44;4764&#44;4767&#44;4768&#44;4769&#44;4770&#44;4771&#44;4772&#44;4774&#44;4775&#44;4776&#44;4777&#44;4778&#44;4780&#44;4781&#44;4782&#44;4783&#44;4784&#44;4785&#44;4786&#44;4787&#44;4789&#44;4790&#44;4791&#44;4794&#44;4795&#44;4797&#44;4798&#44;4799&#44;4801&#44;4802&#44;4804&#44;4805&#44;4808&#44;4815&#44;4816&#44;4817&#44;4818&#44;4819&#44;4820&#44;4822&#44;4824&#44;4825&#44;4828&#44;4829&#44;4830&#44;4831&#44;4836&#44;4837&#44;4839&#44;4840&#44;4843&#44;4846&#44;4847&#44;4850&#44;4851&#44;4852&#44;4853&#44;4855&#44;4857&#44;4859&#44;4860&#44;4861&#44;4866&#44;4870&#44;4871&#44;4872&#44;4873&#44;4874&#44;4875&#44;4876&#44;4878&#44;4879&#44;4901&#44;4905&#44;4906&#44;4908&#44;4911&#44;4914&#44;4915&#44;4917&#44;4920&#44;4925&#44;4926&#44;4933&#44;4936&#44;4938&#44;4939&#44;4942&#44;4944&#44;4946&#44;4947&#44;4948&#44;4950&#44;4952&#44;4955&#44;4958&#44;4961&#44;4962&#44;4963&#44;4969&#44;4972&#44;4973&#44;4974&#44;4982&#44;4983&#44;4985&#44;4987&#44;4989&#44;4990&#44;4991&#44;4992&#44;4994&#44;4996&#44;4998&#44;4999&#44;6181&#44;6188&#44;6189&#44;6201&#44;6202&#44;6203&#44;6204&#44;6205&#44;6212&#44;6213&#44;6216&#44;6217&#44;6218&#44;6219&#44;6220&#44;6225&#44;6228&#44;6235&#44;6236&#44;6238&#44;6239&#44;6240&#44;6242&#44;6244&#44;6245&#44;6246&#44;6247&#44;6249&#44;6251&#44;6252&#44;6254&#44;6255&#44;6256&#44;6257&#44;6259&#44;6260&#44;6261&#44;6262&#44;6265&#44;6267&#44;6269&#44;6270&#44;6275&#44;6302&#44;6304&#44;6305&#44;6307&#44;6308&#44;6309&#44;6310&#44;6311&#44;6312&#44;6313&#44;6314&#44;6315&#44;6317&#44;6319&#44;6320&#44;6321&#44;6322&#44;6324&#44;6325&#44;6326&#44;6327&#44;6328&#44;6329&#44;6330&#44;6331&#44;6332&#44;6333&#44;6334&#44;6335&#44;6336&#44;6338&#44;6339&#44;6341&#44;6342&#44;6343&#44;6344&#44;6345&#44;6347&#44;6348&#44;6349&#44;6350&#44;6351&#44;6352&#44;6353&#44;6354&#44;6355&#44;6356&#44;6357&#44;6358&#44;6359&#44;6360&#44;6361&#44;6363&#44;6364&#44;6365&#44;6366&#44;6367&#44;6368&#44;6369&#44;6371&#44;6372&#44;6373&#44;6375&#44;6376&#44;6377&#44;6378&#44;6379&#44;6380&#44;6381&#44;6382&#44;6383&#44;6384&#44;6385&#44;6386&#44;6387&#44;6388&#44;6401&#44;6402&#44;6403&#44;6404&#44;6405&#44;6406&#44;6407&#44;6408&#44;6409&#44;6410&#44;6412&#44;6413&#44;6414&#44;6415&#44;6417&#44;6418&#44;6419&#44;6420&#44;6421&#44;6422&#44;6423&#44;6424&#44;6425&#44;6426&#44;6427&#44;6428&#44;6429&#44;6430&#44;6431&#44;6432&#44;6433&#44;6434&#44;6435&#44;6436&#44;6437&#44;6439&#44;6440&#44;6441&#44;6443&#44;6444&#44;6445&#44;6448&#44;6449&#44;6450&#44;6452&#44;6453&#44;6454&#44;6455&#44;6456&#44;6457&#44;6458&#44;6460&#44;6461&#44;6462&#44;6463&#44;6464&#44;6471&#44;6472&#44;6474&#44;6479&#44;6482&#44;6485&#44;6487&#44;6489&#44;6501&#44;6502&#44;6503&#44;6505&#44;6506&#44;6507&#44;6509&#44;6510&#44;6512&#44;6514&#44;6517&#44;6518&#44;6520&#44;6521&#44;6524&#44;6527&#44;6528&#44;6535&#44;6536&#44;6539&#44;6540&#44;6543&#44;6547&#44;6549&#44;6556&#44;6562&#44;6565&#44;6567&#44;6568&#44;6569&#44;6570&#44;6571&#44;6572&#44;6573&#44;6575&#44;6581&#44;6582&#44;6604&#44;6605&#44;6606&#44;6608&#44;6609&#44;6610&#44;6612&#44;6613&#44;6614&#44;6615&#44;6616&#44;6617&#44;6619&#44;6620&#44;6621&#44;6622&#44;6624&#44;6626&#44;6628&#44;6630&#44;6631&#44;6632&#44;6633&#44;6634&#44;6635&#44;6636&#44;6637&#44;6643&#44;6644&#44;6646&#44;6650&#44;6651&#44;6652&#44;6653&#44;6655&#44;6657&#44;6658&#44;6659&#44;6660&#44;6661&#44;6662&#44;6663&#44;6664&#44;6666&#44;6667&#44;6670&#44;6671&#44;6672&#44;6673&#44;6674&#44;6675&#44;6676&#44;6677&#44;6678&#44;6679&#44;6680&#44;6682&#44;6683&#44;6684&#44;6685&#44;6686&#44;6689&#44;6690&#44;6692&#44;6693&#44;6779&#44;6781&#44;6867&#44;6976&#44;6979&#44;7189&#44;7658&#44;7676&#44;8102&#44;8104&#44;8106&#44;8107&#44;8111&#44;8112&#44;8114&#44;8115&#44;8116&#44;8117&#44;8119&#44;8120&#44;8123&#44;8125&#44;8126&#44;8128&#44;8129&#44;8130&#44;8132&#44;8133&#44;8134&#44;8135&#44;8136&#44;8138&#44;8139&#44;8141&#44;8142&#44;8144&#44;8145&#44;8146&#44;8147&#44;8149&#44;8150&#44;8151&#44;8152&#44;8153&#44;8155&#44;8156&#44;8157&#44;8158&#44;8160&#44;8161&#44;8162&#44;8163&#44;8164&#44;8165&#44;8166&#44;8167&#44;8168&#44;8169&#44;8172&#44;8173&#44;8174&#44;8175&#44;8176&#44;8177&#44;8180&#44;8181&#44;8182&#44;8183&#44;8184&#44;8185&#44;8186&#44;8188&#44;8189&#44;8190&#44;8191&#44;8192&#44;8193&#44;8194&#44;8196&#44;8197&#44;8201&#44;8202&#44;8203&#44;8205&#44;8207&#44;8208&#44;8209&#44;8210&#44;8211&#44;8213&#44;8215&#44;8218&#44;8219&#44;8220&#44;8221&#44;8222&#44;8223&#44;8224&#44;8225&#44;8226&#44;8227&#44;8228&#44;8236&#44;8237&#44;8238&#44;8239&#44;8241&#44;8242&#44;8243&#44;8244&#44;8245&#44;8246&#44;8247&#44;8248&#44;8250&#44;8251&#44;8252&#44;8253&#44;8254&#44;8256&#44;8257&#44;8259&#44;8261&#44;8262&#44;8263&#44;8264&#44;8265&#44;8266&#44;8267&#44;8268&#44;8269&#44;8270&#44;8271&#44;8272&#44;8273&#44;8274&#44;8275&#44;8276&#44;8277&#44;8278&#44;8279&#44;8280&#44;8281&#44;8282&#44;8283&#44;8284&#44;8285&#44;8286&#44;8287&#44;8288&#44;8289&#44;8290&#44;8291&#44;8292&#44;8293&#44;8294&#44;8295&#44;8296&#44;8297&#44;8298&#44;8299&#44;""",9/6/21,8/30/21,N
layouts,Bakery Pallets,"""37-4&#44;77-4""",,2021,9/6/21,1-NewFolderStructure/C037_C077_Bakery_Pallets/C37_77_Bakery_Pallets_Effective_09062021_Updated_08272021/,_C37_77_Bakery_Pallets_Effective_09062021_Updated_08272021.pdf,"""4791&#44;4908&#44;4930&#44;6202&#44;6269&#44;6336&#44;6356&#44;6367&#44;6406&#44;6417&#44;6421&#44;6424&#44;6426&#44;6432&#44;6461&#44;6471&#44;6514&#44;6535&#44;6556&#44;6567&#44;6568&#44;6617&#44;8126&#44;8145&#44;8180&#44;8185&#44;8189&#44;8239&#44;8244&#44;8252&#44;8280&#44;""",9/6/21,8/30/21,N
layouts,HMS,79-2,,2021,9/6/21,1-NewFolderStructure/C079_HMS/C79_HMS__Effective_09062021/,_C79_HMS_Effective_09062021.pdf,"""4109&#44;4702&#44;4703&#44;4704&#44;4707&#44;4709&#44;4710&#44;4711&#44;4712&#44;4713&#44;4718&#44;4720&#44;4721&#44;4722&#44;4724&#44;4728&#44;4729&#44;4730&#44;4731&#44;4732&#44;4735&#44;4736&#44;4738&#44;4739&#44;4740&#44;4741&#44;4742&#44;4743&#44;4745&#44;4749&#44;4750&#44;4755&#44;4761&#44;4763&#44;4764&#44;4767&#44;4768&#44;4769&#44;4770&#44;4771&#44;4772&#44;4774&#44;4775&#44;4776&#44;4777&#44;4778&#44;4780&#44;4781&#44;4782&#44;4783&#44;4784&#44;4785&#44;4786&#44;4787&#44;4789&#44;4790&#44;4791&#44;4794&#44;4795&#44;4797&#44;4798&#44;4799&#44;4801&#44;4802&#44;4804&#44;4805&#44;4808&#44;4815&#44;4816&#44;4817&#44;4818&#44;4819&#44;4820&#44;4822&#44;4824&#44;4825&#44;4828&#44;4829&#44;4830&#44;4831&#44;4836&#44;4837&#44;4839&#44;4840&#44;4843&#44;4846&#44;4847&#44;4850&#44;4851&#44;4852&#44;4853&#44;4855&#44;4857&#44;4859&#44;4860&#44;4861&#44;4866&#44;4870&#44;4871&#44;4872&#44;4873&#44;4874&#44;4875&#44;4876&#44;4878&#44;4879&#44;4901&#44;4905&#44;4906&#44;4908&#44;4911&#44;4914&#44;4915&#44;4917&#44;4920&#44;4925&#44;4926&#44;4930&#44;4933&#44;4936&#44;4938&#44;4939&#44;4942&#44;4944&#44;4946&#44;4947&#44;4948&#44;4950&#44;4952&#44;4955&#44;4958&#44;4961&#44;4962&#44;4963&#44;4969&#44;4972&#44;4973&#44;4974&#44;4982&#44;4983&#44;4985&#44;4987&#44;4989&#44;4990&#44;4991&#44;4992&#44;4994&#44;4996&#44;4998&#44;4999&#44;6181&#44;6188&#44;6189&#44;6201&#44;6202&#44;6203&#44;6204&#44;6205&#44;6212&#44;6213&#44;6216&#44;6217&#44;6218&#44;6219&#44;6220&#44;6225&#44;6228&#44;6235&#44;6236&#44;6238&#44;6239&#44;6240&#44;6242&#44;6244&#44;6245&#44;6246&#44;6247&#44;6249&#44;6251&#44;6252&#44;6254&#44;6255&#44;6256&#44;6257&#44;6259&#44;6260&#44;6261&#44;6262&#44;6265&#44;6267&#44;6269&#44;6270&#44;6275&#44;6302&#44;6304&#44;6305&#44;6307&#44;6308&#44;6309&#44;6310&#44;6311&#44;6312&#44;6313&#44;6314&#44;6315&#44;6317&#44;6319&#44;6320&#44;6321&#44;6322&#44;6324&#44;6325&#44;6326&#44;6327&#44;6328&#44;6329&#44;6330&#44;6331&#44;6332&#44;6333&#44;6334&#44;6335&#44;6336&#44;6338&#44;6339&#44;6341&#44;6342&#44;6343&#44;6344&#44;6345&#44;6347&#44;6348&#44;6349&#44;6350&#44;6351&#44;6352&#44;6353&#44;6354&#44;6355&#44;6356&#44;6357&#44;6358&#44;6359&#44;6360&#44;6361&#44;6363&#44;6364&#44;6365&#44;6366&#44;6367&#44;6368&#44;6369&#44;6371&#44;6372&#44;6373&#44;6375&#44;6376&#44;6377&#44;6378&#44;6379&#44;6380&#44;6381&#44;6382&#44;6383&#44;6384&#44;6385&#44;6386&#44;6387&#44;6388&#44;6401&#44;6402&#44;6403&#44;6404&#44;6405&#44;6406&#44;6407&#44;6408&#44;6409&#44;6410&#44;6412&#44;6413&#44;6414&#44;6415&#44;6417&#44;6418&#44;6419&#44;6420&#44;6421&#44;6422&#44;6423&#44;6424&#44;6425&#44;6426&#44;6427&#44;6428&#44;6429&#44;6430&#44;6431&#44;6432&#44;6433&#44;6434&#44;6435&#44;6436&#44;6437&#44;6439&#44;6440&#44;6441&#44;6443&#44;6444&#44;6445&#44;6448&#44;6449&#44;6450&#44;6452&#44;6453&#44;6454&#44;6455&#44;6456&#44;6457&#44;6458&#44;6460&#44;6461&#44;6462&#44;6463&#44;6464&#44;6471&#44;6472&#44;6474&#44;6479&#44;6482&#44;6485&#44;6487&#44;6489&#44;6501&#44;6502&#44;6503&#44;6505&#44;6506&#44;6507&#44;6509&#44;6510&#44;6512&#44;6514&#44;6517&#44;6518&#44;6520&#44;6521&#44;6524&#44;6527&#44;6528&#44;6533&#44;6535&#44;6536&#44;6539&#44;6540&#44;6543&#44;6547&#44;6549&#44;6556&#44;6562&#44;6565&#44;6567&#44;6568&#44;6569&#44;6570&#44;6571&#44;6572&#44;6573&#44;6575&#44;6581&#44;6582&#44;6604&#44;6605&#44;6606&#44;6608&#44;6609&#44;6610&#44;6612&#44;6613&#44;6614&#44;6615&#44;6616&#44;6617&#44;6619&#44;6620&#44;6621&#44;6622&#44;6624&#44;6626&#44;6628&#44;6630&#44;6631&#44;6632&#44;6633&#44;6634&#44;6635&#44;6636&#44;6637&#44;6643&#44;6644&#44;6646&#44;6650&#44;6651&#44;6652&#44;6653&#44;6655&#44;6657&#44;6658&#44;6659&#44;6660&#44;6661&#44;6662&#44;6663&#44;6664&#44;6666&#44;6667&#44;6670&#44;6671&#44;6672&#44;6673&#44;6674&#44;6675&#44;6676&#44;6677&#44;6678&#44;6679&#44;6680&#44;6682&#44;6683&#44;6684&#44;6685&#44;6686&#44;6689&#44;6690&#44;6692&#44;6693&#44;6779&#44;6781&#44;6867&#44;6976&#44;6979&#44;7189&#44;7658&#44;7676&#44;8102&#44;8104&#44;8106&#44;8107&#44;8111&#44;8112&#44;8114&#44;8115&#44;8116&#44;8117&#44;8119&#44;8120&#44;8123&#44;8125&#44;8126&#44;8128&#44;8129&#44;8130&#44;8132&#44;8133&#44;8134&#44;8135&#44;8136&#44;8138&#44;8139&#44;8141&#44;8142&#44;8144&#44;8145&#44;8146&#44;8147&#44;8149&#44;8150&#44;8151&#44;8152&#44;8153&#44;8155&#44;8156&#44;8157&#44;8158&#44;8160&#44;8161&#44;8162&#44;8163&#44;8164&#44;8165&#44;8166&#44;8167&#44;8168&#44;8169&#44;8172&#44;8173&#44;8174&#44;8175&#44;8176&#44;8177&#44;8180&#44;8181&#44;8182&#44;8183&#44;8184&#44;8185&#44;8186&#44;8188&#44;8189&#44;8190&#44;8191&#44;8192&#44;8193&#44;8194&#44;8196&#44;8197&#44;8201&#44;8202&#44;8203&#44;8205&#44;8207&#44;8208&#44;8209&#44;8210&#44;8211&#44;8213&#44;8215&#44;8218&#44;8219&#44;8220&#44;8221&#44;8222&#44;8223&#44;8224&#44;8225&#44;8226&#44;8227&#44;8228&#44;8236&#44;8237&#44;8238&#44;8239&#44;8241&#44;8242&#44;8243&#44;8244&#44;8245&#44;8246&#44;8247&#44;8248&#44;8250&#44;8251&#44;8252&#44;8253&#44;8254&#44;8256&#44;8257&#44;8259&#44;8261&#44;8262&#44;8263&#44;8264&#44;8265&#44;8266&#44;8267&#44;8268&#44;8269&#44;8270&#44;8271&#44;8272&#44;8273&#44;8274&#44;8275&#44;8276&#44;8277&#44;8278&#44;8279&#44;8280&#44;8281&#44;8282&#44;8283&#44;8284&#44;8285&#44;8286&#44;8287&#44;8288&#44;8289&#44;8290&#44;8291&#44;8292&#44;8293&#44;8294&#44;8295&#44;8296&#44;8297&#44;8298&#44;8299&#44;""",9/6/21,8/30/21,N
layouts,Café Grab and Go,79-3,,2021,9/6/21,1-NewFolderStructure/C079_Cafe_Grab_n_Go/C79_Cafe_Grab_and_Go_Effective_09062021/,_C79_Cafe_Grab_and_Go_Effective_09062021.pdf,"""4109&#44;4702&#44;4703&#44;4704&#44;4707&#44;4709&#44;4710&#44;4711&#44;4712&#44;4713&#44;4718&#44;4720&#44;4721&#44;4722&#44;4724&#44;4728&#44;4729&#44;4730&#44;4731&#44;4732&#44;4735&#44;4736&#44;4738&#44;4739&#44;4740&#44;4741&#44;4742&#44;4743&#44;4745&#44;4749&#44;4750&#44;4755&#44;4761&#44;4763&#44;4764&#44;4767&#44;4768&#44;4769&#44;4770&#44;4771&#44;4772&#44;4774&#44;4775&#44;4776&#44;4777&#44;4778&#44;4780&#44;4781&#44;4782&#44;4783&#44;4784&#44;4785&#44;4786&#44;4787&#44;4789&#44;4790&#44;4791&#44;4794&#44;4795&#44;4797&#44;4798&#44;4799&#44;4801&#44;4802&#44;4804&#44;4805&#44;4808&#44;4815&#44;4816&#44;4817&#44;4818&#44;4819&#44;4820&#44;4822&#44;4824&#44;4825&#44;4828&#44;4829&#44;4830&#44;4831&#44;4836&#44;4837&#44;4839&#44;4840&#44;4843&#44;4846&#44;4847&#44;4850&#44;4851&#44;4852&#44;4853&#44;4855&#44;4857&#44;4859&#44;4860&#44;4861&#44;4866&#44;4870&#44;4871&#44;4872&#44;4873&#44;4874&#44;4875&#44;4876&#44;4878&#44;4879&#44;4901&#44;4905&#44;4906&#44;4908&#44;4911&#44;4914&#44;4915&#44;4917&#44;4920&#44;4925&#44;4926&#44;4930&#44;4933&#44;4936&#44;4938&#44;4939&#44;4942&#44;4944&#44;4946&#44;4947&#44;4948&#44;4950&#44;4952&#44;4955&#44;4958&#44;4961&#44;4962&#44;4963&#44;4969&#44;4972&#44;4973&#44;4974&#44;4982&#44;4983&#44;4985&#44;4987&#44;4989&#44;4990&#44;4991&#44;4992&#44;4994&#44;4996&#44;4998&#44;4999&#44;6181&#44;6188&#44;6189&#44;6201&#44;6202&#44;6203&#44;6204&#44;6205&#44;6212&#44;6213&#44;6216&#44;6217&#44;6218&#44;6219&#44;6220&#44;6225&#44;6228&#44;6235&#44;6236&#44;6238&#44;6239&#44;6240&#44;6242&#44;6244&#44;6245&#44;6246&#44;6247&#44;6249&#44;6251&#44;6252&#44;6254&#44;6255&#44;6256&#44;6257&#44;6259&#44;6260&#44;6261&#44;6262&#44;6265&#44;6267&#44;6269&#44;6270&#44;6275&#44;6302&#44;6304&#44;6305&#44;6307&#44;6308&#44;6309&#44;6310&#44;6311&#44;6312&#44;6313&#44;6314&#44;6315&#44;6317&#44;6319&#44;6320&#44;6321&#44;6322&#44;6324&#44;6325&#44;6326&#44;6327&#44;6328&#44;6329&#44;6330&#44;6331&#44;6332&#44;6333&#44;6334&#44;6335&#44;6336&#44;6338&#44;6339&#44;6341&#44;6342&#44;6343&#44;6344&#44;6345&#44;6347&#44;6348&#44;6349&#44;6350&#44;6351&#44;6352&#44;6353&#44;6354&#44;6355&#44;6356&#44;6357&#44;6358&#44;6359&#44;6360&#44;6361&#44;6363&#44;6364&#44;6365&#44;6366&#44;6367&#44;6368&#44;6369&#44;6371&#44;6372&#44;6373&#44;6375&#44;6376&#44;6377&#44;6378&#44;6379&#44;6380&#44;6381&#44;6382&#44;6383&#44;6384&#44;6385&#44;6386&#44;6387&#44;6388&#44;6401&#44;6402&#44;6403&#44;6404&#44;6405&#44;6406&#44;6407&#44;6408&#44;6409&#44;6410&#44;6412&#44;6413&#44;6414&#44;6415&#44;6417&#44;6418&#44;6419&#44;6420&#44;6421&#44;6422&#44;6423&#44;6424&#44;6425&#44;6426&#44;6427&#44;6428&#44;6429&#44;6430&#44;6431&#44;6432&#44;6433&#44;6434&#44;6435&#44;6436&#44;6437&#44;6439&#44;6440&#44;6441&#44;6443&#44;6444&#44;6445&#44;6448&#44;6449&#44;6450&#44;6452&#44;6453&#44;6454&#44;6455&#44;6456&#44;6457&#44;6458&#44;6460&#44;6461&#44;6462&#44;6463&#44;6464&#44;6471&#44;6472&#44;6474&#44;6479&#44;6482&#44;6485&#44;6487&#44;6489&#44;6501&#44;6502&#44;6503&#44;6505&#44;6506&#44;6507&#44;6509&#44;6510&#44;6512&#44;6514&#44;6517&#44;6518&#44;6520&#44;6521&#44;6524&#44;6527&#44;6528&#44;6533&#44;6535&#44;6536&#44;6539&#44;6540&#44;6543&#44;6547&#44;6549&#44;6556&#44;6562&#44;6565&#44;6567&#44;6568&#44;6569&#44;6570&#44;6571&#44;6572&#44;6573&#44;6575&#44;6581&#44;6582&#44;6604&#44;6605&#44;6606&#44;6608&#44;6609&#44;6610&#44;6612&#44;6613&#44;6614&#44;6615&#44;6616&#44;6617&#44;6619&#44;6620&#44;6621&#44;6622&#44;6624&#44;6626&#44;6628&#44;6630&#44;6631&#44;6632&#44;6633&#44;6634&#44;6635&#44;6636&#44;6637&#44;6643&#44;6644&#44;6646&#44;6650&#44;6651&#44;6652&#44;6653&#44;6655&#44;6657&#44;6658&#44;6659&#44;6660&#44;6661&#44;6662&#44;6663&#44;6664&#44;6666&#44;6667&#44;6670&#44;6671&#44;6672&#44;6673&#44;6674&#44;6675&#44;6676&#44;6677&#44;6678&#44;6679&#44;6680&#44;6682&#44;6683&#44;6684&#44;6685&#44;6686&#44;6689&#44;6690&#44;6692&#44;6693&#44;6779&#44;6781&#44;6867&#44;6976&#44;6979&#44;7189&#44;7658&#44;7676&#44;8102&#44;8104&#44;8106&#44;8107&#44;8111&#44;8112&#44;8114&#44;8115&#44;8116&#44;8117&#44;8119&#44;8120&#44;8123&#44;8125&#44;8126&#44;8128&#44;8129&#44;8130&#44;8132&#44;8133&#44;8134&#44;8135&#44;8136&#44;8138&#44;8139&#44;8141&#44;8142&#44;8144&#44;8145&#44;8146&#44;8147&#44;8149&#44;8150&#44;8151&#44;8152&#44;8153&#44;8155&#44;8156&#44;8157&#44;8158&#44;8160&#44;8161&#44;8162&#44;8163&#44;8164&#44;8165&#44;8166&#44;8167&#44;8168&#44;8169&#44;8172&#44;8173&#44;8174&#44;8175&#44;8176&#44;8177&#44;8180&#44;8181&#44;8182&#44;8183&#44;8184&#44;8185&#44;8186&#44;8188&#44;8189&#44;8190&#44;8191&#44;8192&#44;8193&#44;8194&#44;8196&#44;8197&#44;8201&#44;8202&#44;8203&#44;8205&#44;8207&#44;8208&#44;8209&#44;8210&#44;8211&#44;8213&#44;8215&#44;8218&#44;8219&#44;8220&#44;8221&#44;8222&#44;8223&#44;8224&#44;8225&#44;8226&#44;8227&#44;8228&#44;8236&#44;8237&#44;8238&#44;8239&#44;8241&#44;8242&#44;8243&#44;8244&#44;8245&#44;8246&#44;8247&#44;8248&#44;8250&#44;8251&#44;8252&#44;8253&#44;8254&#44;8256&#44;8257&#44;8259&#44;8261&#44;8262&#44;8263&#44;8264&#44;8265&#44;8266&#44;8267&#44;8268&#44;8269&#44;8270&#44;8271&#44;8272&#44;8273&#44;8274&#44;8275&#44;8276&#44;8277&#44;8278&#44;8279&#44;8280&#44;8281&#44;8282&#44;8283&#44;8284&#44;8285&#44;8286&#44;8287&#44;8288&#44;8289&#44;8290&#44;8291&#44;8292&#44;8293&#44;8294&#44;8295&#44;8296&#44;8297&#44;8298&#44;8299&#44;""",9/6/21,8/30/21,N
layouts,Sushi,79,,2021,9/7/21,1-NewFolderStructure/C079_Sushi/C79_Sushi_Effective_08092021_Update_09022021/,_C79_Sushi_Effective_08092021_Update_09022021.pdf,"""6382&#44;8161&#44;""",9/7/21,9/2/21,N
layouts,Bakery Tables,"""37&#44;77""",,2021,9/7/21,1-NewFolderStructure/C037_C077_Bakery_Tables/C37_77_Bakery_Tables_Effective_09062021_Updated_09012021/,_C37_77_Bakery_Tables_Effective_09062021_Updated_09012021.pdf,"""6352&#44;""",9/7/21,9/2/21,N
layouts,HMS,79-2,,2021,9/7/21,1-NewFolderStructure/C079_HMS/C79_HMS_Effective_09062021_Update_09022021/,_C79_HMS_Effective_09062021_Update_09022021.pdf,"""6381&#44;6382&#44;6682&#44;8246&#44;""",9/7/21,9/2/21,N
layouts,Café Grab and Go,79-3,,2021,9/7/21,1-NewFolderStructure/C079_Cafe_Grab_n_Go/C79_Cafe_Grab_and_Go_Effective_09062021_Update_09022021/,_C79_Cafe_Grab_and_Go_Effective_09062021_Update_09022021.pdf,"""6410&#44;""",9/7/21,9/2/21,N
layouts,HMS,79-2,,2021,9/7/21,1-NewFolderStructure/C079_HMS/C79_HMS_Effective_09062021_Update_09072021/,_C79_HMS_Effective_09062021_Update_09072021.pdf,"""6382&#44;6262&#44;4805&#44;6385&#44;6436&#44;6539&#44;8172&#44;6439&#44;8297&#44;8288&#44;""",9/8/21,9/7/21,N
layouts,Deli,57,,2021,9/8/21,1-NewFolderStructure/C057_Deli/C57_Effective_09202021__Planogram_Update_08-13-2021/,_C57_Effective_09202021_Planogram_Update_08-13-2021.pdf,"""4713&#44;4742&#44;4783&#44;4905&#44;6262&#44;6265&#44;6781&#44;8246&#44;8269&#44;8299&#44;""",9/8/21,9/8/21,N
layouts,Coolers,42-2,,2021,9/9/21,1-NewFolderStructure/C042_Coolers/C42_Effective_07122021_Planogram_Updated_09082021/,_C42_Effective_07122021_Planogram_Updated_09082021.pdf,"""6329&#44;""",9/9/21,9/9/21,N
layouts,Bakery Tables,"""37&#44;77""",,2021,9/10/21,1-NewFolderStructure/C037_C077_Bakery_Tables/C37__77_Bakery_Tables_Effective_09062021_Updated_09102021/,_C37_77_Bakery_Tables_Effective_09062021_Updated_09102021.pdf,"""6345&#44;""",9/10/21,9/9/21,N
layouts,Bakery Dessert,"""37-2&#44;77-2""",,2021,9/10/21,1-NewFolderStructure/C037_C077_Bakery_Dessert/C77_C37_Effective_09062021_Updated_09092021/,_C77_C37_Effective_09062021_Updated_09092021.pdf,"""4109&#44;4702&#44;4703&#44;4704&#44;4707&#44;4709&#44;4710&#44;4711&#44;4712&#44;4713&#44;4718&#44;4720&#44;4721&#44;4731&#44;4732&#44;4735&#44;4738&#44;4739&#44;4740&#44;4741&#44;4742&#44;4745&#44;4749&#44;4763&#44;4764&#44;4767&#44;4768&#44;4769&#44;4770&#44;4772&#44;4774&#44;4775&#44;4777&#44;4780&#44;4782&#44;4783&#44;4785&#44;4787&#44;4789&#44;4790&#44;4791&#44;4799&#44;4801&#44;4802&#44;4804&#44;4805&#44;4808&#44;4816&#44;4818&#44;4819&#44;4822&#44;4824&#44;4828&#44;4829&#44;4830&#44;4837&#44;4843&#44;4850&#44;4852&#44;4853&#44;4855&#44;4861&#44;4866&#44;4871&#44;4873&#44;4905&#44;4906&#44;4911&#44;4914&#44;4925&#44;4933&#44;4938&#44;4939&#44;4942&#44;4955&#44;4969&#44;4974&#44;4983&#44;4985&#44;4987&#44;4998&#44;6188&#44;6189&#44;6202&#44;6212&#44;6217&#44;6218&#44;6225&#44;6235&#44;6239&#44;6240&#44;6242&#44;6244&#44;6245&#44;6246&#44;6249&#44;6251&#44;6252&#44;6254&#44;6255&#44;6257&#44;6259&#44;6261&#44;6262&#44;6265&#44;6267&#44;6269&#44;6309&#44;6310&#44;6311&#44;6312&#44;6313&#44;6314&#44;6317&#44;6320&#44;6321&#44;6329&#44;6336&#44;6344&#44;6345&#44;6347&#44;6348&#44;6350&#44;6351&#44;6354&#44;6356&#44;6360&#44;6361&#44;6367&#44;6369&#44;6372&#44;6376&#44;6379&#44;6381&#44;6385&#44;6404&#44;6406&#44;6408&#44;6410&#44;6414&#44;6415&#44;6418&#44;6421&#44;6425&#44;6427&#44;6428&#44;6430&#44;6436&#44;6440&#44;4445&#44;6457&#44;6471&#44;6474&#44;6482&#44;6485&#44;6489&#44;6507&#44;6510&#44;6514&#44;6535&#44;6540&#44;6549&#44;6565&#44;6568&#44;6575&#44;6582&#44;6604&#44;6609&#44;6610&#44;6612&#44;6614&#44;6615&#44;6616&#44;6617&#44;6619&#44;6620&#44;6622&#44;6624&#44;6626&#44;6628&#44;6631&#44;6632&#44;6633&#44;6634&#44;6635&#44;6636&#44;6637&#44;6643&#44;6644&#44;6650&#44;6653&#44;6655&#44;6657&#44;6658&#44;6659&#44;6662&#44;6666&#44;6667&#44;6670&#44;6671&#44;6672&#44;6674&#44;6683&#44;6684&#44;6685&#44;6689&#44;6692&#44;6779&#44;6781&#44;6867&#44;6979&#44;7189&#44;7658&#44;8104&#44;8106&#44;8114&#44;8115&#44;8119&#44;8120&#44;8123&#44;8126&#44;8128&#44;8133&#44;8138&#44;8139&#44;8141&#44;8145&#44;8146&#44;8147&#44;8149&#44;8156&#44;8158&#44;8165&#44;8168&#44;8172&#44;8174&#44;8181&#44;8183&#44;8185&#44;8190&#44;8193&#44;8196&#44;8197&#44;8201&#44;8203&#44;8209&#44;8210&#44;8211&#44;8213&#44;8225&#44;8236&#44;8238&#44;8239&#44;8244&#44;8245&#44;8246&#44;8248&#44;8259&#44;8262&#44;8264&#44;8266&#44;8268&#44;8269&#44;8272&#44;8276&#44;8277&#44;8278&#44;8279&#44;8281&#44;8282&#44;8293&#44;8295&#44;8296&#44;8299&#44;""",9/10/21,9/9/21,N
layouts,Cake Case,"""37-3&#44;77-3""",,2021,9/10/21,1-NewFolderStructure/C037_C077_Cake_Case/C77_C37_Effective_09062021_Updated_09092021/,_C77_C37_Effective_09062021_Updated_09092021.pdf,"""4109&#44;4702&#44;4703&#44;4704&#44;4707&#44;4709&#44;4710&#44;4711&#44;4712&#44;4713&#44;4718&#44;4720&#44;4721&#44;4731&#44;4732&#44;4735&#44;4738&#44;4739&#44;4740&#44;4741&#44;4742&#44;4745&#44;4749&#44;4763&#44;4764&#44;4767&#44;4768&#44;4769&#44;4770&#44;4772&#44;4774&#44;4775&#44;4777&#44;4780&#44;4782&#44;4783&#44;4785&#44;4787&#44;4789&#44;4790&#44;4791&#44;4799&#44;4801&#44;4802&#44;4804&#44;4805&#44;4808&#44;4816&#44;4818&#44;4819&#44;4822&#44;4824&#44;4828&#44;4829&#44;4830&#44;4837&#44;4843&#44;4850&#44;4852&#44;4853&#44;4855&#44;4861&#44;4866&#44;4871&#44;4873&#44;4905&#44;4906&#44;4911&#44;4914&#44;4925&#44;4933&#44;4938&#44;4939&#44;4942&#44;4955&#44;4969&#44;4974&#44;4983&#44;4985&#44;4987&#44;4998&#44;6188&#44;6189&#44;6202&#44;6212&#44;6217&#44;6218&#44;6225&#44;6235&#44;6239&#44;6240&#44;6242&#44;6244&#44;6245&#44;6246&#44;6249&#44;6251&#44;6252&#44;6254&#44;6255&#44;6257&#44;6259&#44;6261&#44;6262&#44;6265&#44;6267&#44;6269&#44;6309&#44;6310&#44;6311&#44;6312&#44;6313&#44;6314&#44;6317&#44;6320&#44;6321&#44;6329&#44;6336&#44;6344&#44;6345&#44;6347&#44;6348&#44;6350&#44;6351&#44;6354&#44;6356&#44;6360&#44;6361&#44;6367&#44;6369&#44;6372&#44;6376&#44;6379&#44;6381&#44;6385&#44;6404&#44;6406&#44;6408&#44;6410&#44;6414&#44;6415&#44;6418&#44;6421&#44;6425&#44;6427&#44;6428&#44;6430&#44;6436&#44;6440&#44;4445&#44;6457&#44;6471&#44;6474&#44;6482&#44;6485&#44;6489&#44;6507&#44;6510&#44;6514&#44;6535&#44;6540&#44;6549&#44;6565&#44;6568&#44;6575&#44;6582&#44;6604&#44;6609&#44;6610&#44;6612&#44;6614&#44;6615&#44;6616&#44;6617&#44;6619&#44;6620&#44;6622&#44;6624&#44;6626&#44;6628&#44;6631&#44;6632&#44;6633&#44;6634&#44;6635&#44;6636&#44;6637&#44;6643&#44;6644&#44;6650&#44;6653&#44;6655&#44;6657&#44;6658&#44;6659&#44;6662&#44;6666&#44;6667&#44;6670&#44;6671&#44;6672&#44;6674&#44;6683&#44;6684&#44;6685&#44;6689&#44;6692&#44;6779&#44;6781&#44;6867&#44;6979&#44;7189&#44;7658&#44;8104&#44;8106&#44;8114&#44;8115&#44;8119&#44;8120&#44;8123&#44;8126&#44;8128&#44;8133&#44;8138&#44;8139&#44;8141&#44;8145&#44;8146&#44;8147&#44;8149&#44;8156&#44;8158&#44;8165&#44;8168&#44;8172&#44;8174&#44;8181&#44;8183&#44;8185&#44;8190&#44;8193&#44;8196&#44;8197&#44;8201&#44;8203&#44;8209&#44;8210&#44;8211&#44;8213&#44;8225&#44;8236&#44;8238&#44;8239&#44;8244&#44;8245&#44;8246&#44;8248&#44;8259&#44;8262&#44;8264&#44;8266&#44;8268&#44;8269&#44;8272&#44;8276&#44;8277&#44;8278&#44;8279&#44;8281&#44;8282&#44;8293&#44;8295&#44;8296&#44;8299&#44;""",9/10/21,9/9/21,N
layouts,Bakery Tables,"""37&#44;77""",,2021,9/13/21,1-NewFolderStructure/C037_C077_Bakery_Tables/C37_77_Bakery_Tables_Effective_09132021_Updated_09102021/,_C37_77_Bakery_Tables_Effective_09132021_Updated_09102021.pdf,"""4969&#44;""",9/10/21,9/9/21,N
layouts,Bakery Tables,"""37&#44;77""",,2021,9/13/21,1-NewFolderStructure/C037_C077_Bakery_Tables/C37_77_Bakery_Tables_Effective_09062021_Updated_09132021/,_C37_77_Bakery_Tables_Effective_09062021_Updated_09132021.pdf,"""4866&#44;6225&#44;6270&#44;6543&#44;6680&#44;6689&#44;6690&#44;4969&#44;""",9/13/21,9/9/21,N
layouts,Bakery Dessert,"""37-2&#44;77-2""",,2021,9/13/21,1-NewFolderStructure/C037_C077_Bakery_Dessert/_C77_C37_Effective_09062021_Updated_09132021/,_C77_C37_Effective_09062021_Updated_09132021.pdf,"""8297&#44;""",9/13/21,9/9/21,N
layouts,Cake Case,"""37-3&#44;77-3""",,2021,9/13/21,1-NewFolderStructure/C037_C077_Cake_Case/_C77_C37_Effective_09062021_Updated_09132021/,_C77_C37_Effective_09062021_Updated_09132021.pdf,"""8297&#44;""",9/13/21,9/9/21,N
layouts,Bakery Pallets,"""37-4&#44;77-4""",,2021,9/13/21,1-NewFolderStructure/C037_C077_Bakery_Pallets/C37_77_Bakery_Pallets_Effective_09132021_Updated_09102021/,_C37_77_Bakery_Pallets_Effective_09132021_Updated_09102021.pdf,"""4969&#44;""",9/10/21,9/9/21,N
layouts,HMS,79-2,,2021,9/13/21,1-NewFolderStructure/C079_HMS/C79_HMS_Effective_09062021_Update_09102021/,_C79_HMS_Effective_09062021_Update_09102021.pdf,"""6265&#44;7189&#44;""",9/10/21,9/9/21,N
layouts,Bakery Tables,"""37&#44;77""",,2021,9/16/21,1-NewFolderStructure/C037_C077_Bakery_Tables/C37_77_Bakery_Tables_Effective_09062021_Updated_09162021/,__C37_77_Bakery_Tables_Effective_09062021_Updated_09162021.pdf,"""4755&#44;6317&#44;6410&#44;""",9/16/21,9/16/21,N
layouts,Coolers,42-2,,2021,9/17/21,1-NewFolderStructure/C042_Coolers/C42_Effective_07122021_Planogram_Updated_09162021/,_C42_Effective_07122021_Planogram_Updated_09162021.pdf,"""4871&#44;6244&#44;""",9/17/21,9/16/21,N
layouts,Deli,57,,2021,9/20/21,1-NewFolderStructure/C057_Deli/C57_Effective_09202021_Planogram_Update_08-13-2021/,_C57_Effective_09202021_Planogram_Update_08-13-2021.pdf,"""4109&#44;4702&#44;4703&#44;4704&#44;4707&#44;4709&#44;4710&#44;4711&#44;4712&#44;4713&#44;4718&#44;4720&#44;4721&#44;4722&#44;4724&#44;4728&#44;4729&#44;4730&#44;4731&#44;4732&#44;4735&#44;4736&#44;4738&#44;4739&#44;4740&#44;4741&#44;4742&#44;4743&#44;4745&#44;4749&#44;4750&#44;4755&#44;4761&#44;4763&#44;4764&#44;4767&#44;4768&#44;4769&#44;4770&#44;4771&#44;4772&#44;4774&#44;4775&#44;4776&#44;4777&#44;4778&#44;4780&#44;4781&#44;4782&#44;4783&#44;4784&#44;4785&#44;4786&#44;4787&#44;4789&#44;4790&#44;4791&#44;4794&#44;4795&#44;4797&#44;4798&#44;4799&#44;4801&#44;4802&#44;4804&#44;4805&#44;4808&#44;4815&#44;4816&#44;4817&#44;4818&#44;4819&#44;4820&#44;4822&#44;4824&#44;4825&#44;4828&#44;4829&#44;4830&#44;4831&#44;4836&#44;4837&#44;4839&#44;4840&#44;4843&#44;4846&#44;4847&#44;4850&#44;4851&#44;4852&#44;4853&#44;4855&#44;4857&#44;4859&#44;4860&#44;4861&#44;4866&#44;4870&#44;4871&#44;4872&#44;4873&#44;4874&#44;4875&#44;4876&#44;4878&#44;4879&#44;4901&#44;4905&#44;4906&#44;4908&#44;4911&#44;4914&#44;4915&#44;4917&#44;4920&#44;4925&#44;4926&#44;4930&#44;4933&#44;4936&#44;4938&#44;4939&#44;4942&#44;4944&#44;4946&#44;4947&#44;4948&#44;4950&#44;4952&#44;4955&#44;4958&#44;4961&#44;4962&#44;4963&#44;4969&#44;4972&#44;4973&#44;4974&#44;4982&#44;4983&#44;4985&#44;4987&#44;4989&#44;4990&#44;4991&#44;4992&#44;4994&#44;4996&#44;4998&#44;4999&#44;6181&#44;6188&#44;6189&#44;6201&#44;6202&#44;6203&#44;6204&#44;6205&#44;6212&#44;6213&#44;6216&#44;6217&#44;6218&#44;6219&#44;6220&#44;6225&#44;6228&#44;6235&#44;6236&#44;6238&#44;6239&#44;6240&#44;6242&#44;6244&#44;6245&#44;6246&#44;6247&#44;6249&#44;6251&#44;6252&#44;6254&#44;6255&#44;6256&#44;6257&#44;6259&#44;6260&#44;6261&#44;6262&#44;6265&#44;6267&#44;6269&#44;6270&#44;6275&#44;6302&#44;6304&#44;6305&#44;6307&#44;6308&#44;6309&#44;6310&#44;6311&#44;6312&#44;6313&#44;6314&#44;6315&#44;6317&#44;6319&#44;6320&#44;6321&#44;6322&#44;6324&#44;6325&#44;6326&#44;6327&#44;6328&#44;6329&#44;6330&#44;6331&#44;6332&#44;6333&#44;6334&#44;6335&#44;6336&#44;6338&#44;6339&#44;6341&#44;6342&#44;6343&#44;6344&#44;6345&#44;6347&#44;6348&#44;6349&#44;6350&#44;6351&#44;6352&#44;6353&#44;6354&#44;6355&#44;6356&#44;6357&#44;6358&#44;6359&#44;6360&#44;6361&#44;6363&#44;6364&#44;6365&#44;6366&#44;6367&#44;6368&#44;6369&#44;6371&#44;6372&#44;6373&#44;6375&#44;6376&#44;6377&#44;6378&#44;6379&#44;6380&#44;6381&#44;6382&#44;6383&#44;6384&#44;6385&#44;6386&#44;6387&#44;6388&#44;6401&#44;6402&#44;6403&#44;6404&#44;6405&#44;6406&#44;6407&#44;6408&#44;6409&#44;6410&#44;6412&#44;6413&#44;6414&#44;6415&#44;6417&#44;6418&#44;6419&#44;6420&#44;6421&#44;6422&#44;6423&#44;6424&#44;6425&#44;6426&#44;6427&#44;6428&#44;6429&#44;6430&#44;6431&#44;6432&#44;6433&#44;6434&#44;6435&#44;6436&#44;6437&#44;6439&#44;6440&#44;6441&#44;6443&#44;6444&#44;6445&#44;6448&#44;6449&#44;6450&#44;6452&#44;6453&#44;6454&#44;6455&#44;6456&#44;6457&#44;6458&#44;6460&#44;6461&#44;6462&#44;6463&#44;6464&#44;6471&#44;6472&#44;6474&#44;6479&#44;6482&#44;6485&#44;6487&#44;6489&#44;6501&#44;6502&#44;6503&#44;6505&#44;6506&#44;6507&#44;6509&#44;6510&#44;6512&#44;6514&#44;6517&#44;6518&#44;6520&#44;6521&#44;6524&#44;6527&#44;6528&#44;6533&#44;6535&#44;6536&#44;6539&#44;6540&#44;6543&#44;6547&#44;6549&#44;6556&#44;6562&#44;6565&#44;6567&#44;6568&#44;6569&#44;6570&#44;6571&#44;6572&#44;6573&#44;6575&#44;6581&#44;6582&#44;6604&#44;6605&#44;6606&#44;6608&#44;6609&#44;6610&#44;6612&#44;6613&#44;6614&#44;6615&#44;6616&#44;6617&#44;6619&#44;6620&#44;6621&#44;6622&#44;6624&#44;6626&#44;6628&#44;6630&#44;6631&#44;6632&#44;6633&#44;6634&#44;6635&#44;6636&#44;6637&#44;6643&#44;6644&#44;6646&#44;6650&#44;6651&#44;6652&#44;6653&#44;6655&#44;6657&#44;6658&#44;6659&#44;6660&#44;6661&#44;6662&#44;6663&#44;6664&#44;6666&#44;6667&#44;6670&#44;6671&#44;6672&#44;6673&#44;6674&#44;6675&#44;6676&#44;6677&#44;6678&#44;6679&#44;6680&#44;6682&#44;6683&#44;6684&#44;6685&#44;6686&#44;6689&#44;6690&#44;6692&#44;6693&#44;6779&#44;6781&#44;6867&#44;6976&#44;6979&#44;7189&#44;7658&#44;7676&#44;8102&#44;8104&#44;8106&#44;8107&#44;8111&#44;8112&#44;8114&#44;8115&#44;8116&#44;8117&#44;8119&#44;8120&#44;8123&#44;8125&#44;8126&#44;8128&#44;8129&#44;8130&#44;8132&#44;8133&#44;8134&#44;8135&#44;8136&#44;8138&#44;8139&#44;8141&#44;8142&#44;8144&#44;8145&#44;8146&#44;8147&#44;8149&#44;8150&#44;8151&#44;8152&#44;8153&#44;8155&#44;8156&#44;8157&#44;8158&#44;8160&#44;8161&#44;8162&#44;8163&#44;8164&#44;8165&#44;8166&#44;8167&#44;8168&#44;8169&#44;8172&#44;8173&#44;8174&#44;8175&#44;8176&#44;8177&#44;8180&#44;8181&#44;8182&#44;8183&#44;8184&#44;8185&#44;8186&#44;8188&#44;8189&#44;8190&#44;8191&#44;8192&#44;8193&#44;8194&#44;8196&#44;8197&#44;8201&#44;8202&#44;8203&#44;8205&#44;8207&#44;8208&#44;8209&#44;8210&#44;8211&#44;8213&#44;8215&#44;8218&#44;8219&#44;8220&#44;8221&#44;8222&#44;8223&#44;8224&#44;8225&#44;8226&#44;8227&#44;8228&#44;8236&#44;8237&#44;8238&#44;8239&#44;8241&#44;8242&#44;8243&#44;8244&#44;8245&#44;8246&#44;8247&#44;8248&#44;8250&#44;8251&#44;8252&#44;8253&#44;8254&#44;8256&#44;8257&#44;8259&#44;8261&#44;8262&#44;8263&#44;8264&#44;8265&#44;8266&#44;8267&#44;8268&#44;8269&#44;8270&#44;8271&#44;8272&#44;8273&#44;8274&#44;8275&#44;8276&#44;8277&#44;8278&#44;8279&#44;8280&#44;8281&#44;8282&#44;8283&#44;8284&#44;8285&#44;8286&#44;8287&#44;8288&#44;8289&#44;8290&#44;8291&#44;8292&#44;8293&#44;8294&#44;8295&#44;8296&#44;8297&#44;8298&#44;8299&#44;""",9/9/21,8/13/21,N
layouts,Deli,57,,2021,9/20/21,1-NewFolderStructure/C057_Deli/C57_Effective_09202021_Planogram_Update_09-17-2021/,_C57_Effective_09202021_Planogram_Update_09-17-2021.pdf,"""6203&#44;6329&#44;6671&#44;8211&#44;8290&#44;""",9/20/21,9/17/21,N
layouts,HMS,79-2,,2021,9/20/21,1-NewFolderStructure/C079_HMS/C79_HMS_Effective_09062021_Update_09172021/,_C79_HMS_Effective_09062021_Update_09172021.pdf,"""4950&#44;6333&#44;6339&#44;6349&#44;8299&#44;""",9/20/21,9/17/21,N
layouts,Domestics,21,,2021,9/20/21,https://sams-csp.cld.samsclub.com/clubs/,/planograms/21,"""4109&#44;4702&#44;4703&#44;4704&#44;4707&#44;4709&#44;4710&#44;4711&#44;4712&#44;4713&#44;4718&#44;4720&#44;4721&#44;4722&#44;4724&#44;4728&#44;4729&#44;4730&#44;4731&#44;4732&#44;4735&#44;4736&#44;4738&#44;4739&#44;4740&#44;4741&#44;4742&#44;4743&#44;4745&#44;4749&#44;4750&#44;4755&#44;4761&#44;4763&#44;4764&#44;4767&#44;4768&#44;4769&#44;4770&#44;4771&#44;4772&#44;4774&#44;4775&#44;4776&#44;4777&#44;4778&#44;4780&#44;4781&#44;4782&#44;4783&#44;4784&#44;4785&#44;4786&#44;4787&#44;4789&#44;4790&#44;4791&#44;4794&#44;4795&#44;4797&#44;4798&#44;4799&#44;4801&#44;4802&#44;4804&#44;4805&#44;4808&#44;4815&#44;4816&#44;4817&#44;4818&#44;4819&#44;4820&#44;4822&#44;4824&#44;4825&#44;4828&#44;4829&#44;4830&#44;4831&#44;4836&#44;4837&#44;4839&#44;4840&#44;4843&#44;4846&#44;4847&#44;4850&#44;4851&#44;4852&#44;4853&#44;4855&#44;4857&#44;4859&#44;4860&#44;4861&#44;4866&#44;4870&#44;4871&#44;4872&#44;4873&#44;4874&#44;4875&#44;4876&#44;4878&#44;4879&#44;4901&#44;4905&#44;4906&#44;4908&#44;4911&#44;4914&#44;4915&#44;4917&#44;4920&#44;4925&#44;4926&#44;4930&#44;4933&#44;4936&#44;4938&#44;4939&#44;4942&#44;4944&#44;4946&#44;4947&#44;4948&#44;4950&#44;4952&#44;4955&#44;4958&#44;4961&#44;4962&#44;4963&#44;4969&#44;4972&#44;4973&#44;4974&#44;4982&#44;4983&#44;4985&#44;4987&#44;4989&#44;4990&#44;4991&#44;4992&#44;4994&#44;4996&#44;4998&#44;4999&#44;6181&#44;6188&#44;6189&#44;6201&#44;6202&#44;6203&#44;6204&#44;6205&#44;6212&#44;6213&#44;6216&#44;6217&#44;6218&#44;6219&#44;6220&#44;6225&#44;6228&#44;6235&#44;6236&#44;6238&#44;6239&#44;6240&#44;6242&#44;6244&#44;6245&#44;6246&#44;6247&#44;6249&#44;6251&#44;6252&#44;6254&#44;6255&#44;6256&#44;6257&#44;6259&#44;6260&#44;6261&#44;6262&#44;6265&#44;6267&#44;6269&#44;6270&#44;6275&#44;6302&#44;6304&#44;6305&#44;6307&#44;6308&#44;6309&#44;6310&#44;6311&#44;6312&#44;6313&#44;6314&#44;6315&#44;6317&#44;6319&#44;6320&#44;6321&#44;6322&#44;6324&#44;6325&#44;6326&#44;6327&#44;6328&#44;6329&#44;6330&#44;6331&#44;6332&#44;6333&#44;6334&#44;6335&#44;6336&#44;6338&#44;6339&#44;6341&#44;6342&#44;6343&#44;6344&#44;6345&#44;6347&#44;6348&#44;6349&#44;6350&#44;6351&#44;6352&#44;6353&#44;6354&#44;6355&#44;6356&#44;6357&#44;6358&#44;6359&#44;6360&#44;6361&#44;6363&#44;6364&#44;6365&#44;6366&#44;6367&#44;6368&#44;6369&#44;6371&#44;6372&#44;6373&#44;6375&#44;6376&#44;6377&#44;6378&#44;6379&#44;6380&#44;6381&#44;6382&#44;6383&#44;6384&#44;6385&#44;6386&#44;6387&#44;6388&#44;6401&#44;6402&#44;6403&#44;6404&#44;6405&#44;6406&#44;6407&#44;6408&#44;6409&#44;6410&#44;6412&#44;6413&#44;6414&#44;6415&#44;6417&#44;6418&#44;6419&#44;6420&#44;6421&#44;6422&#44;6423&#44;6424&#44;6425&#44;6426&#44;6427&#44;6428&#44;6429&#44;6430&#44;6431&#44;6432&#44;6433&#44;6434&#44;6435&#44;6436&#44;6437&#44;6439&#44;6440&#44;6441&#44;6443&#44;6444&#44;6445&#44;6448&#44;6449&#44;6450&#44;6452&#44;6453&#44;6454&#44;6455&#44;6456&#44;6457&#44;6458&#44;6460&#44;6461&#44;6462&#44;6463&#44;6464&#44;6471&#44;6472&#44;6474&#44;6479&#44;6482&#44;6485&#44;6487&#44;6489&#44;6501&#44;6502&#44;6503&#44;6505&#44;6506&#44;6507&#44;6509&#44;6510&#44;6512&#44;6514&#44;6517&#44;6518&#44;6520&#44;6521&#44;6524&#44;6527&#44;6528&#44;6533&#44;6535&#44;6536&#44;6539&#44;6540&#44;6543&#44;6547&#44;6549&#44;6556&#44;6562&#44;6565&#44;6567&#44;6568&#44;6569&#44;6570&#44;6571&#44;6572&#44;6573&#44;6575&#44;6581&#44;6582&#44;6604&#44;6605&#44;6606&#44;6608&#44;6609&#44;6610&#44;6612&#44;6613&#44;6614&#44;6615&#44;6616&#44;6617&#44;6619&#44;6620&#44;6621&#44;6622&#44;6624&#44;6626&#44;6628&#44;6630&#44;6631&#44;6632&#44;6633&#44;6634&#44;6635&#44;6636&#44;6637&#44;6643&#44;6644&#44;6646&#44;6650&#44;6651&#44;6652&#44;6653&#44;6655&#44;6657&#44;6658&#44;6659&#44;6660&#44;6661&#44;6662&#44;6663&#44;6664&#44;6666&#44;6667&#44;6670&#44;6671&#44;6672&#44;6673&#44;6674&#44;6675&#44;6676&#44;6677&#44;6678&#44;6679&#44;6680&#44;6682&#44;6683&#44;6684&#44;6685&#44;6686&#44;6689&#44;6690&#44;6692&#44;6693&#44;6779&#44;6781&#44;6867&#44;6976&#44;6979&#44;7189&#44;7658&#44;7676&#44;8102&#44;8104&#44;8106&#44;8107&#44;8111&#44;8112&#44;8114&#44;8115&#44;8116&#44;8117&#44;8119&#44;8120&#44;8123&#44;8125&#44;8126&#44;8128&#44;8129&#44;8130&#44;8132&#44;8133&#44;8134&#44;8135&#44;8136&#44;8138&#44;8139&#44;8141&#44;8142&#44;8144&#44;8145&#44;8146&#44;8147&#44;8149&#44;8150&#44;8151&#44;8152&#44;8153&#44;8155&#44;8156&#44;8157&#44;8158&#44;8160&#44;8161&#44;8162&#44;8163&#44;8164&#44;8165&#44;8166&#44;8167&#44;8168&#44;8169&#44;8172&#44;8173&#44;8174&#44;8175&#44;8176&#44;8177&#44;8180&#44;8181&#44;8182&#44;8183&#44;8184&#44;8185&#44;8186&#44;8188&#44;8189&#44;8190&#44;8191&#44;8192&#44;8193&#44;8194&#44;8196&#44;8197&#44;8201&#44;8202&#44;8203&#44;8205&#44;8207&#44;8208&#44;8209&#44;8210&#44;8211&#44;8213&#44;8215&#44;8218&#44;8219&#44;8220&#44;8221&#44;8222&#44;8223&#44;8224&#44;8225&#44;8226&#44;8227&#44;8228&#44;8236&#44;8237&#44;8238&#44;8239&#44;8241&#44;8242&#44;8243&#44;8244&#44;8245&#44;8246&#44;8247&#44;8248&#44;8250&#44;8251&#44;8252&#44;8253&#44;8254&#44;8256&#44;8257&#44;8259&#44;8261&#44;8262&#44;8263&#44;8264&#44;8265&#44;8266&#44;8267&#44;8268&#44;8269&#44;8270&#44;8271&#44;8272&#44;8273&#44;8274&#44;8275&#44;8276&#44;8277&#44;8278&#44;8279&#44;8280&#44;8281&#44;8282&#44;8283&#44;8284&#44;8285&#44;8286&#44;8287&#44;8288&#44;8289&#44;8290&#44;8291&#44;8292&#44;8293&#44;8294&#44;8295&#44;8296&#44;8297&#44;8298&#44;8299&#44;""",9/20/21,9/20/21,N
layouts,Coolers,42-2,,2021,9/20/21,1-NewFolderStructure/C042_Coolers/C42_Effective_07122021_Planogram_Updated_09202021/,_C42_Effective_07122021_Planogram_Updated_09202021.pdf,"""8269&#44;""",9/20/21,9/20/21,N
layouts,Deli,57,,2021,9/22/21,1-NewFolderStructure/C057_Deli/C57_Effective_09202021_Planogram_Update_09-21-2021/,_C57_Effective_09202021_Planogram_Update_09-21-2021.pdf,"""4808&#44;6406&#44;""",9/22/21,9/21/21,N
layouts,Coolers,42-2,,2021,9/22/21,1-NewFolderStructure/C042_Coolers/C42_Effective__07122021_Planogram_Updated_09202021/,_C42_Effective_07122021_Planogram_Updated_09202021.pdf,"""4958&#44;""",9/22/21,9/21/21,N
layouts,Bakery Tables,"""37&#44;77""",,2021,9/24/21,1-NewFolderStructure/C037_C077_Bakery_Tables/C37_77_Bakery_Tables_Effective_09062021_Updated_09242021/,_C37_77_Bakery_Tables_Effective_09062021_Updated_09242021.pdf,"""4785&#44;4794&#44;4797&#44;4801&#44;4818&#44;4820&#44;4852&#44;4857&#44;4861&#44;4872&#44;4879&#44;4901&#44;4917&#44;4946&#44;4950&#44;4972&#44;4991&#44;4998&#44;6189&#44;6203&#44;6204&#44;6212&#44;6216&#44;6236&#44;6322&#44;6335&#44;6353&#44;6355&#44;6363&#44;6364&#44;6387&#44;6401&#44;6403&#44;6414&#44;6420&#44;6441&#44;6443&#44;6445&#44;6448&#44;6452&#44;6463&#44;6506&#44;6520&#44;6540&#44;6571&#44;6573&#44;6582&#44;6637&#44;6976&#44;7658&#44;8115&#44;8116&#44;8138&#44;8141&#44;8142&#44;8151&#44;8155&#44;8157&#44;8173&#44;8192&#44;8202&#44;8218&#44;8219&#44;8252&#44;8253&#44;8278&#44;8283&#44;""",9/24/21,9/24/21,N
layouts,Furniture,17,,2021,9/27/21,https://sams-csp.cld.samsclub.com/clubs/,/planograms/17,"""4109&#44;4702&#44;4703&#44;4704&#44;4707&#44;4709&#44;4710&#44;4711&#44;4712&#44;4713&#44;4718&#44;4720&#44;4721&#44;4722&#44;4724&#44;4728&#44;4729&#44;4730&#44;4731&#44;4732&#44;4735&#44;4736&#44;4738&#44;4739&#44;4740&#44;4741&#44;4742&#44;4743&#44;4745&#44;4749&#44;4750&#44;4755&#44;4761&#44;4763&#44;4764&#44;4767&#44;4768&#44;4769&#44;4770&#44;4771&#44;4772&#44;4774&#44;4775&#44;4776&#44;4777&#44;4778&#44;4780&#44;4781&#44;4782&#44;4783&#44;4784&#44;4785&#44;4786&#44;4787&#44;4789&#44;4790&#44;4791&#44;4794&#44;4795&#44;4797&#44;4798&#44;4799&#44;4801&#44;4802&#44;4804&#44;4805&#44;4808&#44;4815&#44;4816&#44;4817&#44;4818&#44;4819&#44;4820&#44;4822&#44;4824&#44;4825&#44;4828&#44;4829&#44;4830&#44;4831&#44;4836&#44;4837&#44;4839&#44;4840&#44;4843&#44;4846&#44;4847&#44;4850&#44;4851&#44;4852&#44;4853&#44;4855&#44;4857&#44;4859&#44;4860&#44;4861&#44;4866&#44;4870&#44;4871&#44;4872&#44;4873&#44;4874&#44;4875&#44;4876&#44;4878&#44;4879&#44;4901&#44;4905&#44;4906&#44;4908&#44;4911&#44;4914&#44;4915&#44;4917&#44;4920&#44;4925&#44;4926&#44;4930&#44;4933&#44;4936&#44;4938&#44;4939&#44;4942&#44;4944&#44;4946&#44;4947&#44;4948&#44;4950&#44;4952&#44;4955&#44;4958&#44;4961&#44;4962&#44;4963&#44;4969&#44;4972&#44;4973&#44;4974&#44;4982&#44;4983&#44;4985&#44;4987&#44;4989&#44;4990&#44;4991&#44;4992&#44;4994&#44;4996&#44;4998&#44;4999&#44;6181&#44;6188&#44;6189&#44;6201&#44;6202&#44;6203&#44;6204&#44;6205&#44;6212&#44;6213&#44;6216&#44;6217&#44;6218&#44;6219&#44;6220&#44;6225&#44;6228&#44;6235&#44;6236&#44;6238&#44;6239&#44;6240&#44;6242&#44;6244&#44;6245&#44;6246&#44;6247&#44;6249&#44;6251&#44;6252&#44;6254&#44;6255&#44;6256&#44;6257&#44;6259&#44;6260&#44;6261&#44;6262&#44;6265&#44;6267&#44;6269&#44;6270&#44;6275&#44;6302&#44;6304&#44;6305&#44;6307&#44;6308&#44;6309&#44;6310&#44;6311&#44;6312&#44;6313&#44;6314&#44;6315&#44;6317&#44;6319&#44;6320&#44;6321&#44;6322&#44;6324&#44;6325&#44;6326&#44;6327&#44;6328&#44;6329&#44;6330&#44;6331&#44;6332&#44;6333&#44;6334&#44;6335&#44;6336&#44;6338&#44;6339&#44;6341&#44;6342&#44;6343&#44;6344&#44;6345&#44;6347&#44;6348&#44;6349&#44;6350&#44;6351&#44;6352&#44;6353&#44;6354&#44;6355&#44;6356&#44;6357&#44;6358&#44;6359&#44;6360&#44;6361&#44;6363&#44;6364&#44;6365&#44;6366&#44;6367&#44;6368&#44;6369&#44;6371&#44;6372&#44;6373&#44;6375&#44;6376&#44;6377&#44;6378&#44;6379&#44;6380&#44;6381&#44;6382&#44;6383&#44;6384&#44;6385&#44;6386&#44;6387&#44;6388&#44;6401&#44;6402&#44;6403&#44;6404&#44;6405&#44;6406&#44;6407&#44;6408&#44;6409&#44;6410&#44;6412&#44;6413&#44;6414&#44;6415&#44;6417&#44;6418&#44;6419&#44;6420&#44;6421&#44;6422&#44;6423&#44;6424&#44;6425&#44;6426&#44;6427&#44;6428&#44;6429&#44;6430&#44;6431&#44;6432&#44;6433&#44;6434&#44;6435&#44;6436&#44;6437&#44;6439&#44;6440&#44;6441&#44;6443&#44;6444&#44;6445&#44;6448&#44;6449&#44;6450&#44;6452&#44;6453&#44;6454&#44;6455&#44;6456&#44;6457&#44;6458&#44;6460&#44;6461&#44;6462&#44;6463&#44;6464&#44;6471&#44;6472&#44;6474&#44;6479&#44;6482&#44;6485&#44;6487&#44;6489&#44;6501&#44;6502&#44;6503&#44;6505&#44;6506&#44;6507&#44;6509&#44;6510&#44;6512&#44;6514&#44;6517&#44;6518&#44;6520&#44;6521&#44;6524&#44;6527&#44;6528&#44;6533&#44;6535&#44;6536&#44;6539&#44;6540&#44;6543&#44;6547&#44;6549&#44;6556&#44;6562&#44;6565&#44;6567&#44;6568&#44;6569&#44;6570&#44;6571&#44;6572&#44;6573&#44;6575&#44;6581&#44;6582&#44;6604&#44;6605&#44;6606&#44;6608&#44;6609&#44;6610&#44;6612&#44;6613&#44;6614&#44;6615&#44;6616&#44;6617&#44;6619&#44;6620&#44;6621&#44;6622&#44;6624&#44;6626&#44;6628&#44;6630&#44;6631&#44;6632&#44;6633&#44;6634&#44;6635&#44;6636&#44;6637&#44;6643&#44;6644&#44;6646&#44;6650&#44;6651&#44;6652&#44;6653&#44;6655&#44;6657&#44;6658&#44;6659&#44;6660&#44;6661&#44;6662&#44;6663&#44;6664&#44;6666&#44;6667&#44;6670&#44;6671&#44;6672&#44;6673&#44;6674&#44;6675&#44;6676&#44;6677&#44;6678&#44;6679&#44;6680&#44;6682&#44;6683&#44;6684&#44;6685&#44;6686&#44;6689&#44;6690&#44;6692&#44;6693&#44;6779&#44;6781&#44;6867&#44;6976&#44;6979&#44;7189&#44;7658&#44;7676&#44;8102&#44;8104&#44;8106&#44;8107&#44;8111&#44;8112&#44;8114&#44;8115&#44;8116&#44;8117&#44;8119&#44;8120&#44;8123&#44;8125&#44;8126&#44;8128&#44;8129&#44;8130&#44;8132&#44;8133&#44;8134&#44;8135&#44;8136&#44;8138&#44;8139&#44;8141&#44;8142&#44;8144&#44;8145&#44;8146&#44;8147&#44;8149&#44;8150&#44;8151&#44;8152&#44;8153&#44;8155&#44;8156&#44;8157&#44;8158&#44;8160&#44;8161&#44;8162&#44;8163&#44;8164&#44;8165&#44;8166&#44;8167&#44;8168&#44;8169&#44;8172&#44;8173&#44;8174&#44;8175&#44;8176&#44;8177&#44;8180&#44;8181&#44;8182&#44;8183&#44;8184&#44;8185&#44;8186&#44;8188&#44;8189&#44;8190&#44;8191&#44;8192&#44;8193&#44;8194&#44;8196&#44;8197&#44;8201&#44;8202&#44;8203&#44;8205&#44;8207&#44;8208&#44;8209&#44;8210&#44;8211&#44;8213&#44;8215&#44;8218&#44;8219&#44;8220&#44;8221&#44;8222&#44;8223&#44;8224&#44;8225&#44;8226&#44;8227&#44;8228&#44;8236&#44;8237&#44;8238&#44;8239&#44;8241&#44;8242&#44;8243&#44;8244&#44;8245&#44;8246&#44;8247&#44;8248&#44;8250&#44;8251&#44;8252&#44;8253&#44;8254&#44;8256&#44;8257&#44;8259&#44;8261&#44;8262&#44;8263&#44;8264&#44;8265&#44;8266&#44;8267&#44;8268&#44;8269&#44;8270&#44;8271&#44;8272&#44;8273&#44;8274&#44;8275&#44;8276&#44;8277&#44;8278&#44;8279&#44;8280&#44;8281&#44;8282&#44;8283&#44;8284&#44;8285&#44;8286&#44;8287&#44;8288&#44;8289&#44;8290&#44;8291&#44;8292&#44;8293&#44;8294&#44;8295&#44;8296&#44;8297&#44;8298&#44;8299&#44;""",9/20/21,9/20/21,N
layouts,Deli,57,,2021,9/27/21,1-NewFolderStructure/C057_Deli/C57_Effective_09202021_Planogram_Update_09-27-2021/,_C57_Effective_09202021_Planogram_Update_09-27-2021.pdf,"""6381&#44;""",9/27/21,9/27/21,N
layouts,Coolers,42-2,,2021,9/28/21,1-NewFolderStructure/C042_Coolers/C42__Effective_07112021_Planogram_Updated_06142021/,_C42_Effective_07112021_Planogram_Updated_06142021.pdf,"""8272&#44;""",9/28/21,9/28/21,N
layouts,Café Grab and Go,79-3,,2021,9/29/21,1-NewFolderStructure/C079_Cafe_Grab_n_Go/C79_Cafe_Grab_and_Go_Effective_09062021_Update_09282021/,_C79_Cafe_Grab_and_Go_Effective_09062021_Update_09282021.pdf,"""4808&#44;4969&#44;6387&#44;6670&#44;8209&#44;""",9/29/21,9/28/21,N
layouts,Deli,57,,2021,9/30/21,1-NewFolderStructure/C057_Deli/C57__Effective_09202021_Planogram_Update_09-17-2021/,_C57_Effective_09202021_Planogram_Update_09-17-2021.pdf,"""6329&#44;""",9/30/21,9/30/21,N
layouts,Bakery Pallets,"""37-4&#44;77-4""",,2021,10/4/21,1-NewFolderStructure/C037_C077_Bakery_Pallets/C37_77_Bakery_Pallets_Effective_10042021_Updated_09242021/,_C37_77_Bakery_Pallets_Effective_10042021_Updated_09242021.pdf,"""4109&#44;4702&#44;4703&#44;4704&#44;4707&#44;4709&#44;4710&#44;4711&#44;4712&#44;4713&#44;4718&#44;4720&#44;4721&#44;4722&#44;4724&#44;4728&#44;4729&#44;4730&#44;4731&#44;4732&#44;4735&#44;4736&#44;4738&#44;4739&#44;4740&#44;4741&#44;4742&#44;4743&#44;4745&#44;4749&#44;4750&#44;4755&#44;4761&#44;4763&#44;4764&#44;4767&#44;4768&#44;4769&#44;4770&#44;4771&#44;4772&#44;4774&#44;4775&#44;4776&#44;4777&#44;4778&#44;4780&#44;4781&#44;4782&#44;4783&#44;4784&#44;4785&#44;4786&#44;4787&#44;4789&#44;4790&#44;4791&#44;4794&#44;4795&#44;4797&#44;4798&#44;4799&#44;4801&#44;4802&#44;4804&#44;4805&#44;4808&#44;4815&#44;4816&#44;4817&#44;4818&#44;4819&#44;4820&#44;4822&#44;4824&#44;4825&#44;4828&#44;4829&#44;4830&#44;4831&#44;4836&#44;4837&#44;4839&#44;4840&#44;4843&#44;4846&#44;4847&#44;4850&#44;4851&#44;4852&#44;4853&#44;4855&#44;4857&#44;4859&#44;4860&#44;4861&#44;4866&#44;4870&#44;4871&#44;4872&#44;4873&#44;4874&#44;4875&#44;4876&#44;4878&#44;4879&#44;4901&#44;4905&#44;4906&#44;4908&#44;4911&#44;4914&#44;4915&#44;4917&#44;4920&#44;4925&#44;4926&#44;4930&#44;4933&#44;4936&#44;4938&#44;4939&#44;4942&#44;4944&#44;4946&#44;4947&#44;4948&#44;4950&#44;4952&#44;4955&#44;4958&#44;4961&#44;4962&#44;4963&#44;4969&#44;4972&#44;4973&#44;4974&#44;4983&#44;4985&#44;4987&#44;4989&#44;4990&#44;4991&#44;4992&#44;4994&#44;4996&#44;4998&#44;4999&#44;6181&#44;6188&#44;6189&#44;6201&#44;6202&#44;6203&#44;6204&#44;6205&#44;6212&#44;6213&#44;6216&#44;6217&#44;6218&#44;6219&#44;6220&#44;6225&#44;6228&#44;6235&#44;6236&#44;6238&#44;6239&#44;6240&#44;6242&#44;6244&#44;6245&#44;6246&#44;6247&#44;6249&#44;6251&#44;6252&#44;6254&#44;6255&#44;6256&#44;6257&#44;6259&#44;6260&#44;6261&#44;6262&#44;6265&#44;6267&#44;6269&#44;6270&#44;6275&#44;6302&#44;6304&#44;6305&#44;6307&#44;6308&#44;6309&#44;6310&#44;6311&#44;6312&#44;6313&#44;6314&#44;6315&#44;6317&#44;6319&#44;6320&#44;6321&#44;6322&#44;6325&#44;6326&#44;6327&#44;6328&#44;6329&#44;6330&#44;6331&#44;6332&#44;6333&#44;6334&#44;6335&#44;6336&#44;6338&#44;6339&#44;6341&#44;6342&#44;6343&#44;6344&#44;6345&#44;6347&#44;6348&#44;6349&#44;6350&#44;6351&#44;6352&#44;6353&#44;6354&#44;6355&#44;6356&#44;6357&#44;6358&#44;6359&#44;6360&#44;6361&#44;6363&#44;6364&#44;6365&#44;6366&#44;6367&#44;6368&#44;6369&#44;6371&#44;6372&#44;6373&#44;6375&#44;6376&#44;6377&#44;6378&#44;6379&#44;6380&#44;6381&#44;6382&#44;6383&#44;6384&#44;6385&#44;6386&#44;6387&#44;6388&#44;6401&#44;6402&#44;6403&#44;6404&#44;6405&#44;6406&#44;6407&#44;6408&#44;6409&#44;6410&#44;6413&#44;6414&#44;6415&#44;6417&#44;6418&#44;6419&#44;6420&#44;6421&#44;6422&#44;6423&#44;6424&#44;6425&#44;6426&#44;6427&#44;6428&#44;6429&#44;6430&#44;6431&#44;6432&#44;6433&#44;6434&#44;6435&#44;6436&#44;6437&#44;6439&#44;6440&#44;6441&#44;6443&#44;6444&#44;6445&#44;6448&#44;6449&#44;6450&#44;6452&#44;6453&#44;6454&#44;6455&#44;6456&#44;6457&#44;6458&#44;6460&#44;6461&#44;6462&#44;6463&#44;6464&#44;6471&#44;6472&#44;6474&#44;6479&#44;6482&#44;6485&#44;6487&#44;6489&#44;6501&#44;6502&#44;6503&#44;6505&#44;6506&#44;6507&#44;6509&#44;6510&#44;6512&#44;6514&#44;6517&#44;6518&#44;6520&#44;6521&#44;6524&#44;6527&#44;6528&#44;6533&#44;6535&#44;6536&#44;6539&#44;6540&#44;6543&#44;6547&#44;6549&#44;6556&#44;6562&#44;6565&#44;6567&#44;6568&#44;6569&#44;6570&#44;6571&#44;6572&#44;6573&#44;6575&#44;6581&#44;6582&#44;6604&#44;6605&#44;6606&#44;6608&#44;6609&#44;6610&#44;6612&#44;6613&#44;6614&#44;6615&#44;6616&#44;6617&#44;6619&#44;6620&#44;6621&#44;6622&#44;6624&#44;6626&#44;6628&#44;6630&#44;6631&#44;6632&#44;6633&#44;6634&#44;6635&#44;6636&#44;6637&#44;6643&#44;6644&#44;6646&#44;6650&#44;6651&#44;6652&#44;6653&#44;6655&#44;6657&#44;6658&#44;6659&#44;6660&#44;6661&#44;6662&#44;6663&#44;6664&#44;6666&#44;6667&#44;6670&#44;6671&#44;6672&#44;6673&#44;6674&#44;6675&#44;6676&#44;6677&#44;6678&#44;6679&#44;6680&#44;6682&#44;6683&#44;6684&#44;6685&#44;6686&#44;6689&#44;6690&#44;6692&#44;6693&#44;6779&#44;6781&#44;6867&#44;6976&#44;6979&#44;7189&#44;7658&#44;7676&#44;8102&#44;8104&#44;8106&#44;8107&#44;8111&#44;8112&#44;8114&#44;8115&#44;8116&#44;8117&#44;8119&#44;8120&#44;8123&#44;8125&#44;8126&#44;8128&#44;8129&#44;8130&#44;8132&#44;8133&#44;8134&#44;8135&#44;8136&#44;8138&#44;8139&#44;8141&#44;8142&#44;8144&#44;8145&#44;8146&#44;8147&#44;8149&#44;8150&#44;8151&#44;8152&#44;8153&#44;8155&#44;8156&#44;8157&#44;8158&#44;8160&#44;8161&#44;8162&#44;8163&#44;8164&#44;8165&#44;8166&#44;8167&#44;8168&#44;8169&#44;8172&#44;8173&#44;8174&#44;8175&#44;8176&#44;8177&#44;8180&#44;8181&#44;8182&#44;8183&#44;8184&#44;8185&#44;8186&#44;8188&#44;8189&#44;8190&#44;8191&#44;8192&#44;8193&#44;8194&#44;8196&#44;8197&#44;8201&#44;8202&#44;8203&#44;8205&#44;8207&#44;8208&#44;8209&#44;8210&#44;8211&#44;8213&#44;8215&#44;8218&#44;8219&#44;8220&#44;8221&#44;8222&#44;8223&#44;8224&#44;8225&#44;8226&#44;8227&#44;8228&#44;8236&#44;8237&#44;8238&#44;8239&#44;8241&#44;8242&#44;8243&#44;8244&#44;8245&#44;8246&#44;8247&#44;8248&#44;8250&#44;8251&#44;8252&#44;8253&#44;8254&#44;8256&#44;8257&#44;8259&#44;8261&#44;8262&#44;8263&#44;8264&#44;8265&#44;8266&#44;8267&#44;8268&#44;8269&#44;8270&#44;8271&#44;8272&#44;8273&#44;8274&#44;8275&#44;8276&#44;8277&#44;8278&#44;8279&#44;8280&#44;8281&#44;8282&#44;8283&#44;8284&#44;8285&#44;8286&#44;8287&#44;8288&#44;8289&#44;8290&#44;8291&#44;8292&#44;8293&#44;8294&#44;8295&#44;8296&#44;8297&#44;8298&#44;8299&#44;""",9/27/21,9/24/21,N
layouts,HMS,79-2,,2021,10/4/21,1-NewFolderStructure/C079_HMS/C79_HMS_Effective_10042021/,_C79_HMS_Effective_10042021.pdf,"""4109&#44;4702&#44;4703&#44;4704&#44;4707&#44;4709&#44;4710&#44;4711&#44;4712&#44;4713&#44;4718&#44;4720&#44;4721&#44;4722&#44;4724&#44;4728&#44;4729&#44;4730&#44;4731&#44;4732&#44;4735&#44;4736&#44;4738&#44;4739&#44;4740&#44;4741&#44;4742&#44;4743&#44;4745&#44;4749&#44;4750&#44;4755&#44;4761&#44;4763&#44;4764&#44;4767&#44;4768&#44;4769&#44;4770&#44;4771&#44;4772&#44;4774&#44;4775&#44;4776&#44;4777&#44;4778&#44;4780&#44;4781&#44;4782&#44;4783&#44;4784&#44;4785&#44;4786&#44;4787&#44;4789&#44;4790&#44;4791&#44;4794&#44;4795&#44;4797&#44;4798&#44;4799&#44;4801&#44;4802&#44;4804&#44;4805&#44;4808&#44;4815&#44;4816&#44;4817&#44;4818&#44;4819&#44;4820&#44;4822&#44;4824&#44;4825&#44;4828&#44;4829&#44;4830&#44;4831&#44;4836&#44;4837&#44;4839&#44;4840&#44;4843&#44;4846&#44;4847&#44;4850&#44;4851&#44;4852&#44;4853&#44;4855&#44;4857&#44;4859&#44;4860&#44;4861&#44;4866&#44;4870&#44;4871&#44;4872&#44;4873&#44;4874&#44;4875&#44;4876&#44;4878&#44;4879&#44;4901&#44;4905&#44;4906&#44;4908&#44;4911&#44;4914&#44;4915&#44;4917&#44;4920&#44;4925&#44;4926&#44;4930&#44;4933&#44;4936&#44;4938&#44;4939&#44;4942&#44;4944&#44;4946&#44;4947&#44;4948&#44;4950&#44;4952&#44;4955&#44;4958&#44;4961&#44;4962&#44;4963&#44;4969&#44;4972&#44;4973&#44;4974&#44;4982&#44;4983&#44;4985&#44;4987&#44;4989&#44;4990&#44;4991&#44;4992&#44;4994&#44;4996&#44;4998&#44;4999&#44;6181&#44;6188&#44;6189&#44;6201&#44;6202&#44;6203&#44;6204&#44;6205&#44;6212&#44;6213&#44;6216&#44;6217&#44;6218&#44;6219&#44;6220&#44;6225&#44;6228&#44;6235&#44;6236&#44;6238&#44;6239&#44;6240&#44;6242&#44;6244&#44;6245&#44;6246&#44;6247&#44;6249&#44;6251&#44;6252&#44;6254&#44;6255&#44;6256&#44;6257&#44;6259&#44;6260&#44;6261&#44;6262&#44;6265&#44;6267&#44;6269&#44;6270&#44;6275&#44;6302&#44;6304&#44;6305&#44;6307&#44;6308&#44;6309&#44;6310&#44;6311&#44;6312&#44;6313&#44;6314&#44;6315&#44;6317&#44;6319&#44;6320&#44;6321&#44;6322&#44;6324&#44;6325&#44;6326&#44;6327&#44;6328&#44;6329&#44;6330&#44;6331&#44;6332&#44;6333&#44;6334&#44;6335&#44;6336&#44;6338&#44;6339&#44;6341&#44;6342&#44;6343&#44;6344&#44;6345&#44;6347&#44;6348&#44;6349&#44;6350&#44;6351&#44;6352&#44;6353&#44;6354&#44;6355&#44;6356&#44;6357&#44;6358&#44;6359&#44;6360&#44;6361&#44;6363&#44;6364&#44;6365&#44;6366&#44;6367&#44;6368&#44;6369&#44;6371&#44;6372&#44;6373&#44;6375&#44;6376&#44;6377&#44;6378&#44;6379&#44;6380&#44;6381&#44;6382&#44;6383&#44;6384&#44;6385&#44;6386&#44;6387&#44;6388&#44;6401&#44;6402&#44;6403&#44;6404&#44;6405&#44;6406&#44;6407&#44;6408&#44;6409&#44;6410&#44;6412&#44;6413&#44;6414&#44;6415&#44;6417&#44;6418&#44;6419&#44;6420&#44;6421&#44;6422&#44;6423&#44;6424&#44;6425&#44;6426&#44;6427&#44;6428&#44;6429&#44;6430&#44;6431&#44;6432&#44;6433&#44;6434&#44;6435&#44;6436&#44;6437&#44;6439&#44;6440&#44;6441&#44;6443&#44;6444&#44;6445&#44;6448&#44;6449&#44;6450&#44;6452&#44;6453&#44;6454&#44;6455&#44;6456&#44;6457&#44;6458&#44;6460&#44;6461&#44;6462&#44;6463&#44;6464&#44;6471&#44;6472&#44;6474&#44;6479&#44;6482&#44;6485&#44;6487&#44;6489&#44;6501&#44;6502&#44;6503&#44;6505&#44;6506&#44;6507&#44;6509&#44;6510&#44;6512&#44;6514&#44;6517&#44;6518&#44;6520&#44;6521&#44;6524&#44;6527&#44;6528&#44;6533&#44;6535&#44;6536&#44;6539&#44;6540&#44;6543&#44;6547&#44;6549&#44;6556&#44;6562&#44;6565&#44;6567&#44;6568&#44;6569&#44;6570&#44;6571&#44;6572&#44;6573&#44;6575&#44;6581&#44;6582&#44;6604&#44;6605&#44;6606&#44;6608&#44;6609&#44;6610&#44;6612&#44;6613&#44;6614&#44;6615&#44;6616&#44;6617&#44;6619&#44;6620&#44;6621&#44;6622&#44;6624&#44;6626&#44;6628&#44;6630&#44;6631&#44;6632&#44;6633&#44;6634&#44;6635&#44;6636&#44;6637&#44;6643&#44;6644&#44;6646&#44;6650&#44;6651&#44;6652&#44;6653&#44;6655&#44;6657&#44;6658&#44;6659&#44;6660&#44;6661&#44;6662&#44;6663&#44;6664&#44;6666&#44;6667&#44;6670&#44;6671&#44;6672&#44;6673&#44;6674&#44;6675&#44;6676&#44;6677&#44;6678&#44;6679&#44;6680&#44;6682&#44;6683&#44;6684&#44;6685&#44;6686&#44;6689&#44;6690&#44;6692&#44;6693&#44;6779&#44;6781&#44;6867&#44;6976&#44;6979&#44;7189&#44;7658&#44;7676&#44;8102&#44;8104&#44;8106&#44;8107&#44;8111&#44;8112&#44;8114&#44;8115&#44;8116&#44;8117&#44;8119&#44;8120&#44;8123&#44;8125&#44;8126&#44;8128&#44;8129&#44;8130&#44;8132&#44;8133&#44;8134&#44;8135&#44;8136&#44;8138&#44;8139&#44;8141&#44;8142&#44;8144&#44;8145&#44;8146&#44;8147&#44;8149&#44;8150&#44;8151&#44;8152&#44;8153&#44;8155&#44;8156&#44;8157&#44;8158&#44;8160&#44;8161&#44;8162&#44;8163&#44;8164&#44;8165&#44;8166&#44;8167&#44;8168&#44;8169&#44;8172&#44;8173&#44;8174&#44;8175&#44;8176&#44;8177&#44;8180&#44;8181&#44;8182&#44;8183&#44;8184&#44;8185&#44;8186&#44;8188&#44;8189&#44;8190&#44;8191&#44;8192&#44;8193&#44;8194&#44;8196&#44;8197&#44;8201&#44;8202&#44;8203&#44;8205&#44;8207&#44;8208&#44;8209&#44;8210&#44;8211&#44;8213&#44;8215&#44;8218&#44;8219&#44;8220&#44;8221&#44;8222&#44;8223&#44;8224&#44;8225&#44;8226&#44;8227&#44;8228&#44;8236&#44;8237&#44;8238&#44;8239&#44;8241&#44;8242&#44;8243&#44;8244&#44;8245&#44;8246&#44;8247&#44;8248&#44;8250&#44;8251&#44;8252&#44;8253&#44;8254&#44;8256&#44;8257&#44;8259&#44;8261&#44;8262&#44;8263&#44;8264&#44;8265&#44;8266&#44;8267&#44;8268&#44;8269&#44;8270&#44;8271&#44;8272&#44;8273&#44;8274&#44;8275&#44;8276&#44;8277&#44;8278&#44;8279&#44;8280&#44;8281&#44;8282&#44;8283&#44;8284&#44;8285&#44;8286&#44;8287&#44;8288&#44;8289&#44;8290&#44;8291&#44;8292&#44;8293&#44;8294&#44;8295&#44;8296&#44;8297&#44;8298&#44;8299&#44;""",9/28/21,9/27/21,N
layouts,Bakery Tables,"""37&#44;77""",,2021,10/4/21,1-NewFolderStructure/C037_C077_Bakery_Tables/C37_77_Bakery_Tables_Effective_10042021_Updated_09282021/,_C37_77_Bakery_Tables_Effective_10042021_Updated_09282021.PDF,"""4109&#44;4702&#44;4703&#44;4704&#44;4707&#44;4709&#44;4710&#44;4711&#44;4712&#44;4713&#44;4718&#44;4720&#44;4721&#44;4722&#44;4724&#44;4728&#44;4729&#44;4730&#44;4731&#44;4732&#44;4735&#44;4736&#44;4738&#44;4739&#44;4740&#44;4741&#44;4742&#44;4743&#44;4745&#44;4749&#44;4750&#44;4755&#44;4761&#44;4763&#44;4764&#44;4767&#44;4768&#44;4769&#44;4770&#44;4771&#44;4772&#44;4774&#44;4775&#44;4776&#44;4777&#44;4778&#44;4780&#44;4781&#44;4782&#44;4783&#44;4784&#44;4785&#44;4786&#44;4787&#44;4789&#44;4790&#44;4791&#44;4794&#44;4795&#44;4797&#44;4798&#44;4799&#44;4801&#44;4802&#44;4804&#44;4805&#44;4808&#44;4815&#44;4816&#44;4817&#44;4818&#44;4819&#44;4820&#44;4822&#44;4824&#44;4825&#44;4828&#44;4829&#44;4830&#44;4831&#44;4836&#44;4837&#44;4839&#44;4840&#44;4843&#44;4846&#44;4847&#44;4850&#44;4851&#44;4852&#44;4853&#44;4855&#44;4857&#44;4859&#44;4860&#44;4861&#44;4866&#44;4870&#44;4871&#44;4872&#44;4873&#44;4874&#44;4875&#44;4876&#44;4878&#44;4879&#44;4901&#44;4905&#44;4906&#44;4908&#44;4911&#44;4914&#44;4915&#44;4917&#44;4920&#44;4925&#44;4926&#44;4933&#44;4936&#44;4938&#44;4939&#44;4942&#44;4944&#44;4946&#44;4947&#44;4948&#44;4950&#44;4952&#44;4955&#44;4958&#44;4961&#44;4962&#44;4963&#44;4969&#44;4972&#44;4973&#44;4974&#44;4982&#44;4983&#44;4985&#44;4987&#44;4989&#44;4990&#44;4991&#44;4992&#44;4994&#44;4996&#44;4998&#44;4999&#44;6181&#44;6188&#44;6189&#44;6201&#44;6202&#44;6203&#44;6204&#44;6205&#44;6212&#44;6213&#44;6216&#44;6217&#44;6218&#44;6219&#44;6220&#44;6225&#44;6228&#44;6235&#44;6236&#44;6238&#44;6239&#44;6240&#44;6242&#44;6244&#44;6245&#44;6246&#44;6247&#44;6249&#44;6251&#44;6252&#44;6254&#44;6255&#44;6256&#44;6257&#44;6259&#44;6260&#44;6261&#44;6262&#44;6265&#44;6267&#44;6269&#44;6270&#44;6275&#44;6302&#44;6304&#44;6305&#44;6307&#44;6308&#44;6309&#44;6310&#44;6311&#44;6312&#44;6313&#44;6314&#44;6315&#44;6317&#44;6319&#44;6320&#44;6321&#44;6322&#44;6324&#44;6325&#44;6326&#44;6327&#44;6328&#44;6329&#44;6330&#44;6331&#44;6332&#44;6333&#44;6334&#44;6335&#44;6336&#44;6338&#44;6339&#44;6341&#44;6342&#44;6343&#44;6344&#44;6345&#44;6347&#44;6348&#44;6349&#44;6350&#44;6351&#44;6352&#44;6353&#44;6354&#44;6355&#44;6356&#44;6357&#44;6358&#44;6359&#44;6360&#44;6361&#44;6363&#44;6364&#44;6365&#44;6366&#44;6367&#44;6368&#44;6369&#44;6371&#44;6372&#44;6373&#44;6375&#44;6376&#44;6378&#44;6379&#44;6380&#44;6381&#44;6382&#44;6383&#44;6384&#44;6385&#44;6386&#44;6387&#44;6388&#44;6401&#44;6402&#44;6403&#44;6404&#44;6405&#44;6406&#44;6407&#44;6408&#44;6409&#44;6410&#44;6412&#44;6413&#44;6414&#44;6415&#44;6417&#44;6418&#44;6419&#44;6420&#44;6421&#44;6422&#44;6423&#44;6424&#44;6425&#44;6426&#44;6427&#44;6428&#44;6429&#44;6430&#44;6431&#44;6432&#44;6433&#44;6434&#44;6435&#44;6436&#44;6437&#44;6439&#44;6440&#44;6441&#44;6443&#44;6444&#44;6445&#44;6448&#44;6449&#44;6450&#44;6452&#44;6453&#44;6454&#44;6455&#44;6456&#44;6457&#44;6458&#44;6460&#44;6461&#44;6462&#44;6463&#44;6464&#44;6471&#44;6472&#44;6474&#44;6479&#44;6482&#44;6485&#44;6487&#44;6489&#44;6501&#44;6502&#44;6503&#44;6505&#44;6506&#44;6507&#44;6509&#44;6510&#44;6512&#44;6514&#44;6517&#44;6518&#44;6520&#44;6521&#44;6524&#44;6527&#44;6528&#44;6535&#44;6536&#44;6539&#44;6540&#44;6543&#44;6547&#44;6549&#44;6556&#44;6562&#44;6565&#44;6567&#44;6568&#44;6569&#44;6570&#44;6571&#44;6572&#44;6573&#44;6575&#44;6581&#44;6582&#44;6604&#44;6605&#44;6606&#44;6608&#44;6609&#44;6610&#44;6612&#44;6613&#44;6614&#44;6615&#44;6616&#44;6617&#44;6619&#44;6620&#44;6621&#44;6622&#44;6624&#44;6626&#44;6628&#44;6630&#44;6631&#44;6632&#44;6633&#44;6634&#44;6635&#44;6636&#44;6637&#44;6643&#44;6644&#44;6646&#44;6650&#44;6651&#44;6652&#44;6653&#44;6655&#44;6657&#44;6658&#44;6659&#44;6660&#44;6661&#44;6662&#44;6663&#44;6664&#44;6666&#44;6667&#44;6670&#44;6671&#44;6672&#44;6673&#44;6674&#44;6675&#44;6676&#44;6677&#44;6678&#44;6679&#44;6680&#44;6682&#44;6683&#44;6684&#44;6685&#44;6686&#44;6689&#44;6690&#44;6692&#44;6693&#44;6779&#44;6781&#44;6867&#44;6976&#44;6979&#44;7189&#44;7658&#44;7676&#44;8102&#44;8104&#44;8106&#44;8107&#44;8111&#44;8112&#44;8114&#44;8115&#44;8116&#44;8117&#44;8119&#44;8120&#44;8123&#44;8125&#44;8126&#44;8128&#44;8129&#44;8130&#44;8132&#44;8133&#44;8134&#44;8135&#44;8136&#44;8138&#44;8139&#44;8141&#44;8142&#44;8144&#44;8145&#44;8146&#44;8147&#44;8149&#44;8150&#44;8151&#44;8152&#44;8153&#44;8155&#44;8156&#44;8157&#44;8158&#44;8160&#44;8161&#44;8162&#44;8163&#44;8164&#44;8165&#44;8166&#44;8167&#44;8168&#44;8169&#44;8172&#44;8173&#44;8174&#44;8175&#44;8176&#44;8177&#44;8180&#44;8181&#44;8182&#44;8183&#44;8184&#44;8185&#44;8186&#44;8188&#44;8189&#44;8190&#44;8191&#44;8192&#44;8193&#44;8194&#44;8196&#44;8197&#44;8201&#44;8202&#44;8203&#44;8205&#44;8207&#44;8208&#44;8209&#44;8210&#44;8211&#44;8213&#44;8215&#44;8218&#44;8219&#44;8220&#44;8221&#44;8222&#44;8223&#44;8224&#44;8225&#44;8226&#44;8227&#44;8228&#44;8236&#44;8237&#44;8238&#44;8239&#44;8241&#44;8242&#44;8243&#44;8244&#44;8245&#44;8246&#44;8247&#44;8248&#44;8250&#44;8251&#44;8252&#44;8253&#44;8254&#44;8256&#44;8257&#44;8259&#44;8261&#44;8262&#44;8263&#44;8264&#44;8265&#44;8266&#44;8267&#44;8268&#44;8269&#44;8270&#44;8271&#44;8272&#44;8273&#44;8274&#44;8275&#44;8276&#44;8277&#44;8278&#44;8279&#44;8280&#44;8281&#44;8282&#44;8283&#44;8284&#44;8285&#44;8286&#44;8287&#44;8288&#44;8289&#44;8290&#44;8291&#44;8292&#44;8293&#44;8294&#44;8295&#44;8296&#44;8297&#44;8298&#44;8299&#44;""",9/29/21,9/28/21,N
layouts,Meat and Seafood,"""72&#44;76&#44;93""",,2021,10/4/21,1-NewFolderStructure/C076_C072_C093_Fresh_Meat_Seafood/C72_C76_C93_Effective_10042021_Planogram_Updated_09222021/,_C72_C76_C93_Effective_10042021_Planogram_Updated_09222021.pdf,"""4109&#44;4702&#44;4703&#44;4704&#44;4707&#44;4709&#44;4710&#44;4711&#44;4712&#44;4713&#44;4718&#44;4720&#44;4721&#44;4722&#44;4724&#44;4728&#44;4729&#44;4730&#44;4731&#44;4732&#44;4735&#44;4736&#44;4738&#44;4739&#44;4740&#44;4741&#44;4742&#44;4743&#44;4745&#44;4749&#44;4750&#44;4755&#44;4761&#44;4763&#44;4764&#44;4767&#44;4768&#44;4769&#44;4770&#44;4771&#44;4772&#44;4774&#44;4775&#44;4776&#44;4777&#44;4778&#44;4780&#44;4781&#44;4782&#44;4783&#44;4784&#44;4785&#44;4786&#44;4787&#44;4789&#44;4790&#44;4791&#44;4794&#44;4795&#44;4797&#44;4798&#44;4799&#44;4801&#44;4802&#44;4804&#44;4805&#44;4808&#44;4815&#44;4816&#44;4817&#44;4818&#44;4819&#44;4820&#44;4822&#44;4824&#44;4825&#44;4828&#44;4829&#44;4830&#44;4831&#44;4836&#44;4837&#44;4839&#44;4840&#44;4843&#44;4846&#44;4847&#44;4850&#44;4851&#44;4852&#44;4853&#44;4855&#44;4857&#44;4859&#44;4860&#44;4861&#44;4866&#44;4870&#44;4871&#44;4872&#44;4873&#44;4874&#44;4875&#44;4876&#44;4878&#44;4879&#44;4901&#44;4905&#44;4906&#44;4908&#44;4911&#44;4914&#44;4915&#44;4917&#44;4920&#44;4925&#44;4926&#44;4930&#44;4933&#44;4936&#44;4938&#44;4939&#44;4942&#44;4944&#44;4946&#44;4947&#44;4948&#44;4950&#44;4952&#44;4955&#44;4958&#44;4961&#44;4962&#44;4963&#44;4969&#44;4972&#44;4973&#44;4974&#44;4982&#44;4983&#44;4985&#44;4987&#44;4989&#44;4990&#44;4991&#44;4992&#44;4994&#44;4996&#44;4998&#44;4999&#44;6181&#44;6188&#44;6189&#44;6201&#44;6202&#44;6203&#44;6204&#44;6205&#44;6212&#44;6213&#44;6216&#44;6217&#44;6218&#44;6219&#44;6220&#44;6225&#44;6228&#44;6235&#44;6236&#44;6238&#44;6239&#44;6240&#44;6242&#44;6244&#44;6245&#44;6246&#44;6247&#44;6249&#44;6251&#44;6252&#44;6254&#44;6255&#44;6256&#44;6257&#44;6259&#44;6260&#44;6261&#44;6262&#44;6265&#44;6267&#44;6269&#44;6270&#44;6275&#44;6302&#44;6304&#44;6305&#44;6307&#44;6308&#44;6309&#44;6310&#44;6311&#44;6312&#44;6313&#44;6314&#44;6315&#44;6317&#44;6319&#44;6320&#44;6321&#44;6322&#44;6324&#44;6325&#44;6326&#44;6327&#44;6328&#44;6329&#44;6330&#44;6331&#44;6332&#44;6333&#44;6334&#44;6335&#44;6336&#44;6338&#44;6339&#44;6341&#44;6342&#44;6343&#44;6344&#44;6345&#44;6347&#44;6348&#44;6349&#44;6350&#44;6351&#44;6352&#44;6353&#44;6354&#44;6355&#44;6356&#44;6357&#44;6358&#44;6359&#44;6360&#44;6361&#44;6363&#44;6364&#44;6365&#44;6366&#44;6367&#44;6368&#44;6369&#44;6371&#44;6372&#44;6373&#44;6375&#44;6376&#44;6377&#44;6378&#44;6379&#44;6380&#44;6381&#44;6382&#44;6383&#44;6384&#44;6385&#44;6386&#44;6387&#44;6388&#44;6401&#44;6402&#44;6403&#44;6404&#44;6405&#44;6406&#44;6407&#44;6408&#44;6409&#44;6410&#44;6412&#44;6413&#44;6414&#44;6415&#44;6417&#44;6418&#44;6419&#44;6420&#44;6421&#44;6422&#44;6423&#44;6424&#44;6425&#44;6426&#44;6427&#44;6428&#44;6429&#44;6430&#44;6431&#44;6432&#44;6433&#44;6434&#44;6435&#44;6436&#44;6437&#44;6439&#44;6440&#44;6441&#44;6443&#44;6444&#44;6445&#44;6448&#44;6449&#44;6450&#44;6452&#44;6453&#44;6454&#44;6455&#44;6456&#44;6457&#44;6458&#44;6460&#44;6461&#44;6462&#44;6463&#44;6464&#44;6471&#44;6472&#44;6474&#44;6479&#44;6482&#44;6485&#44;6487&#44;6489&#44;6501&#44;6502&#44;6503&#44;6505&#44;6506&#44;6507&#44;6509&#44;6510&#44;6512&#44;6514&#44;6517&#44;6518&#44;6520&#44;6521&#44;6524&#44;6527&#44;6528&#44;6533&#44;6535&#44;6536&#44;6539&#44;6540&#44;6543&#44;6547&#44;6549&#44;6556&#44;6562&#44;6565&#44;6567&#44;6568&#44;6569&#44;6570&#44;6571&#44;6572&#44;6573&#44;6575&#44;6581&#44;6582&#44;6604&#44;6605&#44;6606&#44;6608&#44;6609&#44;6610&#44;6612&#44;6613&#44;6614&#44;6615&#44;6616&#44;6617&#44;6619&#44;6620&#44;6621&#44;6622&#44;6624&#44;6626&#44;6628&#44;6630&#44;6631&#44;6632&#44;6633&#44;6634&#44;6635&#44;6636&#44;6637&#44;6643&#44;6644&#44;6646&#44;6650&#44;6651&#44;6652&#44;6653&#44;6655&#44;6657&#44;6658&#44;6659&#44;6660&#44;6661&#44;6662&#44;6663&#44;6664&#44;6666&#44;6667&#44;6670&#44;6671&#44;6672&#44;6673&#44;6674&#44;6675&#44;6676&#44;6677&#44;6678&#44;6679&#44;6680&#44;6682&#44;6683&#44;6684&#44;6685&#44;6686&#44;6689&#44;6690&#44;6692&#44;6693&#44;6779&#44;6781&#44;6867&#44;6976&#44;6979&#44;7189&#44;7658&#44;7676&#44;8102&#44;8104&#44;8106&#44;8107&#44;8111&#44;8112&#44;8114&#44;8115&#44;8116&#44;8117&#44;8119&#44;8120&#44;8123&#44;8125&#44;8126&#44;8128&#44;8129&#44;8130&#44;8132&#44;8133&#44;8134&#44;8135&#44;8136&#44;8138&#44;8139&#44;8141&#44;8142&#44;8144&#44;8145&#44;8146&#44;8147&#44;8149&#44;8150&#44;8151&#44;8152&#44;8153&#44;8155&#44;8156&#44;8157&#44;8158&#44;8160&#44;8161&#44;8162&#44;8163&#44;8164&#44;8165&#44;8166&#44;8167&#44;8168&#44;8169&#44;8172&#44;8173&#44;8174&#44;8175&#44;8176&#44;8177&#44;8180&#44;8181&#44;8182&#44;8183&#44;8184&#44;8185&#44;8186&#44;8188&#44;8189&#44;8190&#44;8191&#44;8192&#44;8193&#44;8194&#44;8196&#44;8197&#44;8201&#44;8202&#44;8203&#44;8205&#44;8207&#44;8208&#44;8209&#44;8210&#44;8211&#44;8213&#44;8215&#44;8218&#44;8219&#44;8220&#44;8221&#44;8222&#44;8223&#44;8224&#44;8225&#44;8226&#44;8227&#44;8228&#44;8236&#44;8237&#44;8238&#44;8239&#44;8241&#44;8242&#44;8243&#44;8244&#44;8245&#44;8246&#44;8247&#44;8248&#44;8250&#44;8251&#44;8252&#44;8253&#44;8254&#44;8256&#44;8257&#44;8259&#44;8261&#44;8262&#44;8263&#44;8264&#44;8265&#44;8266&#44;8267&#44;8268&#44;8269&#44;8270&#44;8271&#44;8272&#44;8273&#44;8274&#44;8275&#44;8276&#44;8277&#44;8278&#44;8279&#44;8280&#44;8281&#44;8282&#44;8283&#44;8284&#44;8285&#44;8286&#44;8287&#44;8288&#44;8289&#44;8290&#44;8291&#44;8292&#44;8293&#44;8294&#44;8295&#44;8296&#44;8297&#44;8298&#44;8299&#44;""",9/30/21,9/29/21,N
layouts,Bakery Tables,"""37&#44;77""",,2021,10/4/21,1-NewFolderStructure/C037_C077_Bakery_Tables/C37_77__Bakery_Tables_Effective_10042021_Updated_09282021/,_C37_77_Bakery_Tables_Effective_10042021_Updated_09282021.pdf,"""4755&#44;4866&#44;6225&#44;6270&#44;6410&#44;6543&#44;6680&#44;6689&#44;6690&#44;""",9/30/21,9/30/21,N
layouts,Bakery Dessert,"""37-2&#44;77-2""",,2021,10/4/21,1-NewFolderStructure/C037_C077_Bakery_Dessert/C77_C37_Effective_10042021_Updated_09292021/,_C77_C37_Effective_10042021_Updated_09292021.pdf,"""4109&#44;4702&#44;4703&#44;4704&#44;4707&#44;4709&#44;4710&#44;4711&#44;4712&#44;4713&#44;4718&#44;4720&#44;4721&#44;4722&#44;4724&#44;4728&#44;4729&#44;4730&#44;4731&#44;4732&#44;4735&#44;4736&#44;4738&#44;4739&#44;4740&#44;4741&#44;4742&#44;4743&#44;4745&#44;4749&#44;4750&#44;4755&#44;4761&#44;4763&#44;4764&#44;4767&#44;4768&#44;4769&#44;4770&#44;4771&#44;4772&#44;4774&#44;4775&#44;4776&#44;4777&#44;4778&#44;4780&#44;4781&#44;4782&#44;4783&#44;4784&#44;4785&#44;4786&#44;4787&#44;4789&#44;4790&#44;4791&#44;4794&#44;4795&#44;4797&#44;4798&#44;4799&#44;4801&#44;4802&#44;4804&#44;4805&#44;4808&#44;4815&#44;4816&#44;4817&#44;4818&#44;4819&#44;4820&#44;4822&#44;4824&#44;4825&#44;4828&#44;4829&#44;4830&#44;4831&#44;4836&#44;4837&#44;4839&#44;4840&#44;4843&#44;4846&#44;4847&#44;4850&#44;4851&#44;4852&#44;4853&#44;4855&#44;4857&#44;4859&#44;4860&#44;4861&#44;4866&#44;4870&#44;4871&#44;4872&#44;4873&#44;4874&#44;4875&#44;4876&#44;4878&#44;4879&#44;4901&#44;4905&#44;4906&#44;4908&#44;4911&#44;4914&#44;4915&#44;4917&#44;4920&#44;4925&#44;4926&#44;4933&#44;4936&#44;4938&#44;4939&#44;4942&#44;4944&#44;4946&#44;4947&#44;4948&#44;4950&#44;4952&#44;4955&#44;4958&#44;4961&#44;4962&#44;4963&#44;4969&#44;4972&#44;4973&#44;4974&#44;4982&#44;4983&#44;4985&#44;4987&#44;4989&#44;4990&#44;4991&#44;4992&#44;4994&#44;4996&#44;4998&#44;4999&#44;6181&#44;6188&#44;6189&#44;6201&#44;6202&#44;6203&#44;6204&#44;6205&#44;6212&#44;6213&#44;6216&#44;6217&#44;6218&#44;6219&#44;6220&#44;6225&#44;6228&#44;6235&#44;6236&#44;6238&#44;6239&#44;6240&#44;6242&#44;6244&#44;6245&#44;6246&#44;6247&#44;6249&#44;6251&#44;6252&#44;6254&#44;6255&#44;6256&#44;6257&#44;6259&#44;6260&#44;6261&#44;6262&#44;6265&#44;6267&#44;6269&#44;6270&#44;6275&#44;6302&#44;6304&#44;6305&#44;6307&#44;6308&#44;6309&#44;6310&#44;6311&#44;6312&#44;6313&#44;6314&#44;6315&#44;6317&#44;6319&#44;6320&#44;6321&#44;6322&#44;6324&#44;6325&#44;6326&#44;6327&#44;6328&#44;6329&#44;6330&#44;6331&#44;6332&#44;6333&#44;6334&#44;6335&#44;6336&#44;6338&#44;6339&#44;6341&#44;6342&#44;6343&#44;6344&#44;6345&#44;6347&#44;6348&#44;6349&#44;6350&#44;6351&#44;6352&#44;6353&#44;6354&#44;6355&#44;6356&#44;6357&#44;6358&#44;6359&#44;6360&#44;6361&#44;6363&#44;6364&#44;6365&#44;6366&#44;6367&#44;6368&#44;6369&#44;6371&#44;6372&#44;6373&#44;6375&#44;6376&#44;6377&#44;6378&#44;6379&#44;6380&#44;6381&#44;6382&#44;6383&#44;6384&#44;6385&#44;6386&#44;6387&#44;6388&#44;6401&#44;6402&#44;6403&#44;6404&#44;6405&#44;6406&#44;6407&#44;6408&#44;6409&#44;6410&#44;6412&#44;6413&#44;6414&#44;6415&#44;6417&#44;6418&#44;6419&#44;6420&#44;6421&#44;6422&#44;6423&#44;6424&#44;6425&#44;6426&#44;6427&#44;6428&#44;6429&#44;6430&#44;6431&#44;6432&#44;6433&#44;6434&#44;6435&#44;6436&#44;6437&#44;6439&#44;6440&#44;6441&#44;6443&#44;6444&#44;6445&#44;6448&#44;6449&#44;6450&#44;6452&#44;6453&#44;6454&#44;6455&#44;6456&#44;6457&#44;6458&#44;6460&#44;6461&#44;6462&#44;6463&#44;6464&#44;6471&#44;6472&#44;6474&#44;6479&#44;6482&#44;6485&#44;6487&#44;6489&#44;6501&#44;6502&#44;6503&#44;6505&#44;6506&#44;6507&#44;6509&#44;6510&#44;6512&#44;6514&#44;6517&#44;6518&#44;6520&#44;6521&#44;6524&#44;6527&#44;6528&#44;6535&#44;6536&#44;6539&#44;6540&#44;6543&#44;6547&#44;6549&#44;6556&#44;6562&#44;6565&#44;6567&#44;6568&#44;6569&#44;6570&#44;6571&#44;6572&#44;6573&#44;6575&#44;6581&#44;6582&#44;6604&#44;6605&#44;6606&#44;6608&#44;6609&#44;6610&#44;6612&#44;6613&#44;6614&#44;6615&#44;6616&#44;6617&#44;6619&#44;6620&#44;6621&#44;6622&#44;6624&#44;6626&#44;6628&#44;6630&#44;6631&#44;6632&#44;6633&#44;6634&#44;6635&#44;6636&#44;6637&#44;6643&#44;6644&#44;6646&#44;6650&#44;6651&#44;6652&#44;6653&#44;6655&#44;6657&#44;6658&#44;6659&#44;6660&#44;6661&#44;6662&#44;6663&#44;6664&#44;6666&#44;6667&#44;6670&#44;6671&#44;6672&#44;6673&#44;6674&#44;6675&#44;6676&#44;6677&#44;6678&#44;6679&#44;6680&#44;6682&#44;6683&#44;6684&#44;6685&#44;6686&#44;6689&#44;6690&#44;6692&#44;6693&#44;6779&#44;6781&#44;6867&#44;6976&#44;6979&#44;7189&#44;7658&#44;7676&#44;8102&#44;8104&#44;8106&#44;8107&#44;8111&#44;8112&#44;8114&#44;8115&#44;8116&#44;8117&#44;8119&#44;8120&#44;8123&#44;8125&#44;8126&#44;8128&#44;8129&#44;8130&#44;8132&#44;8133&#44;8134&#44;8135&#44;8136&#44;8138&#44;8139&#44;8141&#44;8142&#44;8144&#44;8145&#44;8146&#44;8147&#44;8149&#44;8150&#44;8151&#44;8152&#44;8153&#44;8155&#44;8156&#44;8157&#44;8158&#44;8160&#44;8161&#44;8162&#44;8163&#44;8164&#44;8165&#44;8166&#44;8167&#44;8168&#44;8169&#44;8172&#44;8173&#44;8174&#44;8175&#44;8176&#44;8177&#44;8180&#44;8181&#44;8182&#44;8183&#44;8184&#44;8185&#44;8186&#44;8188&#44;8189&#44;8190&#44;8191&#44;8192&#44;8193&#44;8194&#44;8196&#44;8197&#44;8201&#44;8202&#44;8203&#44;8205&#44;8207&#44;8208&#44;8209&#44;8210&#44;8211&#44;8213&#44;8215&#44;8218&#44;8219&#44;8220&#44;8221&#44;8222&#44;8223&#44;8224&#44;8225&#44;8226&#44;8227&#44;8228&#44;8236&#44;8237&#44;8238&#44;8239&#44;8241&#44;8242&#44;8243&#44;8244&#44;8245&#44;8246&#44;8247&#44;8248&#44;8250&#44;8251&#44;8252&#44;8253&#44;8254&#44;8256&#44;8257&#44;8259&#44;8261&#44;8262&#44;8263&#44;8264&#44;8265&#44;8266&#44;8267&#44;8268&#44;8269&#44;8270&#44;8271&#44;8272&#44;8273&#44;8274&#44;8275&#44;8276&#44;8277&#44;8278&#44;8279&#44;8280&#44;8281&#44;8282&#44;8283&#44;8284&#44;8285&#44;8286&#44;8287&#44;8288&#44;8289&#44;8290&#44;8291&#44;8292&#44;8293&#44;8294&#44;8295&#44;8296&#44;8297&#44;8298&#44;8299&#44;""",9/30/21,9/30/21,N
layouts,Cake Case,"""37-3&#44;77-3""",,2021,10/4/21,1-NewFolderStructure/C037_C077_Cake_Case/C77_C37_Effective_10042021_Updated_09292021/,_C77_C37_Effective_10042021_Updated_09292021.pdf,"""4109&#44;4702&#44;4703&#44;4704&#44;4707&#44;4709&#44;4710&#44;4711&#44;4712&#44;4713&#44;4718&#44;4720&#44;4721&#44;4722&#44;4724&#44;4728&#44;4729&#44;4730&#44;4731&#44;4732&#44;4735&#44;4736&#44;4738&#44;4739&#44;4740&#44;4741&#44;4742&#44;4743&#44;4745&#44;4749&#44;4750&#44;4755&#44;4761&#44;4763&#44;4764&#44;4767&#44;4768&#44;4769&#44;4770&#44;4771&#44;4772&#44;4774&#44;4775&#44;4776&#44;4777&#44;4778&#44;4780&#44;4781&#44;4782&#44;4783&#44;4784&#44;4785&#44;4786&#44;4787&#44;4789&#44;4790&#44;4791&#44;4794&#44;4795&#44;4797&#44;4798&#44;4799&#44;4801&#44;4802&#44;4804&#44;4805&#44;4808&#44;4815&#44;4816&#44;4817&#44;4818&#44;4819&#44;4820&#44;4822&#44;4824&#44;4825&#44;4828&#44;4829&#44;4830&#44;4831&#44;4836&#44;4837&#44;4839&#44;4840&#44;4843&#44;4846&#44;4847&#44;4850&#44;4851&#44;4852&#44;4853&#44;4855&#44;4857&#44;4859&#44;4860&#44;4861&#44;4866&#44;4870&#44;4871&#44;4872&#44;4873&#44;4874&#44;4875&#44;4876&#44;4878&#44;4879&#44;4901&#44;4905&#44;4906&#44;4908&#44;4911&#44;4914&#44;4915&#44;4917&#44;4920&#44;4925&#44;4926&#44;4933&#44;4936&#44;4938&#44;4939&#44;4942&#44;4944&#44;4946&#44;4947&#44;4948&#44;4950&#44;4952&#44;4955&#44;4958&#44;4961&#44;4962&#44;4963&#44;4969&#44;4972&#44;4973&#44;4974&#44;4982&#44;4983&#44;4985&#44;4987&#44;4989&#44;4990&#44;4991&#44;4992&#44;4994&#44;4996&#44;4998&#44;4999&#44;6181&#44;6188&#44;6189&#44;6201&#44;6202&#44;6203&#44;6204&#44;6205&#44;6212&#44;6213&#44;6216&#44;6217&#44;6218&#44;6219&#44;6220&#44;6225&#44;6228&#44;6235&#44;6236&#44;6238&#44;6239&#44;6240&#44;6242&#44;6244&#44;6245&#44;6246&#44;6247&#44;6249&#44;6251&#44;6252&#44;6254&#44;6255&#44;6256&#44;6257&#44;6259&#44;6260&#44;6261&#44;6262&#44;6265&#44;6267&#44;6269&#44;6270&#44;6275&#44;6302&#44;6304&#44;6305&#44;6307&#44;6308&#44;6309&#44;6310&#44;6311&#44;6312&#44;6313&#44;6314&#44;6315&#44;6317&#44;6319&#44;6320&#44;6321&#44;6322&#44;6324&#44;6325&#44;6326&#44;6327&#44;6328&#44;6329&#44;6330&#44;6331&#44;6332&#44;6333&#44;6334&#44;6335&#44;6336&#44;6338&#44;6339&#44;6341&#44;6342&#44;6343&#44;6344&#44;6345&#44;6347&#44;6348&#44;6349&#44;6350&#44;6351&#44;6352&#44;6353&#44;6354&#44;6355&#44;6356&#44;6357&#44;6358&#44;6359&#44;6360&#44;6361&#44;6363&#44;6364&#44;6365&#44;6366&#44;6367&#44;6368&#44;6369&#44;6371&#44;6372&#44;6373&#44;6375&#44;6376&#44;6377&#44;6378&#44;6379&#44;6380&#44;6381&#44;6382&#44;6383&#44;6384&#44;6385&#44;6386&#44;6387&#44;6388&#44;6401&#44;6402&#44;6403&#44;6404&#44;6405&#44;6406&#44;6407&#44;6408&#44;6409&#44;6410&#44;6412&#44;6413&#44;6414&#44;6415&#44;6417&#44;6418&#44;6419&#44;6420&#44;6421&#44;6422&#44;6423&#44;6424&#44;6425&#44;6426&#44;6427&#44;6428&#44;6429&#44;6430&#44;6431&#44;6432&#44;6433&#44;6434&#44;6435&#44;6436&#44;6437&#44;6439&#44;6440&#44;6441&#44;6443&#44;6444&#44;6445&#44;6448&#44;6449&#44;6450&#44;6452&#44;6453&#44;6454&#44;6455&#44;6456&#44;6457&#44;6458&#44;6460&#44;6461&#44;6462&#44;6463&#44;6464&#44;6471&#44;6472&#44;6474&#44;6479&#44;6482&#44;6485&#44;6487&#44;6489&#44;6501&#44;6502&#44;6503&#44;6505&#44;6506&#44;6507&#44;6509&#44;6510&#44;6512&#44;6514&#44;6517&#44;6518&#44;6520&#44;6521&#44;6524&#44;6527&#44;6528&#44;6535&#44;6536&#44;6539&#44;6540&#44;6543&#44;6547&#44;6549&#44;6556&#44;6562&#44;6565&#44;6567&#44;6568&#44;6569&#44;6570&#44;6571&#44;6572&#44;6573&#44;6575&#44;6581&#44;6582&#44;6604&#44;6605&#44;6606&#44;6608&#44;6609&#44;6610&#44;6612&#44;6613&#44;6614&#44;6615&#44;6616&#44;6617&#44;6619&#44;6620&#44;6621&#44;6622&#44;6624&#44;6626&#44;6628&#44;6630&#44;6631&#44;6632&#44;6633&#44;6634&#44;6635&#44;6636&#44;6637&#44;6643&#44;6644&#44;6646&#44;6650&#44;6651&#44;6652&#44;6653&#44;6655&#44;6657&#44;6658&#44;6659&#44;6660&#44;6661&#44;6662&#44;6663&#44;6664&#44;6666&#44;6667&#44;6670&#44;6671&#44;6672&#44;6673&#44;6674&#44;6675&#44;6676&#44;6677&#44;6678&#44;6679&#44;6680&#44;6682&#44;6683&#44;6684&#44;6685&#44;6686&#44;6689&#44;6690&#44;6692&#44;6693&#44;6779&#44;6781&#44;6867&#44;6976&#44;6979&#44;7189&#44;7658&#44;7676&#44;8102&#44;8104&#44;8106&#44;8107&#44;8111&#44;8112&#44;8114&#44;8115&#44;8116&#44;8117&#44;8119&#44;8120&#44;8123&#44;8125&#44;8126&#44;8128&#44;8129&#44;8130&#44;8132&#44;8133&#44;8134&#44;8135&#44;8136&#44;8138&#44;8139&#44;8141&#44;8142&#44;8144&#44;8145&#44;8146&#44;8147&#44;8149&#44;8150&#44;8151&#44;8152&#44;8153&#44;8155&#44;8156&#44;8157&#44;8158&#44;8160&#44;8161&#44;8162&#44;8163&#44;8164&#44;8165&#44;8166&#44;8167&#44;8168&#44;8169&#44;8172&#44;8173&#44;8174&#44;8175&#44;8176&#44;8177&#44;8180&#44;8181&#44;8182&#44;8183&#44;8184&#44;8185&#44;8186&#44;8188&#44;8189&#44;8190&#44;8191&#44;8192&#44;8193&#44;8194&#44;8196&#44;8197&#44;8201&#44;8202&#44;8203&#44;8205&#44;8207&#44;8208&#44;8209&#44;8210&#44;8211&#44;8213&#44;8215&#44;8218&#44;8219&#44;8220&#44;8221&#44;8222&#44;8223&#44;8224&#44;8225&#44;8226&#44;8227&#44;8228&#44;8236&#44;8237&#44;8238&#44;8239&#44;8241&#44;8242&#44;8243&#44;8244&#44;8245&#44;8246&#44;8247&#44;8248&#44;8250&#44;8251&#44;8252&#44;8253&#44;8254&#44;8256&#44;8257&#44;8259&#44;8261&#44;8262&#44;8263&#44;8264&#44;8265&#44;8266&#44;8267&#44;8268&#44;8269&#44;8270&#44;8271&#44;8272&#44;8273&#44;8274&#44;8275&#44;8276&#44;8277&#44;8278&#44;8279&#44;8280&#44;8281&#44;8282&#44;8283&#44;8284&#44;8285&#44;8286&#44;8287&#44;8288&#44;8289&#44;8290&#44;8291&#44;8292&#44;8293&#44;8294&#44;8295&#44;8296&#44;8297&#44;8298&#44;8299&#44;""",9/30/21,9/30/21,N
layouts,Bakery Tables,"""37&#44;77""",,2021,10/4/21,1-NewFolderStructure/C037_C077_Bakery_Tables/C37_77_Bakery_Tables_Effective_10042021_Updated_10112021/,_C37_77_Bakery_Tables_Effective_10042021_Updated_10112021.pdf,"""4808&#44;""",10/12/21,10/12/21,N
layouts,Bakery Dessert,"""37-2&#44;77-2""",,2021,10/4/21,1-NewFolderStructure/C037_C077_Bakery_Dessert/C77_C37_Effective_10042021_Updated_10112021/,_C77_C37_Effective_10042021_Updated_10112021.pdf,"""8183&#44;6267&#44;""",10/12/21,10/12/21,N
layouts,Cake Case,"""37-3&#44;77-3""",,2021,10/4/21,1-NewFolderStructure/C037_C077_Cake_Case/C77_C37_Effective_10042021_Updated_10112021/,_C77_C37_Effective_10042021_Updated_10112021.pdf,"""8183&#44;6267&#44;""",10/12/21,10/12/21,N
layouts,Bakery Pallets,"""37-4&#44;77-4""",,2021,10/4/21,1-NewFolderStructure/C037_C077_Bakery_Pallets/C37_77_Bakery_Pallets_Effective_10042021_Updated_10112021/,_C37_77_Bakery_Pallets_Effective_10042021_Updated_10112021.pdf,"""4808&#44;""",10/12/21,10/12/21,N
layouts,Bakery Dessert,"""37-2&#44;77-2""",,2021,10/5/21,1-NewFolderStructure/C037_C077_Bakery_Dessert/C77__C37_Effective_10042021_Updated_10042021/,_C77_C37_Effective_10042021_Updated_10042021.pdf,"""6388&#44;""",10/5/21,10/4/21,N
layouts,Cake Case,"""37-3&#44;77-3""",,2021,10/5/21,1-NewFolderStructure/C037_C077_Cake_Case/C77_C37_Effective_10042021_Updated_10042021/,_C77_C37_Effective_10042021_Updated_10042021.pdf,"""6388&#44;""",10/5/21,10/4/21,N
layouts,Bakery Tables,"""37&#44;77""",,2021,10/11/21,1-NewFolderStructure/C037_C077_Bakery_Tables/C37_77_Bakery_Tables_Effective_10112021_Updated_10052021/,_C037_C077_Effective__10112021_Planogram_Updated_10052021.pdf,"""4808&#44;""",10/6/21,10/5/21,N
layouts,Coolers,42-2,,2021,10/11/21,1-NewFolderStructure/C042_Coolers/C42_Effective_10112021_Planogram_Updated_10052021/,_C42_Effective_10112021_Planogram_Updated_10052021.pdf,"""4109&#44;4702&#44;4703&#44;4704&#44;4707&#44;4709&#44;4710&#44;4711&#44;4712&#44;4713&#44;4718&#44;4720&#44;4721&#44;4722&#44;4724&#44;4728&#44;4729&#44;4730&#44;4731&#44;4732&#44;4735&#44;4736&#44;4738&#44;4739&#44;4740&#44;4741&#44;4742&#44;4743&#44;4745&#44;4749&#44;4750&#44;4755&#44;4761&#44;4763&#44;4764&#44;4767&#44;4768&#44;4769&#44;4770&#44;4771&#44;4772&#44;4774&#44;4775&#44;4776&#44;4777&#44;4778&#44;4780&#44;4781&#44;4782&#44;4783&#44;4784&#44;4785&#44;4786&#44;4787&#44;4789&#44;4790&#44;4791&#44;4794&#44;4795&#44;4797&#44;4798&#44;4799&#44;4801&#44;4802&#44;4804&#44;4805&#44;4808&#44;4815&#44;4816&#44;4817&#44;4818&#44;4819&#44;4820&#44;4822&#44;4824&#44;4825&#44;4828&#44;4829&#44;4830&#44;4831&#44;4836&#44;4837&#44;4839&#44;4840&#44;4843&#44;4846&#44;4847&#44;4850&#44;4851&#44;4852&#44;4853&#44;4855&#44;4857&#44;4859&#44;4860&#44;4861&#44;4866&#44;4870&#44;4871&#44;4872&#44;4873&#44;4874&#44;4875&#44;4876&#44;4878&#44;4879&#44;4901&#44;4905&#44;4906&#44;4908&#44;4911&#44;4914&#44;4915&#44;4917&#44;4920&#44;4925&#44;4926&#44;4930&#44;4933&#44;4936&#44;4938&#44;4939&#44;4942&#44;4944&#44;4946&#44;4947&#44;4948&#44;4950&#44;4952&#44;4955&#44;4958&#44;4961&#44;4962&#44;4963&#44;4969&#44;4972&#44;4973&#44;4974&#44;4982&#44;4983&#44;4985&#44;4987&#44;4989&#44;4990&#44;4991&#44;4992&#44;4994&#44;4996&#44;4998&#44;4999&#44;6181&#44;6188&#44;6189&#44;6201&#44;6202&#44;6203&#44;6204&#44;6205&#44;6212&#44;6213&#44;6216&#44;6217&#44;6218&#44;6219&#44;6220&#44;6225&#44;6228&#44;6235&#44;6236&#44;6238&#44;6239&#44;6240&#44;6242&#44;6244&#44;6245&#44;6246&#44;6247&#44;6249&#44;6251&#44;6252&#44;6254&#44;6255&#44;6256&#44;6257&#44;6259&#44;6260&#44;6261&#44;6262&#44;6265&#44;6267&#44;6269&#44;6270&#44;6275&#44;6302&#44;6304&#44;6305&#44;6307&#44;6308&#44;6309&#44;6310&#44;6311&#44;6312&#44;6313&#44;6314&#44;6315&#44;6317&#44;6319&#44;6320&#44;6321&#44;6322&#44;6324&#44;6325&#44;6326&#44;6327&#44;6328&#44;6329&#44;6330&#44;6331&#44;6332&#44;6333&#44;6334&#44;6335&#44;6336&#44;6338&#44;6339&#44;6341&#44;6342&#44;6343&#44;6344&#44;6345&#44;6347&#44;6348&#44;6349&#44;6350&#44;6351&#44;6352&#44;6353&#44;6354&#44;6355&#44;6356&#44;6357&#44;6358&#44;6359&#44;6360&#44;6361&#44;6363&#44;6364&#44;6365&#44;6366&#44;6367&#44;6368&#44;6369&#44;6371&#44;6372&#44;6373&#44;6375&#44;6376&#44;6377&#44;6378&#44;6379&#44;6380&#44;6381&#44;6382&#44;6383&#44;6384&#44;6385&#44;6386&#44;6387&#44;6388&#44;6401&#44;6402&#44;6403&#44;6404&#44;6405&#44;6406&#44;6407&#44;6408&#44;6409&#44;6410&#44;6412&#44;6413&#44;6414&#44;6415&#44;6417&#44;6418&#44;6419&#44;6420&#44;6421&#44;6422&#44;6423&#44;6424&#44;6425&#44;6426&#44;6427&#44;6428&#44;6429&#44;6430&#44;6431&#44;6432&#44;6433&#44;6434&#44;6435&#44;6436&#44;6437&#44;6439&#44;6440&#44;6441&#44;6443&#44;6444&#44;6445&#44;6448&#44;6449&#44;6450&#44;6452&#44;6453&#44;6454&#44;6455&#44;6456&#44;6457&#44;6458&#44;6460&#44;6461&#44;6462&#44;6463&#44;6464&#44;6471&#44;6472&#44;6474&#44;6479&#44;6482&#44;6485&#44;6487&#44;6489&#44;6501&#44;6502&#44;6503&#44;6505&#44;6506&#44;6507&#44;6509&#44;6510&#44;6512&#44;6514&#44;6517&#44;6518&#44;6520&#44;6521&#44;6524&#44;6527&#44;6528&#44;6533&#44;6535&#44;6536&#44;6539&#44;6540&#44;6543&#44;6547&#44;6549&#44;6556&#44;6562&#44;6565&#44;6567&#44;6568&#44;6569&#44;6570&#44;6571&#44;6572&#44;6573&#44;6575&#44;6581&#44;6582&#44;6604&#44;6605&#44;6606&#44;6608&#44;6609&#44;6610&#44;6612&#44;6613&#44;6614&#44;6615&#44;6616&#44;6617&#44;6619&#44;6620&#44;6621&#44;6622&#44;6624&#44;6626&#44;6628&#44;6630&#44;6631&#44;6632&#44;6633&#44;6634&#44;6635&#44;6636&#44;6637&#44;6643&#44;6644&#44;6646&#44;6650&#44;6651&#44;6652&#44;6653&#44;6655&#44;6657&#44;6658&#44;6659&#44;6660&#44;6661&#44;6662&#44;6663&#44;6664&#44;6666&#44;6667&#44;6670&#44;6671&#44;6672&#44;6673&#44;6674&#44;6675&#44;6676&#44;6677&#44;6678&#44;6679&#44;6680&#44;6682&#44;6683&#44;6684&#44;6685&#44;6686&#44;6689&#44;6690&#44;6692&#44;6693&#44;6779&#44;6781&#44;6867&#44;6976&#44;6979&#44;7189&#44;7658&#44;7676&#44;8102&#44;8104&#44;8106&#44;8107&#44;8111&#44;8112&#44;8114&#44;8115&#44;8116&#44;8117&#44;8119&#44;8120&#44;8123&#44;8125&#44;8126&#44;8128&#44;8129&#44;8130&#44;8132&#44;8133&#44;8134&#44;8135&#44;8136&#44;8138&#44;8139&#44;8141&#44;8142&#44;8144&#44;8145&#44;8146&#44;8147&#44;8149&#44;8150&#44;8151&#44;8152&#44;8153&#44;8155&#44;8156&#44;8157&#44;8158&#44;8160&#44;8161&#44;8162&#44;8163&#44;8164&#44;8165&#44;8166&#44;8167&#44;8168&#44;8169&#44;8172&#44;8173&#44;8174&#44;8175&#44;8176&#44;8177&#44;8180&#44;8181&#44;8182&#44;8183&#44;8184&#44;8185&#44;8186&#44;8188&#44;8189&#44;8190&#44;8191&#44;8192&#44;8193&#44;8194&#44;8196&#44;8197&#44;8201&#44;8202&#44;8203&#44;8205&#44;8207&#44;8208&#44;8209&#44;8210&#44;8211&#44;8213&#44;8215&#44;8218&#44;8219&#44;8220&#44;8221&#44;8222&#44;8223&#44;8224&#44;8225&#44;8226&#44;8227&#44;8228&#44;8236&#44;8237&#44;8238&#44;8239&#44;8241&#44;8242&#44;8243&#44;8244&#44;8245&#44;8246&#44;8247&#44;8248&#44;8250&#44;8251&#44;8252&#44;8253&#44;8254&#44;8256&#44;8257&#44;8259&#44;8261&#44;8262&#44;8263&#44;8264&#44;8265&#44;8266&#44;8267&#44;8268&#44;8269&#44;8270&#44;8271&#44;8272&#44;8273&#44;8274&#44;8275&#44;8276&#44;8277&#44;8278&#44;8279&#44;8280&#44;8281&#44;8282&#44;8283&#44;8284&#44;8285&#44;8286&#44;8287&#44;8288&#44;8289&#44;8290&#44;8291&#44;8292&#44;8293&#44;8294&#44;8295&#44;8296&#44;8297&#44;8298&#44;8299&#44;""",10/5/21,10/5/21,N
layouts,Coolers,42-2,,2021,10/11/21,1-NewFolderStructure/C042_Coolers/C42_Effective_10112021_Planogram_Updated_10062021/,_C42_Effective_10112021_Planogram_Updated_10062021.pdf,"""4925&#44;""",10/6/21,10/6/21,N
layouts,Bakery Tables,"""37&#44;77""",,2021,10/11/21,1-NewFolderStructure/C037_C077_Bakery_Tables/C37_77_Bakery_Tables_Effective_10042021_Updated_10082021/,_C37_77_Bakery_Tables_Effective_10042021_Updated_10082021.pdf,"""6670&#44;""",10/11/21,10/11/21,N
layouts,Bakery Pallets,"""37-4&#44;77-4""",,2021,10/11/21,1-NewFolderStructure/C037_C077_Bakery_Pallets/C37_77_Bakery_Pallets_Effective_10042021_Updated_10082021/,_C37_77_Bakery_Pallets_Effective_10042021_Updated_10082021.pdf,"""4794&#44;""",10/11/21,10/11/21,N
layouts,Coolers,42-2,,2021,10/11/21,1-NewFolderStructure/C042_Coolers/C42_Effective_10112021_Planogram_Updated_10112021/,_C42_Effective_10112021_Planogram_Updated_10112021.pdf,"""8272&#44;""",10/11/21,10/11/21,N
layouts,HMS,79-2,,2021,10/12/21,1-NewFolderStructure/C079_HMS/C79 _HMS_Effective_10122021_Update_10122021/,_C79 _HMS_Effective_10122021_Update_10122021.pdf,"""6425&#44;6632&#44;8291&#44;""",10/12/21,10/12/21,N
layouts,Café Grab and Go,79-3,,2021,10/14/21,1-NewFolderStructure/C079_Cafe_Grab_n_Go/C79_Cafe_Grab_and_Go_Effective_09062021_Update_10142021/,_C79_Cafe_Grab_and_Go_Effective_09062021_Update_10142021.pdf,"""6441&#44;""",10/14/21,10/14/21,N
layouts,Bakery Tables,"""37&#44;77""",,2021,10/15/21,1-NewFolderStructure/C037_C077_Bakery_Tables/C37_77_Bakery_Tables_Effective_10042021_Updated_10152021/,_C37_77_Bakery_Tables_Effective_10042021_Updated_10152021.pdf,"""8209&#44;""",10/15/21,10/15/21,N
layouts,Bakery Pallets,"""37-4&#44;77-4""",,2021,10/15/21,1-NewFolderStructure/C037_C077_Bakery_Pallets/C37_77_Bakery_Pallets_Effective_10042021_Updated_10152021/,_C37_77_Bakery_Pallets_Effective_10042021_Updated_10152021.pdf,"""8209&#44;""",10/15/21,10/15/21,N
layouts,Coolers,42-2,,2021,10/22/21,1-NewFolderStructure/C042_Coolers/C42_Effective_10112021_Planogram_Updated_10212021/,_C42_Effective_10112021_Planogram_Updated_10212021.pdf,"""4866&#44;6225&#44;6543&#44;6680&#44;6689&#44;6690&#44;""",10/22/21,10/19/21,N
layouts,Café Grab and Go,79-3,,2021,10/26/21,1-NewFolderStructure/C079_Cafe_Grab_n_Go/C79_Cafe_Grab_and_Go_Effective_09062021_Update_10262021/,_C79_Cafe_Grab_and_Go_Effective_09062021_Update_10262021.pdf,"""8138&#44;""",10/26/21,10/26/21,N
layouts,Bakery Tables,"""37&#44;77""",,2021,11/1/21,1-NewFolderStructure/C037_C077_Bakery_Tables/C37_77_Bakery_Tables_Effective_11012021_Updated_10212021/,_C37_77_Bakery_Tables_Effective_11012021_Updated_10212021.pdf,"""4109&#44;4702&#44;4703&#44;4704&#44;4707&#44;4709&#44;4710&#44;4711&#44;4712&#44;4713&#44;4718&#44;4720&#44;4721&#44;4722&#44;4724&#44;4728&#44;4729&#44;4730&#44;4731&#44;4732&#44;4735&#44;4736&#44;4738&#44;4739&#44;4740&#44;4741&#44;4742&#44;4743&#44;4745&#44;4749&#44;4750&#44;4755&#44;4761&#44;4763&#44;4764&#44;4767&#44;4768&#44;4769&#44;4770&#44;4771&#44;4772&#44;4774&#44;4775&#44;4776&#44;4777&#44;4778&#44;4780&#44;4781&#44;4782&#44;4783&#44;4784&#44;4785&#44;4786&#44;4787&#44;4789&#44;4790&#44;4791&#44;4794&#44;4795&#44;4797&#44;4798&#44;4799&#44;4801&#44;4802&#44;4804&#44;4805&#44;4808&#44;4815&#44;4816&#44;4817&#44;4818&#44;4819&#44;4820&#44;4822&#44;4824&#44;4825&#44;4828&#44;4829&#44;4830&#44;4831&#44;4836&#44;4837&#44;4839&#44;4840&#44;4843&#44;4846&#44;4847&#44;4850&#44;4851&#44;4852&#44;4853&#44;4855&#44;4857&#44;4859&#44;4860&#44;4861&#44;4866&#44;4870&#44;4871&#44;4872&#44;4873&#44;4874&#44;4875&#44;4876&#44;4878&#44;4879&#44;4901&#44;4905&#44;4906&#44;4908&#44;4911&#44;4914&#44;4915&#44;4917&#44;4920&#44;4925&#44;4926&#44;4933&#44;4936&#44;4938&#44;4939&#44;4942&#44;4944&#44;4946&#44;4947&#44;4948&#44;4950&#44;4952&#44;4955&#44;4958&#44;4961&#44;4962&#44;4963&#44;4969&#44;4972&#44;4973&#44;4974&#44;4982&#44;4983&#44;4985&#44;4987&#44;4989&#44;4990&#44;4991&#44;4992&#44;4994&#44;4996&#44;4998&#44;4999&#44;6181&#44;6188&#44;6189&#44;6201&#44;6202&#44;6203&#44;6204&#44;6205&#44;6212&#44;6213&#44;6216&#44;6217&#44;6218&#44;6219&#44;6220&#44;6225&#44;6228&#44;6235&#44;6236&#44;6238&#44;6239&#44;6240&#44;6242&#44;6244&#44;6245&#44;6246&#44;6247&#44;6249&#44;6251&#44;6252&#44;6254&#44;6255&#44;6256&#44;6257&#44;6259&#44;6260&#44;6261&#44;6262&#44;6265&#44;6267&#44;6269&#44;6270&#44;6275&#44;6302&#44;6304&#44;6305&#44;6307&#44;6308&#44;6309&#44;6310&#44;6311&#44;6312&#44;6313&#44;6314&#44;6315&#44;6317&#44;6319&#44;6320&#44;6321&#44;6322&#44;6324&#44;6325&#44;6326&#44;6327&#44;6328&#44;6329&#44;6330&#44;6331&#44;6332&#44;6333&#44;6334&#44;6335&#44;6336&#44;6338&#44;6339&#44;6341&#44;6342&#44;6343&#44;6344&#44;6345&#44;6347&#44;6348&#44;6349&#44;6350&#44;6351&#44;6352&#44;6353&#44;6354&#44;6355&#44;6356&#44;6357&#44;6358&#44;6359&#44;6360&#44;6361&#44;6363&#44;6364&#44;6365&#44;6366&#44;6367&#44;6368&#44;6369&#44;6371&#44;6372&#44;6373&#44;6375&#44;6376&#44;6378&#44;6379&#44;6380&#44;6381&#44;6382&#44;6383&#44;6384&#44;6385&#44;6386&#44;6387&#44;6388&#44;6401&#44;6402&#44;6403&#44;6404&#44;6405&#44;6406&#44;6407&#44;6408&#44;6409&#44;6410&#44;6412&#44;6413&#44;6414&#44;6415&#44;6417&#44;6418&#44;6419&#44;6420&#44;6421&#44;6422&#44;6423&#44;6424&#44;6425&#44;6426&#44;6427&#44;6428&#44;6429&#44;6430&#44;6431&#44;6432&#44;6433&#44;6434&#44;6435&#44;6436&#44;6437&#44;6439&#44;6440&#44;6441&#44;6443&#44;6444&#44;6445&#44;6448&#44;6449&#44;6450&#44;6452&#44;6453&#44;6454&#44;6455&#44;6456&#44;6457&#44;6458&#44;6460&#44;6461&#44;6462&#44;6463&#44;6464&#44;6471&#44;6472&#44;6474&#44;6479&#44;6482&#44;6485&#44;6487&#44;6489&#44;6501&#44;6502&#44;6503&#44;6505&#44;6506&#44;6507&#44;6509&#44;6510&#44;6512&#44;6514&#44;6517&#44;6518&#44;6520&#44;6521&#44;6524&#44;6527&#44;6528&#44;6535&#44;6536&#44;6539&#44;6540&#44;6543&#44;6547&#44;6549&#44;6556&#44;6562&#44;6565&#44;6567&#44;6568&#44;6569&#44;6570&#44;6571&#44;6572&#44;6573&#44;6575&#44;6581&#44;6582&#44;6604&#44;6605&#44;6606&#44;6608&#44;6609&#44;6610&#44;6612&#44;6613&#44;6614&#44;6615&#44;6616&#44;6617&#44;6619&#44;6620&#44;6621&#44;6622&#44;6624&#44;6626&#44;6628&#44;6630&#44;6631&#44;6632&#44;6633&#44;6634&#44;6635&#44;6636&#44;6637&#44;6643&#44;6644&#44;6646&#44;6650&#44;6651&#44;6652&#44;6653&#44;6655&#44;6657&#44;6658&#44;6659&#44;6660&#44;6661&#44;6662&#44;6663&#44;6664&#44;6666&#44;6667&#44;6670&#44;6671&#44;6672&#44;6673&#44;6674&#44;6675&#44;6676&#44;6677&#44;6678&#44;6679&#44;6680&#44;6682&#44;6683&#44;6684&#44;6685&#44;6686&#44;6689&#44;6690&#44;6692&#44;6693&#44;6779&#44;6781&#44;6867&#44;6976&#44;6979&#44;7189&#44;7658&#44;7676&#44;8102&#44;8104&#44;8106&#44;8107&#44;8111&#44;8112&#44;8114&#44;8115&#44;8116&#44;8117&#44;8119&#44;8120&#44;8123&#44;8125&#44;8126&#44;8128&#44;8129&#44;8130&#44;8132&#44;8133&#44;8134&#44;8135&#44;8136&#44;8138&#44;8139&#44;8141&#44;8142&#44;8144&#44;8145&#44;8146&#44;8147&#44;8149&#44;8150&#44;8151&#44;8152&#44;8153&#44;8155&#44;8156&#44;8157&#44;8158&#44;8160&#44;8161&#44;8162&#44;8163&#44;8164&#44;8165&#44;8166&#44;8167&#44;8168&#44;8169&#44;8172&#44;8173&#44;8174&#44;8175&#44;8176&#44;8177&#44;8180&#44;8181&#44;8182&#44;8183&#44;8184&#44;8185&#44;8186&#44;8188&#44;8189&#44;8190&#44;8191&#44;8192&#44;8193&#44;8194&#44;8196&#44;8197&#44;8201&#44;8202&#44;8203&#44;8205&#44;8207&#44;8208&#44;8209&#44;8210&#44;8211&#44;8213&#44;8215&#44;8218&#44;8219&#44;8220&#44;8221&#44;8222&#44;8223&#44;8224&#44;8225&#44;8226&#44;8227&#44;8228&#44;8236&#44;8237&#44;8238&#44;8239&#44;8241&#44;8242&#44;8243&#44;8244&#44;8245&#44;8246&#44;8247&#44;8248&#44;8250&#44;8251&#44;8252&#44;8253&#44;8254&#44;8256&#44;8257&#44;8259&#44;8261&#44;8262&#44;8263&#44;8264&#44;8265&#44;8266&#44;8267&#44;8268&#44;8269&#44;8270&#44;8271&#44;8272&#44;8273&#44;8274&#44;8275&#44;8276&#44;8277&#44;8278&#44;8279&#44;8280&#44;8281&#44;8282&#44;8283&#44;8284&#44;8285&#44;8286&#44;8287&#44;8288&#44;8289&#44;8290&#44;8291&#44;8292&#44;8293&#44;8294&#44;8295&#44;8296&#44;8297&#44;8298&#44;8299&#44;""",10/22/21,10/19/21,N
layouts,Bakery Pallets,"""37-4&#44;77-4""",,2021,11/1/21,1-NewFolderStructure/C037_C077_Bakery_Pallets/C37_77_Bakery_Pallets_Effective_11012021_Updated_10212021/,_C37_77_Bakery_Pallets_Effective_11012021_Updated_10212021.pdf,"""4109&#44;4702&#44;4703&#44;4704&#44;4707&#44;4709&#44;4710&#44;4711&#44;4712&#44;4713&#44;4718&#44;4720&#44;4721&#44;4722&#44;4724&#44;4728&#44;4729&#44;4730&#44;4731&#44;4732&#44;4735&#44;4736&#44;4738&#44;4739&#44;4740&#44;4741&#44;4742&#44;4743&#44;4745&#44;4749&#44;4750&#44;4755&#44;4761&#44;4763&#44;4764&#44;4767&#44;4768&#44;4769&#44;4770&#44;4771&#44;4772&#44;4774&#44;4775&#44;4776&#44;4777&#44;4778&#44;4780&#44;4781&#44;4782&#44;4783&#44;4784&#44;4785&#44;4786&#44;4787&#44;4789&#44;4790&#44;4791&#44;4794&#44;4795&#44;4797&#44;4798&#44;4799&#44;4801&#44;4802&#44;4804&#44;4805&#44;4808&#44;4815&#44;4816&#44;4817&#44;4818&#44;4819&#44;4820&#44;4822&#44;4824&#44;4825&#44;4828&#44;4829&#44;4830&#44;4831&#44;4836&#44;4837&#44;4839&#44;4840&#44;4843&#44;4846&#44;4847&#44;4850&#44;4851&#44;4852&#44;4853&#44;4855&#44;4857&#44;4859&#44;4860&#44;4861&#44;4866&#44;4870&#44;4871&#44;4872&#44;4873&#44;4874&#44;4875&#44;4876&#44;4878&#44;4879&#44;4901&#44;4905&#44;4906&#44;4908&#44;4911&#44;4914&#44;4915&#44;4917&#44;4920&#44;4925&#44;4926&#44;4930&#44;4933&#44;4936&#44;4938&#44;4939&#44;4942&#44;4944&#44;4946&#44;4947&#44;4948&#44;4950&#44;4952&#44;4955&#44;4958&#44;4961&#44;4962&#44;4963&#44;4969&#44;4972&#44;4973&#44;4974&#44;4983&#44;4985&#44;4987&#44;4989&#44;4990&#44;4991&#44;4992&#44;4994&#44;4996&#44;4998&#44;4999&#44;6181&#44;6188&#44;6189&#44;6201&#44;6202&#44;6203&#44;6204&#44;6205&#44;6212&#44;6213&#44;6216&#44;6217&#44;6218&#44;6219&#44;6220&#44;6225&#44;6228&#44;6235&#44;6236&#44;6238&#44;6239&#44;6240&#44;6242&#44;6244&#44;6245&#44;6246&#44;6247&#44;6249&#44;6251&#44;6252&#44;6254&#44;6255&#44;6256&#44;6257&#44;6259&#44;6260&#44;6261&#44;6262&#44;6265&#44;6267&#44;6269&#44;6270&#44;6275&#44;6302&#44;6304&#44;6305&#44;6307&#44;6308&#44;6309&#44;6310&#44;6311&#44;6312&#44;6313&#44;6314&#44;6315&#44;6317&#44;6319&#44;6320&#44;6321&#44;6322&#44;6325&#44;6326&#44;6327&#44;6328&#44;6329&#44;6330&#44;6331&#44;6332&#44;6333&#44;6334&#44;6335&#44;6336&#44;6338&#44;6339&#44;6341&#44;6342&#44;6343&#44;6344&#44;6345&#44;6347&#44;6348&#44;6349&#44;6350&#44;6351&#44;6352&#44;6353&#44;6354&#44;6355&#44;6356&#44;6357&#44;6358&#44;6359&#44;6360&#44;6361&#44;6363&#44;6364&#44;6365&#44;6366&#44;6367&#44;6368&#44;6369&#44;6371&#44;6372&#44;6373&#44;6375&#44;6376&#44;6377&#44;6378&#44;6379&#44;6380&#44;6381&#44;6382&#44;6383&#44;6384&#44;6385&#44;6386&#44;6387&#44;6388&#44;6401&#44;6402&#44;6403&#44;6404&#44;6405&#44;6406&#44;6407&#44;6408&#44;6409&#44;6410&#44;6413&#44;6414&#44;6415&#44;6417&#44;6418&#44;6419&#44;6420&#44;6421&#44;6422&#44;6423&#44;6424&#44;6425&#44;6426&#44;6427&#44;6428&#44;6429&#44;6430&#44;6431&#44;6432&#44;6433&#44;6434&#44;6435&#44;6436&#44;6437&#44;6439&#44;6440&#44;6441&#44;6443&#44;6444&#44;6445&#44;6448&#44;6449&#44;6450&#44;6452&#44;6453&#44;6454&#44;6455&#44;6456&#44;6457&#44;6458&#44;6460&#44;6461&#44;6462&#44;6463&#44;6464&#44;6471&#44;6472&#44;6474&#44;6479&#44;6482&#44;6485&#44;6487&#44;6489&#44;6501&#44;6502&#44;6503&#44;6505&#44;6506&#44;6507&#44;6509&#44;6510&#44;6512&#44;6514&#44;6517&#44;6518&#44;6520&#44;6521&#44;6524&#44;6527&#44;6528&#44;6533&#44;6535&#44;6536&#44;6539&#44;6540&#44;6543&#44;6547&#44;6549&#44;6556&#44;6562&#44;6565&#44;6567&#44;6568&#44;6569&#44;6570&#44;6571&#44;6572&#44;6573&#44;6575&#44;6581&#44;6582&#44;6604&#44;6605&#44;6606&#44;6608&#44;6609&#44;6610&#44;6612&#44;6613&#44;6614&#44;6615&#44;6616&#44;6617&#44;6619&#44;6620&#44;6621&#44;6622&#44;6624&#44;6626&#44;6628&#44;6630&#44;6631&#44;6632&#44;6633&#44;6634&#44;6635&#44;6636&#44;6637&#44;6643&#44;6644&#44;6646&#44;6650&#44;6651&#44;6652&#44;6653&#44;6655&#44;6657&#44;6658&#44;6659&#44;6660&#44;6661&#44;6662&#44;6663&#44;6664&#44;6666&#44;6667&#44;6670&#44;6671&#44;6672&#44;6673&#44;6674&#44;6675&#44;6676&#44;6677&#44;6678&#44;6679&#44;6680&#44;6682&#44;6683&#44;6684&#44;6685&#44;6686&#44;6689&#44;6690&#44;6692&#44;6693&#44;6779&#44;6781&#44;6867&#44;6976&#44;6979&#44;7189&#44;7658&#44;7676&#44;8102&#44;8104&#44;8106&#44;8107&#44;8111&#44;8112&#44;8114&#44;8115&#44;8116&#44;8117&#44;8119&#44;8120&#44;8123&#44;8125&#44;8126&#44;8128&#44;8129&#44;8130&#44;8132&#44;8133&#44;8134&#44;8135&#44;8136&#44;8138&#44;8139&#44;8141&#44;8142&#44;8144&#44;8145&#44;8146&#44;8147&#44;8149&#44;8150&#44;8151&#44;8152&#44;8153&#44;8155&#44;8156&#44;8157&#44;8158&#44;8160&#44;8161&#44;8162&#44;8163&#44;8164&#44;8165&#44;8166&#44;8167&#44;8168&#44;8169&#44;8172&#44;8173&#44;8174&#44;8175&#44;8176&#44;8177&#44;8180&#44;8181&#44;8182&#44;8183&#44;8184&#44;8185&#44;8186&#44;8188&#44;8189&#44;8190&#44;8191&#44;8192&#44;8193&#44;8194&#44;8196&#44;8197&#44;8201&#44;8202&#44;8203&#44;8205&#44;8207&#44;8208&#44;8209&#44;8210&#44;8211&#44;8213&#44;8215&#44;8218&#44;8219&#44;8220&#44;8221&#44;8222&#44;8223&#44;8224&#44;8225&#44;8226&#44;8227&#44;8228&#44;8236&#44;8237&#44;8238&#44;8239&#44;8241&#44;8242&#44;8243&#44;8244&#44;8245&#44;8246&#44;8247&#44;8248&#44;8250&#44;8251&#44;8252&#44;8253&#44;8254&#44;8256&#44;8257&#44;8259&#44;8261&#44;8262&#44;8263&#44;8264&#44;8265&#44;8266&#44;8267&#44;8268&#44;8269&#44;8270&#44;8271&#44;8272&#44;8273&#44;8274&#44;8275&#44;8276&#44;8277&#44;8278&#44;8279&#44;8280&#44;8281&#44;8282&#44;8283&#44;8284&#44;8285&#44;8286&#44;8287&#44;8288&#44;8289&#44;8290&#44;8291&#44;8292&#44;8293&#44;8294&#44;8295&#44;8296&#44;8297&#44;8298&#44;8299&#44;""",10/22/21,10/19/21,N
layouts,Coolers,42-2,,2021,11/1/21,1-NewFolderStructure/C042_Coolers/C42_Effective_11012021_Planogram_Updated_10212021/,_C42_Effective_11012021_Planogram_Updated_10212021.pdf,"""4109&#44;4702&#44;4703&#44;4704&#44;4707&#44;4709&#44;4710&#44;4711&#44;4712&#44;4713&#44;4718&#44;4720&#44;4721&#44;4722&#44;4724&#44;4728&#44;4729&#44;4730&#44;4731&#44;4732&#44;4735&#44;4736&#44;4738&#44;4739&#44;4740&#44;4741&#44;4742&#44;4743&#44;4745&#44;4749&#44;4750&#44;4755&#44;4761&#44;4763&#44;4764&#44;4767&#44;4768&#44;4769&#44;4770&#44;4771&#44;4772&#44;4774&#44;4775&#44;4776&#44;4777&#44;4778&#44;4780&#44;4781&#44;4782&#44;4783&#44;4784&#44;4785&#44;4786&#44;4787&#44;4789&#44;4790&#44;4791&#44;4794&#44;4795&#44;4797&#44;4798&#44;4799&#44;4801&#44;4802&#44;4804&#44;4805&#44;4808&#44;4815&#44;4816&#44;4817&#44;4818&#44;4819&#44;4820&#44;4822&#44;4824&#44;4825&#44;4828&#44;4829&#44;4830&#44;4831&#44;4836&#44;4837&#44;4839&#44;4840&#44;4843&#44;4846&#44;4847&#44;4850&#44;4851&#44;4852&#44;4853&#44;4855&#44;4857&#44;4859&#44;4860&#44;4861&#44;4866&#44;4870&#44;4871&#44;4872&#44;4873&#44;4874&#44;4875&#44;4876&#44;4878&#44;4879&#44;4901&#44;4905&#44;4906&#44;4908&#44;4911&#44;4914&#44;4915&#44;4917&#44;4920&#44;4925&#44;4926&#44;4930&#44;4933&#44;4936&#44;4938&#44;4939&#44;4942&#44;4944&#44;4946&#44;4947&#44;4948&#44;4950&#44;4952&#44;4955&#44;4958&#44;4961&#44;4962&#44;4963&#44;4969&#44;4972&#44;4973&#44;4974&#44;4982&#44;4983&#44;4985&#44;4987&#44;4989&#44;4990&#44;4991&#44;4992&#44;4994&#44;4996&#44;4998&#44;4999&#44;6181&#44;6188&#44;6189&#44;6201&#44;6202&#44;6203&#44;6204&#44;6205&#44;6212&#44;6213&#44;6216&#44;6217&#44;6218&#44;6219&#44;6220&#44;6225&#44;6228&#44;6235&#44;6236&#44;6238&#44;6239&#44;6240&#44;6242&#44;6244&#44;6245&#44;6246&#44;6247&#44;6249&#44;6251&#44;6252&#44;6254&#44;6255&#44;6256&#44;6257&#44;6259&#44;6260&#44;6261&#44;6262&#44;6265&#44;6267&#44;6269&#44;6270&#44;6275&#44;6302&#44;6304&#44;6305&#44;6307&#44;6308&#44;6309&#44;6310&#44;6311&#44;6312&#44;6313&#44;6314&#44;6315&#44;6317&#44;6319&#44;6320&#44;6321&#44;6322&#44;6324&#44;6325&#44;6326&#44;6327&#44;6328&#44;6329&#44;6330&#44;6331&#44;6332&#44;6333&#44;6334&#44;6335&#44;6336&#44;6338&#44;6339&#44;6341&#44;6342&#44;6343&#44;6344&#44;6345&#44;6347&#44;6348&#44;6349&#44;6350&#44;6351&#44;6352&#44;6353&#44;6354&#44;6355&#44;6356&#44;6357&#44;6358&#44;6359&#44;6360&#44;6361&#44;6363&#44;6364&#44;6365&#44;6366&#44;6367&#44;6368&#44;6369&#44;6371&#44;6372&#44;6373&#44;6375&#44;6376&#44;6377&#44;6378&#44;6379&#44;6380&#44;6381&#44;6382&#44;6383&#44;6384&#44;6385&#44;6386&#44;6387&#44;6388&#44;6401&#44;6402&#44;6403&#44;6404&#44;6405&#44;6406&#44;6407&#44;6408&#44;6409&#44;6410&#44;6412&#44;6413&#44;6414&#44;6415&#44;6417&#44;6418&#44;6419&#44;6420&#44;6421&#44;6422&#44;6423&#44;6424&#44;6425&#44;6426&#44;6427&#44;6428&#44;6429&#44;6430&#44;6431&#44;6432&#44;6433&#44;6434&#44;6435&#44;6436&#44;6437&#44;6439&#44;6440&#44;6441&#44;6443&#44;6444&#44;6445&#44;6448&#44;6449&#44;6450&#44;6452&#44;6453&#44;6454&#44;6455&#44;6456&#44;6457&#44;6458&#44;6460&#44;6461&#44;6462&#44;6463&#44;6464&#44;6471&#44;6472&#44;6474&#44;6479&#44;6482&#44;6485&#44;6487&#44;6489&#44;6501&#44;6502&#44;6503&#44;6505&#44;6506&#44;6507&#44;6509&#44;6510&#44;6512&#44;6514&#44;6517&#44;6518&#44;6520&#44;6521&#44;6524&#44;6527&#44;6528&#44;6533&#44;6535&#44;6536&#44;6539&#44;6540&#44;6543&#44;6547&#44;6549&#44;6556&#44;6562&#44;6565&#44;6567&#44;6568&#44;6569&#44;6570&#44;6571&#44;6572&#44;6573&#44;6575&#44;6581&#44;6582&#44;6604&#44;6605&#44;6606&#44;6608&#44;6609&#44;6610&#44;6612&#44;6613&#44;6614&#44;6615&#44;6616&#44;6617&#44;6619&#44;6620&#44;6621&#44;6622&#44;6624&#44;6626&#44;6628&#44;6630&#44;6631&#44;6632&#44;6633&#44;6634&#44;6635&#44;6636&#44;6637&#44;6643&#44;6644&#44;6646&#44;6650&#44;6651&#44;6652&#44;6653&#44;6655&#44;6657&#44;6658&#44;6659&#44;6660&#44;6661&#44;6662&#44;6663&#44;6664&#44;6666&#44;6667&#44;6670&#44;6671&#44;6672&#44;6673&#44;6674&#44;6675&#44;6676&#44;6677&#44;6678&#44;6679&#44;6680&#44;6682&#44;6683&#44;6684&#44;6685&#44;6686&#44;6689&#44;6690&#44;6692&#44;6693&#44;6779&#44;6781&#44;6867&#44;6976&#44;6979&#44;7189&#44;7658&#44;7676&#44;8102&#44;8104&#44;8106&#44;8107&#44;8111&#44;8112&#44;8114&#44;8115&#44;8116&#44;8117&#44;8119&#44;8120&#44;8123&#44;8125&#44;8126&#44;8128&#44;8129&#44;8130&#44;8132&#44;8133&#44;8134&#44;8135&#44;8136&#44;8138&#44;8139&#44;8141&#44;8142&#44;8144&#44;8145&#44;8146&#44;8147&#44;8149&#44;8150&#44;8151&#44;8152&#44;8153&#44;8155&#44;8156&#44;8157&#44;8158&#44;8160&#44;8161&#44;8162&#44;8163&#44;8164&#44;8165&#44;8166&#44;8167&#44;8168&#44;8169&#44;8172&#44;8173&#44;8174&#44;8175&#44;8176&#44;8177&#44;8180&#44;8181&#44;8182&#44;8183&#44;8184&#44;8185&#44;8186&#44;8188&#44;8189&#44;8190&#44;8191&#44;8192&#44;8193&#44;8194&#44;8196&#44;8197&#44;8201&#44;8202&#44;8203&#44;8205&#44;8207&#44;8208&#44;8209&#44;8210&#44;8211&#44;8213&#44;8215&#44;8218&#44;8219&#44;8220&#44;8221&#44;8222&#44;8223&#44;8224&#44;8225&#44;8226&#44;8227&#44;8228&#44;8236&#44;8237&#44;8238&#44;8239&#44;8241&#44;8242&#44;8243&#44;8244&#44;8245&#44;8246&#44;8247&#44;8248&#44;8250&#44;8251&#44;8252&#44;8253&#44;8254&#44;8256&#44;8257&#44;8259&#44;8261&#44;8262&#44;8263&#44;8264&#44;8265&#44;8266&#44;8267&#44;8268&#44;8269&#44;8270&#44;8271&#44;8272&#44;8273&#44;8274&#44;8275&#44;8276&#44;8277&#44;8278&#44;8279&#44;8280&#44;8281&#44;8282&#44;8283&#44;8284&#44;8285&#44;8286&#44;8287&#44;8288&#44;8289&#44;8290&#44;8291&#44;8292&#44;8293&#44;8294&#44;8295&#44;8296&#44;8297&#44;8298&#44;8299&#44;""",10/25/21,10/25/21,N
layouts,Bakery Dessert,"""37-2&#44;77-2""",,2021,11/1/21,1-NewFolderStructure/C037_C077_Bakery_Dessert/C77_C37_Effective_11012021_Updated_10262021/,_C77_C37_Effective_11012021_Updated_10262021.pdf,"""4109&#44;4702&#44;4703&#44;4704&#44;4707&#44;4709&#44;4710&#44;4711&#44;4712&#44;4713&#44;4718&#44;4720&#44;4721&#44;4722&#44;4724&#44;4728&#44;4729&#44;4730&#44;4731&#44;4732&#44;4735&#44;4736&#44;4738&#44;4739&#44;4740&#44;4741&#44;4742&#44;4743&#44;4745&#44;4749&#44;4750&#44;4755&#44;4761&#44;4763&#44;4764&#44;4767&#44;4768&#44;4769&#44;4770&#44;4771&#44;4772&#44;4774&#44;4775&#44;4776&#44;4777&#44;4778&#44;4780&#44;4781&#44;4782&#44;4783&#44;4784&#44;4785&#44;4786&#44;4787&#44;4789&#44;4790&#44;4791&#44;4794&#44;4795&#44;4797&#44;4798&#44;4799&#44;4801&#44;4802&#44;4804&#44;4805&#44;4808&#44;4815&#44;4816&#44;4817&#44;4818&#44;4819&#44;4820&#44;4822&#44;4824&#44;4825&#44;4828&#44;4829&#44;4830&#44;4831&#44;4836&#44;4837&#44;4839&#44;4840&#44;4843&#44;4846&#44;4847&#44;4850&#44;4851&#44;4852&#44;4853&#44;4855&#44;4857&#44;4859&#44;4860&#44;4861&#44;4866&#44;4870&#44;4871&#44;4872&#44;4873&#44;4874&#44;4875&#44;4876&#44;4878&#44;4879&#44;4901&#44;4905&#44;4906&#44;4908&#44;4911&#44;4914&#44;4915&#44;4917&#44;4920&#44;4925&#44;4926&#44;4933&#44;4936&#44;4938&#44;4939&#44;4942&#44;4944&#44;4946&#44;4947&#44;4948&#44;4950&#44;4952&#44;4955&#44;4958&#44;4961&#44;4962&#44;4963&#44;4969&#44;4972&#44;4973&#44;4974&#44;4982&#44;4983&#44;4985&#44;4987&#44;4989&#44;4990&#44;4991&#44;4992&#44;4994&#44;4996&#44;4998&#44;4999&#44;6181&#44;6188&#44;6189&#44;6201&#44;6202&#44;6203&#44;6204&#44;6205&#44;6212&#44;6213&#44;6216&#44;6217&#44;6218&#44;6219&#44;6220&#44;6225&#44;6228&#44;6235&#44;6236&#44;6238&#44;6239&#44;6240&#44;6242&#44;6244&#44;6245&#44;6246&#44;6247&#44;6249&#44;6251&#44;6252&#44;6254&#44;6255&#44;6256&#44;6257&#44;6259&#44;6260&#44;6261&#44;6262&#44;6265&#44;6267&#44;6269&#44;6270&#44;6275&#44;6302&#44;6304&#44;6305&#44;6307&#44;6308&#44;6309&#44;6310&#44;6311&#44;6312&#44;6313&#44;6314&#44;6315&#44;6317&#44;6319&#44;6320&#44;6321&#44;6322&#44;6324&#44;6325&#44;6326&#44;6327&#44;6328&#44;6329&#44;6330&#44;6331&#44;6332&#44;6333&#44;6334&#44;6335&#44;6336&#44;6338&#44;6339&#44;6341&#44;6342&#44;6343&#44;6344&#44;6345&#44;6347&#44;6348&#44;6349&#44;6350&#44;6351&#44;6352&#44;6353&#44;6354&#44;6355&#44;6356&#44;6357&#44;6358&#44;6359&#44;6360&#44;6361&#44;6363&#44;6364&#44;6365&#44;6366&#44;6367&#44;6368&#44;6369&#44;6371&#44;6372&#44;6373&#44;6375&#44;6376&#44;6377&#44;6378&#44;6379&#44;6380&#44;6381&#44;6382&#44;6383&#44;6384&#44;6385&#44;6386&#44;6387&#44;6388&#44;6401&#44;6402&#44;6403&#44;6404&#44;6405&#44;6406&#44;6407&#44;6408&#44;6409&#44;6410&#44;6412&#44;6413&#44;6414&#44;6415&#44;6417&#44;6418&#44;6419&#44;6420&#44;6421&#44;6422&#44;6423&#44;6424&#44;6425&#44;6426&#44;6427&#44;6428&#44;6429&#44;6430&#44;6431&#44;6432&#44;6433&#44;6434&#44;6435&#44;6436&#44;6437&#44;6439&#44;6440&#44;6441&#44;6443&#44;6444&#44;6445&#44;6448&#44;6449&#44;6450&#44;6452&#44;6453&#44;6454&#44;6455&#44;6456&#44;6457&#44;6458&#44;6460&#44;6461&#44;6462&#44;6463&#44;6464&#44;6471&#44;6472&#44;6474&#44;6479&#44;6482&#44;6485&#44;6487&#44;6489&#44;6501&#44;6502&#44;6503&#44;6505&#44;6506&#44;6507&#44;6509&#44;6510&#44;6512&#44;6514&#44;6517&#44;6518&#44;6520&#44;6521&#44;6524&#44;6527&#44;6528&#44;6535&#44;6536&#44;6539&#44;6540&#44;6543&#44;6547&#44;6549&#44;6556&#44;6562&#44;6565&#44;6567&#44;6568&#44;6569&#44;6570&#44;6571&#44;6572&#44;6573&#44;6575&#44;6581&#44;6582&#44;6604&#44;6605&#44;6606&#44;6608&#44;6609&#44;6610&#44;6612&#44;6613&#44;6614&#44;6615&#44;6616&#44;6617&#44;6619&#44;6620&#44;6621&#44;6622&#44;6624&#44;6626&#44;6628&#44;6630&#44;6631&#44;6632&#44;6633&#44;6634&#44;6635&#44;6636&#44;6637&#44;6643&#44;6644&#44;6646&#44;6650&#44;6651&#44;6652&#44;6653&#44;6655&#44;6657&#44;6658&#44;6659&#44;6660&#44;6661&#44;6662&#44;6663&#44;6664&#44;6666&#44;6667&#44;6670&#44;6671&#44;6672&#44;6673&#44;6674&#44;6675&#44;6676&#44;6677&#44;6678&#44;6679&#44;6680&#44;6682&#44;6683&#44;6684&#44;6685&#44;6686&#44;6689&#44;6690&#44;6692&#44;6693&#44;6779&#44;6781&#44;6867&#44;6976&#44;6979&#44;7189&#44;7658&#44;7676&#44;8102&#44;8104&#44;8106&#44;8107&#44;8111&#44;8112&#44;8114&#44;8115&#44;8116&#44;8117&#44;8119&#44;8120&#44;8123&#44;8125&#44;8126&#44;8128&#44;8129&#44;8130&#44;8132&#44;8133&#44;8134&#44;8135&#44;8136&#44;8138&#44;8139&#44;8141&#44;8142&#44;8144&#44;8145&#44;8146&#44;8147&#44;8149&#44;8150&#44;8151&#44;8152&#44;8153&#44;8155&#44;8156&#44;8157&#44;8158&#44;8160&#44;8161&#44;8162&#44;8163&#44;8164&#44;8165&#44;8166&#44;8167&#44;8168&#44;8169&#44;8172&#44;8173&#44;8174&#44;8175&#44;8176&#44;8177&#44;8180&#44;8181&#44;8182&#44;8183&#44;8184&#44;8185&#44;8186&#44;8188&#44;8189&#44;8190&#44;8191&#44;8192&#44;8193&#44;8194&#44;8196&#44;8197&#44;8201&#44;8202&#44;8203&#44;8205&#44;8207&#44;8208&#44;8209&#44;8210&#44;8211&#44;8213&#44;8215&#44;8218&#44;8219&#44;8220&#44;8221&#44;8222&#44;8223&#44;8224&#44;8225&#44;8226&#44;8227&#44;8228&#44;8236&#44;8237&#44;8238&#44;8239&#44;8241&#44;8242&#44;8243&#44;8244&#44;8245&#44;8246&#44;8247&#44;8248&#44;8250&#44;8251&#44;8252&#44;8253&#44;8254&#44;8256&#44;8257&#44;8259&#44;8261&#44;8262&#44;8263&#44;8264&#44;8265&#44;8266&#44;8267&#44;8268&#44;8269&#44;8270&#44;8271&#44;8272&#44;8273&#44;8274&#44;8275&#44;8276&#44;8277&#44;8278&#44;8279&#44;8280&#44;8281&#44;8282&#44;8283&#44;8284&#44;8285&#44;8286&#44;8287&#44;8288&#44;8289&#44;8290&#44;8291&#44;8292&#44;8293&#44;8294&#44;8295&#44;8296&#44;8297&#44;8298&#44;8299&#44;""",10/27/21,10/27/21,N
layouts,Cake Case,"""37-3&#44;77-3""",,2021,11/1/21,1-NewFolderStructure/C037_C077_Cake_Case/C77_C37_Effective_11012021_Updated_10262021/,_C77_C37_Effective_11012021_Updated_10262021.pdf,"""4109&#44;4702&#44;4703&#44;4704&#44;4707&#44;4709&#44;4710&#44;4711&#44;4712&#44;4713&#44;4718&#44;4720&#44;4721&#44;4722&#44;4724&#44;4728&#44;4729&#44;4730&#44;4731&#44;4732&#44;4735&#44;4736&#44;4738&#44;4739&#44;4740&#44;4741&#44;4742&#44;4743&#44;4745&#44;4749&#44;4750&#44;4755&#44;4761&#44;4763&#44;4764&#44;4767&#44;4768&#44;4769&#44;4770&#44;4771&#44;4772&#44;4774&#44;4775&#44;4776&#44;4777&#44;4778&#44;4780&#44;4781&#44;4782&#44;4783&#44;4784&#44;4785&#44;4786&#44;4787&#44;4789&#44;4790&#44;4791&#44;4794&#44;4795&#44;4797&#44;4798&#44;4799&#44;4801&#44;4802&#44;4804&#44;4805&#44;4808&#44;4815&#44;4816&#44;4817&#44;4818&#44;4819&#44;4820&#44;4822&#44;4824&#44;4825&#44;4828&#44;4829&#44;4830&#44;4831&#44;4836&#44;4837&#44;4839&#44;4840&#44;4843&#44;4846&#44;4847&#44;4850&#44;4851&#44;4852&#44;4853&#44;4855&#44;4857&#44;4859&#44;4860&#44;4861&#44;4866&#44;4870&#44;4871&#44;4872&#44;4873&#44;4874&#44;4875&#44;4876&#44;4878&#44;4879&#44;4901&#44;4905&#44;4906&#44;4908&#44;4911&#44;4914&#44;4915&#44;4917&#44;4920&#44;4925&#44;4926&#44;4933&#44;4936&#44;4938&#44;4939&#44;4942&#44;4944&#44;4946&#44;4947&#44;4948&#44;4950&#44;4952&#44;4955&#44;4958&#44;4961&#44;4962&#44;4963&#44;4969&#44;4972&#44;4973&#44;4974&#44;4982&#44;4983&#44;4985&#44;4987&#44;4989&#44;4990&#44;4991&#44;4992&#44;4994&#44;4996&#44;4998&#44;4999&#44;6181&#44;6188&#44;6189&#44;6201&#44;6202&#44;6203&#44;6204&#44;6205&#44;6212&#44;6213&#44;6216&#44;6217&#44;6218&#44;6219&#44;6220&#44;6225&#44;6228&#44;6235&#44;6236&#44;6238&#44;6239&#44;6240&#44;6242&#44;6244&#44;6245&#44;6246&#44;6247&#44;6249&#44;6251&#44;6252&#44;6254&#44;6255&#44;6256&#44;6257&#44;6259&#44;6260&#44;6261&#44;6262&#44;6265&#44;6267&#44;6269&#44;6270&#44;6275&#44;6302&#44;6304&#44;6305&#44;6307&#44;6308&#44;6309&#44;6310&#44;6311&#44;6312&#44;6313&#44;6314&#44;6315&#44;6317&#44;6319&#44;6320&#44;6321&#44;6322&#44;6324&#44;6325&#44;6326&#44;6327&#44;6328&#44;6329&#44;6330&#44;6331&#44;6332&#44;6333&#44;6334&#44;6335&#44;6336&#44;6338&#44;6339&#44;6341&#44;6342&#44;6343&#44;6344&#44;6345&#44;6347&#44;6348&#44;6349&#44;6350&#44;6351&#44;6352&#44;6353&#44;6354&#44;6355&#44;6356&#44;6357&#44;6358&#44;6359&#44;6360&#44;6361&#44;6363&#44;6364&#44;6365&#44;6366&#44;6367&#44;6368&#44;6369&#44;6371&#44;6372&#44;6373&#44;6375&#44;6376&#44;6377&#44;6378&#44;6379&#44;6380&#44;6381&#44;6382&#44;6383&#44;6384&#44;6385&#44;6386&#44;6387&#44;6388&#44;6401&#44;6402&#44;6403&#44;6404&#44;6405&#44;6406&#44;6407&#44;6408&#44;6409&#44;6410&#44;6412&#44;6413&#44;6414&#44;6415&#44;6417&#44;6418&#44;6419&#44;6420&#44;6421&#44;6422&#44;6423&#44;6424&#44;6425&#44;6426&#44;6427&#44;6428&#44;6429&#44;6430&#44;6431&#44;6432&#44;6433&#44;6434&#44;6435&#44;6436&#44;6437&#44;6439&#44;6440&#44;6441&#44;6443&#44;6444&#44;6445&#44;6448&#44;6449&#44;6450&#44;6452&#44;6453&#44;6454&#44;6455&#44;6456&#44;6457&#44;6458&#44;6460&#44;6461&#44;6462&#44;6463&#44;6464&#44;6471&#44;6472&#44;6474&#44;6479&#44;6482&#44;6485&#44;6487&#44;6489&#44;6501&#44;6502&#44;6503&#44;6505&#44;6506&#44;6507&#44;6509&#44;6510&#44;6512&#44;6514&#44;6517&#44;6518&#44;6520&#44;6521&#44;6524&#44;6527&#44;6528&#44;6535&#44;6536&#44;6539&#44;6540&#44;6543&#44;6547&#44;6549&#44;6556&#44;6562&#44;6565&#44;6567&#44;6568&#44;6569&#44;6570&#44;6571&#44;6572&#44;6573&#44;6575&#44;6581&#44;6582&#44;6604&#44;6605&#44;6606&#44;6608&#44;6609&#44;6610&#44;6612&#44;6613&#44;6614&#44;6615&#44;6616&#44;6617&#44;6619&#44;6620&#44;6621&#44;6622&#44;6624&#44;6626&#44;6628&#44;6630&#44;6631&#44;6632&#44;6633&#44;6634&#44;6635&#44;6636&#44;6637&#44;6643&#44;6644&#44;6646&#44;6650&#44;6651&#44;6652&#44;6653&#44;6655&#44;6657&#44;6658&#44;6659&#44;6660&#44;6661&#44;6662&#44;6663&#44;6664&#44;6666&#44;6667&#44;6670&#44;6671&#44;6672&#44;6673&#44;6674&#44;6675&#44;6676&#44;6677&#44;6678&#44;6679&#44;6680&#44;6682&#44;6683&#44;6684&#44;6685&#44;6686&#44;6689&#44;6690&#44;6692&#44;6693&#44;6779&#44;6781&#44;6867&#44;6976&#44;6979&#44;7189&#44;7658&#44;7676&#44;8102&#44;8104&#44;8106&#44;8107&#44;8111&#44;8112&#44;8114&#44;8115&#44;8116&#44;8117&#44;8119&#44;8120&#44;8123&#44;8125&#44;8126&#44;8128&#44;8129&#44;8130&#44;8132&#44;8133&#44;8134&#44;8135&#44;8136&#44;8138&#44;8139&#44;8141&#44;8142&#44;8144&#44;8145&#44;8146&#44;8147&#44;8149&#44;8150&#44;8151&#44;8152&#44;8153&#44;8155&#44;8156&#44;8157&#44;8158&#44;8160&#44;8161&#44;8162&#44;8163&#44;8164&#44;8165&#44;8166&#44;8167&#44;8168&#44;8169&#44;8172&#44;8173&#44;8174&#44;8175&#44;8176&#44;8177&#44;8180&#44;8181&#44;8182&#44;8183&#44;8184&#44;8185&#44;8186&#44;8188&#44;8189&#44;8190&#44;8191&#44;8192&#44;8193&#44;8194&#44;8196&#44;8197&#44;8201&#44;8202&#44;8203&#44;8205&#44;8207&#44;8208&#44;8209&#44;8210&#44;8211&#44;8213&#44;8215&#44;8218&#44;8219&#44;8220&#44;8221&#44;8222&#44;8223&#44;8224&#44;8225&#44;8226&#44;8227&#44;8228&#44;8236&#44;8237&#44;8238&#44;8239&#44;8241&#44;8242&#44;8243&#44;8244&#44;8245&#44;8246&#44;8247&#44;8248&#44;8250&#44;8251&#44;8252&#44;8253&#44;8254&#44;8256&#44;8257&#44;8259&#44;8261&#44;8262&#44;8263&#44;8264&#44;8265&#44;8266&#44;8267&#44;8268&#44;8269&#44;8270&#44;8271&#44;8272&#44;8273&#44;8274&#44;8275&#44;8276&#44;8277&#44;8278&#44;8279&#44;8280&#44;8281&#44;8282&#44;8283&#44;8284&#44;8285&#44;8286&#44;8287&#44;8288&#44;8289&#44;8290&#44;8291&#44;8292&#44;8293&#44;8294&#44;8295&#44;8296&#44;8297&#44;8298&#44;8299&#44;""",10/27/21,10/27/21,N
layouts,Coolers,42-2,,2021,11/1/21,1-NewFolderStructure/C042_Coolers/C42_Effective_11012021_Planogram_Updated_10272021/,_C42_Effective_11012021_Planogram_Updated_10272021.pdf,"""4866&#44;6225&#44;6543&#44;6680&#44;6689&#44;6690&#44;""",10/27/21,10/27/21,N
layouts,First Feature,99,,2021,11/1/21,https://sams-csp.cld.samsclub.com/clubs/,/planograms/99,"""4109&#44;4702&#44;4703&#44;4704&#44;4707&#44;4709&#44;4710&#44;4711&#44;4712&#44;4713&#44;4718&#44;4720&#44;4721&#44;4722&#44;4724&#44;4728&#44;4729&#44;4730&#44;4731&#44;4732&#44;4735&#44;4736&#44;4738&#44;4739&#44;4740&#44;4741&#44;4742&#44;4743&#44;4745&#44;4749&#44;4750&#44;4755&#44;4761&#44;4763&#44;4764&#44;4767&#44;4768&#44;4769&#44;4770&#44;4771&#44;4772&#44;4774&#44;4775&#44;4776&#44;4777&#44;4778&#44;4780&#44;4781&#44;4782&#44;4783&#44;4784&#44;4785&#44;4786&#44;4787&#44;4789&#44;4790&#44;4791&#44;4794&#44;4795&#44;4797&#44;4798&#44;4799&#44;4801&#44;4802&#44;4804&#44;4805&#44;4808&#44;4815&#44;4816&#44;4817&#44;4818&#44;4819&#44;4820&#44;4822&#44;4824&#44;4825&#44;4828&#44;4829&#44;4830&#44;4831&#44;4836&#44;4837&#44;4839&#44;4840&#44;4843&#44;4846&#44;4847&#44;4850&#44;4851&#44;4852&#44;4853&#44;4855&#44;4857&#44;4859&#44;4860&#44;4861&#44;4866&#44;4870&#44;4871&#44;4872&#44;4873&#44;4874&#44;4875&#44;4876&#44;4878&#44;4879&#44;4901&#44;4905&#44;4906&#44;4908&#44;4911&#44;4914&#44;4915&#44;4917&#44;4920&#44;4925&#44;4926&#44;4930&#44;4933&#44;4936&#44;4938&#44;4939&#44;4942&#44;4944&#44;4946&#44;4947&#44;4948&#44;4950&#44;4952&#44;4955&#44;4958&#44;4961&#44;4962&#44;4963&#44;4969&#44;4972&#44;4973&#44;4974&#44;4982&#44;4983&#44;4985&#44;4987&#44;4989&#44;4990&#44;4991&#44;4992&#44;4994&#44;4996&#44;4998&#44;4999&#44;6181&#44;6188&#44;6189&#44;6201&#44;6202&#44;6203&#44;6204&#44;6205&#44;6212&#44;6213&#44;6216&#44;6217&#44;6218&#44;6219&#44;6220&#44;6225&#44;6228&#44;6235&#44;6236&#44;6238&#44;6239&#44;6240&#44;6242&#44;6244&#44;6245&#44;6246&#44;6247&#44;6249&#44;6251&#44;6252&#44;6254&#44;6255&#44;6256&#44;6257&#44;6259&#44;6260&#44;6261&#44;6262&#44;6265&#44;6267&#44;6269&#44;6270&#44;6275&#44;6302&#44;6304&#44;6305&#44;6307&#44;6308&#44;6309&#44;6310&#44;6311&#44;6312&#44;6313&#44;6314&#44;6315&#44;6317&#44;6319&#44;6320&#44;6321&#44;6322&#44;6324&#44;6325&#44;6326&#44;6327&#44;6328&#44;6329&#44;6330&#44;6331&#44;6332&#44;6333&#44;6334&#44;6335&#44;6336&#44;6338&#44;6339&#44;6341&#44;6342&#44;6343&#44;6344&#44;6345&#44;6347&#44;6348&#44;6349&#44;6350&#44;6351&#44;6352&#44;6353&#44;6354&#44;6355&#44;6356&#44;6357&#44;6358&#44;6359&#44;6360&#44;6361&#44;6363&#44;6364&#44;6365&#44;6366&#44;6367&#44;6368&#44;6369&#44;6371&#44;6372&#44;6373&#44;6375&#44;6376&#44;6377&#44;6378&#44;6379&#44;6380&#44;6381&#44;6382&#44;6383&#44;6384&#44;6385&#44;6386&#44;6387&#44;6388&#44;6401&#44;6402&#44;6403&#44;6404&#44;6405&#44;6406&#44;6407&#44;6408&#44;6409&#44;6410&#44;6412&#44;6413&#44;6414&#44;6415&#44;6417&#44;6418&#44;6419&#44;6420&#44;6421&#44;6422&#44;6423&#44;6424&#44;6425&#44;6426&#44;6427&#44;6428&#44;6429&#44;6430&#44;6431&#44;6432&#44;6433&#44;6434&#44;6435&#44;6436&#44;6437&#44;6439&#44;6440&#44;6441&#44;6443&#44;6444&#44;6445&#44;6448&#44;6449&#44;6450&#44;6452&#44;6453&#44;6454&#44;6455&#44;6456&#44;6457&#44;6458&#44;6460&#44;6461&#44;6462&#44;6463&#44;6464&#44;6471&#44;6472&#44;6474&#44;6479&#44;6482&#44;6485&#44;6487&#44;6489&#44;6501&#44;6502&#44;6503&#44;6505&#44;6506&#44;6507&#44;6509&#44;6510&#44;6512&#44;6514&#44;6517&#44;6518&#44;6520&#44;6521&#44;6524&#44;6527&#44;6528&#44;6533&#44;6535&#44;6536&#44;6539&#44;6540&#44;6543&#44;6547&#44;6549&#44;6556&#44;6562&#44;6565&#44;6567&#44;6568&#44;6569&#44;6570&#44;6571&#44;6572&#44;6573&#44;6575&#44;6581&#44;6582&#44;6604&#44;6605&#44;6606&#44;6608&#44;6609&#44;6610&#44;6612&#44;6613&#44;6614&#44;6615&#44;6616&#44;6617&#44;6619&#44;6620&#44;6621&#44;6622&#44;6624&#44;6626&#44;6628&#44;6630&#44;6631&#44;6632&#44;6633&#44;6634&#44;6635&#44;6636&#44;6637&#44;6643&#44;6644&#44;6646&#44;6650&#44;6651&#44;6652&#44;6653&#44;6655&#44;6657&#44;6658&#44;6659&#44;6660&#44;6661&#44;6662&#44;6663&#44;6664&#44;6666&#44;6667&#44;6670&#44;6671&#44;6672&#44;6673&#44;6674&#44;6675&#44;6676&#44;6677&#44;6678&#44;6679&#44;6680&#44;6682&#44;6683&#44;6684&#44;6685&#44;6686&#44;6689&#44;6690&#44;6692&#44;6693&#44;6779&#44;6781&#44;6867&#44;6976&#44;6979&#44;7189&#44;7658&#44;7676&#44;8102&#44;8104&#44;8106&#44;8107&#44;8111&#44;8112&#44;8114&#44;8115&#44;8116&#44;8117&#44;8119&#44;8120&#44;8123&#44;8125&#44;8126&#44;8128&#44;8129&#44;8130&#44;8132&#44;8133&#44;8134&#44;8135&#44;8136&#44;8138&#44;8139&#44;8141&#44;8142&#44;8144&#44;8145&#44;8146&#44;8147&#44;8149&#44;8150&#44;8151&#44;8152&#44;8153&#44;8155&#44;8156&#44;8157&#44;8158&#44;8160&#44;8161&#44;8162&#44;8163&#44;8164&#44;8165&#44;8166&#44;8167&#44;8168&#44;8169&#44;8172&#44;8173&#44;8174&#44;8175&#44;8176&#44;8177&#44;8180&#44;8181&#44;8182&#44;8183&#44;8184&#44;8185&#44;8186&#44;8188&#44;8189&#44;8190&#44;8191&#44;8192&#44;8193&#44;8194&#44;8196&#44;8197&#44;8201&#44;8202&#44;8203&#44;8205&#44;8207&#44;8208&#44;8209&#44;8210&#44;8211&#44;8213&#44;8215&#44;8218&#44;8219&#44;8220&#44;8221&#44;8222&#44;8223&#44;8224&#44;8225&#44;8226&#44;8227&#44;8228&#44;8236&#44;8237&#44;8238&#44;8239&#44;8241&#44;8242&#44;8243&#44;8244&#44;8245&#44;8246&#44;8247&#44;8248&#44;8250&#44;8251&#44;8252&#44;8253&#44;8254&#44;8256&#44;8257&#44;8259&#44;8261&#44;8262&#44;8263&#44;8264&#44;8265&#44;8266&#44;8267&#44;8268&#44;8269&#44;8270&#44;8271&#44;8272&#44;8273&#44;8274&#44;8275&#44;8276&#44;8277&#44;8278&#44;8279&#44;8280&#44;8281&#44;8282&#44;8283&#44;8284&#44;8285&#44;8286&#44;8287&#44;8288&#44;8289&#44;8290&#44;8291&#44;8292&#44;8293&#44;8294&#44;8295&#44;8296&#44;8297&#44;8298&#44;8299&#44;""",10/28/21,10/28/21,N
layouts,HMS,79-2,,2021,11/1/21,1-NewFolderStructure/C079_HMS/C79_HMS_EFFECTIVE_11012021/,_C79_HMS_EFFECTIVE_11012021.pdf,"""4109&#44;4702&#44;4703&#44;4704&#44;4707&#44;4709&#44;4710&#44;4711&#44;4712&#44;4713&#44;4718&#44;4720&#44;4721&#44;4722&#44;4724&#44;4728&#44;4729&#44;4730&#44;4731&#44;4732&#44;4735&#44;4736&#44;4738&#44;4739&#44;4740&#44;4741&#44;4742&#44;4743&#44;4745&#44;4749&#44;4750&#44;4755&#44;4761&#44;4763&#44;4764&#44;4767&#44;4768&#44;4769&#44;4770&#44;4771&#44;4772&#44;4774&#44;4775&#44;4776&#44;4777&#44;4778&#44;4780&#44;4781&#44;4782&#44;4783&#44;4784&#44;4785&#44;4786&#44;4787&#44;4789&#44;4790&#44;4791&#44;4794&#44;4795&#44;4797&#44;4798&#44;4799&#44;4801&#44;4802&#44;4804&#44;4805&#44;4808&#44;4815&#44;4816&#44;4817&#44;4818&#44;4819&#44;4820&#44;4822&#44;4824&#44;4825&#44;4828&#44;4829&#44;4830&#44;4831&#44;4836&#44;4837&#44;4839&#44;4840&#44;4843&#44;4846&#44;4847&#44;4850&#44;4851&#44;4852&#44;4853&#44;4855&#44;4857&#44;4859&#44;4860&#44;4861&#44;4866&#44;4870&#44;4871&#44;4872&#44;4873&#44;4874&#44;4875&#44;4876&#44;4878&#44;4879&#44;4901&#44;4905&#44;4906&#44;4908&#44;4911&#44;4914&#44;4915&#44;4917&#44;4920&#44;4925&#44;4926&#44;4930&#44;4933&#44;4936&#44;4938&#44;4939&#44;4942&#44;4944&#44;4946&#44;4947&#44;4948&#44;4950&#44;4952&#44;4955&#44;4958&#44;4961&#44;4962&#44;4963&#44;4969&#44;4972&#44;4973&#44;4974&#44;4982&#44;4983&#44;4985&#44;4987&#44;4989&#44;4990&#44;4991&#44;4992&#44;4994&#44;4996&#44;4998&#44;4999&#44;6181&#44;6188&#44;6189&#44;6201&#44;6202&#44;6203&#44;6204&#44;6205&#44;6212&#44;6213&#44;6216&#44;6217&#44;6218&#44;6219&#44;6220&#44;6225&#44;6228&#44;6235&#44;6236&#44;6238&#44;6239&#44;6240&#44;6242&#44;6244&#44;6245&#44;6246&#44;6247&#44;6249&#44;6251&#44;6252&#44;6254&#44;6255&#44;6256&#44;6257&#44;6259&#44;6260&#44;6261&#44;6262&#44;6265&#44;6267&#44;6269&#44;6270&#44;6275&#44;6302&#44;6304&#44;6305&#44;6307&#44;6308&#44;6309&#44;6310&#44;6311&#44;6312&#44;6313&#44;6314&#44;6315&#44;6317&#44;6319&#44;6320&#44;6321&#44;6322&#44;6324&#44;6325&#44;6326&#44;6327&#44;6328&#44;6329&#44;6330&#44;6331&#44;6332&#44;6333&#44;6334&#44;6335&#44;6336&#44;6338&#44;6339&#44;6341&#44;6342&#44;6343&#44;6344&#44;6345&#44;6347&#44;6348&#44;6349&#44;6350&#44;6351&#44;6352&#44;6353&#44;6354&#44;6355&#44;6356&#44;6357&#44;6358&#44;6359&#44;6360&#44;6361&#44;6363&#44;6364&#44;6365&#44;6366&#44;6367&#44;6368&#44;6369&#44;6371&#44;6372&#44;6373&#44;6375&#44;6376&#44;6377&#44;6378&#44;6379&#44;6380&#44;6381&#44;6382&#44;6383&#44;6384&#44;6385&#44;6386&#44;6387&#44;6388&#44;6401&#44;6402&#44;6403&#44;6404&#44;6405&#44;6406&#44;6407&#44;6408&#44;6409&#44;6410&#44;6412&#44;6413&#44;6414&#44;6415&#44;6417&#44;6418&#44;6419&#44;6420&#44;6421&#44;6422&#44;6423&#44;6424&#44;6425&#44;6426&#44;6427&#44;6428&#44;6429&#44;6430&#44;6431&#44;6432&#44;6433&#44;6434&#44;6435&#44;6436&#44;6437&#44;6439&#44;6440&#44;6441&#44;6443&#44;6444&#44;6445&#44;6448&#44;6449&#44;6450&#44;6452&#44;6453&#44;6454&#44;6455&#44;6456&#44;6457&#44;6458&#44;6460&#44;6461&#44;6462&#44;6463&#44;6464&#44;6471&#44;6472&#44;6474&#44;6479&#44;6482&#44;6485&#44;6487&#44;6489&#44;6501&#44;6502&#44;6503&#44;6505&#44;6506&#44;6507&#44;6509&#44;6510&#44;6512&#44;6514&#44;6517&#44;6518&#44;6520&#44;6521&#44;6524&#44;6527&#44;6528&#44;6533&#44;6535&#44;6536&#44;6539&#44;6540&#44;6543&#44;6547&#44;6549&#44;6556&#44;6562&#44;6565&#44;6567&#44;6568&#44;6569&#44;6570&#44;6571&#44;6572&#44;6573&#44;6575&#44;6581&#44;6582&#44;6604&#44;6605&#44;6606&#44;6608&#44;6609&#44;6610&#44;6612&#44;6613&#44;6614&#44;6615&#44;6616&#44;6617&#44;6619&#44;6620&#44;6621&#44;6622&#44;6624&#44;6626&#44;6628&#44;6630&#44;6631&#44;6632&#44;6633&#44;6634&#44;6635&#44;6636&#44;6637&#44;6643&#44;6644&#44;6646&#44;6650&#44;6651&#44;6652&#44;6653&#44;6655&#44;6657&#44;6658&#44;6659&#44;6660&#44;6661&#44;6662&#44;6663&#44;6664&#44;6666&#44;6667&#44;6670&#44;6671&#44;6672&#44;6673&#44;6674&#44;6675&#44;6676&#44;6677&#44;6678&#44;6679&#44;6680&#44;6682&#44;6683&#44;6684&#44;6685&#44;6686&#44;6689&#44;6690&#44;6692&#44;6693&#44;6779&#44;6781&#44;6867&#44;6976&#44;6979&#44;7189&#44;7658&#44;7676&#44;8102&#44;8104&#44;8106&#44;8107&#44;8111&#44;8112&#44;8114&#44;8115&#44;8116&#44;8117&#44;8119&#44;8120&#44;8123&#44;8125&#44;8126&#44;8128&#44;8129&#44;8130&#44;8132&#44;8133&#44;8134&#44;8135&#44;8136&#44;8138&#44;8139&#44;8141&#44;8142&#44;8144&#44;8145&#44;8146&#44;8147&#44;8149&#44;8150&#44;8151&#44;8152&#44;8153&#44;8155&#44;8156&#44;8157&#44;8158&#44;8160&#44;8161&#44;8162&#44;8163&#44;8164&#44;8165&#44;8166&#44;8167&#44;8168&#44;8169&#44;8172&#44;8173&#44;8174&#44;8175&#44;8176&#44;8177&#44;8180&#44;8181&#44;8182&#44;8183&#44;8184&#44;8185&#44;8186&#44;8188&#44;8189&#44;8190&#44;8191&#44;8192&#44;8193&#44;8194&#44;8196&#44;8197&#44;8201&#44;8202&#44;8203&#44;8205&#44;8207&#44;8208&#44;8209&#44;8210&#44;8211&#44;8213&#44;8215&#44;8218&#44;8219&#44;8220&#44;8221&#44;8222&#44;8223&#44;8224&#44;8225&#44;8226&#44;8227&#44;8228&#44;8236&#44;8237&#44;8238&#44;8239&#44;8241&#44;8242&#44;8243&#44;8244&#44;8245&#44;8246&#44;8247&#44;8248&#44;8250&#44;8251&#44;8252&#44;8253&#44;8254&#44;8256&#44;8257&#44;8259&#44;8261&#44;8262&#44;8263&#44;8264&#44;8265&#44;8266&#44;8267&#44;8268&#44;8269&#44;8270&#44;8271&#44;8272&#44;8273&#44;8274&#44;8275&#44;8276&#44;8277&#44;8278&#44;8279&#44;8280&#44;8281&#44;8282&#44;8283&#44;8284&#44;8285&#44;8286&#44;8287&#44;8288&#44;8289&#44;8290&#44;8291&#44;8292&#44;8293&#44;8294&#44;8295&#44;8296&#44;8297&#44;8298&#44;8299&#44;""",10/28/21,10/28/21,N
layouts,Bakery Tables,"""37&#44;77""",,2021,11/1/21,1-NewFolderStructure/C037_C077_Bakery_Tables/C37_77_Bakery_Tables_Effective_11012021_Updated_11052021/,_C37_77_Bakery_Tables_Effective_11012021_Updated_11052021.pdf,"""4866&#44;6225&#44;6270&#44;6543&#44;6680&#44;6689&#44;6690&#44;""",11/8/21,11/8/21,N
layouts,Bakery Dessert,"""37-2&#44;77-2""",,2021,11/1/21,1-NewFolderStructure/C037_C077_Bakery_Dessert/C77_C37_Effective_11012021_Updated_11042021/,_C77_C37_Effective_11012021_Updated_11042021.pdf,"""6244&#44;""",11/8/21,11/8/21,N
layouts,Cake Case,"""37-3&#44;77-3""",,2021,11/1/21,1-NewFolderStructure/C037_C077_Cake_Case/C77_C37_Effective_11012021_Updated_11042021/,_C77_C37_Effective_11012021_Updated_11042021.pdf,"""6244&#44;""",11/8/21,11/8/21,N
layouts,Coolers,42-2,,2021,11/1/21,1-NewFolderStructure/C042_Coolers/C42_Effective_11032021_Planogram_Updated_11032021/,_C42_Effective_11032021_Planogram_Updated_11032021.pdf,"""4837&#44;""",11/8/21,11/8/21,N
layouts,HMS,79-2,,2021,11/1/21,1-NewFolderStructure/C079_HMS/C79__HMS_EFFECTIVE_11012021/,_C79_HMS_EFFECTIVE_11012021.pdf,"""6690&#44;6689&#44;6680&#44;6543&#44;6270&#44;6225&#44;4998&#44;4866&#44;4801&#44;4109&#44;""",11/8/21,11/8/21,N
layouts,Coolers,42-2,,2021,11/1/21,1-NewFolderStructure/C042_Coolers/C42_Effective_11012021_Planogram_Updated_11032021/,_C42_Effective_11012021_Planogram_Updated_11032021.pdf,"""8291&#44;8266&#44;6673&#44;6670&#44;6666&#44;6667&#44;6663&#44;6664&#44;6662&#44;6659&#44;6660&#44;6657&#44;6658&#44;6562&#44;6422&#44;6419&#44;6412&#44;6406&#44;4778&#44;4837&#44;4982&#44;""",11/9/21,11/9/21,N
layouts,Coolers,42-2,,2021,11/1/21,1-NewFolderStructure/C042_Coolers/C42_Effective_11012021_Planogram_Updated_11152021/,_C42_Effective_11012021_Planogram_Updated_11152021.pdf,"""4710&#44;4711&#44;4724&#44;4739&#44;4772&#44;4775&#44;4776&#44;4780&#44;4782&#44;4785&#44;4789&#44;4790&#44;4794&#44;4797&#44;4801&#44;4802&#44;4804&#44;4817&#44;4818&#44;4820&#44;4828&#44;4831&#44;4836&#44;4837&#44;4852&#44;4857&#44;4861&#44;4871&#44;4872&#44;4874&#44;&#44;4879&#44;4901&#44;4917&#44;4946&#44;4950&#44;4972&#44;4989&#44;4990&#44;4991&#44;4996&#44;4998&#44;6189&#44;6203&#44;6204&#44;6212&#44;6216&#44;6217&#44;6218&#44;6220&#44;6236&#44;6270&#44;6329&#44;6335&#44;6343&#44;6348&#44;6351&#44;6353&#44;6354&#44;6355&#44;6361&#44;6363&#44;6364&#44;6365&#44;6368&#44;6387&#44;6401&#44;6402&#44;6403&#44;6409&#44;6414&#44;6420&#44;6435&#44;6441&#44;6443&#44;6445&#44;6448&#44;6452&#44;6458&#44;6463&#44;6503&#44;6506&#44;6509&#44;6518&#44;6520&#44;6521&#44;6524&#44;6527&#44;6540&#44;6570&#44;6571&#44;6572&#44;6573&#44;6582&#44;6644&#44;6680&#44;6976&#44;7658&#44;8102&#44;8106&#44;8107&#44;8112&#44;8114&#44;8115&#44;8116&#44;8119&#44;8120&#44;8129&#44;8130&#44;8138&#44;8141&#44;8142&#44;8150&#44;8151&#44;8155&#44;8157&#44;8158&#44;8173&#44;8181&#44;8192&#44;8194&#44;8196&#44;8201&#44;8202&#44;8203&#44;8211&#44;8213&#44;8218&#44;8219&#44;8220&#44;8221&#44;8222&#44;8223&#44;8225&#44;8228&#44;8236&#44;8237&#44;8244&#44;8247&#44;8252&#44;8253&#44;8256&#44;8256&#44;8261&#44;8265&#44;8271&#44;8275&#44;8278&#44;8281&#44;8283&#44;8287&#44;""",11/16/21,11/16/21,N
layouts,Meat and Seafood,"""72&#44;76&#44;93""",,2021,11/8/21,1-NewFolderStructure/C076_C072_C093_Fresh_Meat_Seafood/C72_C76_C93_Effective_11082021_Planogram_Updated_10232021/,_C72_C76_C93_Effective_11082021_Planogram_Updated_10232021.pdf,"""4109&#44;4702&#44;4703&#44;4704&#44;4707&#44;4709&#44;4710&#44;4711&#44;4712&#44;4713&#44;4718&#44;4720&#44;4721&#44;4722&#44;4724&#44;4728&#44;4729&#44;4730&#44;4731&#44;4732&#44;4735&#44;4736&#44;4738&#44;4739&#44;4740&#44;4741&#44;4742&#44;4743&#44;4745&#44;4749&#44;4750&#44;4755&#44;4761&#44;4763&#44;4764&#44;4767&#44;4768&#44;4769&#44;4770&#44;4771&#44;4772&#44;4774&#44;4775&#44;4776&#44;4777&#44;4778&#44;4780&#44;4781&#44;4782&#44;4783&#44;4784&#44;4785&#44;4786&#44;4787&#44;4789&#44;4790&#44;4791&#44;4794&#44;4795&#44;4797&#44;4798&#44;4799&#44;4801&#44;4802&#44;4804&#44;4805&#44;4808&#44;4815&#44;4816&#44;4817&#44;4818&#44;4819&#44;4820&#44;4822&#44;4824&#44;4825&#44;4828&#44;4829&#44;4830&#44;4831&#44;4836&#44;4837&#44;4839&#44;4840&#44;4843&#44;4846&#44;4847&#44;4850&#44;4851&#44;4852&#44;4853&#44;4855&#44;4857&#44;4859&#44;4860&#44;4861&#44;4866&#44;4870&#44;4871&#44;4872&#44;4873&#44;4874&#44;4875&#44;4876&#44;4878&#44;4879&#44;4901&#44;4905&#44;4906&#44;4908&#44;4911&#44;4914&#44;4915&#44;4917&#44;4920&#44;4925&#44;4926&#44;4930&#44;4933&#44;4936&#44;4938&#44;4939&#44;4942&#44;4944&#44;4946&#44;4947&#44;4948&#44;4950&#44;4952&#44;4955&#44;4958&#44;4961&#44;4962&#44;4963&#44;4969&#44;4972&#44;4973&#44;4974&#44;4982&#44;4983&#44;4985&#44;4987&#44;4989&#44;4990&#44;4991&#44;4992&#44;4994&#44;4996&#44;4998&#44;4999&#44;6181&#44;6188&#44;6189&#44;6201&#44;6202&#44;6203&#44;6204&#44;6205&#44;6212&#44;6213&#44;6216&#44;6217&#44;6218&#44;6219&#44;6220&#44;6225&#44;6228&#44;6235&#44;6236&#44;6238&#44;6239&#44;6240&#44;6242&#44;6244&#44;6245&#44;6246&#44;6247&#44;6249&#44;6251&#44;6252&#44;6254&#44;6255&#44;6256&#44;6257&#44;6259&#44;6260&#44;6261&#44;6262&#44;6265&#44;6267&#44;6269&#44;6270&#44;6275&#44;6302&#44;6304&#44;6305&#44;6307&#44;6308&#44;6309&#44;6310&#44;6311&#44;6312&#44;6313&#44;6314&#44;6315&#44;6317&#44;6319&#44;6320&#44;6321&#44;6322&#44;6324&#44;6325&#44;6326&#44;6327&#44;6328&#44;6329&#44;6330&#44;6331&#44;6332&#44;6333&#44;6334&#44;6335&#44;6336&#44;6338&#44;6339&#44;6341&#44;6342&#44;6343&#44;6344&#44;6345&#44;6347&#44;6348&#44;6349&#44;6350&#44;6351&#44;6352&#44;6353&#44;6354&#44;6355&#44;6356&#44;6357&#44;6358&#44;6359&#44;6360&#44;6361&#44;6363&#44;6364&#44;6365&#44;6366&#44;6367&#44;6368&#44;6369&#44;6371&#44;6372&#44;6373&#44;6375&#44;6376&#44;6377&#44;6378&#44;6379&#44;6380&#44;6381&#44;6382&#44;6383&#44;6384&#44;6385&#44;6386&#44;6387&#44;6388&#44;6401&#44;6402&#44;6403&#44;6404&#44;6405&#44;6406&#44;6407&#44;6408&#44;6409&#44;6410&#44;6412&#44;6413&#44;6414&#44;6415&#44;6417&#44;6418&#44;6419&#44;6420&#44;6421&#44;6422&#44;6423&#44;6424&#44;6425&#44;6426&#44;6427&#44;6428&#44;6429&#44;6430&#44;6431&#44;6432&#44;6433&#44;6434&#44;6435&#44;6436&#44;6437&#44;6439&#44;6440&#44;6441&#44;6443&#44;6444&#44;6445&#44;6448&#44;6449&#44;6450&#44;6452&#44;6453&#44;6454&#44;6455&#44;6456&#44;6457&#44;6458&#44;6460&#44;6461&#44;6462&#44;6463&#44;6464&#44;6471&#44;6472&#44;6474&#44;6479&#44;6482&#44;6485&#44;6487&#44;6489&#44;6501&#44;6502&#44;6503&#44;6505&#44;6506&#44;6507&#44;6509&#44;6510&#44;6512&#44;6514&#44;6517&#44;6518&#44;6520&#44;6521&#44;6524&#44;6527&#44;6528&#44;6533&#44;6535&#44;6536&#44;6539&#44;6540&#44;6543&#44;6547&#44;6549&#44;6556&#44;6562&#44;6565&#44;6567&#44;6568&#44;6569&#44;6570&#44;6571&#44;6572&#44;6573&#44;6575&#44;6581&#44;6582&#44;6604&#44;6605&#44;6606&#44;6608&#44;6609&#44;6610&#44;6612&#44;6613&#44;6614&#44;6615&#44;6616&#44;6617&#44;6619&#44;6620&#44;6621&#44;6622&#44;6624&#44;6626&#44;6628&#44;6630&#44;6631&#44;6632&#44;6633&#44;6634&#44;6635&#44;6636&#44;6637&#44;6643&#44;6644&#44;6646&#44;6650&#44;6651&#44;6652&#44;6653&#44;6655&#44;6657&#44;6658&#44;6659&#44;6660&#44;6661&#44;6662&#44;6663&#44;6664&#44;6666&#44;6667&#44;6670&#44;6671&#44;6672&#44;6673&#44;6674&#44;6675&#44;6676&#44;6677&#44;6678&#44;6679&#44;6680&#44;6682&#44;6683&#44;6684&#44;6685&#44;6686&#44;6689&#44;6690&#44;6692&#44;6693&#44;6779&#44;6781&#44;6867&#44;6976&#44;6979&#44;7189&#44;7658&#44;7676&#44;8102&#44;8104&#44;8106&#44;8107&#44;8111&#44;8112&#44;8114&#44;8115&#44;8116&#44;8117&#44;8119&#44;8120&#44;8123&#44;8125&#44;8126&#44;8128&#44;8129&#44;8130&#44;8132&#44;8133&#44;8134&#44;8135&#44;8136&#44;8138&#44;8139&#44;8141&#44;8142&#44;8144&#44;8145&#44;8146&#44;8147&#44;8149&#44;8150&#44;8151&#44;8152&#44;8153&#44;8155&#44;8156&#44;8157&#44;8158&#44;8160&#44;8161&#44;8162&#44;8163&#44;8164&#44;8165&#44;8166&#44;8167&#44;8168&#44;8169&#44;8172&#44;8173&#44;8174&#44;8175&#44;8176&#44;8177&#44;8180&#44;8181&#44;8182&#44;8183&#44;8184&#44;8185&#44;8186&#44;8188&#44;8189&#44;8190&#44;8191&#44;8192&#44;8193&#44;8194&#44;8196&#44;8197&#44;8201&#44;8202&#44;8203&#44;8205&#44;8207&#44;8208&#44;8209&#44;8210&#44;8211&#44;8213&#44;8215&#44;8218&#44;8219&#44;8220&#44;8221&#44;8222&#44;8223&#44;8224&#44;8225&#44;8226&#44;8227&#44;8228&#44;8236&#44;8237&#44;8238&#44;8239&#44;8241&#44;8242&#44;8243&#44;8244&#44;8245&#44;8246&#44;8247&#44;8248&#44;8250&#44;8251&#44;8252&#44;8253&#44;8254&#44;8256&#44;8257&#44;8259&#44;8261&#44;8262&#44;8263&#44;8264&#44;8265&#44;8266&#44;8267&#44;8268&#44;8269&#44;8270&#44;8271&#44;8272&#44;8273&#44;8274&#44;8275&#44;8276&#44;8277&#44;8278&#44;8279&#44;8280&#44;8281&#44;8282&#44;8283&#44;8284&#44;8285&#44;8286&#44;8287&#44;8288&#44;8289&#44;8290&#44;8291&#44;8292&#44;8293&#44;8294&#44;8295&#44;8296&#44;8297&#44;8298&#44;8299&#44;""",11/3/21,10/23/21,N
layouts,HMS,79-2,,2021,11/10/21,1-NewFolderStructure/C079_HMS/C79_HMS_EFFECTIVE_11012021/,_C79_HMS_EFFECTIVE_11012021.pdf,"""4109&#44;4702&#44;4703&#44;4704&#44;4707&#44;4709&#44;4710&#44;4711&#44;4712&#44;4713&#44;4718&#44;4720&#44;4721&#44;4722&#44;4724&#44;4728&#44;4729&#44;4730&#44;4731&#44;4732&#44;4735&#44;4736&#44;4738&#44;4739&#44;4740&#44;4741&#44;4742&#44;4743&#44;4745&#44;4749&#44;4750&#44;4755&#44;4761&#44;4763&#44;4764&#44;4767&#44;4768&#44;4769&#44;4770&#44;4771&#44;4772&#44;4774&#44;4775&#44;4776&#44;4777&#44;4778&#44;4780&#44;4781&#44;4782&#44;4783&#44;4784&#44;4785&#44;4786&#44;4787&#44;4789&#44;4790&#44;4791&#44;4794&#44;4795&#44;4797&#44;4798&#44;4799&#44;4801&#44;4802&#44;4804&#44;4805&#44;4808&#44;4815&#44;4816&#44;4817&#44;4818&#44;4819&#44;4820&#44;4822&#44;4824&#44;4825&#44;4828&#44;4829&#44;4830&#44;4831&#44;4836&#44;4837&#44;4839&#44;4840&#44;4843&#44;4846&#44;4847&#44;4850&#44;4851&#44;4852&#44;4853&#44;4855&#44;4857&#44;4859&#44;4860&#44;4861&#44;4866&#44;4870&#44;4871&#44;4872&#44;4873&#44;4874&#44;4875&#44;4876&#44;4878&#44;4879&#44;4901&#44;4905&#44;4906&#44;4908&#44;4911&#44;4914&#44;4915&#44;4917&#44;4920&#44;4925&#44;4926&#44;4930&#44;4933&#44;4936&#44;4938&#44;4939&#44;4942&#44;4944&#44;4946&#44;4947&#44;4948&#44;4950&#44;4952&#44;4955&#44;4958&#44;4961&#44;4962&#44;4963&#44;4969&#44;4972&#44;4973&#44;4974&#44;4982&#44;4983&#44;4985&#44;4987&#44;4989&#44;4990&#44;4991&#44;4992&#44;4994&#44;4996&#44;4998&#44;4999&#44;6181&#44;6188&#44;6189&#44;6201&#44;6202&#44;6203&#44;6204&#44;6205&#44;6212&#44;6213&#44;6216&#44;6217&#44;6218&#44;6219&#44;6220&#44;6225&#44;6228&#44;6235&#44;6236&#44;6238&#44;6239&#44;6240&#44;6242&#44;6244&#44;6245&#44;6246&#44;6247&#44;6249&#44;6251&#44;6252&#44;6254&#44;6255&#44;6256&#44;6257&#44;6259&#44;6260&#44;6261&#44;6262&#44;6265&#44;6267&#44;6269&#44;6270&#44;6275&#44;6302&#44;6304&#44;6305&#44;6307&#44;6308&#44;6309&#44;6310&#44;6311&#44;6312&#44;6313&#44;6314&#44;6315&#44;6317&#44;6319&#44;6320&#44;6321&#44;6322&#44;6324&#44;6325&#44;6326&#44;6327&#44;6328&#44;6329&#44;6330&#44;6331&#44;6332&#44;6333&#44;6334&#44;6335&#44;6336&#44;6338&#44;6339&#44;6341&#44;6342&#44;6343&#44;6344&#44;6345&#44;6347&#44;6348&#44;6349&#44;6350&#44;6351&#44;6352&#44;6353&#44;6354&#44;6355&#44;6356&#44;6357&#44;6358&#44;6359&#44;6360&#44;6361&#44;6363&#44;6364&#44;6365&#44;6366&#44;6367&#44;6368&#44;6369&#44;6371&#44;6372&#44;6373&#44;6375&#44;6376&#44;6377&#44;6378&#44;6379&#44;6380&#44;6381&#44;6382&#44;6383&#44;6384&#44;6385&#44;6386&#44;6387&#44;6388&#44;6401&#44;6402&#44;6403&#44;6404&#44;6405&#44;6406&#44;6407&#44;6408&#44;6409&#44;6410&#44;6412&#44;6413&#44;6414&#44;6415&#44;6417&#44;6418&#44;6419&#44;6420&#44;6421&#44;6422&#44;6423&#44;6424&#44;6425&#44;6426&#44;6427&#44;6428&#44;6429&#44;6430&#44;6431&#44;6432&#44;6433&#44;6434&#44;6435&#44;6436&#44;6437&#44;6439&#44;6440&#44;6441&#44;6443&#44;6444&#44;6445&#44;6448&#44;6449&#44;6450&#44;6452&#44;6453&#44;6454&#44;6455&#44;6456&#44;6457&#44;6458&#44;6460&#44;6461&#44;6462&#44;6463&#44;6464&#44;6471&#44;6472&#44;6474&#44;6479&#44;6482&#44;6485&#44;6487&#44;6489&#44;6501&#44;6502&#44;6503&#44;6505&#44;6506&#44;6507&#44;6509&#44;6510&#44;6512&#44;6514&#44;6517&#44;6518&#44;6520&#44;6521&#44;6524&#44;6527&#44;6528&#44;6533&#44;6535&#44;6536&#44;6539&#44;6540&#44;6543&#44;6547&#44;6549&#44;6556&#44;6562&#44;6565&#44;6567&#44;6568&#44;6569&#44;6570&#44;6571&#44;6572&#44;6573&#44;6575&#44;6581&#44;6582&#44;6604&#44;6605&#44;6606&#44;6608&#44;6609&#44;6610&#44;6612&#44;6613&#44;6614&#44;6615&#44;6616&#44;6617&#44;6619&#44;6620&#44;6621&#44;6622&#44;6624&#44;6626&#44;6628&#44;6630&#44;6631&#44;6632&#44;6633&#44;6634&#44;6635&#44;6636&#44;6637&#44;6643&#44;6644&#44;6646&#44;6650&#44;6651&#44;6652&#44;6653&#44;6655&#44;6657&#44;6658&#44;6659&#44;6660&#44;6661&#44;6662&#44;6663&#44;6664&#44;6666&#44;6667&#44;6670&#44;6671&#44;6672&#44;6673&#44;6674&#44;6675&#44;6676&#44;6677&#44;6678&#44;6679&#44;6680&#44;6682&#44;6683&#44;6684&#44;6685&#44;6686&#44;6689&#44;6690&#44;6692&#44;6693&#44;6779&#44;6781&#44;6867&#44;6976&#44;6979&#44;7189&#44;7658&#44;7676&#44;8102&#44;8104&#44;8106&#44;8107&#44;8111&#44;8112&#44;8114&#44;8115&#44;8116&#44;8117&#44;8119&#44;8120&#44;8123&#44;8125&#44;8126&#44;8128&#44;8129&#44;8130&#44;8132&#44;8133&#44;8134&#44;8135&#44;8136&#44;8138&#44;8139&#44;8141&#44;8142&#44;8144&#44;8145&#44;8146&#44;8147&#44;8149&#44;8150&#44;8151&#44;8152&#44;8153&#44;8155&#44;8156&#44;8157&#44;8158&#44;8160&#44;8161&#44;8162&#44;8163&#44;8164&#44;8165&#44;8166&#44;8167&#44;8168&#44;8169&#44;8172&#44;8173&#44;8174&#44;8175&#44;8176&#44;8177&#44;8180&#44;8181&#44;8182&#44;8183&#44;8184&#44;8185&#44;8186&#44;8188&#44;8189&#44;8190&#44;8191&#44;8192&#44;8193&#44;8194&#44;8196&#44;8197&#44;8201&#44;8202&#44;8203&#44;8205&#44;8207&#44;8208&#44;8209&#44;8210&#44;8211&#44;8213&#44;8215&#44;8218&#44;8219&#44;8220&#44;8221&#44;8222&#44;8223&#44;8224&#44;8225&#44;8226&#44;8227&#44;8228&#44;8236&#44;8237&#44;8238&#44;8239&#44;8241&#44;8242&#44;8243&#44;8244&#44;8245&#44;8246&#44;8247&#44;8248&#44;8250&#44;8251&#44;8252&#44;8253&#44;8254&#44;8256&#44;8257&#44;8259&#44;8261&#44;8262&#44;8263&#44;8264&#44;8265&#44;8266&#44;8267&#44;8268&#44;8269&#44;8270&#44;8271&#44;8272&#44;8273&#44;8274&#44;8275&#44;8276&#44;8277&#44;8278&#44;8279&#44;8280&#44;8281&#44;8282&#44;8283&#44;8284&#44;8285&#44;8286&#44;8287&#44;8288&#44;8289&#44;8290&#44;8291&#44;8292&#44;8293&#44;8294&#44;8295&#44;8296&#44;8297&#44;8298&#44;8299&#44;""",11/10/21,11/10/21,N
layouts,Coolers,42-2,,2021,11/11/21,1-NewFolderStructure/C042_Coolers/C42_Effective_11112021_Planogram_Updated_11112021/,_C42_Effective_11112021_Planogram_Updated_11112021.pdf,"""6690&#44;6680&#44;6628&#44;6689&#44;6225&#44;6270&#44;6543&#44;4866&#44;""",11/11/21,11/11/21,N
layouts,Coolers,42-2,,2021,11/11/21,1-NewFolderStructure/C042_Coolers/C42_Effective__11112021_Planogram_Updated_11122021/,_C42_Effective_11112021_Planogram_Updated_11122021.pdf,"""4866&#44;""",11/12/21,11/12/21,N
layouts,Deli,57,,2021,11/15/21,1-NewFolderStructure/C057_Deli/C57_Effective_11152021_Planogram_Update_10-29-2021/,_C57_Effective_11152021_Planogram_Update_10-29-2021.pdf,"""4109&#44;4702&#44;4703&#44;4704&#44;4707&#44;4709&#44;4710&#44;4711&#44;4712&#44;4713&#44;4718&#44;4720&#44;4721&#44;4722&#44;4724&#44;4728&#44;4729&#44;4730&#44;4731&#44;4732&#44;4735&#44;4736&#44;4738&#44;4739&#44;4740&#44;4741&#44;4742&#44;4743&#44;4745&#44;4749&#44;4750&#44;4755&#44;4761&#44;4763&#44;4764&#44;4767&#44;4768&#44;4769&#44;4770&#44;4771&#44;4772&#44;4774&#44;4775&#44;4776&#44;4777&#44;4778&#44;4780&#44;4781&#44;4782&#44;4783&#44;4784&#44;4785&#44;4786&#44;4787&#44;4789&#44;4790&#44;4791&#44;4794&#44;4795&#44;4797&#44;4798&#44;4799&#44;4801&#44;4802&#44;4804&#44;4805&#44;4808&#44;4815&#44;4816&#44;4817&#44;4818&#44;4819&#44;4820&#44;4822&#44;4824&#44;4825&#44;4828&#44;4829&#44;4830&#44;4831&#44;4836&#44;4837&#44;4839&#44;4840&#44;4843&#44;4846&#44;4847&#44;4850&#44;4851&#44;4852&#44;4853&#44;4855&#44;4857&#44;4859&#44;4860&#44;4861&#44;4866&#44;4870&#44;4871&#44;4872&#44;4873&#44;4874&#44;4875&#44;4876&#44;4878&#44;4879&#44;4901&#44;4905&#44;4906&#44;4908&#44;4911&#44;4914&#44;4915&#44;4917&#44;4920&#44;4925&#44;4926&#44;4930&#44;4933&#44;4936&#44;4938&#44;4939&#44;4942&#44;4944&#44;4946&#44;4947&#44;4948&#44;4950&#44;4952&#44;4955&#44;4958&#44;4961&#44;4962&#44;4963&#44;4969&#44;4972&#44;4973&#44;4974&#44;4982&#44;4983&#44;4985&#44;4987&#44;4989&#44;4990&#44;4991&#44;4992&#44;4994&#44;4996&#44;4998&#44;4999&#44;6181&#44;6188&#44;6189&#44;6201&#44;6202&#44;6203&#44;6204&#44;6205&#44;6212&#44;6213&#44;6216&#44;6217&#44;6218&#44;6219&#44;6220&#44;6225&#44;6228&#44;6235&#44;6236&#44;6238&#44;6239&#44;6240&#44;6242&#44;6244&#44;6245&#44;6246&#44;6247&#44;6249&#44;6251&#44;6252&#44;6254&#44;6255&#44;6256&#44;6257&#44;6259&#44;6260&#44;6261&#44;6262&#44;6265&#44;6267&#44;6269&#44;6270&#44;6275&#44;6302&#44;6304&#44;6305&#44;6307&#44;6308&#44;6309&#44;6310&#44;6311&#44;6312&#44;6313&#44;6314&#44;6315&#44;6317&#44;6319&#44;6320&#44;6321&#44;6322&#44;6324&#44;6325&#44;6326&#44;6327&#44;6328&#44;6329&#44;6330&#44;6331&#44;6332&#44;6333&#44;6334&#44;6335&#44;6336&#44;6338&#44;6339&#44;6341&#44;6342&#44;6343&#44;6344&#44;6345&#44;6347&#44;6348&#44;6349&#44;6350&#44;6351&#44;6352&#44;6353&#44;6354&#44;6355&#44;6356&#44;6357&#44;6358&#44;6359&#44;6360&#44;6361&#44;6363&#44;6364&#44;6365&#44;6366&#44;6367&#44;6368&#44;6369&#44;6371&#44;6372&#44;6373&#44;6375&#44;6376&#44;6377&#44;6378&#44;6379&#44;6380&#44;6381&#44;6382&#44;6383&#44;6384&#44;6385&#44;6386&#44;6387&#44;6388&#44;6401&#44;6402&#44;6403&#44;6404&#44;6405&#44;6406&#44;6407&#44;6408&#44;6409&#44;6410&#44;6412&#44;6413&#44;6414&#44;6415&#44;6417&#44;6418&#44;6419&#44;6420&#44;6421&#44;6422&#44;6423&#44;6424&#44;6425&#44;6426&#44;6427&#44;6428&#44;6429&#44;6430&#44;6431&#44;6432&#44;6433&#44;6434&#44;6435&#44;6436&#44;6437&#44;6439&#44;6440&#44;6441&#44;6443&#44;6444&#44;6445&#44;6448&#44;6449&#44;6450&#44;6452&#44;6453&#44;6454&#44;6455&#44;6456&#44;6457&#44;6458&#44;6460&#44;6461&#44;6462&#44;6463&#44;6464&#44;6471&#44;6472&#44;6474&#44;6479&#44;6482&#44;6485&#44;6487&#44;6489&#44;6501&#44;6502&#44;6503&#44;6505&#44;6506&#44;6507&#44;6509&#44;6510&#44;6512&#44;6514&#44;6517&#44;6518&#44;6520&#44;6521&#44;6524&#44;6527&#44;6528&#44;6533&#44;6535&#44;6536&#44;6539&#44;6540&#44;6543&#44;6547&#44;6549&#44;6556&#44;6562&#44;6565&#44;6567&#44;6568&#44;6569&#44;6570&#44;6571&#44;6572&#44;6573&#44;6575&#44;6581&#44;6582&#44;6604&#44;6605&#44;6606&#44;6608&#44;6609&#44;6610&#44;6612&#44;6613&#44;6614&#44;6615&#44;6616&#44;6617&#44;6619&#44;6620&#44;6621&#44;6622&#44;6624&#44;6626&#44;6628&#44;6630&#44;6631&#44;6632&#44;6633&#44;6634&#44;6635&#44;6636&#44;6637&#44;6643&#44;6644&#44;6646&#44;6650&#44;6651&#44;6652&#44;6653&#44;6655&#44;6657&#44;6658&#44;6659&#44;6660&#44;6661&#44;6662&#44;6663&#44;6664&#44;6666&#44;6667&#44;6670&#44;6671&#44;6672&#44;6673&#44;6674&#44;6675&#44;6676&#44;6677&#44;6678&#44;6679&#44;6680&#44;6682&#44;6683&#44;6684&#44;6685&#44;6686&#44;6689&#44;6690&#44;6692&#44;6693&#44;6779&#44;6781&#44;6867&#44;6976&#44;6979&#44;7189&#44;7658&#44;7676&#44;8102&#44;8104&#44;8106&#44;8107&#44;8111&#44;8112&#44;8114&#44;8115&#44;8116&#44;8117&#44;8119&#44;8120&#44;8123&#44;8125&#44;8126&#44;8128&#44;8129&#44;8130&#44;8132&#44;8133&#44;8134&#44;8135&#44;8136&#44;8138&#44;8139&#44;8141&#44;8142&#44;8144&#44;8145&#44;8146&#44;8147&#44;8149&#44;8150&#44;8151&#44;8152&#44;8153&#44;8155&#44;8156&#44;8157&#44;8158&#44;8160&#44;8161&#44;8162&#44;8163&#44;8164&#44;8165&#44;8166&#44;8167&#44;8168&#44;8169&#44;8172&#44;8173&#44;8174&#44;8175&#44;8176&#44;8177&#44;8180&#44;8181&#44;8182&#44;8183&#44;8184&#44;8185&#44;8186&#44;8188&#44;8189&#44;8190&#44;8191&#44;8192&#44;8193&#44;8194&#44;8196&#44;8197&#44;8201&#44;8202&#44;8203&#44;8205&#44;8207&#44;8208&#44;8209&#44;8210&#44;8211&#44;8213&#44;8215&#44;8218&#44;8219&#44;8220&#44;8221&#44;8222&#44;8223&#44;8224&#44;8225&#44;8226&#44;8227&#44;8228&#44;8236&#44;8237&#44;8238&#44;8239&#44;8241&#44;8242&#44;8243&#44;8244&#44;8245&#44;8246&#44;8247&#44;8248&#44;8250&#44;8251&#44;8252&#44;8253&#44;8254&#44;8256&#44;8257&#44;8259&#44;8261&#44;8262&#44;8263&#44;8264&#44;8265&#44;8266&#44;8267&#44;8268&#44;8269&#44;8270&#44;8271&#44;8272&#44;8273&#44;8274&#44;8275&#44;8276&#44;8277&#44;8278&#44;8279&#44;8280&#44;8281&#44;8282&#44;8283&#44;8284&#44;8285&#44;8286&#44;8287&#44;8288&#44;8289&#44;8290&#44;8291&#44;8292&#44;8293&#44;8294&#44;8295&#44;8296&#44;8297&#44;8298&#44;8299&#44;""",11/8/21,11/8/21,N
layouts,Deli,57,,2021,11/15/21,1-NewFolderStructure/C057_Deli/C57_Effective_11152021_Planogram_Update_11-05-2021/,_C57_Effective_11152021_Planogram_Update_11-05-2021.pdf,"""4808&#44;6246&#44;6502&#44;8153&#44;8280&#44;""",11/8/21,11/8/21,N
layouts,Deli,57,,2021,11/15/21,1-NewFolderStructure/C057_Deli/C57_Effective_11152021_Planogram_Update_11-09-2021/,_C57_Effective_11152021_Planogram_Update_11-09-2021.pdf,"""6502&#44;8153&#44;8280&#44;""",11/9/21,11/9/21,N
layouts,HMS,79-2,,2021,11/15/21,1-NewFolderStructure/C079_HMS/C79_HMS_EFFECTIVE_11152021/,_C79_HMS_EFFECTIVE_11152021.pdf,"""4109&#44;4702&#44;4703&#44;4704&#44;4707&#44;4709&#44;4710&#44;4711&#44;4712&#44;4713&#44;4718&#44;4720&#44;4721&#44;4722&#44;4724&#44;4728&#44;4729&#44;4730&#44;4731&#44;4732&#44;4735&#44;4736&#44;4738&#44;4739&#44;4740&#44;4741&#44;4742&#44;4743&#44;4745&#44;4749&#44;4750&#44;4755&#44;4761&#44;4763&#44;4764&#44;4767&#44;4768&#44;4769&#44;4770&#44;4771&#44;4772&#44;4774&#44;4775&#44;4776&#44;4777&#44;4778&#44;4780&#44;4781&#44;4782&#44;4783&#44;4784&#44;4785&#44;4786&#44;4787&#44;4789&#44;4790&#44;4791&#44;4794&#44;4795&#44;4797&#44;4798&#44;4799&#44;4801&#44;4802&#44;4804&#44;4805&#44;4808&#44;4815&#44;4816&#44;4817&#44;4818&#44;4819&#44;4820&#44;4822&#44;4824&#44;4825&#44;4828&#44;4829&#44;4830&#44;4831&#44;4836&#44;4837&#44;4839&#44;4840&#44;4843&#44;4846&#44;4847&#44;4850&#44;4851&#44;4852&#44;4853&#44;4855&#44;4857&#44;4859&#44;4860&#44;4861&#44;4866&#44;4870&#44;4871&#44;4872&#44;4873&#44;4874&#44;4875&#44;4876&#44;4878&#44;4879&#44;4901&#44;4905&#44;4906&#44;4908&#44;4911&#44;4914&#44;4915&#44;4917&#44;4920&#44;4925&#44;4926&#44;4930&#44;4933&#44;4936&#44;4938&#44;4939&#44;4942&#44;4944&#44;4946&#44;4947&#44;4948&#44;4950&#44;4952&#44;4955&#44;4958&#44;4961&#44;4962&#44;4963&#44;4969&#44;4972&#44;4973&#44;4974&#44;4982&#44;4983&#44;4985&#44;4987&#44;4989&#44;4990&#44;4991&#44;4992&#44;4994&#44;4996&#44;4998&#44;4999&#44;6181&#44;6188&#44;6189&#44;6201&#44;6202&#44;6203&#44;6204&#44;6205&#44;6212&#44;6213&#44;6216&#44;6217&#44;6218&#44;6219&#44;6220&#44;6225&#44;6228&#44;6235&#44;6236&#44;6238&#44;6239&#44;6240&#44;6242&#44;6244&#44;6245&#44;6246&#44;6247&#44;6249&#44;6251&#44;6252&#44;6254&#44;6255&#44;6256&#44;6257&#44;6259&#44;6260&#44;6261&#44;6262&#44;6265&#44;6267&#44;6269&#44;6270&#44;6275&#44;6302&#44;6304&#44;6305&#44;6307&#44;6308&#44;6309&#44;6310&#44;6311&#44;6312&#44;6313&#44;6314&#44;6315&#44;6317&#44;6319&#44;6320&#44;6321&#44;6322&#44;6324&#44;6325&#44;6326&#44;6327&#44;6328&#44;6329&#44;6330&#44;6331&#44;6332&#44;6333&#44;6334&#44;6335&#44;6336&#44;6338&#44;6339&#44;6341&#44;6342&#44;6343&#44;6344&#44;6345&#44;6347&#44;6348&#44;6349&#44;6350&#44;6351&#44;6352&#44;6353&#44;6354&#44;6355&#44;6356&#44;6357&#44;6358&#44;6359&#44;6360&#44;6361&#44;6363&#44;6364&#44;6365&#44;6366&#44;6367&#44;6368&#44;6369&#44;6371&#44;6372&#44;6373&#44;6375&#44;6376&#44;6377&#44;6378&#44;6379&#44;6380&#44;6381&#44;6382&#44;6383&#44;6384&#44;6385&#44;6386&#44;6387&#44;6388&#44;6401&#44;6402&#44;6403&#44;6404&#44;6405&#44;6406&#44;6407&#44;6408&#44;6409&#44;6410&#44;6412&#44;6413&#44;6414&#44;6415&#44;6417&#44;6418&#44;6419&#44;6420&#44;6421&#44;6422&#44;6423&#44;6424&#44;6425&#44;6426&#44;6427&#44;6428&#44;6429&#44;6430&#44;6431&#44;6432&#44;6433&#44;6434&#44;6435&#44;6436&#44;6437&#44;6439&#44;6440&#44;6441&#44;6443&#44;6444&#44;6445&#44;6448&#44;6449&#44;6450&#44;6452&#44;6453&#44;6454&#44;6455&#44;6456&#44;6457&#44;6458&#44;6460&#44;6461&#44;6462&#44;6463&#44;6464&#44;6471&#44;6472&#44;6474&#44;6479&#44;6482&#44;6485&#44;6487&#44;6489&#44;6501&#44;6502&#44;6503&#44;6505&#44;6506&#44;6507&#44;6509&#44;6510&#44;6512&#44;6514&#44;6517&#44;6518&#44;6520&#44;6521&#44;6524&#44;6527&#44;6528&#44;6533&#44;6535&#44;6536&#44;6539&#44;6540&#44;6543&#44;6547&#44;6549&#44;6556&#44;6562&#44;6565&#44;6567&#44;6568&#44;6569&#44;6570&#44;6571&#44;6572&#44;6573&#44;6575&#44;6581&#44;6582&#44;6604&#44;6605&#44;6606&#44;6608&#44;6609&#44;6610&#44;6612&#44;6613&#44;6614&#44;6615&#44;6616&#44;6617&#44;6619&#44;6620&#44;6621&#44;6622&#44;6624&#44;6626&#44;6628&#44;6630&#44;6631&#44;6632&#44;6633&#44;6634&#44;6635&#44;6636&#44;6637&#44;6643&#44;6644&#44;6646&#44;6650&#44;6651&#44;6652&#44;6653&#44;6655&#44;6657&#44;6658&#44;6659&#44;6660&#44;6661&#44;6662&#44;6663&#44;6664&#44;6666&#44;6667&#44;6670&#44;6671&#44;6672&#44;6673&#44;6674&#44;6675&#44;6676&#44;6677&#44;6678&#44;6679&#44;6680&#44;6682&#44;6683&#44;6684&#44;6685&#44;6686&#44;6689&#44;6690&#44;6692&#44;6693&#44;6779&#44;6781&#44;6867&#44;6976&#44;6979&#44;7189&#44;7658&#44;7676&#44;8102&#44;8104&#44;8106&#44;8107&#44;8111&#44;8112&#44;8114&#44;8115&#44;8116&#44;8117&#44;8119&#44;8120&#44;8123&#44;8125&#44;8126&#44;8128&#44;8129&#44;8130&#44;8132&#44;8133&#44;8134&#44;8135&#44;8136&#44;8138&#44;8139&#44;8141&#44;8142&#44;8144&#44;8145&#44;8146&#44;8147&#44;8149&#44;8150&#44;8151&#44;8152&#44;8153&#44;8155&#44;8156&#44;8157&#44;8158&#44;8160&#44;8161&#44;8162&#44;8163&#44;8164&#44;8165&#44;8166&#44;8167&#44;8168&#44;8169&#44;8172&#44;8173&#44;8174&#44;8175&#44;8176&#44;8177&#44;8180&#44;8181&#44;8182&#44;8183&#44;8184&#44;8185&#44;8186&#44;8188&#44;8189&#44;8190&#44;8191&#44;8192&#44;8193&#44;8194&#44;8196&#44;8197&#44;8201&#44;8202&#44;8203&#44;8205&#44;8207&#44;8208&#44;8209&#44;8210&#44;8211&#44;8213&#44;8215&#44;8218&#44;8219&#44;8220&#44;8221&#44;8222&#44;8223&#44;8224&#44;8225&#44;8226&#44;8227&#44;8228&#44;8236&#44;8237&#44;8238&#44;8239&#44;8241&#44;8242&#44;8243&#44;8244&#44;8245&#44;8246&#44;8247&#44;8248&#44;8250&#44;8251&#44;8252&#44;8253&#44;8254&#44;8256&#44;8257&#44;8259&#44;8261&#44;8262&#44;8263&#44;8264&#44;8265&#44;8266&#44;8267&#44;8268&#44;8269&#44;8270&#44;8271&#44;8272&#44;8273&#44;8274&#44;8275&#44;8276&#44;8277&#44;8278&#44;8279&#44;8280&#44;8281&#44;8282&#44;8283&#44;8284&#44;8285&#44;8286&#44;8287&#44;8288&#44;8289&#44;8290&#44;8291&#44;8292&#44;8293&#44;8294&#44;8295&#44;8296&#44;8297&#44;8298&#44;8299&#44;""",11/11/21,11/11/21,N
layouts,Sushi,79,,2021,11/15/21,1-NewFolderStructure/C079_Sushi/C79_SUSHI_EFFECTIVE_11152021/,_C79_SUSHI_EFFECTIVE_11152021.pdf,"""8185&#44;4876&#44;4879&#44;4799&#44;4815&#44;4704&#44;""",11/12/21,11/12/21,N
layouts,HMS,79-2,,2021,11/15/21,1-NewFolderStructure/C079_HMS/C79__HMS_EFFECTIVE_11152021/,_C79_HMS_EFFECTIVE_11152021.pdf,"""8185&#44;4879&#44;4876&#44;""",11/12/21,11/12/21,N
layouts,Sushi,79,,2021,11/15/21,1-NewFolderStructure/C079_Sushi/C79__SUSHI_EFFECTIVE_11152021/,_C79_SUSHI_EFFECTIVE_11152021.pdf,"""4793&#44;4911&#44;4914&#44;4861&#44;4906&#44;4853&#44;4873&#44;4837&#44;4830&#44;4850&#44;4822&#44;4829&#44;4824&#44;4816&#44;4818&#44;4819&#44;4802&#44;4805&#44;4795&#44;4801&#44;4787&#44;4789&#44;4778&#44;4782&#44;4785&#44;4780&#44;4774&#44;4777&#44;4768&#44;4761&#44;4767&#44;4745&#44;4743&#44;4731&#44;4732&#44;4741&#44;4709&#44;4718&#44;4703&#44;4712&#44;4707&#44;""",11/16/21,11/16/21,N
layouts,Deli,57,,2021,11/15/21,1-NewFolderStructure/C057_Deli/C57_Effective_11152021_Planogram_Update_11-22-2021/,_C57_Effective_11152021_Planogram_Update_11-22-2021.pdf,"""6435&#44;8107&#44;8247&#44;""",11/22/21,11/22/21,N
layouts,HMS,79-2,,2021,11/26/21,1-NewFolderStructure/C079_HMS/C79_HMS_EFFECTIVE_11262021/,_C79_HMS_EFFECTIVE_11262021.pdf,"""4109&#44;4702&#44;4703&#44;4704&#44;4707&#44;4709&#44;4710&#44;4711&#44;4712&#44;4713&#44;4718&#44;4720&#44;4721&#44;4722&#44;4724&#44;4728&#44;4729&#44;4730&#44;4731&#44;4732&#44;4735&#44;4736&#44;4738&#44;4739&#44;4740&#44;4741&#44;4742&#44;4743&#44;4745&#44;4749&#44;4750&#44;4755&#44;4761&#44;4763&#44;4764&#44;4767&#44;4768&#44;4769&#44;4770&#44;4771&#44;4772&#44;4774&#44;4775&#44;4776&#44;4777&#44;4778&#44;4780&#44;4781&#44;4782&#44;4783&#44;4784&#44;4785&#44;4786&#44;4787&#44;4789&#44;4790&#44;4791&#44;4794&#44;4795&#44;4797&#44;4798&#44;4799&#44;4801&#44;4802&#44;4804&#44;4805&#44;4808&#44;4815&#44;4816&#44;4817&#44;4818&#44;4819&#44;4820&#44;4822&#44;4824&#44;4825&#44;4828&#44;4829&#44;4830&#44;4831&#44;4836&#44;4837&#44;4839&#44;4840&#44;4843&#44;4846&#44;4847&#44;4850&#44;4851&#44;4852&#44;4853&#44;4855&#44;4857&#44;4859&#44;4860&#44;4861&#44;4866&#44;4870&#44;4871&#44;4872&#44;4873&#44;4874&#44;4875&#44;4876&#44;4878&#44;4879&#44;4901&#44;4905&#44;4906&#44;4908&#44;4911&#44;4914&#44;4915&#44;4917&#44;4920&#44;4925&#44;4926&#44;4930&#44;4933&#44;4936&#44;4938&#44;4939&#44;4942&#44;4944&#44;4946&#44;4947&#44;4948&#44;4950&#44;4952&#44;4955&#44;4958&#44;4961&#44;4962&#44;4963&#44;4969&#44;4972&#44;4973&#44;4974&#44;4982&#44;4983&#44;4985&#44;4987&#44;4989&#44;4990&#44;4991&#44;4992&#44;4994&#44;4996&#44;4998&#44;4999&#44;6181&#44;6188&#44;6189&#44;6201&#44;6202&#44;6203&#44;6204&#44;6205&#44;6212&#44;6213&#44;6216&#44;6217&#44;6218&#44;6219&#44;6220&#44;6225&#44;6228&#44;6235&#44;6236&#44;6238&#44;6239&#44;6240&#44;6242&#44;6244&#44;6245&#44;6246&#44;6247&#44;6249&#44;6251&#44;6252&#44;6254&#44;6255&#44;6256&#44;6257&#44;6259&#44;6260&#44;6261&#44;6262&#44;6265&#44;6267&#44;6269&#44;6270&#44;6275&#44;6302&#44;6304&#44;6305&#44;6307&#44;6308&#44;6309&#44;6310&#44;6311&#44;6312&#44;6313&#44;6314&#44;6315&#44;6317&#44;6319&#44;6320&#44;6321&#44;6322&#44;6324&#44;6325&#44;6326&#44;6327&#44;6328&#44;6329&#44;6330&#44;6331&#44;6332&#44;6333&#44;6334&#44;6335&#44;6336&#44;6338&#44;6339&#44;6341&#44;6342&#44;6343&#44;6344&#44;6345&#44;6347&#44;6348&#44;6349&#44;6350&#44;6351&#44;6352&#44;6353&#44;6354&#44;6355&#44;6356&#44;6357&#44;6358&#44;6359&#44;6360&#44;6361&#44;6363&#44;6364&#44;6365&#44;6366&#44;6367&#44;6368&#44;6369&#44;6371&#44;6372&#44;6373&#44;6375&#44;6376&#44;6377&#44;6378&#44;6379&#44;6380&#44;6381&#44;6382&#44;6383&#44;6384&#44;6385&#44;6386&#44;6387&#44;6388&#44;6401&#44;6402&#44;6403&#44;6404&#44;6405&#44;6406&#44;6407&#44;6408&#44;6409&#44;6410&#44;6412&#44;6413&#44;6414&#44;6415&#44;6417&#44;6418&#44;6419&#44;6420&#44;6421&#44;6422&#44;6423&#44;6424&#44;6425&#44;6426&#44;6427&#44;6428&#44;6429&#44;6430&#44;6431&#44;6432&#44;6433&#44;6434&#44;6435&#44;6436&#44;6437&#44;6439&#44;6440&#44;6441&#44;6443&#44;6444&#44;6445&#44;6448&#44;6449&#44;6450&#44;6452&#44;6453&#44;6454&#44;6455&#44;6456&#44;6457&#44;6458&#44;6460&#44;6461&#44;6462&#44;6463&#44;6464&#44;6471&#44;6472&#44;6474&#44;6479&#44;6482&#44;6485&#44;6487&#44;6489&#44;6501&#44;6502&#44;6503&#44;6505&#44;6506&#44;6507&#44;6509&#44;6510&#44;6512&#44;6514&#44;6517&#44;6518&#44;6520&#44;6521&#44;6524&#44;6527&#44;6528&#44;6533&#44;6535&#44;6536&#44;6539&#44;6540&#44;6543&#44;6547&#44;6549&#44;6556&#44;6562&#44;6565&#44;6567&#44;6568&#44;6569&#44;6570&#44;6571&#44;6572&#44;6573&#44;6575&#44;6581&#44;6582&#44;6604&#44;6605&#44;6606&#44;6608&#44;6609&#44;6610&#44;6612&#44;6613&#44;6614&#44;6615&#44;6616&#44;6617&#44;6619&#44;6620&#44;6621&#44;6622&#44;6624&#44;6626&#44;6628&#44;6630&#44;6631&#44;6632&#44;6633&#44;6634&#44;6635&#44;6636&#44;6637&#44;6643&#44;6644&#44;6646&#44;6650&#44;6651&#44;6652&#44;6653&#44;6655&#44;6657&#44;6658&#44;6659&#44;6660&#44;6661&#44;6662&#44;6663&#44;6664&#44;6666&#44;6667&#44;6670&#44;6671&#44;6672&#44;6673&#44;6674&#44;6675&#44;6676&#44;6677&#44;6678&#44;6679&#44;6680&#44;6682&#44;6683&#44;6684&#44;6685&#44;6686&#44;6689&#44;6690&#44;6692&#44;6693&#44;6779&#44;6781&#44;6867&#44;6976&#44;6979&#44;7189&#44;7658&#44;7676&#44;8102&#44;8104&#44;8106&#44;8107&#44;8111&#44;8112&#44;8114&#44;8115&#44;8116&#44;8117&#44;8119&#44;8120&#44;8123&#44;8125&#44;8126&#44;8128&#44;8129&#44;8130&#44;8132&#44;8133&#44;8134&#44;8135&#44;8136&#44;8138&#44;8139&#44;8141&#44;8142&#44;8144&#44;8145&#44;8146&#44;8147&#44;8149&#44;8150&#44;8151&#44;8152&#44;8153&#44;8155&#44;8156&#44;8157&#44;8158&#44;8160&#44;8161&#44;8162&#44;8163&#44;8164&#44;8165&#44;8166&#44;8167&#44;8168&#44;8169&#44;8172&#44;8173&#44;8174&#44;8175&#44;8176&#44;8177&#44;8180&#44;8181&#44;8182&#44;8183&#44;8184&#44;8185&#44;8186&#44;8188&#44;8189&#44;8190&#44;8191&#44;8192&#44;8193&#44;8194&#44;8196&#44;8197&#44;8201&#44;8202&#44;8203&#44;8205&#44;8207&#44;8208&#44;8209&#44;8210&#44;8211&#44;8213&#44;8215&#44;8218&#44;8219&#44;8220&#44;8221&#44;8222&#44;8223&#44;8224&#44;8225&#44;8226&#44;8227&#44;8228&#44;8236&#44;8237&#44;8238&#44;8239&#44;8241&#44;8242&#44;8243&#44;8244&#44;8245&#44;8246&#44;8247&#44;8248&#44;8250&#44;8251&#44;8252&#44;8253&#44;8254&#44;8256&#44;8257&#44;8259&#44;8261&#44;8262&#44;8263&#44;8264&#44;8265&#44;8266&#44;8267&#44;8268&#44;8269&#44;8270&#44;8271&#44;8272&#44;8273&#44;8274&#44;8275&#44;8276&#44;8277&#44;8278&#44;8279&#44;8280&#44;8281&#44;8282&#44;8283&#44;8284&#44;8285&#44;8286&#44;8287&#44;8288&#44;8289&#44;8290&#44;8291&#44;8292&#44;8293&#44;8294&#44;8295&#44;8296&#44;8297&#44;8298&#44;8299&#44;""",11/22/21,11/22/21,N
layouts,Bakery Dessert,"""37-2&#44;77-2""",,2021,12/6/21,1-NewFolderStructure/C037_C077_Bakery_Dessert/C77_C37_Effective_12062021_Updated_11192021/,_C77_C37_Effective_12062021_Updated_11192021.pdf,"""4109&#44;4702&#44;4703&#44;4704&#44;4707&#44;4709&#44;4710&#44;4711&#44;4712&#44;4713&#44;4718&#44;4720&#44;4721&#44;4722&#44;4724&#44;4728&#44;4729&#44;4730&#44;4731&#44;4732&#44;4735&#44;4736&#44;4738&#44;4739&#44;4740&#44;4741&#44;4742&#44;4743&#44;4745&#44;4749&#44;4750&#44;4755&#44;4761&#44;4763&#44;4764&#44;4767&#44;4768&#44;4769&#44;4770&#44;4771&#44;4772&#44;4774&#44;4775&#44;4776&#44;4777&#44;4778&#44;4780&#44;4781&#44;4782&#44;4783&#44;4784&#44;4785&#44;4786&#44;4787&#44;4789&#44;4790&#44;4791&#44;4794&#44;4795&#44;4797&#44;4798&#44;4799&#44;4801&#44;4802&#44;4804&#44;4805&#44;4808&#44;4815&#44;4816&#44;4817&#44;4818&#44;4819&#44;4820&#44;4822&#44;4824&#44;4825&#44;4828&#44;4829&#44;4830&#44;4831&#44;4836&#44;4837&#44;4839&#44;4840&#44;4843&#44;4846&#44;4847&#44;4850&#44;4851&#44;4852&#44;4853&#44;4855&#44;4857&#44;4859&#44;4860&#44;4861&#44;4866&#44;4870&#44;4871&#44;4872&#44;4873&#44;4874&#44;4875&#44;4876&#44;4878&#44;4879&#44;4901&#44;4905&#44;4906&#44;4908&#44;4911&#44;4914&#44;4915&#44;4917&#44;4920&#44;4925&#44;4926&#44;4933&#44;4936&#44;4938&#44;4939&#44;4942&#44;4944&#44;4946&#44;4947&#44;4948&#44;4950&#44;4952&#44;4955&#44;4958&#44;4961&#44;4962&#44;4963&#44;4969&#44;4972&#44;4973&#44;4974&#44;4982&#44;4983&#44;4985&#44;4987&#44;4989&#44;4990&#44;4991&#44;4992&#44;4994&#44;4996&#44;4998&#44;4999&#44;6181&#44;6188&#44;6189&#44;6201&#44;6202&#44;6203&#44;6204&#44;6205&#44;6212&#44;6213&#44;6216&#44;6217&#44;6218&#44;6219&#44;6220&#44;6225&#44;6228&#44;6235&#44;6236&#44;6238&#44;6239&#44;6240&#44;6242&#44;6244&#44;6245&#44;6246&#44;6247&#44;6249&#44;6251&#44;6252&#44;6254&#44;6255&#44;6256&#44;6257&#44;6259&#44;6260&#44;6261&#44;6262&#44;6265&#44;6267&#44;6269&#44;6270&#44;6275&#44;6302&#44;6304&#44;6305&#44;6307&#44;6308&#44;6309&#44;6310&#44;6311&#44;6312&#44;6313&#44;6314&#44;6315&#44;6317&#44;6319&#44;6320&#44;6321&#44;6322&#44;6324&#44;6325&#44;6326&#44;6327&#44;6328&#44;6329&#44;6330&#44;6331&#44;6332&#44;6333&#44;6334&#44;6335&#44;6336&#44;6338&#44;6339&#44;6341&#44;6342&#44;6343&#44;6344&#44;6345&#44;6347&#44;6348&#44;6349&#44;6350&#44;6351&#44;6352&#44;6353&#44;6354&#44;6355&#44;6356&#44;6357&#44;6358&#44;6359&#44;6360&#44;6361&#44;6363&#44;6364&#44;6365&#44;6366&#44;6367&#44;6368&#44;6369&#44;6371&#44;6372&#44;6373&#44;6375&#44;6376&#44;6377&#44;6378&#44;6379&#44;6380&#44;6381&#44;6382&#44;6383&#44;6384&#44;6385&#44;6386&#44;6387&#44;6388&#44;6401&#44;6402&#44;6403&#44;6404&#44;6405&#44;6406&#44;6407&#44;6408&#44;6409&#44;6410&#44;6412&#44;6413&#44;6414&#44;6415&#44;6417&#44;6418&#44;6419&#44;6420&#44;6421&#44;6422&#44;6423&#44;6424&#44;6425&#44;6426&#44;6427&#44;6428&#44;6429&#44;6430&#44;6431&#44;6432&#44;6433&#44;6434&#44;6435&#44;6436&#44;6437&#44;6439&#44;6440&#44;6441&#44;6443&#44;6444&#44;6445&#44;6448&#44;6449&#44;6450&#44;6452&#44;6453&#44;6454&#44;6455&#44;6456&#44;6457&#44;6458&#44;6460&#44;6461&#44;6462&#44;6463&#44;6464&#44;6471&#44;6472&#44;6474&#44;6479&#44;6482&#44;6485&#44;6487&#44;6489&#44;6501&#44;6502&#44;6503&#44;6505&#44;6506&#44;6507&#44;6509&#44;6510&#44;6512&#44;6514&#44;6517&#44;6518&#44;6520&#44;6521&#44;6524&#44;6527&#44;6528&#44;6535&#44;6536&#44;6539&#44;6540&#44;6543&#44;6547&#44;6549&#44;6556&#44;6562&#44;6565&#44;6567&#44;6568&#44;6569&#44;6570&#44;6571&#44;6572&#44;6573&#44;6575&#44;6581&#44;6582&#44;6604&#44;6605&#44;6606&#44;6608&#44;6609&#44;6610&#44;6612&#44;6613&#44;6614&#44;6615&#44;6616&#44;6617&#44;6619&#44;6620&#44;6621&#44;6622&#44;6624&#44;6626&#44;6628&#44;6630&#44;6631&#44;6632&#44;6633&#44;6634&#44;6635&#44;6636&#44;6637&#44;6643&#44;6644&#44;6646&#44;6650&#44;6651&#44;6652&#44;6653&#44;6655&#44;6657&#44;6658&#44;6659&#44;6660&#44;6661&#44;6662&#44;6663&#44;6664&#44;6666&#44;6667&#44;6670&#44;6671&#44;6672&#44;6673&#44;6674&#44;6675&#44;6676&#44;6677&#44;6678&#44;6679&#44;6680&#44;6682&#44;6683&#44;6684&#44;6685&#44;6686&#44;6689&#44;6690&#44;6692&#44;6693&#44;6779&#44;6781&#44;6867&#44;6976&#44;6979&#44;7189&#44;7658&#44;7676&#44;8102&#44;8104&#44;8106&#44;8107&#44;8111&#44;8112&#44;8114&#44;8115&#44;8116&#44;8117&#44;8119&#44;8120&#44;8123&#44;8125&#44;8126&#44;8128&#44;8129&#44;8130&#44;8132&#44;8133&#44;8134&#44;8135&#44;8136&#44;8138&#44;8139&#44;8141&#44;8142&#44;8144&#44;8145&#44;8146&#44;8147&#44;8149&#44;8150&#44;8151&#44;8152&#44;8153&#44;8155&#44;8156&#44;8157&#44;8158&#44;8160&#44;8161&#44;8162&#44;8163&#44;8164&#44;8165&#44;8166&#44;8167&#44;8168&#44;8169&#44;8172&#44;8173&#44;8174&#44;8175&#44;8176&#44;8177&#44;8180&#44;8181&#44;8182&#44;8183&#44;8184&#44;8185&#44;8186&#44;8188&#44;8189&#44;8190&#44;8191&#44;8192&#44;8193&#44;8194&#44;8196&#44;8197&#44;8201&#44;8202&#44;8203&#44;8205&#44;8207&#44;8208&#44;8209&#44;8210&#44;8211&#44;8213&#44;8215&#44;8218&#44;8219&#44;8220&#44;8221&#44;8222&#44;8223&#44;8224&#44;8225&#44;8226&#44;8227&#44;8228&#44;8236&#44;8237&#44;8238&#44;8239&#44;8241&#44;8242&#44;8243&#44;8244&#44;8245&#44;8246&#44;8247&#44;8248&#44;8250&#44;8251&#44;8252&#44;8253&#44;8254&#44;8256&#44;8257&#44;8259&#44;8261&#44;8262&#44;8263&#44;8264&#44;8265&#44;8266&#44;8267&#44;8268&#44;8269&#44;8270&#44;8271&#44;8272&#44;8273&#44;8274&#44;8275&#44;8276&#44;8277&#44;8278&#44;8279&#44;8280&#44;8281&#44;8282&#44;8283&#44;8284&#44;8285&#44;8286&#44;8287&#44;8288&#44;8289&#44;8290&#44;8291&#44;8292&#44;8293&#44;8294&#44;8295&#44;8296&#44;8297&#44;8298&#44;8299&#44;""",11/19/21,11/19/21,N
layouts,Cake Case,"""37-3&#44;77-3""",,2021,12/6/21,1-NewFolderStructure/C037_C077_Cake_Case/C77_C37_Effective_12062021_Updated_11192021/,_C77_C37_Effective_12062021_Updated_11192021.pdf,"""4109&#44;4702&#44;4703&#44;4704&#44;4707&#44;4709&#44;4710&#44;4711&#44;4712&#44;4713&#44;4718&#44;4720&#44;4721&#44;4722&#44;4724&#44;4728&#44;4729&#44;4730&#44;4731&#44;4732&#44;4735&#44;4736&#44;4738&#44;4739&#44;4740&#44;4741&#44;4742&#44;4743&#44;4745&#44;4749&#44;4750&#44;4755&#44;4761&#44;4763&#44;4764&#44;4767&#44;4768&#44;4769&#44;4770&#44;4771&#44;4772&#44;4774&#44;4775&#44;4776&#44;4777&#44;4778&#44;4780&#44;4781&#44;4782&#44;4783&#44;4784&#44;4785&#44;4786&#44;4787&#44;4789&#44;4790&#44;4791&#44;4794&#44;4795&#44;4797&#44;4798&#44;4799&#44;4801&#44;4802&#44;4804&#44;4805&#44;4808&#44;4815&#44;4816&#44;4817&#44;4818&#44;4819&#44;4820&#44;4822&#44;4824&#44;4825&#44;4828&#44;4829&#44;4830&#44;4831&#44;4836&#44;4837&#44;4839&#44;4840&#44;4843&#44;4846&#44;4847&#44;4850&#44;4851&#44;4852&#44;4853&#44;4855&#44;4857&#44;4859&#44;4860&#44;4861&#44;4866&#44;4870&#44;4871&#44;4872&#44;4873&#44;4874&#44;4875&#44;4876&#44;4878&#44;4879&#44;4901&#44;4905&#44;4906&#44;4908&#44;4911&#44;4914&#44;4915&#44;4917&#44;4920&#44;4925&#44;4926&#44;4933&#44;4936&#44;4938&#44;4939&#44;4942&#44;4944&#44;4946&#44;4947&#44;4948&#44;4950&#44;4952&#44;4955&#44;4958&#44;4961&#44;4962&#44;4963&#44;4969&#44;4972&#44;4973&#44;4974&#44;4982&#44;4983&#44;4985&#44;4987&#44;4989&#44;4990&#44;4991&#44;4992&#44;4994&#44;4996&#44;4998&#44;4999&#44;6181&#44;6188&#44;6189&#44;6201&#44;6202&#44;6203&#44;6204&#44;6205&#44;6212&#44;6213&#44;6216&#44;6217&#44;6218&#44;6219&#44;6220&#44;6225&#44;6228&#44;6235&#44;6236&#44;6238&#44;6239&#44;6240&#44;6242&#44;6244&#44;6245&#44;6246&#44;6247&#44;6249&#44;6251&#44;6252&#44;6254&#44;6255&#44;6256&#44;6257&#44;6259&#44;6260&#44;6261&#44;6262&#44;6265&#44;6267&#44;6269&#44;6270&#44;6275&#44;6302&#44;6304&#44;6305&#44;6307&#44;6308&#44;6309&#44;6310&#44;6311&#44;6312&#44;6313&#44;6314&#44;6315&#44;6317&#44;6319&#44;6320&#44;6321&#44;6322&#44;6324&#44;6325&#44;6326&#44;6327&#44;6328&#44;6329&#44;6330&#44;6331&#44;6332&#44;6333&#44;6334&#44;6335&#44;6336&#44;6338&#44;6339&#44;6341&#44;6342&#44;6343&#44;6344&#44;6345&#44;6347&#44;6348&#44;6349&#44;6350&#44;6351&#44;6352&#44;6353&#44;6354&#44;6355&#44;6356&#44;6357&#44;6358&#44;6359&#44;6360&#44;6361&#44;6363&#44;6364&#44;6365&#44;6366&#44;6367&#44;6368&#44;6369&#44;6371&#44;6372&#44;6373&#44;6375&#44;6376&#44;6377&#44;6378&#44;6379&#44;6380&#44;6381&#44;6382&#44;6383&#44;6384&#44;6385&#44;6386&#44;6387&#44;6388&#44;6401&#44;6402&#44;6403&#44;6404&#44;6405&#44;6406&#44;6407&#44;6408&#44;6409&#44;6410&#44;6412&#44;6413&#44;6414&#44;6415&#44;6417&#44;6418&#44;6419&#44;6420&#44;6421&#44;6422&#44;6423&#44;6424&#44;6425&#44;6426&#44;6427&#44;6428&#44;6429&#44;6430&#44;6431&#44;6432&#44;6433&#44;6434&#44;6435&#44;6436&#44;6437&#44;6439&#44;6440&#44;6441&#44;6443&#44;6444&#44;6445&#44;6448&#44;6449&#44;6450&#44;6452&#44;6453&#44;6454&#44;6455&#44;6456&#44;6457&#44;6458&#44;6460&#44;6461&#44;6462&#44;6463&#44;6464&#44;6471&#44;6472&#44;6474&#44;6479&#44;6482&#44;6485&#44;6487&#44;6489&#44;6501&#44;6502&#44;6503&#44;6505&#44;6506&#44;6507&#44;6509&#44;6510&#44;6512&#44;6514&#44;6517&#44;6518&#44;6520&#44;6521&#44;6524&#44;6527&#44;6528&#44;6535&#44;6536&#44;6539&#44;6540&#44;6543&#44;6547&#44;6549&#44;6556&#44;6562&#44;6565&#44;6567&#44;6568&#44;6569&#44;6570&#44;6571&#44;6572&#44;6573&#44;6575&#44;6581&#44;6582&#44;6604&#44;6605&#44;6606&#44;6608&#44;6609&#44;6610&#44;6612&#44;6613&#44;6614&#44;6615&#44;6616&#44;6617&#44;6619&#44;6620&#44;6621&#44;6622&#44;6624&#44;6626&#44;6628&#44;6630&#44;6631&#44;6632&#44;6633&#44;6634&#44;6635&#44;6636&#44;6637&#44;6643&#44;6644&#44;6646&#44;6650&#44;6651&#44;6652&#44;6653&#44;6655&#44;6657&#44;6658&#44;6659&#44;6660&#44;6661&#44;6662&#44;6663&#44;6664&#44;6666&#44;6667&#44;6670&#44;6671&#44;6672&#44;6673&#44;6674&#44;6675&#44;6676&#44;6677&#44;6678&#44;6679&#44;6680&#44;6682&#44;6683&#44;6684&#44;6685&#44;6686&#44;6689&#44;6690&#44;6692&#44;6693&#44;6779&#44;6781&#44;6867&#44;6976&#44;6979&#44;7189&#44;7658&#44;7676&#44;8102&#44;8104&#44;8106&#44;8107&#44;8111&#44;8112&#44;8114&#44;8115&#44;8116&#44;8117&#44;8119&#44;8120&#44;8123&#44;8125&#44;8126&#44;8128&#44;8129&#44;8130&#44;8132&#44;8133&#44;8134&#44;8135&#44;8136&#44;8138&#44;8139&#44;8141&#44;8142&#44;8144&#44;8145&#44;8146&#44;8147&#44;8149&#44;8150&#44;8151&#44;8152&#44;8153&#44;8155&#44;8156&#44;8157&#44;8158&#44;8160&#44;8161&#44;8162&#44;8163&#44;8164&#44;8165&#44;8166&#44;8167&#44;8168&#44;8169&#44;8172&#44;8173&#44;8174&#44;8175&#44;8176&#44;8177&#44;8180&#44;8181&#44;8182&#44;8183&#44;8184&#44;8185&#44;8186&#44;8188&#44;8189&#44;8190&#44;8191&#44;8192&#44;8193&#44;8194&#44;8196&#44;8197&#44;8201&#44;8202&#44;8203&#44;8205&#44;8207&#44;8208&#44;8209&#44;8210&#44;8211&#44;8213&#44;8215&#44;8218&#44;8219&#44;8220&#44;8221&#44;8222&#44;8223&#44;8224&#44;8225&#44;8226&#44;8227&#44;8228&#44;8236&#44;8237&#44;8238&#44;8239&#44;8241&#44;8242&#44;8243&#44;8244&#44;8245&#44;8246&#44;8247&#44;8248&#44;8250&#44;8251&#44;8252&#44;8253&#44;8254&#44;8256&#44;8257&#44;8259&#44;8261&#44;8262&#44;8263&#44;8264&#44;8265&#44;8266&#44;8267&#44;8268&#44;8269&#44;8270&#44;8271&#44;8272&#44;8273&#44;8274&#44;8275&#44;8276&#44;8277&#44;8278&#44;8279&#44;8280&#44;8281&#44;8282&#44;8283&#44;8284&#44;8285&#44;8286&#44;8287&#44;8288&#44;8289&#44;8290&#44;8291&#44;8292&#44;8293&#44;8294&#44;8295&#44;8296&#44;8297&#44;8298&#44;8299&#44;""",11/19/21,11/19/21,N
layouts,Café Grab and Go,79-3,,2021,12/6/21,1-NewFolderStructure/C079_Cafe_Grab_n_Go/C79_Cafe_Grab_and_Go_Effective_12062021/,_C79_Cafe_Grab_and_Go_Effective_12062021.pdf,"""4703&#44;4718&#44;4724&#44;4730&#44;4739&#44;4745&#44;4770&#44;4774&#44;4776&#44;4777&#44;4780&#44;4789&#44;4802&#44;4804&#44;4805&#44;4816&#44;4817&#44;4836&#44;4853&#44;4872&#44;4879&#44;4901&#44;4938&#44;4987&#44;4989&#44;6201&#44;6203&#44;6219&#44;6333&#44;6345&#44;6347&#44;6352&#44;6356&#44;6360&#44;6369&#44;6379&#44;6386&#44;6406&#44;6408&#44;6409&#44;6423&#44;6425&#44;6428&#44;6430&#44;6431&#44;6435&#44;6440&#44;6456&#44;6462&#44;6463&#44;6506&#44;6509&#44;6539&#44;6549&#44;6565&#44;6572&#44;6630&#44;6631&#44;6632&#44;6633&#44;6634&#44;6635&#44;6636&#44;6643&#44;6644&#44;6646&#44;6671&#44;6672&#44;6673&#44;6674&#44;6682&#44;6683&#44;6684&#44;6685&#44;6686&#44;8106&#44;8107&#44;8112&#44;8115&#44;8142&#44;8147&#44;8158&#44;8166&#44;8186&#44;8192&#44;8194&#44;8196&#44;8203&#44;8211&#44;8213&#44;8225&#44;8247&#44;8252&#44;8256&#44;8272&#44;8278&#44;8283&#44;8287&#44;""",11/19/21,11/19/21,N
layouts,Bakery Tables,"""37&#44;77""",,2021,12/6/21,1-NewFolderStructure/C037_C077_Bakery_Tables/C37_77_Bakery_Tables_Effective_12062021_Updated_11242021/,_C37_77_Bakery_Tables_Effective_12062021_Updated_11242021.pdf,"""4109&#44;4702&#44;4703&#44;4704&#44;4707&#44;4709&#44;4710&#44;4711&#44;4712&#44;4713&#44;4718&#44;4720&#44;4721&#44;4722&#44;4724&#44;4728&#44;4729&#44;4730&#44;4731&#44;4732&#44;4735&#44;4736&#44;4738&#44;4739&#44;4740&#44;4741&#44;4742&#44;4743&#44;4745&#44;4749&#44;4750&#44;4755&#44;4761&#44;4763&#44;4764&#44;4767&#44;4768&#44;4769&#44;4770&#44;4771&#44;4772&#44;4774&#44;4775&#44;4776&#44;4777&#44;4778&#44;4780&#44;4781&#44;4782&#44;4783&#44;4784&#44;4785&#44;4786&#44;4787&#44;4789&#44;4790&#44;4791&#44;4794&#44;4795&#44;4797&#44;4798&#44;4799&#44;4801&#44;4802&#44;4804&#44;4805&#44;4808&#44;4815&#44;4816&#44;4817&#44;4818&#44;4819&#44;4820&#44;4822&#44;4824&#44;4825&#44;4828&#44;4829&#44;4830&#44;4831&#44;4836&#44;4837&#44;4839&#44;4840&#44;4843&#44;4846&#44;4847&#44;4850&#44;4851&#44;4852&#44;4853&#44;4855&#44;4857&#44;4859&#44;4860&#44;4861&#44;4866&#44;4870&#44;4871&#44;4872&#44;4873&#44;4874&#44;4875&#44;4876&#44;4878&#44;4879&#44;4901&#44;4905&#44;4906&#44;4908&#44;4911&#44;4914&#44;4915&#44;4917&#44;4920&#44;4925&#44;4926&#44;4933&#44;4936&#44;4938&#44;4939&#44;4942&#44;4944&#44;4946&#44;4947&#44;4948&#44;4950&#44;4952&#44;4955&#44;4958&#44;4961&#44;4962&#44;4963&#44;4969&#44;4972&#44;4973&#44;4974&#44;4982&#44;4983&#44;4985&#44;4987&#44;4989&#44;4990&#44;4991&#44;4992&#44;4994&#44;4996&#44;4998&#44;4999&#44;6181&#44;6188&#44;6189&#44;6201&#44;6202&#44;6203&#44;6204&#44;6205&#44;6212&#44;6213&#44;6216&#44;6217&#44;6218&#44;6219&#44;6220&#44;6225&#44;6228&#44;6235&#44;6236&#44;6238&#44;6239&#44;6240&#44;6242&#44;6244&#44;6245&#44;6246&#44;6247&#44;6249&#44;6251&#44;6252&#44;6254&#44;6255&#44;6256&#44;6257&#44;6259&#44;6260&#44;6261&#44;6262&#44;6265&#44;6267&#44;6269&#44;6270&#44;6275&#44;6302&#44;6304&#44;6305&#44;6307&#44;6308&#44;6309&#44;6310&#44;6311&#44;6312&#44;6313&#44;6314&#44;6315&#44;6317&#44;6319&#44;6320&#44;6321&#44;6322&#44;6324&#44;6325&#44;6326&#44;6327&#44;6328&#44;6329&#44;6330&#44;6331&#44;6332&#44;6333&#44;6334&#44;6335&#44;6336&#44;6338&#44;6339&#44;6341&#44;6342&#44;6343&#44;6344&#44;6345&#44;6347&#44;6348&#44;6349&#44;6350&#44;6351&#44;6352&#44;6353&#44;6354&#44;6355&#44;6356&#44;6357&#44;6358&#44;6359&#44;6360&#44;6361&#44;6363&#44;6364&#44;6365&#44;6366&#44;6367&#44;6368&#44;6369&#44;6371&#44;6372&#44;6373&#44;6375&#44;6376&#44;6378&#44;6379&#44;6380&#44;6381&#44;6382&#44;6383&#44;6384&#44;6385&#44;6386&#44;6387&#44;6388&#44;6401&#44;6402&#44;6403&#44;6404&#44;6405&#44;6406&#44;6407&#44;6408&#44;6409&#44;6410&#44;6412&#44;6413&#44;6414&#44;6415&#44;6417&#44;6418&#44;6419&#44;6420&#44;6421&#44;6422&#44;6423&#44;6424&#44;6425&#44;6426&#44;6427&#44;6428&#44;6429&#44;6430&#44;6431&#44;6432&#44;6433&#44;6434&#44;6435&#44;6436&#44;6437&#44;6439&#44;6440&#44;6441&#44;6443&#44;6444&#44;6445&#44;6448&#44;6449&#44;6450&#44;6452&#44;6453&#44;6454&#44;6455&#44;6456&#44;6457&#44;6458&#44;6460&#44;6461&#44;6462&#44;6463&#44;6464&#44;6471&#44;6472&#44;6474&#44;6479&#44;6482&#44;6485&#44;6487&#44;6489&#44;6501&#44;6502&#44;6503&#44;6505&#44;6506&#44;6507&#44;6509&#44;6510&#44;6512&#44;6514&#44;6517&#44;6518&#44;6520&#44;6521&#44;6524&#44;6527&#44;6528&#44;6535&#44;6536&#44;6539&#44;6540&#44;6543&#44;6547&#44;6549&#44;6556&#44;6562&#44;6565&#44;6567&#44;6568&#44;6569&#44;6570&#44;6571&#44;6572&#44;6573&#44;6575&#44;6581&#44;6582&#44;6604&#44;6605&#44;6606&#44;6608&#44;6609&#44;6610&#44;6612&#44;6613&#44;6614&#44;6615&#44;6616&#44;6617&#44;6619&#44;6620&#44;6621&#44;6622&#44;6624&#44;6626&#44;6628&#44;6630&#44;6631&#44;6632&#44;6633&#44;6634&#44;6635&#44;6636&#44;6637&#44;6643&#44;6644&#44;6646&#44;6650&#44;6651&#44;6652&#44;6653&#44;6655&#44;6657&#44;6658&#44;6659&#44;6660&#44;6661&#44;6662&#44;6663&#44;6664&#44;6666&#44;6667&#44;6670&#44;6671&#44;6672&#44;6673&#44;6674&#44;6675&#44;6676&#44;6677&#44;6678&#44;6679&#44;6680&#44;6682&#44;6683&#44;6684&#44;6685&#44;6686&#44;6689&#44;6690&#44;6692&#44;6693&#44;6779&#44;6781&#44;6867&#44;6976&#44;6979&#44;7189&#44;7658&#44;7676&#44;8102&#44;8104&#44;8106&#44;8107&#44;8111&#44;8112&#44;8114&#44;8115&#44;8116&#44;8117&#44;8119&#44;8120&#44;8123&#44;8125&#44;8126&#44;8128&#44;8129&#44;8130&#44;8132&#44;8133&#44;8134&#44;8135&#44;8136&#44;8138&#44;8139&#44;8141&#44;8142&#44;8144&#44;8145&#44;8146&#44;8147&#44;8149&#44;8150&#44;8151&#44;8152&#44;8153&#44;8155&#44;8156&#44;8157&#44;8158&#44;8160&#44;8161&#44;8162&#44;8163&#44;8164&#44;8165&#44;8166&#44;8167&#44;8168&#44;8169&#44;8172&#44;8173&#44;8174&#44;8175&#44;8176&#44;8177&#44;8180&#44;8181&#44;8182&#44;8183&#44;8184&#44;8185&#44;8186&#44;8188&#44;8189&#44;8190&#44;8191&#44;8192&#44;8193&#44;8194&#44;8196&#44;8197&#44;8201&#44;8202&#44;8203&#44;8205&#44;8207&#44;8208&#44;8209&#44;8210&#44;8211&#44;8213&#44;8215&#44;8218&#44;8219&#44;8220&#44;8221&#44;8222&#44;8223&#44;8224&#44;8225&#44;8226&#44;8227&#44;8228&#44;8236&#44;8237&#44;8238&#44;8239&#44;8241&#44;8242&#44;8243&#44;8244&#44;8245&#44;8246&#44;8247&#44;8248&#44;8250&#44;8251&#44;8252&#44;8253&#44;8254&#44;8256&#44;8257&#44;8259&#44;8261&#44;8262&#44;8263&#44;8264&#44;8265&#44;8266&#44;8267&#44;8268&#44;8269&#44;8270&#44;8271&#44;8272&#44;8273&#44;8274&#44;8275&#44;8276&#44;8277&#44;8278&#44;8279&#44;8280&#44;8281&#44;8282&#44;8283&#44;8284&#44;8285&#44;8286&#44;8287&#44;8288&#44;8289&#44;8290&#44;8291&#44;8292&#44;8293&#44;8294&#44;8295&#44;8296&#44;8297&#44;8298&#44;8299&#44;""",11/24/21,11/24/21,N
layouts,Bakery Pallets,"""37-4&#44;77-4""",,2021,12/6/21,1-NewFolderStructure/C037_C077_Bakery_Pallets/C37_77_Bakery_Pallets_Effective_12062021_Updated_11242021/,_C37_77_Bakery_Pallets_Effective_12062021_Updated_11242021.pdf,"""8280&#44;6244&#44;8153&#44;8268&#44;8277&#44;4906&#44;6246&#44;6502&#44;4742&#44;""",11/24/21,11/24/21,N
layouts,Café Grab and Go,79-3,,2021,12/6/21,1-NewFolderStructure/C079_Cafe_Grab_n_Go/C79__Cafe_Grab_and_Go_Effective_12062021/,_C79_Cafe_Grab_and_Go_Effective_12062021.pdf,"""8151&#44;""",11/29/21,11/29/21,N
layouts,Meat and Seafood,"""72&#44;76&#44;93""",,2021,12/6/21,1-NewFolderStructure/C076_C072_C093_Fresh_Meat_Seafood/C72_C76_C93_Effective_12062021_Planogram_Updated_11292021/,_C72_C76_C93_Effective_12062021_Planogram_Updated_11292021.pdf,"""4109&#44;4702&#44;4703&#44;4704&#44;4707&#44;4709&#44;4710&#44;4711&#44;4712&#44;4713&#44;4718&#44;4720&#44;4721&#44;4722&#44;4724&#44;4728&#44;4729&#44;4730&#44;4731&#44;4732&#44;4735&#44;4736&#44;4738&#44;4739&#44;4740&#44;4741&#44;4742&#44;4743&#44;4745&#44;4749&#44;4750&#44;4755&#44;4761&#44;4763&#44;4764&#44;4767&#44;4768&#44;4769&#44;4770&#44;4771&#44;4772&#44;4774&#44;4775&#44;4776&#44;4777&#44;4778&#44;4780&#44;4781&#44;4782&#44;4783&#44;4784&#44;4785&#44;4786&#44;4787&#44;4789&#44;4790&#44;4791&#44;4794&#44;4795&#44;4797&#44;4798&#44;4799&#44;4801&#44;4802&#44;4804&#44;4805&#44;4808&#44;4815&#44;4816&#44;4817&#44;4818&#44;4819&#44;4820&#44;4822&#44;4824&#44;4825&#44;4828&#44;4829&#44;4830&#44;4831&#44;4836&#44;4837&#44;4839&#44;4840&#44;4843&#44;4846&#44;4847&#44;4850&#44;4851&#44;4852&#44;4853&#44;4855&#44;4857&#44;4859&#44;4860&#44;4861&#44;4866&#44;4870&#44;4871&#44;4872&#44;4873&#44;4874&#44;4875&#44;4876&#44;4878&#44;4879&#44;4901&#44;4905&#44;4906&#44;4908&#44;4911&#44;4914&#44;4915&#44;4917&#44;4920&#44;4925&#44;4926&#44;4930&#44;4933&#44;4936&#44;4938&#44;4939&#44;4942&#44;4944&#44;4946&#44;4947&#44;4948&#44;4950&#44;4952&#44;4955&#44;4958&#44;4961&#44;4962&#44;4963&#44;4969&#44;4972&#44;4973&#44;4974&#44;4982&#44;4983&#44;4985&#44;4987&#44;4989&#44;4990&#44;4991&#44;4992&#44;4994&#44;4996&#44;4998&#44;4999&#44;6181&#44;6188&#44;6189&#44;6201&#44;6202&#44;6203&#44;6204&#44;6205&#44;6212&#44;6213&#44;6216&#44;6217&#44;6218&#44;6219&#44;6220&#44;6225&#44;6228&#44;6235&#44;6236&#44;6238&#44;6239&#44;6240&#44;6242&#44;6244&#44;6245&#44;6246&#44;6247&#44;6249&#44;6251&#44;6252&#44;6254&#44;6255&#44;6256&#44;6257&#44;6259&#44;6260&#44;6261&#44;6262&#44;6265&#44;6267&#44;6269&#44;6270&#44;6275&#44;6302&#44;6304&#44;6305&#44;6307&#44;6308&#44;6309&#44;6310&#44;6311&#44;6312&#44;6313&#44;6314&#44;6315&#44;6317&#44;6319&#44;6320&#44;6321&#44;6322&#44;6324&#44;6325&#44;6326&#44;6327&#44;6328&#44;6329&#44;6330&#44;6331&#44;6332&#44;6333&#44;6334&#44;6335&#44;6336&#44;6338&#44;6339&#44;6341&#44;6342&#44;6343&#44;6344&#44;6345&#44;6347&#44;6348&#44;6349&#44;6350&#44;6351&#44;6352&#44;6353&#44;6354&#44;6355&#44;6356&#44;6357&#44;6358&#44;6359&#44;6360&#44;6361&#44;6363&#44;6364&#44;6365&#44;6366&#44;6367&#44;6368&#44;6369&#44;6371&#44;6372&#44;6373&#44;6375&#44;6376&#44;6377&#44;6378&#44;6379&#44;6380&#44;6381&#44;6382&#44;6383&#44;6384&#44;6385&#44;6386&#44;6387&#44;6388&#44;6401&#44;6402&#44;6403&#44;6404&#44;6405&#44;6406&#44;6407&#44;6408&#44;6409&#44;6410&#44;6412&#44;6413&#44;6414&#44;6415&#44;6417&#44;6418&#44;6419&#44;6420&#44;6421&#44;6422&#44;6423&#44;6424&#44;6425&#44;6426&#44;6427&#44;6428&#44;6429&#44;6430&#44;6431&#44;6432&#44;6433&#44;6434&#44;6435&#44;6436&#44;6437&#44;6439&#44;6440&#44;6441&#44;6443&#44;6444&#44;6445&#44;6448&#44;6449&#44;6450&#44;6452&#44;6453&#44;6454&#44;6455&#44;6456&#44;6457&#44;6458&#44;6460&#44;6461&#44;6462&#44;6463&#44;6464&#44;6471&#44;6472&#44;6474&#44;6479&#44;6482&#44;6485&#44;6487&#44;6489&#44;6501&#44;6502&#44;6503&#44;6505&#44;6506&#44;6507&#44;6509&#44;6510&#44;6512&#44;6514&#44;6517&#44;6518&#44;6520&#44;6521&#44;6524&#44;6527&#44;6528&#44;6533&#44;6535&#44;6536&#44;6539&#44;6540&#44;6543&#44;6547&#44;6549&#44;6556&#44;6562&#44;6565&#44;6567&#44;6568&#44;6569&#44;6570&#44;6571&#44;6572&#44;6573&#44;6575&#44;6581&#44;6582&#44;6604&#44;6605&#44;6606&#44;6608&#44;6609&#44;6610&#44;6612&#44;6613&#44;6614&#44;6615&#44;6616&#44;6617&#44;6619&#44;6620&#44;6621&#44;6622&#44;6624&#44;6626&#44;6628&#44;6630&#44;6631&#44;6632&#44;6633&#44;6634&#44;6635&#44;6636&#44;6637&#44;6643&#44;6644&#44;6646&#44;6650&#44;6651&#44;6652&#44;6653&#44;6655&#44;6657&#44;6658&#44;6659&#44;6660&#44;6661&#44;6662&#44;6663&#44;6664&#44;6666&#44;6667&#44;6670&#44;6671&#44;6672&#44;6673&#44;6674&#44;6675&#44;6676&#44;6677&#44;6678&#44;6679&#44;6680&#44;6682&#44;6683&#44;6684&#44;6685&#44;6686&#44;6689&#44;6690&#44;6692&#44;6693&#44;6779&#44;6781&#44;6867&#44;6976&#44;6979&#44;7189&#44;7658&#44;7676&#44;8102&#44;8104&#44;8106&#44;8107&#44;8111&#44;8112&#44;8114&#44;8115&#44;8116&#44;8117&#44;8119&#44;8120&#44;8123&#44;8125&#44;8126&#44;8128&#44;8129&#44;8130&#44;8132&#44;8133&#44;8134&#44;8135&#44;8136&#44;8138&#44;8139&#44;8141&#44;8142&#44;8144&#44;8145&#44;8146&#44;8147&#44;8149&#44;8150&#44;8151&#44;8152&#44;8153&#44;8155&#44;8156&#44;8157&#44;8158&#44;8160&#44;8161&#44;8162&#44;8163&#44;8164&#44;8165&#44;8166&#44;8167&#44;8168&#44;8169&#44;8172&#44;8173&#44;8174&#44;8175&#44;8176&#44;8177&#44;8180&#44;8181&#44;8182&#44;8183&#44;8184&#44;8185&#44;8186&#44;8188&#44;8189&#44;8190&#44;8191&#44;8192&#44;8193&#44;8194&#44;8196&#44;8197&#44;8201&#44;8202&#44;8203&#44;8205&#44;8207&#44;8208&#44;8209&#44;8210&#44;8211&#44;8213&#44;8215&#44;8218&#44;8219&#44;8220&#44;8221&#44;8222&#44;8223&#44;8224&#44;8225&#44;8226&#44;8227&#44;8228&#44;8236&#44;8237&#44;8238&#44;8239&#44;8241&#44;8242&#44;8243&#44;8244&#44;8245&#44;8246&#44;8247&#44;8248&#44;8250&#44;8251&#44;8252&#44;8253&#44;8254&#44;8256&#44;8257&#44;8259&#44;8261&#44;8262&#44;8263&#44;8264&#44;8265&#44;8266&#44;8267&#44;8268&#44;8269&#44;8270&#44;8271&#44;8272&#44;8273&#44;8274&#44;8275&#44;8276&#44;8277&#44;8278&#44;8279&#44;8280&#44;8281&#44;8282&#44;8283&#44;8284&#44;8285&#44;8286&#44;8287&#44;8288&#44;8289&#44;8290&#44;8291&#44;8292&#44;8293&#44;8294&#44;8295&#44;8296&#44;8297&#44;8298&#44;8299&#44;""",12/1/21,12/1/21,N
layouts,HMS,79-2,,2021,12/6/21,1-NewFolderStructure/C079_HMS/C79_HMS_EFFECTIVE_12062021/,_C79_HMS_EFFECTIVE_12062021.pdf,"""4703&#44;4704&#44;4729&#44;4730&#44;4735&#44;4745&#44;4755&#44;4767&#44;4768&#44;4774&#44;4777&#44;4782&#44;4786&#44;4799&#44;4808&#44;4819&#44;4822&#44;4828&#44;4830&#44;4852&#44;4936&#44;4938&#44;4942&#44;4969&#44;4874&#44;4983&#44;4985&#44;4998&#44;6189&#44;6212&#44;6217&#44;6228&#44;6235&#44;6251&#44;6328&#44;6335&#44;6341&#44;6342&#44;6345&#44;6347&#44;6349&#44;6357&#44;6358&#44;6360&#44;6364&#44;6369&#44;6371&#44;6382&#44;6384&#44;6388&#44;6401&#44;6403&#44;6410&#44;6415&#44;6434&#44;6440&#44;6441&#44;6444&#44;6455&#44;6460&#44;6462&#44;6464&#44;6487&#44;6489&#44;6502&#44;6520&#44;6539&#44;6565&#44;6606&#44;6610&#44;6612&#44;6614&#44;6615&#44;6616&#44;6619&#44;6620&#44;6622&#44;6624&#44;6626&#44;6631&#44;6636&#44;6653&#44;6674&#44;6677&#44;6682&#44;6685&#44;6686&#44;6692&#44;8104&#44;8116&#44;8120&#44;8128&#44;8134&#44;8153&#44;8157&#44;8164&#44;8167&#44;8177&#44;8184&#44;8201&#44;8238&#44;8263&#44;8272&#44;8280&#44;8290&#44;8296&#44;8298""",12/2/21,12/2/21,N
layouts,Bakery Tables,"""37&#44;77""",,2021,12/6/21,1-NewFolderStructure/C037_C077_Bakery_Tables/C37_77_Bakery_Tables_Effective_12062021_Updated_12022021/,_C37_77_Bakery_Tables_Effective_12062021_Updated_12022021.pdf,"""4808&#44;6510&#44;8209&#44;""",12/3/21,12/3/21,N
layouts,Coolers,42-2,,2021,12/6/21,1-NewFolderStructure/C042_Coolers/C42_Effective_11302021_Planogram_Updated_11302021/,_C42_Effective_11302021_Planogram_Updated_11302021.pdf,"""6245&#44;""",12/3/21,12/3/21,N
layouts,Deli,57,,2021,12/6/21,1-NewFolderStructure/C057_Deli/C57_Effective_11152021_Planogram_Update_11-02-2021/,_C57_Effective_11152021_Planogram_Update_11-02-2021.pdf,"""6444&#44;""",12/6/21,12/6/21,N
layouts,Bakery Tables,"""37&#44;77""",,2021,12/6/21,1-NewFolderStructure/C037_C077_Bakery_Tables/C37_77_Bakery_Tables_Effective_12062021_Updated_12052021/,_C37_77_Bakery_Tables_Effective_12062021_Updated_12052021.pdf,"""4109&#44;4702&#44;4703&#44;4704&#44;4707&#44;4709&#44;4710&#44;4711&#44;4712&#44;4713&#44;4718&#44;4720&#44;4721&#44;4722&#44;4724&#44;4728&#44;4729&#44;4730&#44;4731&#44;4732&#44;4735&#44;4736&#44;4738&#44;4739&#44;4740&#44;4741&#44;4742&#44;4743&#44;4745&#44;4749&#44;4750&#44;4755&#44;4761&#44;4763&#44;4764&#44;4767&#44;4768&#44;4769&#44;4770&#44;4771&#44;4772&#44;4774&#44;4775&#44;4776&#44;4777&#44;4778&#44;4780&#44;4781&#44;4782&#44;4783&#44;4784&#44;4785&#44;4786&#44;4787&#44;4789&#44;4790&#44;4791&#44;4794&#44;4795&#44;4797&#44;4798&#44;4799&#44;4801&#44;4802&#44;4804&#44;4805&#44;4808&#44;4815&#44;4816&#44;4817&#44;4818&#44;4819&#44;4820&#44;4822&#44;4824&#44;4825&#44;4828&#44;4829&#44;4830&#44;4831&#44;4836&#44;4837&#44;4839&#44;4840&#44;4843&#44;4846&#44;4847&#44;4850&#44;4851&#44;4852&#44;4853&#44;4855&#44;4857&#44;4859&#44;4860&#44;4861&#44;4866&#44;4870&#44;4871&#44;4872&#44;4873&#44;4874&#44;4875&#44;4876&#44;4878&#44;4879&#44;4901&#44;4905&#44;4906&#44;4908&#44;4911&#44;4914&#44;4915&#44;4917&#44;4920&#44;4925&#44;4926&#44;4933&#44;4936&#44;4938&#44;4939&#44;4942&#44;4944&#44;4946&#44;4947&#44;4948&#44;4950&#44;4952&#44;4955&#44;4958&#44;4961&#44;4962&#44;4963&#44;4969&#44;4972&#44;4973&#44;4974&#44;4982&#44;4983&#44;4985&#44;4987&#44;4989&#44;4990&#44;4991&#44;4992&#44;4994&#44;4996&#44;4998&#44;4999&#44;6181&#44;6188&#44;6189&#44;6201&#44;6202&#44;6203&#44;6204&#44;6205&#44;6212&#44;6213&#44;6216&#44;6217&#44;6218&#44;6219&#44;6220&#44;6225&#44;6228&#44;6235&#44;6236&#44;6238&#44;6239&#44;6240&#44;6242&#44;6244&#44;6245&#44;6246&#44;6247&#44;6249&#44;6251&#44;6252&#44;6254&#44;6255&#44;6256&#44;6257&#44;6259&#44;6260&#44;6261&#44;6262&#44;6265&#44;6267&#44;6269&#44;6270&#44;6275&#44;6302&#44;6304&#44;6305&#44;6307&#44;6308&#44;6309&#44;6310&#44;6311&#44;6312&#44;6313&#44;6314&#44;6315&#44;6317&#44;6319&#44;6320&#44;6321&#44;6322&#44;6324&#44;6325&#44;6326&#44;6327&#44;6328&#44;6329&#44;6330&#44;6331&#44;6332&#44;6333&#44;6334&#44;6335&#44;6336&#44;6338&#44;6339&#44;6341&#44;6342&#44;6343&#44;6344&#44;6345&#44;6347&#44;6348&#44;6349&#44;6350&#44;6351&#44;6352&#44;6353&#44;6354&#44;6355&#44;6356&#44;6357&#44;6358&#44;6359&#44;6360&#44;6361&#44;6363&#44;6364&#44;6365&#44;6366&#44;6367&#44;6368&#44;6369&#44;6371&#44;6372&#44;6373&#44;6375&#44;6376&#44;6378&#44;6379&#44;6380&#44;6381&#44;6382&#44;6383&#44;6384&#44;6385&#44;6386&#44;6387&#44;6388&#44;6401&#44;6402&#44;6403&#44;6404&#44;6405&#44;6406&#44;6407&#44;6408&#44;6409&#44;6410&#44;6412&#44;6413&#44;6414&#44;6415&#44;6417&#44;6418&#44;6419&#44;6420&#44;6421&#44;6422&#44;6423&#44;6424&#44;6425&#44;6426&#44;6427&#44;6428&#44;6429&#44;6430&#44;6431&#44;6432&#44;6433&#44;6434&#44;6435&#44;6436&#44;6437&#44;6439&#44;6440&#44;6441&#44;6443&#44;6444&#44;6445&#44;6448&#44;6449&#44;6450&#44;6452&#44;6453&#44;6454&#44;6455&#44;6456&#44;6457&#44;6458&#44;6460&#44;6461&#44;6462&#44;6463&#44;6464&#44;6471&#44;6472&#44;6474&#44;6479&#44;6482&#44;6485&#44;6487&#44;6489&#44;6501&#44;6502&#44;6503&#44;6505&#44;6506&#44;6507&#44;6509&#44;6510&#44;6512&#44;6514&#44;6517&#44;6518&#44;6520&#44;6521&#44;6524&#44;6527&#44;6528&#44;6535&#44;6536&#44;6539&#44;6540&#44;6543&#44;6547&#44;6549&#44;6556&#44;6562&#44;6565&#44;6567&#44;6568&#44;6569&#44;6570&#44;6571&#44;6572&#44;6573&#44;6575&#44;6581&#44;6582&#44;6604&#44;6605&#44;6606&#44;6608&#44;6609&#44;6610&#44;6612&#44;6613&#44;6614&#44;6615&#44;6616&#44;6617&#44;6619&#44;6620&#44;6621&#44;6622&#44;6624&#44;6626&#44;6628&#44;6630&#44;6631&#44;6632&#44;6633&#44;6634&#44;6635&#44;6636&#44;6637&#44;6643&#44;6644&#44;6646&#44;6650&#44;6651&#44;6652&#44;6653&#44;6655&#44;6657&#44;6658&#44;6659&#44;6660&#44;6661&#44;6662&#44;6663&#44;6664&#44;6666&#44;6667&#44;6670&#44;6671&#44;6672&#44;6673&#44;6674&#44;6675&#44;6676&#44;6677&#44;6678&#44;6679&#44;6680&#44;6682&#44;6683&#44;6684&#44;6685&#44;6686&#44;6689&#44;6690&#44;6692&#44;6693&#44;6779&#44;6781&#44;6867&#44;6976&#44;6979&#44;7189&#44;7658&#44;7676&#44;8102&#44;8104&#44;8106&#44;8107&#44;8111&#44;8112&#44;8114&#44;8115&#44;8116&#44;8117&#44;8119&#44;8120&#44;8123&#44;8125&#44;8126&#44;8128&#44;8129&#44;8130&#44;8132&#44;8133&#44;8134&#44;8135&#44;8136&#44;8138&#44;8139&#44;8141&#44;8142&#44;8144&#44;8145&#44;8146&#44;8147&#44;8149&#44;8150&#44;8151&#44;8152&#44;8153&#44;8155&#44;8156&#44;8157&#44;8158&#44;8160&#44;8161&#44;8162&#44;8163&#44;8164&#44;8165&#44;8166&#44;8167&#44;8168&#44;8169&#44;8172&#44;8173&#44;8174&#44;8175&#44;8176&#44;8177&#44;8180&#44;8181&#44;8182&#44;8183&#44;8184&#44;8185&#44;8186&#44;8188&#44;8189&#44;8190&#44;8191&#44;8192&#44;8193&#44;8194&#44;8196&#44;8197&#44;8201&#44;8202&#44;8203&#44;8205&#44;8207&#44;8208&#44;8209&#44;8210&#44;8211&#44;8213&#44;8215&#44;8218&#44;8219&#44;8220&#44;8221&#44;8222&#44;8223&#44;8224&#44;8225&#44;8226&#44;8227&#44;8228&#44;8236&#44;8237&#44;8238&#44;8239&#44;8241&#44;8242&#44;8243&#44;8244&#44;8245&#44;8246&#44;8247&#44;8248&#44;8250&#44;8251&#44;8252&#44;8253&#44;8254&#44;8256&#44;8257&#44;8259&#44;8261&#44;8262&#44;8263&#44;8264&#44;8265&#44;8266&#44;8267&#44;8268&#44;8269&#44;8270&#44;8271&#44;8272&#44;8273&#44;8274&#44;8275&#44;8276&#44;8277&#44;8278&#44;8279&#44;8280&#44;8281&#44;8282&#44;8283&#44;8284&#44;8285&#44;8286&#44;8287&#44;8288&#44;8289&#44;8290&#44;8291&#44;8292&#44;8293&#44;8294&#44;8295&#44;8296&#44;8297&#44;8298&#44;8299&#44;""",12/6/21,12/6/21,N
layouts,Deli,57,,2021,12/6/21,1-NewFolderStructure/C057_Deli/C57_Effective_11152021_Planogram_Update_12-08-2021/,_C57_Effective_11152021_Planogram_Update_12-08-2021.pdf,"""4836&#44;4879&#44;6204&#44;6332&#44;6506&#44;6509&#44;""",12/8/21,12/8/21,N
layouts,Café Grab and Go,79-3,,2021,12/6/21,1-NewFolderStructure/C079_Cafe_Grab_n_Go/C79_Cafe_Grab_and_Go_Effective_12062021_Updated_12072021/,_C79_Cafe_Grab_and_Go_Effective_12062021_Updated_12072021.pdf,"""4703&#44;4704&#44;4741&#44;6418&#44;8128&#44;8272&#44;""",12/8/21,12/8/21,N
layouts,Bakery Tables,"""37&#44;77""",,2021,12/6/21,1-NewFolderStructure/C037_C077_Bakery_Tables/C37_77_Bakery_Tables_Effective_12062021_Updated_12092021/,_C37_77_Bakery_Tables_Effective_12062021_Updated_12092021.pdf,"""4109&#44;4702&#44;4703&#44;4704&#44;4707&#44;4709&#44;4710&#44;4711&#44;4712&#44;4713&#44;4718&#44;4720&#44;4721&#44;4722&#44;4724&#44;4728&#44;4729&#44;4730&#44;4731&#44;4732&#44;4735&#44;4736&#44;4738&#44;4739&#44;4740&#44;4741&#44;4742&#44;4743&#44;4745&#44;4749&#44;4750&#44;4755&#44;4761&#44;4763&#44;4764&#44;4767&#44;4768&#44;4769&#44;4770&#44;4771&#44;4772&#44;4774&#44;4775&#44;4776&#44;4777&#44;4778&#44;4780&#44;4781&#44;4782&#44;4783&#44;4784&#44;4785&#44;4786&#44;4787&#44;4789&#44;4790&#44;4791&#44;4794&#44;4795&#44;4797&#44;4798&#44;4799&#44;4801&#44;4802&#44;4804&#44;4805&#44;4808&#44;4815&#44;4816&#44;4817&#44;4818&#44;4819&#44;4820&#44;4822&#44;4824&#44;4825&#44;4828&#44;4829&#44;4830&#44;4831&#44;4836&#44;4837&#44;4839&#44;4840&#44;4843&#44;4846&#44;4847&#44;4850&#44;4851&#44;4852&#44;4853&#44;4855&#44;4857&#44;4859&#44;4860&#44;4861&#44;4866&#44;4870&#44;4871&#44;4872&#44;4873&#44;4874&#44;4875&#44;4876&#44;4878&#44;4879&#44;4901&#44;4905&#44;4906&#44;4908&#44;4911&#44;4914&#44;4915&#44;4917&#44;4920&#44;4925&#44;4926&#44;4933&#44;4936&#44;4938&#44;4939&#44;4942&#44;4944&#44;4946&#44;4947&#44;4948&#44;4950&#44;4952&#44;4955&#44;4958&#44;4961&#44;4962&#44;4963&#44;4969&#44;4972&#44;4973&#44;4974&#44;4982&#44;4983&#44;4985&#44;4987&#44;4989&#44;4990&#44;4991&#44;4992&#44;4994&#44;4996&#44;4998&#44;4999&#44;6181&#44;6188&#44;6189&#44;6201&#44;6202&#44;6203&#44;6204&#44;6205&#44;6212&#44;6213&#44;6216&#44;6217&#44;6218&#44;6219&#44;6220&#44;6225&#44;6228&#44;6235&#44;6236&#44;6238&#44;6239&#44;6240&#44;6242&#44;6244&#44;6245&#44;6246&#44;6247&#44;6249&#44;6251&#44;6252&#44;6254&#44;6255&#44;6256&#44;6257&#44;6259&#44;6260&#44;6261&#44;6262&#44;6265&#44;6267&#44;6269&#44;6270&#44;6275&#44;6302&#44;6304&#44;6305&#44;6307&#44;6308&#44;6309&#44;6310&#44;6311&#44;6312&#44;6313&#44;6314&#44;6315&#44;6317&#44;6319&#44;6320&#44;6321&#44;6322&#44;6324&#44;6325&#44;6326&#44;6327&#44;6328&#44;6329&#44;6330&#44;6331&#44;6332&#44;6333&#44;6334&#44;6335&#44;6336&#44;6338&#44;6339&#44;6341&#44;6342&#44;6343&#44;6344&#44;6345&#44;6347&#44;6348&#44;6349&#44;6350&#44;6351&#44;6352&#44;6353&#44;6354&#44;6355&#44;6356&#44;6357&#44;6358&#44;6359&#44;6360&#44;6361&#44;6363&#44;6364&#44;6365&#44;6366&#44;6367&#44;6368&#44;6369&#44;6371&#44;6372&#44;6373&#44;6375&#44;6376&#44;6378&#44;6379&#44;6380&#44;6381&#44;6382&#44;6383&#44;6384&#44;6385&#44;6386&#44;6387&#44;6388&#44;6401&#44;6402&#44;6403&#44;6404&#44;6405&#44;6406&#44;6407&#44;6408&#44;6409&#44;6410&#44;6412&#44;6413&#44;6414&#44;6415&#44;6417&#44;6418&#44;6419&#44;6420&#44;6421&#44;6422&#44;6423&#44;6424&#44;6425&#44;6426&#44;6427&#44;6428&#44;6429&#44;6430&#44;6431&#44;6432&#44;6433&#44;6434&#44;6435&#44;6436&#44;6437&#44;6439&#44;6440&#44;6441&#44;6443&#44;6444&#44;6445&#44;6448&#44;6449&#44;6450&#44;6452&#44;6453&#44;6454&#44;6455&#44;6456&#44;6457&#44;6458&#44;6460&#44;6461&#44;6462&#44;6463&#44;6464&#44;6471&#44;6472&#44;6474&#44;6479&#44;6482&#44;6485&#44;6487&#44;6489&#44;6501&#44;6502&#44;6503&#44;6505&#44;6506&#44;6507&#44;6509&#44;6510&#44;6512&#44;6514&#44;6517&#44;6518&#44;6520&#44;6521&#44;6524&#44;6527&#44;6528&#44;6535&#44;6536&#44;6539&#44;6540&#44;6543&#44;6547&#44;6549&#44;6556&#44;6562&#44;6565&#44;6567&#44;6568&#44;6569&#44;6570&#44;6571&#44;6572&#44;6573&#44;6575&#44;6581&#44;6582&#44;6604&#44;6605&#44;6606&#44;6608&#44;6609&#44;6610&#44;6612&#44;6613&#44;6614&#44;6615&#44;6616&#44;6617&#44;6619&#44;6620&#44;6621&#44;6622&#44;6624&#44;6626&#44;6628&#44;6630&#44;6631&#44;6632&#44;6633&#44;6634&#44;6635&#44;6636&#44;6637&#44;6643&#44;6644&#44;6646&#44;6650&#44;6651&#44;6652&#44;6653&#44;6655&#44;6657&#44;6658&#44;6659&#44;6660&#44;6661&#44;6662&#44;6663&#44;6664&#44;6666&#44;6667&#44;6670&#44;6671&#44;6672&#44;6673&#44;6674&#44;6675&#44;6676&#44;6677&#44;6678&#44;6679&#44;6680&#44;6682&#44;6683&#44;6684&#44;6685&#44;6686&#44;6689&#44;6690&#44;6692&#44;6693&#44;6779&#44;6781&#44;6867&#44;6976&#44;6979&#44;7189&#44;7658&#44;7676&#44;8102&#44;8104&#44;8106&#44;8107&#44;8111&#44;8112&#44;8114&#44;8115&#44;8116&#44;8117&#44;8119&#44;8120&#44;8123&#44;8125&#44;8126&#44;8128&#44;8129&#44;8130&#44;8132&#44;8133&#44;8134&#44;8135&#44;8136&#44;8138&#44;8139&#44;8141&#44;8142&#44;8144&#44;8145&#44;8146&#44;8147&#44;8149&#44;8150&#44;8151&#44;8152&#44;8153&#44;8155&#44;8156&#44;8157&#44;8158&#44;8160&#44;8161&#44;8162&#44;8163&#44;8164&#44;8165&#44;8166&#44;8167&#44;8168&#44;8169&#44;8172&#44;8173&#44;8174&#44;8175&#44;8176&#44;8177&#44;8180&#44;8181&#44;8182&#44;8183&#44;8184&#44;8185&#44;8186&#44;8188&#44;8189&#44;8190&#44;8191&#44;8192&#44;8193&#44;8194&#44;8196&#44;8197&#44;8201&#44;8202&#44;8203&#44;8205&#44;8207&#44;8208&#44;8209&#44;8210&#44;8211&#44;8213&#44;8215&#44;8218&#44;8219&#44;8220&#44;8221&#44;8222&#44;8223&#44;8224&#44;8225&#44;8226&#44;8227&#44;8228&#44;8236&#44;8237&#44;8238&#44;8239&#44;8241&#44;8242&#44;8243&#44;8244&#44;8245&#44;8246&#44;8247&#44;8248&#44;8250&#44;8251&#44;8252&#44;8253&#44;8254&#44;8256&#44;8257&#44;8259&#44;8261&#44;8262&#44;8263&#44;8264&#44;8265&#44;8266&#44;8267&#44;8268&#44;8269&#44;8270&#44;8271&#44;8272&#44;8273&#44;8274&#44;8275&#44;8276&#44;8277&#44;8278&#44;8279&#44;8280&#44;8281&#44;8282&#44;8283&#44;8284&#44;8285&#44;8286&#44;8287&#44;8288&#44;8289&#44;8290&#44;8291&#44;8292&#44;8293&#44;8294&#44;8295&#44;8296&#44;8297&#44;8298&#44;8299&#44;""",12/9/21,12/9/21,N
layouts,HMS,79-2,,2021,12/6/21,1-NewFolderStructure/C079_HMS/C79_HMS_EFFECTIVE__12062021/,_C79_HMS_EFFECTIVE_12062021.pdf,"""4791&#44;4876&#44;4948&#44;6245&#44;6322&#44;6421&#44;6424&#44;8185&#44;""",12/13/21,12/13/21,N
layouts,Meat and Seafood,"""72&#44;76&#44;93""",,2021,12/10/21,1-NewFolderStructure/C076_C072_C093_Fresh_Meat_Seafood/C72_C76_C93_Effective_12062021_Planogram_Updated_12092021/,_C72_C76_C93_Effective_12062021_Planogram_Updated_12092021.pdf,"""4109&#44;4710&#44;4724&#44;4740&#44;4741&#44;4755&#44;4774&#44;4797&#44;4820&#44;4831&#44;4851&#44;4855&#44;4866&#44;4875&#44;4876&#44;4878&#44;4908&#44;4930&#44;4958&#44;4992&#44;4994&#44;6201&#44;6202&#44;6225&#44;6228&#44;6239&#44;6245&#44;6249&#44;6252&#44;6256&#44;6260&#44;6270&#44;6304&#44;6317&#44;6322&#44;6325&#44;6326&#44;6327&#44;6332&#44;6333&#44;6334&#44;6336&#44;6338&#44;6352&#44;6356&#44;6359&#44;6368&#44;6371&#44;6377&#44;6381&#44;6383&#44;6386&#44;6402&#44;6406&#44;6409&#44;6410&#44;6417&#44;6423&#44;6437&#44;6439&#44;""",12/10/21,12/10/21,N
layouts,HMS,79-2,,2021,12/15/21,1-NewFolderStructure/C079_HMS/C79_HMS_EFFECTIVE_12152021/,_C79_HMS_EFFECTIVE_12152021.pdf,"""4794&#44;4797&#44;4831&#44;4857&#44;4872&#44;4879&#44;4901&#44;4946&#44;4991&#44;6203&#44;6216&#44;6355&#44;6387&#44;6443&#44;6445&#44;6452&#44;6506&#44;6540&#44;6976&#44;8116&#44;8120&#44;8129&#44;8130&#44;8142&#44;8155&#44;8157&#44;8202&#44;8252&#44;""",12/14/21,12/14/21,N
layouts,Deli,57,,2021,12/15/21,1-NewFolderStructure/C057_Deli/C57_Effective_11152021_Planogram_Update_12-15-2021/,_C57_Effective_11152021_Planogram_Update_12-15-2021.pdf,"""6533&#44;""",12/15/21,12/15/21,N
layouts,Coolers,42-2,,2021,12/15/21,1-NewFolderStructure/C042_Coolers/C42_Effective_12102021_Planogram_Updated_12102021/,_C42_Effective_12102021_Planogram_Updated_12102021.pdf,"""6269&#44;4791&#44;8155&#44;""",12/15/21,12/15/21,N
layouts,Café Grab and Go,79-3,,2021,12/15/21,1-NewFolderStructure/C079_Cafe_Grab_n_Go/C79_Cafe_Grab_and_Go_effective_09062021_Updated_12142021/,_C79_Cafe_Grab_and_Go_Effective_12062021_Updated_12142021.pdf,"""6219&#44;8185&#44;""",12/15/21,12/15/21,N
layouts,Bakery Tables,"""37&#44;77""",,2021,12/16/21,1-NewFolderStructure/C037_C077_Bakery_Tables/C37_77_Bakery_Tables_Effective_12062021_Updated_12162021/,_C37_77_Bakery_Tables_Effective_12062021_Updated_12162021.pdf,"""6690&#44;6543&#44;6680&#44;6689&#44;4866&#44;6225&#44;6270&#44;""",12/16/21,12/16/21,N
layouts,Café Grab and Go,79-3,,2021,12/16/21,1-NewFolderStructure/C079_Cafe_Grab_n_Go/C79_Cafe_Grab_and_Go_Effective_12062021_Updated_12142021/,_C79_Cafe_Grab_and_Go_Effective_12062021_Updated_12142021.pdf,"""8185&#44;6219&#44;8106&#44;""",12/16/21,12/16/21,N
layouts,Coolers,42-2,,2021,12/27/21,1-NewFolderStructure/C042_Coolers/C42_Effective_12272021_Planogram_Updated_12162021/,_C42_Effective_12272021_Planogram_Updated_12162021.pdf,"""4109&#44;4702&#44;4703&#44;4704&#44;4707&#44;4709&#44;4710&#44;4711&#44;4712&#44;4713&#44;4718&#44;4720&#44;4721&#44;4722&#44;4724&#44;4728&#44;4729&#44;4730&#44;4731&#44;4732&#44;4735&#44;4736&#44;4738&#44;4739&#44;4740&#44;4741&#44;4742&#44;4743&#44;4745&#44;4749&#44;4750&#44;4755&#44;4761&#44;4763&#44;4764&#44;4767&#44;4768&#44;4769&#44;4770&#44;4771&#44;4772&#44;4774&#44;4775&#44;4776&#44;4777&#44;4778&#44;4780&#44;4781&#44;4782&#44;4783&#44;4784&#44;4785&#44;4786&#44;4787&#44;4789&#44;4790&#44;4791&#44;4794&#44;4795&#44;4797&#44;4798&#44;4799&#44;4801&#44;4802&#44;4804&#44;4805&#44;4808&#44;4815&#44;4816&#44;4817&#44;4818&#44;4819&#44;4820&#44;4822&#44;4824&#44;4825&#44;4828&#44;4829&#44;4830&#44;4831&#44;4836&#44;4837&#44;4839&#44;4840&#44;4843&#44;4846&#44;4847&#44;4850&#44;4851&#44;4852&#44;4853&#44;4855&#44;4857&#44;4859&#44;4860&#44;4861&#44;4866&#44;4870&#44;4871&#44;4872&#44;4873&#44;4874&#44;4875&#44;4876&#44;4878&#44;4879&#44;4901&#44;4905&#44;4906&#44;4908&#44;4911&#44;4914&#44;4915&#44;4917&#44;4920&#44;4925&#44;4926&#44;4930&#44;4933&#44;4936&#44;4938&#44;4939&#44;4942&#44;4944&#44;4946&#44;4947&#44;4948&#44;4950&#44;4952&#44;4955&#44;4958&#44;4961&#44;4962&#44;4963&#44;4969&#44;4972&#44;4973&#44;4974&#44;4982&#44;4983&#44;4985&#44;4987&#44;4989&#44;4990&#44;4991&#44;4992&#44;4994&#44;4996&#44;4998&#44;4999&#44;6181&#44;6188&#44;6189&#44;6201&#44;6202&#44;6203&#44;6204&#44;6205&#44;6212&#44;6213&#44;6216&#44;6217&#44;6218&#44;6219&#44;6220&#44;6225&#44;6228&#44;6235&#44;6236&#44;6238&#44;6239&#44;6240&#44;6242&#44;6244&#44;6245&#44;6246&#44;6247&#44;6249&#44;6251&#44;6252&#44;6254&#44;6255&#44;6256&#44;6257&#44;6259&#44;6260&#44;6261&#44;6262&#44;6265&#44;6267&#44;6269&#44;6270&#44;6275&#44;6302&#44;6304&#44;6305&#44;6307&#44;6308&#44;6309&#44;6310&#44;6311&#44;6312&#44;6313&#44;6314&#44;6315&#44;6317&#44;6319&#44;6320&#44;6321&#44;6322&#44;6324&#44;6325&#44;6326&#44;6327&#44;6328&#44;6329&#44;6330&#44;6331&#44;6332&#44;6333&#44;6334&#44;6335&#44;6336&#44;6338&#44;6339&#44;6341&#44;6342&#44;6343&#44;6344&#44;6345&#44;6347&#44;6348&#44;6349&#44;6350&#44;6351&#44;6352&#44;6353&#44;6354&#44;6355&#44;6356&#44;6357&#44;6358&#44;6359&#44;6360&#44;6361&#44;6363&#44;6364&#44;6365&#44;6366&#44;6367&#44;6368&#44;6369&#44;6371&#44;6372&#44;6373&#44;6375&#44;6376&#44;6377&#44;6378&#44;6379&#44;6380&#44;6381&#44;6382&#44;6383&#44;6384&#44;6385&#44;6386&#44;6387&#44;6388&#44;6401&#44;6402&#44;6403&#44;6404&#44;6405&#44;6406&#44;6407&#44;6408&#44;6409&#44;6410&#44;6412&#44;6413&#44;6414&#44;6415&#44;6417&#44;6418&#44;6419&#44;6420&#44;6421&#44;6422&#44;6423&#44;6424&#44;6425&#44;6426&#44;6427&#44;6428&#44;6429&#44;6430&#44;6431&#44;6432&#44;6433&#44;6434&#44;6435&#44;6436&#44;6437&#44;6439&#44;6440&#44;6441&#44;6443&#44;6444&#44;6445&#44;6448&#44;6449&#44;6450&#44;6452&#44;6453&#44;6454&#44;6455&#44;6456&#44;6457&#44;6458&#44;6460&#44;6461&#44;6462&#44;6463&#44;6464&#44;6471&#44;6472&#44;6474&#44;6479&#44;6482&#44;6485&#44;6487&#44;6489&#44;6501&#44;6502&#44;6503&#44;6505&#44;6506&#44;6507&#44;6509&#44;6510&#44;6512&#44;6514&#44;6517&#44;6518&#44;6520&#44;6521&#44;6524&#44;6527&#44;6528&#44;6533&#44;6535&#44;6536&#44;6539&#44;6540&#44;6543&#44;6547&#44;6549&#44;6556&#44;6562&#44;6565&#44;6567&#44;6568&#44;6569&#44;6570&#44;6571&#44;6572&#44;6573&#44;6575&#44;6581&#44;6582&#44;6604&#44;6605&#44;6606&#44;6608&#44;6609&#44;6610&#44;6612&#44;6613&#44;6614&#44;6615&#44;6616&#44;6617&#44;6619&#44;6620&#44;6621&#44;6622&#44;6624&#44;6626&#44;6628&#44;6630&#44;6631&#44;6632&#44;6633&#44;6634&#44;6635&#44;6636&#44;6637&#44;6643&#44;6644&#44;6646&#44;6650&#44;6651&#44;6652&#44;6653&#44;6655&#44;6657&#44;6658&#44;6659&#44;6660&#44;6661&#44;6662&#44;6663&#44;6664&#44;6666&#44;6667&#44;6670&#44;6671&#44;6672&#44;6673&#44;6674&#44;6675&#44;6676&#44;6677&#44;6678&#44;6679&#44;6680&#44;6682&#44;6683&#44;6684&#44;6685&#44;6686&#44;6689&#44;6690&#44;6692&#44;6693&#44;6779&#44;6781&#44;6867&#44;6976&#44;6979&#44;7189&#44;7658&#44;7676&#44;8102&#44;8104&#44;8106&#44;8107&#44;8111&#44;8112&#44;8114&#44;8115&#44;8116&#44;8117&#44;8119&#44;8120&#44;8123&#44;8125&#44;8126&#44;8128&#44;8129&#44;8130&#44;8132&#44;8133&#44;8134&#44;8135&#44;8136&#44;8138&#44;8139&#44;8141&#44;8142&#44;8144&#44;8145&#44;8146&#44;8147&#44;8149&#44;8150&#44;8151&#44;8152&#44;8153&#44;8155&#44;8156&#44;8157&#44;8158&#44;8160&#44;8161&#44;8162&#44;8163&#44;8164&#44;8165&#44;8166&#44;8167&#44;8168&#44;8169&#44;8172&#44;8173&#44;8174&#44;8175&#44;8176&#44;8177&#44;8180&#44;8181&#44;8182&#44;8183&#44;8184&#44;8185&#44;8186&#44;8188&#44;8189&#44;8190&#44;8191&#44;8192&#44;8193&#44;8194&#44;8196&#44;8197&#44;8201&#44;8202&#44;8203&#44;8205&#44;8207&#44;8208&#44;8209&#44;8210&#44;8211&#44;8213&#44;8215&#44;8218&#44;8219&#44;8220&#44;8221&#44;8222&#44;8223&#44;8224&#44;8225&#44;8226&#44;8227&#44;8228&#44;8236&#44;8237&#44;8238&#44;8239&#44;8241&#44;8242&#44;8243&#44;8244&#44;8245&#44;8246&#44;8247&#44;8248&#44;8250&#44;8251&#44;8252&#44;8253&#44;8254&#44;8256&#44;8257&#44;8259&#44;8261&#44;8262&#44;8263&#44;8264&#44;8265&#44;8266&#44;8267&#44;8268&#44;8269&#44;8270&#44;8271&#44;8272&#44;8273&#44;8274&#44;8275&#44;8276&#44;8277&#44;8278&#44;8279&#44;8280&#44;8281&#44;8282&#44;8283&#44;8284&#44;8285&#44;8286&#44;8287&#44;8288&#44;8289&#44;8290&#44;8291&#44;8292&#44;8293&#44;8294&#44;8295&#44;8296&#44;8297&#44;8298&#44;8299&#44;""",12/21/21,12/21/21,N
layouts,Bakery Tables,"""37&#44;77""",,2022,1/3/22,1-NewFolderStructure/C037_C077_Bakery_Tables/C37_77_Bakery_Tables_Effective_01032022_Updated_12172021/,_C37_77_Bakery_Tables_Effective_01032022_Updated_12172021.pdf,"""4958&#44;6338&#44;6521&#44;6527&#44;6617&#44;8227&#44;8244&#44;8281&#44;""",12/21/21,12/21/21,N
layouts,Bakery Dessert,"""37-2&#44;77-2""",,2022,1/3/22,1-NewFolderStructure/C037_C077_Bakery_Dessert/C77_C37_Effective_01032022_Updated_12202021/,_C77_C37_Effective_01032022_Updated_12202021.pdf,"""4958&#44;6338&#44;6521&#44;6527&#44;6617&#44;8227&#44;8244&#44;8281&#44;""",12/21/21,12/21/21,N
layouts,Cake Case,"""37-3&#44;77-3""",,2022,1/3/22,1-NewFolderStructure/C037_C077_Cake_Case/C37_Effective_01032022_Updated_12202021/,_C77_C37_Effective_01032022_Updated_12202021.pdf,"""4958&#44;6338&#44;6521&#44;6527&#44;6617&#44;8227&#44;8244&#44;8281&#44;""",12/21/21,12/21/21,N
layouts,Bakery Pallets,"""37-4&#44;77-4""",,2022,1/3/22,1-NewFolderStructure/C037_C077_Bakery_Pallets/C37_77_Bakery_Pallets_Effective_01032022_Updated_1217021/,_C37_77_Bakery_Pallets_Effective_01032022_Updated_1217021.pdf,"""4958&#44;6338&#44;6521&#44;6527&#44;6617&#44;8227&#44;8244&#44;8281&#44;""",12/21/21,12/21/21,N
layouts,Coolers,42-2,,2022,1/3/22,1-NewFolderStructure/C042_Coolers/C42_Effective_01032022_Planogram_Updated_12162021/,_C42_Effective_01032022_Planogram_Updated_12162021.pdf,"""4958&#44;6338&#44;6521&#44;6527&#44;6617&#44;8227&#44;8244&#44;8281&#44;""",12/21/21,12/21/21,N
layouts,Meat and Seafood,"""72&#44;76&#44;93""",,2022,1/3/22,1-NewFolderStructure/C076_C072_C093_Fresh_Meat_Seafood/C72_C76_C93_Effective_01032022_Planogram_Updated_12192021/,_C72_C76_C93_Effective_01032022_Planogram_Updated_12192021.pdf,"""4958&#44;6338&#44;6521&#44;6527&#44;6617&#44;8227&#44;8244&#44;8281&#44;""",12/21/21,12/21/21,N
layouts,HMS,79-2,,2022,1/3/22,1-NewFolderStructure/C079_HMS/C79_HMS_EFFECTIVE_1032022/,_C79_HMS_EFFECTIVE_1032022.pdf,"""4958&#44;6338&#44;6521&#44;6527&#44;6617&#44;8227&#44;8244&#44;8281&#44;""",12/21/21,12/21/21,N
layouts,Café Grab and Go,79-3,,2022,1/3/22,1-NewFolderStructure/C079_Cafe_Grab_n_Go/C79_Cafe_Grab_and_Go/,_C79_Cafe_Grab_and_Go.pdf,"""4958&#44;6338&#44;6521&#44;6527&#44;6617&#44;8227&#44;8244&#44;8281&#44;""",12/21/21,12/21/21,N
layouts,Deli,57,,2022,1/3/22,1-NewFolderStructure/C057_Deli/C57_Effective_01172022_Planogram_Update_12-22-2021/,_C57_Effective_01172022_Planogram_Update_12-22-2021.pdf,"""4958&#44;6338&#44;6521&#44;6527&#44;6617&#44;8227&#44;8244&#44;8281&#44;""",12/23/21,12/23/21,N
layouts,Bakery Tables,"""37&#44;77""",,2022,1/3/22,1-NewFolderStructure/C037_C077_Bakery_Tables/C37_77_Bakery_Tables_Effective_01032022_Updated_12222021/,_C37_77_Bakery_Tables_Effective_01032022_Updated_12222021.pdf,"""4109&#44;4702&#44;4703&#44;4704&#44;4707&#44;4709&#44;4710&#44;4711&#44;4712&#44;4713&#44;4718&#44;4720&#44;4721&#44;4722&#44;4724&#44;4728&#44;4729&#44;4730&#44;4731&#44;4732&#44;4735&#44;4736&#44;4738&#44;4739&#44;4740&#44;4741&#44;4742&#44;4743&#44;4745&#44;4749&#44;4750&#44;4755&#44;4761&#44;4763&#44;4764&#44;4767&#44;4768&#44;4769&#44;4770&#44;4771&#44;4772&#44;4774&#44;4775&#44;4776&#44;4777&#44;4778&#44;4780&#44;4781&#44;4782&#44;4783&#44;4784&#44;4785&#44;4786&#44;4787&#44;4789&#44;4790&#44;4791&#44;4794&#44;4795&#44;4797&#44;4798&#44;4799&#44;4801&#44;4802&#44;4804&#44;4805&#44;4808&#44;4815&#44;4816&#44;4817&#44;4818&#44;4819&#44;4820&#44;4822&#44;4824&#44;4825&#44;4828&#44;4829&#44;4830&#44;4831&#44;4836&#44;4837&#44;4839&#44;4840&#44;4843&#44;4846&#44;4847&#44;4850&#44;4851&#44;4852&#44;4853&#44;4855&#44;4857&#44;4859&#44;4860&#44;4861&#44;4866&#44;4870&#44;4871&#44;4872&#44;4873&#44;4874&#44;4875&#44;4876&#44;4878&#44;4879&#44;4901&#44;4905&#44;4906&#44;4908&#44;4911&#44;4914&#44;4915&#44;4917&#44;4920&#44;4925&#44;4926&#44;4933&#44;4936&#44;4938&#44;4939&#44;4942&#44;4944&#44;4946&#44;4947&#44;4948&#44;4950&#44;4952&#44;4955&#44;4958&#44;4961&#44;4962&#44;4963&#44;4969&#44;4972&#44;4973&#44;4974&#44;4982&#44;4983&#44;4985&#44;4987&#44;4989&#44;4990&#44;4991&#44;4992&#44;4994&#44;4996&#44;4998&#44;4999&#44;6181&#44;6188&#44;6189&#44;6201&#44;6202&#44;6203&#44;6204&#44;6205&#44;6212&#44;6213&#44;6216&#44;6217&#44;6218&#44;6219&#44;6220&#44;6225&#44;6228&#44;6235&#44;6236&#44;6238&#44;6239&#44;6240&#44;6242&#44;6244&#44;6245&#44;6246&#44;6247&#44;6249&#44;6251&#44;6252&#44;6254&#44;6255&#44;6256&#44;6257&#44;6259&#44;6260&#44;6261&#44;6262&#44;6265&#44;6267&#44;6269&#44;6270&#44;6275&#44;6302&#44;6304&#44;6305&#44;6307&#44;6308&#44;6309&#44;6310&#44;6311&#44;6312&#44;6313&#44;6314&#44;6315&#44;6317&#44;6319&#44;6320&#44;6321&#44;6322&#44;6324&#44;6325&#44;6326&#44;6327&#44;6328&#44;6329&#44;6330&#44;6331&#44;6332&#44;6333&#44;6334&#44;6335&#44;6336&#44;6338&#44;6339&#44;6341&#44;6342&#44;6343&#44;6344&#44;6345&#44;6347&#44;6348&#44;6349&#44;6350&#44;6351&#44;6352&#44;6353&#44;6354&#44;6355&#44;6356&#44;6357&#44;6358&#44;6359&#44;6360&#44;6361&#44;6363&#44;6364&#44;6365&#44;6366&#44;6367&#44;6368&#44;6369&#44;6371&#44;6372&#44;6373&#44;6375&#44;6376&#44;6378&#44;6379&#44;6380&#44;6381&#44;6382&#44;6383&#44;6384&#44;6385&#44;6386&#44;6387&#44;6388&#44;6401&#44;6402&#44;6403&#44;6404&#44;6405&#44;6406&#44;6407&#44;6408&#44;6409&#44;6410&#44;6412&#44;6413&#44;6414&#44;6415&#44;6417&#44;6418&#44;6419&#44;6420&#44;6421&#44;6422&#44;6423&#44;6424&#44;6425&#44;6426&#44;6427&#44;6428&#44;6429&#44;6430&#44;6431&#44;6432&#44;6433&#44;6434&#44;6435&#44;6436&#44;6437&#44;6439&#44;6440&#44;6441&#44;6443&#44;6444&#44;6445&#44;6448&#44;6449&#44;6450&#44;6452&#44;6453&#44;6454&#44;6455&#44;6456&#44;6457&#44;6458&#44;6460&#44;6461&#44;6462&#44;6463&#44;6464&#44;6471&#44;6472&#44;6474&#44;6479&#44;6482&#44;6485&#44;6487&#44;6489&#44;6501&#44;6502&#44;6503&#44;6505&#44;6506&#44;6507&#44;6509&#44;6510&#44;6512&#44;6514&#44;6517&#44;6518&#44;6520&#44;6521&#44;6524&#44;6527&#44;6528&#44;6535&#44;6536&#44;6539&#44;6540&#44;6543&#44;6547&#44;6549&#44;6556&#44;6562&#44;6565&#44;6567&#44;6568&#44;6569&#44;6570&#44;6571&#44;6572&#44;6573&#44;6575&#44;6581&#44;6582&#44;6604&#44;6605&#44;6606&#44;6608&#44;6609&#44;6610&#44;6612&#44;6613&#44;6614&#44;6615&#44;6616&#44;6617&#44;6619&#44;6620&#44;6621&#44;6622&#44;6624&#44;6626&#44;6628&#44;6630&#44;6631&#44;6632&#44;6633&#44;6634&#44;6635&#44;6636&#44;6637&#44;6643&#44;6644&#44;6646&#44;6650&#44;6651&#44;6652&#44;6653&#44;6655&#44;6657&#44;6658&#44;6659&#44;6660&#44;6661&#44;6662&#44;6663&#44;6664&#44;6666&#44;6667&#44;6670&#44;6671&#44;6672&#44;6673&#44;6674&#44;6675&#44;6676&#44;6677&#44;6678&#44;6679&#44;6680&#44;6682&#44;6683&#44;6684&#44;6685&#44;6686&#44;6689&#44;6690&#44;6692&#44;6693&#44;6779&#44;6781&#44;6867&#44;6976&#44;6979&#44;7189&#44;7658&#44;7676&#44;8102&#44;8104&#44;8106&#44;8107&#44;8111&#44;8112&#44;8114&#44;8115&#44;8116&#44;8117&#44;8119&#44;8120&#44;8123&#44;8125&#44;8126&#44;8128&#44;8129&#44;8130&#44;8132&#44;8133&#44;8134&#44;8135&#44;8136&#44;8138&#44;8139&#44;8141&#44;8142&#44;8144&#44;8145&#44;8146&#44;8147&#44;8149&#44;8150&#44;8151&#44;8152&#44;8153&#44;8155&#44;8156&#44;8157&#44;8158&#44;8160&#44;8161&#44;8162&#44;8163&#44;8164&#44;8165&#44;8166&#44;8167&#44;8168&#44;8169&#44;8172&#44;8173&#44;8174&#44;8175&#44;8176&#44;8177&#44;8180&#44;8181&#44;8182&#44;8183&#44;8184&#44;8185&#44;8186&#44;8188&#44;8189&#44;8190&#44;8191&#44;8192&#44;8193&#44;8194&#44;8196&#44;8197&#44;8201&#44;8202&#44;8203&#44;8205&#44;8207&#44;8208&#44;8209&#44;8210&#44;8211&#44;8213&#44;8215&#44;8218&#44;8219&#44;8220&#44;8221&#44;8222&#44;8223&#44;8224&#44;8225&#44;8226&#44;8227&#44;8228&#44;8236&#44;8237&#44;8238&#44;8239&#44;8241&#44;8242&#44;8243&#44;8244&#44;8245&#44;8246&#44;8247&#44;8248&#44;8250&#44;8251&#44;8252&#44;8253&#44;8254&#44;8256&#44;8257&#44;8259&#44;8261&#44;8262&#44;8263&#44;8264&#44;8265&#44;8266&#44;8267&#44;8268&#44;8269&#44;8270&#44;8271&#44;8272&#44;8273&#44;8274&#44;8275&#44;8276&#44;8277&#44;8278&#44;8279&#44;8280&#44;8281&#44;8282&#44;8283&#44;8284&#44;8285&#44;8286&#44;8287&#44;8288&#44;8289&#44;8290&#44;8291&#44;8292&#44;8293&#44;8294&#44;8295&#44;8296&#44;8297&#44;8298&#44;8299&#44;""",12/23/21,12/23/21,N
layouts,Bakery Dessert,"""37-2&#44;77-2""",,2022,1/3/22,1-NewFolderStructure/C037_C077_Bakery_Dessert/C77__C37_Effective_01032022_Updated_12202021/,_C77_C37_Effective_01032022_Updated_12202021.pdf,"""4109&#44;4702&#44;4703&#44;4704&#44;4707&#44;4709&#44;4710&#44;4711&#44;4712&#44;4713&#44;4718&#44;4720&#44;4721&#44;4722&#44;4724&#44;4728&#44;4729&#44;4730&#44;4731&#44;4732&#44;4735&#44;4736&#44;4738&#44;4739&#44;4740&#44;4741&#44;4742&#44;4743&#44;4745&#44;4749&#44;4750&#44;4755&#44;4761&#44;4763&#44;4764&#44;4767&#44;4768&#44;4769&#44;4770&#44;4771&#44;4772&#44;4774&#44;4775&#44;4776&#44;4777&#44;4778&#44;4780&#44;4781&#44;4782&#44;4783&#44;4784&#44;4785&#44;4786&#44;4787&#44;4789&#44;4790&#44;4791&#44;4794&#44;4795&#44;4797&#44;4798&#44;4799&#44;4801&#44;4802&#44;4804&#44;4805&#44;4808&#44;4815&#44;4816&#44;4817&#44;4818&#44;4819&#44;4820&#44;4822&#44;4824&#44;4825&#44;4828&#44;4829&#44;4830&#44;4831&#44;4836&#44;4837&#44;4839&#44;4840&#44;4843&#44;4846&#44;4847&#44;4850&#44;4851&#44;4852&#44;4853&#44;4855&#44;4857&#44;4859&#44;4860&#44;4861&#44;4866&#44;4870&#44;4871&#44;4872&#44;4873&#44;4874&#44;4875&#44;4876&#44;4878&#44;4879&#44;4901&#44;4905&#44;4906&#44;4908&#44;4911&#44;4914&#44;4915&#44;4917&#44;4920&#44;4925&#44;4926&#44;4933&#44;4936&#44;4938&#44;4939&#44;4942&#44;4944&#44;4946&#44;4947&#44;4948&#44;4950&#44;4952&#44;4955&#44;4958&#44;4961&#44;4962&#44;4963&#44;4969&#44;4972&#44;4973&#44;4974&#44;4982&#44;4983&#44;4985&#44;4987&#44;4989&#44;4990&#44;4991&#44;4992&#44;4994&#44;4996&#44;4998&#44;4999&#44;6181&#44;6188&#44;6189&#44;6201&#44;6202&#44;6203&#44;6204&#44;6205&#44;6212&#44;6213&#44;6216&#44;6217&#44;6218&#44;6219&#44;6220&#44;6225&#44;6228&#44;6235&#44;6236&#44;6238&#44;6239&#44;6240&#44;6242&#44;6244&#44;6245&#44;6246&#44;6247&#44;6249&#44;6251&#44;6252&#44;6254&#44;6255&#44;6256&#44;6257&#44;6259&#44;6260&#44;6261&#44;6262&#44;6265&#44;6267&#44;6269&#44;6270&#44;6275&#44;6302&#44;6304&#44;6305&#44;6307&#44;6308&#44;6309&#44;6310&#44;6311&#44;6312&#44;6313&#44;6314&#44;6315&#44;6317&#44;6319&#44;6320&#44;6321&#44;6322&#44;6324&#44;6325&#44;6326&#44;6327&#44;6328&#44;6329&#44;6330&#44;6331&#44;6332&#44;6333&#44;6334&#44;6335&#44;6336&#44;6338&#44;6339&#44;6341&#44;6342&#44;6343&#44;6344&#44;6345&#44;6347&#44;6348&#44;6349&#44;6350&#44;6351&#44;6352&#44;6353&#44;6354&#44;6355&#44;6356&#44;6357&#44;6358&#44;6359&#44;6360&#44;6361&#44;6363&#44;6364&#44;6365&#44;6366&#44;6367&#44;6368&#44;6369&#44;6371&#44;6372&#44;6373&#44;6375&#44;6376&#44;6377&#44;6378&#44;6379&#44;6380&#44;6381&#44;6382&#44;6383&#44;6384&#44;6385&#44;6386&#44;6387&#44;6388&#44;6401&#44;6402&#44;6403&#44;6404&#44;6405&#44;6406&#44;6407&#44;6408&#44;6409&#44;6410&#44;6412&#44;6413&#44;6414&#44;6415&#44;6417&#44;6418&#44;6419&#44;6420&#44;6421&#44;6422&#44;6423&#44;6424&#44;6425&#44;6426&#44;6427&#44;6428&#44;6429&#44;6430&#44;6431&#44;6432&#44;6433&#44;6434&#44;6435&#44;6436&#44;6437&#44;6439&#44;6440&#44;6441&#44;6443&#44;6444&#44;6445&#44;6448&#44;6449&#44;6450&#44;6452&#44;6453&#44;6454&#44;6455&#44;6456&#44;6457&#44;6458&#44;6460&#44;6461&#44;6462&#44;6463&#44;6464&#44;6471&#44;6472&#44;6474&#44;6479&#44;6482&#44;6485&#44;6487&#44;6489&#44;6501&#44;6502&#44;6503&#44;6505&#44;6506&#44;6507&#44;6509&#44;6510&#44;6512&#44;6514&#44;6517&#44;6518&#44;6520&#44;6521&#44;6524&#44;6527&#44;6528&#44;6535&#44;6536&#44;6539&#44;6540&#44;6543&#44;6547&#44;6549&#44;6556&#44;6562&#44;6565&#44;6567&#44;6568&#44;6569&#44;6570&#44;6571&#44;6572&#44;6573&#44;6575&#44;6581&#44;6582&#44;6604&#44;6605&#44;6606&#44;6608&#44;6609&#44;6610&#44;6612&#44;6613&#44;6614&#44;6615&#44;6616&#44;6617&#44;6619&#44;6620&#44;6621&#44;6622&#44;6624&#44;6626&#44;6628&#44;6630&#44;6631&#44;6632&#44;6633&#44;6634&#44;6635&#44;6636&#44;6637&#44;6643&#44;6644&#44;6646&#44;6650&#44;6651&#44;6652&#44;6653&#44;6655&#44;6657&#44;6658&#44;6659&#44;6660&#44;6661&#44;6662&#44;6663&#44;6664&#44;6666&#44;6667&#44;6670&#44;6671&#44;6672&#44;6673&#44;6674&#44;6675&#44;6676&#44;6677&#44;6678&#44;6679&#44;6680&#44;6682&#44;6683&#44;6684&#44;6685&#44;6686&#44;6689&#44;6690&#44;6692&#44;6693&#44;6779&#44;6781&#44;6867&#44;6976&#44;6979&#44;7189&#44;7658&#44;7676&#44;8102&#44;8104&#44;8106&#44;8107&#44;8111&#44;8112&#44;8114&#44;8115&#44;8116&#44;8117&#44;8119&#44;8120&#44;8123&#44;8125&#44;8126&#44;8128&#44;8129&#44;8130&#44;8132&#44;8133&#44;8134&#44;8135&#44;8136&#44;8138&#44;8139&#44;8141&#44;8142&#44;8144&#44;8145&#44;8146&#44;8147&#44;8149&#44;8150&#44;8151&#44;8152&#44;8153&#44;8155&#44;8156&#44;8157&#44;8158&#44;8160&#44;8161&#44;8162&#44;8163&#44;8164&#44;8165&#44;8166&#44;8167&#44;8168&#44;8169&#44;8172&#44;8173&#44;8174&#44;8175&#44;8176&#44;8177&#44;8180&#44;8181&#44;8182&#44;8183&#44;8184&#44;8185&#44;8186&#44;8188&#44;8189&#44;8190&#44;8191&#44;8192&#44;8193&#44;8194&#44;8196&#44;8197&#44;8201&#44;8202&#44;8203&#44;8205&#44;8207&#44;8208&#44;8209&#44;8210&#44;8211&#44;8213&#44;8215&#44;8218&#44;8219&#44;8220&#44;8221&#44;8222&#44;8223&#44;8224&#44;8225&#44;8226&#44;8227&#44;8228&#44;8236&#44;8237&#44;8238&#44;8239&#44;8241&#44;8242&#44;8243&#44;8244&#44;8245&#44;8246&#44;8247&#44;8248&#44;8250&#44;8251&#44;8252&#44;8253&#44;8254&#44;8256&#44;8257&#44;8259&#44;8261&#44;8262&#44;8263&#44;8264&#44;8265&#44;8266&#44;8267&#44;8268&#44;8269&#44;8270&#44;8271&#44;8272&#44;8273&#44;8274&#44;8275&#44;8276&#44;8277&#44;8278&#44;8279&#44;8280&#44;8281&#44;8282&#44;8283&#44;8284&#44;8285&#44;8286&#44;8287&#44;8288&#44;8289&#44;8290&#44;8291&#44;8292&#44;8293&#44;8294&#44;8295&#44;8296&#44;8297&#44;8298&#44;8299&#44;""",12/23/21,12/23/21,N
layouts,Cake Case,"""37-3&#44;77-3""",,2022,1/3/22,1-NewFolderStructure/C037_C077_Cake_Case/C77_C37_Effective_01032022_Updated_12202021/,_C77_C37_Effective_01032022_Updated_12202021.pdf,"""4109&#44;4702&#44;4703&#44;4704&#44;4707&#44;4709&#44;4710&#44;4711&#44;4712&#44;4713&#44;4718&#44;4720&#44;4721&#44;4722&#44;4724&#44;4728&#44;4729&#44;4730&#44;4731&#44;4732&#44;4735&#44;4736&#44;4738&#44;4739&#44;4740&#44;4741&#44;4742&#44;4743&#44;4745&#44;4749&#44;4750&#44;4755&#44;4761&#44;4763&#44;4764&#44;4767&#44;4768&#44;4769&#44;4770&#44;4771&#44;4772&#44;4774&#44;4775&#44;4776&#44;4777&#44;4778&#44;4780&#44;4781&#44;4782&#44;4783&#44;4784&#44;4785&#44;4786&#44;4787&#44;4789&#44;4790&#44;4791&#44;4794&#44;4795&#44;4797&#44;4798&#44;4799&#44;4801&#44;4802&#44;4804&#44;4805&#44;4808&#44;4815&#44;4816&#44;4817&#44;4818&#44;4819&#44;4820&#44;4822&#44;4824&#44;4825&#44;4828&#44;4829&#44;4830&#44;4831&#44;4836&#44;4837&#44;4839&#44;4840&#44;4843&#44;4846&#44;4847&#44;4850&#44;4851&#44;4852&#44;4853&#44;4855&#44;4857&#44;4859&#44;4860&#44;4861&#44;4866&#44;4870&#44;4871&#44;4872&#44;4873&#44;4874&#44;4875&#44;4876&#44;4878&#44;4879&#44;4901&#44;4905&#44;4906&#44;4908&#44;4911&#44;4914&#44;4915&#44;4917&#44;4920&#44;4925&#44;4926&#44;4933&#44;4936&#44;4938&#44;4939&#44;4942&#44;4944&#44;4946&#44;4947&#44;4948&#44;4950&#44;4952&#44;4955&#44;4958&#44;4961&#44;4962&#44;4963&#44;4969&#44;4972&#44;4973&#44;4974&#44;4982&#44;4983&#44;4985&#44;4987&#44;4989&#44;4990&#44;4991&#44;4992&#44;4994&#44;4996&#44;4998&#44;4999&#44;6181&#44;6188&#44;6189&#44;6201&#44;6202&#44;6203&#44;6204&#44;6205&#44;6212&#44;6213&#44;6216&#44;6217&#44;6218&#44;6219&#44;6220&#44;6225&#44;6228&#44;6235&#44;6236&#44;6238&#44;6239&#44;6240&#44;6242&#44;6244&#44;6245&#44;6246&#44;6247&#44;6249&#44;6251&#44;6252&#44;6254&#44;6255&#44;6256&#44;6257&#44;6259&#44;6260&#44;6261&#44;6262&#44;6265&#44;6267&#44;6269&#44;6270&#44;6275&#44;6302&#44;6304&#44;6305&#44;6307&#44;6308&#44;6309&#44;6310&#44;6311&#44;6312&#44;6313&#44;6314&#44;6315&#44;6317&#44;6319&#44;6320&#44;6321&#44;6322&#44;6324&#44;6325&#44;6326&#44;6327&#44;6328&#44;6329&#44;6330&#44;6331&#44;6332&#44;6333&#44;6334&#44;6335&#44;6336&#44;6338&#44;6339&#44;6341&#44;6342&#44;6343&#44;6344&#44;6345&#44;6347&#44;6348&#44;6349&#44;6350&#44;6351&#44;6352&#44;6353&#44;6354&#44;6355&#44;6356&#44;6357&#44;6358&#44;6359&#44;6360&#44;6361&#44;6363&#44;6364&#44;6365&#44;6366&#44;6367&#44;6368&#44;6369&#44;6371&#44;6372&#44;6373&#44;6375&#44;6376&#44;6377&#44;6378&#44;6379&#44;6380&#44;6381&#44;6382&#44;6383&#44;6384&#44;6385&#44;6386&#44;6387&#44;6388&#44;6401&#44;6402&#44;6403&#44;6404&#44;6405&#44;6406&#44;6407&#44;6408&#44;6409&#44;6410&#44;6412&#44;6413&#44;6414&#44;6415&#44;6417&#44;6418&#44;6419&#44;6420&#44;6421&#44;6422&#44;6423&#44;6424&#44;6425&#44;6426&#44;6427&#44;6428&#44;6429&#44;6430&#44;6431&#44;6432&#44;6433&#44;6434&#44;6435&#44;6436&#44;6437&#44;6439&#44;6440&#44;6441&#44;6443&#44;6444&#44;6445&#44;6448&#44;6449&#44;6450&#44;6452&#44;6453&#44;6454&#44;6455&#44;6456&#44;6457&#44;6458&#44;6460&#44;6461&#44;6462&#44;6463&#44;6464&#44;6471&#44;6472&#44;6474&#44;6479&#44;6482&#44;6485&#44;6487&#44;6489&#44;6501&#44;6502&#44;6503&#44;6505&#44;6506&#44;6507&#44;6509&#44;6510&#44;6512&#44;6514&#44;6517&#44;6518&#44;6520&#44;6521&#44;6524&#44;6527&#44;6528&#44;6535&#44;6536&#44;6539&#44;6540&#44;6543&#44;6547&#44;6549&#44;6556&#44;6562&#44;6565&#44;6567&#44;6568&#44;6569&#44;6570&#44;6571&#44;6572&#44;6573&#44;6575&#44;6581&#44;6582&#44;6604&#44;6605&#44;6606&#44;6608&#44;6609&#44;6610&#44;6612&#44;6613&#44;6614&#44;6615&#44;6616&#44;6617&#44;6619&#44;6620&#44;6621&#44;6622&#44;6624&#44;6626&#44;6628&#44;6630&#44;6631&#44;6632&#44;6633&#44;6634&#44;6635&#44;6636&#44;6637&#44;6643&#44;6644&#44;6646&#44;6650&#44;6651&#44;6652&#44;6653&#44;6655&#44;6657&#44;6658&#44;6659&#44;6660&#44;6661&#44;6662&#44;6663&#44;6664&#44;6666&#44;6667&#44;6670&#44;6671&#44;6672&#44;6673&#44;6674&#44;6675&#44;6676&#44;6677&#44;6678&#44;6679&#44;6680&#44;6682&#44;6683&#44;6684&#44;6685&#44;6686&#44;6689&#44;6690&#44;6692&#44;6693&#44;6779&#44;6781&#44;6867&#44;6976&#44;6979&#44;7189&#44;7658&#44;7676&#44;8102&#44;8104&#44;8106&#44;8107&#44;8111&#44;8112&#44;8114&#44;8115&#44;8116&#44;8117&#44;8119&#44;8120&#44;8123&#44;8125&#44;8126&#44;8128&#44;8129&#44;8130&#44;8132&#44;8133&#44;8134&#44;8135&#44;8136&#44;8138&#44;8139&#44;8141&#44;8142&#44;8144&#44;8145&#44;8146&#44;8147&#44;8149&#44;8150&#44;8151&#44;8152&#44;8153&#44;8155&#44;8156&#44;8157&#44;8158&#44;8160&#44;8161&#44;8162&#44;8163&#44;8164&#44;8165&#44;8166&#44;8167&#44;8168&#44;8169&#44;8172&#44;8173&#44;8174&#44;8175&#44;8176&#44;8177&#44;8180&#44;8181&#44;8182&#44;8183&#44;8184&#44;8185&#44;8186&#44;8188&#44;8189&#44;8190&#44;8191&#44;8192&#44;8193&#44;8194&#44;8196&#44;8197&#44;8201&#44;8202&#44;8203&#44;8205&#44;8207&#44;8208&#44;8209&#44;8210&#44;8211&#44;8213&#44;8215&#44;8218&#44;8219&#44;8220&#44;8221&#44;8222&#44;8223&#44;8224&#44;8225&#44;8226&#44;8227&#44;8228&#44;8236&#44;8237&#44;8238&#44;8239&#44;8241&#44;8242&#44;8243&#44;8244&#44;8245&#44;8246&#44;8247&#44;8248&#44;8250&#44;8251&#44;8252&#44;8253&#44;8254&#44;8256&#44;8257&#44;8259&#44;8261&#44;8262&#44;8263&#44;8264&#44;8265&#44;8266&#44;8267&#44;8268&#44;8269&#44;8270&#44;8271&#44;8272&#44;8273&#44;8274&#44;8275&#44;8276&#44;8277&#44;8278&#44;8279&#44;8280&#44;8281&#44;8282&#44;8283&#44;8284&#44;8285&#44;8286&#44;8287&#44;8288&#44;8289&#44;8290&#44;8291&#44;8292&#44;8293&#44;8294&#44;8295&#44;8296&#44;8297&#44;8298&#44;8299&#44;""",12/23/21,12/23/21,N
layouts,Bakery Pallets,"""37-4&#44;77-4""",,2022,1/3/22,1-NewFolderStructure/C037_C077_Bakery_Pallets/C37_77_Bakery_Pallets_Effective_01032022_Updated_12222021/,_C37_77_Bakery_Pallets_Effective_01032022_Updated_12222021.pdf,"""4109&#44;4702&#44;4703&#44;4704&#44;4707&#44;4709&#44;4710&#44;4711&#44;4712&#44;4713&#44;4718&#44;4720&#44;4721&#44;4722&#44;4724&#44;4728&#44;4729&#44;4730&#44;4731&#44;4732&#44;4735&#44;4736&#44;4738&#44;4739&#44;4740&#44;4741&#44;4742&#44;4743&#44;4745&#44;4749&#44;4750&#44;4755&#44;4761&#44;4763&#44;4764&#44;4767&#44;4768&#44;4769&#44;4770&#44;4771&#44;4772&#44;4774&#44;4775&#44;4776&#44;4777&#44;4778&#44;4780&#44;4781&#44;4782&#44;4783&#44;4784&#44;4785&#44;4786&#44;4787&#44;4789&#44;4790&#44;4791&#44;4794&#44;4795&#44;4797&#44;4798&#44;4799&#44;4801&#44;4802&#44;4804&#44;4805&#44;4808&#44;4815&#44;4816&#44;4817&#44;4818&#44;4819&#44;4820&#44;4822&#44;4824&#44;4825&#44;4828&#44;4829&#44;4830&#44;4831&#44;4836&#44;4837&#44;4839&#44;4840&#44;4843&#44;4846&#44;4847&#44;4850&#44;4851&#44;4852&#44;4853&#44;4855&#44;4857&#44;4859&#44;4860&#44;4861&#44;4866&#44;4870&#44;4871&#44;4872&#44;4873&#44;4874&#44;4875&#44;4876&#44;4878&#44;4879&#44;4901&#44;4905&#44;4906&#44;4908&#44;4911&#44;4914&#44;4915&#44;4917&#44;4920&#44;4925&#44;4926&#44;4930&#44;4933&#44;4936&#44;4938&#44;4939&#44;4942&#44;4944&#44;4946&#44;4947&#44;4948&#44;4950&#44;4952&#44;4955&#44;4958&#44;4961&#44;4962&#44;4963&#44;4969&#44;4972&#44;4973&#44;4974&#44;4983&#44;4985&#44;4987&#44;4989&#44;4990&#44;4991&#44;4992&#44;4994&#44;4996&#44;4998&#44;4999&#44;6181&#44;6188&#44;6189&#44;6201&#44;6202&#44;6203&#44;6204&#44;6205&#44;6212&#44;6213&#44;6216&#44;6217&#44;6218&#44;6219&#44;6220&#44;6225&#44;6228&#44;6235&#44;6236&#44;6238&#44;6239&#44;6240&#44;6242&#44;6244&#44;6245&#44;6246&#44;6247&#44;6249&#44;6251&#44;6252&#44;6254&#44;6255&#44;6256&#44;6257&#44;6259&#44;6260&#44;6261&#44;6262&#44;6265&#44;6267&#44;6269&#44;6270&#44;6275&#44;6302&#44;6304&#44;6305&#44;6307&#44;6308&#44;6309&#44;6310&#44;6311&#44;6312&#44;6313&#44;6314&#44;6315&#44;6317&#44;6319&#44;6320&#44;6321&#44;6322&#44;6325&#44;6326&#44;6327&#44;6328&#44;6329&#44;6330&#44;6331&#44;6332&#44;6333&#44;6334&#44;6335&#44;6336&#44;6338&#44;6339&#44;6341&#44;6342&#44;6343&#44;6344&#44;6345&#44;6347&#44;6348&#44;6349&#44;6350&#44;6351&#44;6352&#44;6353&#44;6354&#44;6355&#44;6356&#44;6357&#44;6358&#44;6359&#44;6360&#44;6361&#44;6363&#44;6364&#44;6365&#44;6366&#44;6367&#44;6368&#44;6369&#44;6371&#44;6372&#44;6373&#44;6375&#44;6376&#44;6377&#44;6378&#44;6379&#44;6380&#44;6381&#44;6382&#44;6383&#44;6384&#44;6385&#44;6386&#44;6387&#44;6388&#44;6401&#44;6402&#44;6403&#44;6404&#44;6405&#44;6406&#44;6407&#44;6408&#44;6409&#44;6410&#44;6413&#44;6414&#44;6415&#44;6417&#44;6418&#44;6419&#44;6420&#44;6421&#44;6422&#44;6423&#44;6424&#44;6425&#44;6426&#44;6427&#44;6428&#44;6429&#44;6430&#44;6431&#44;6432&#44;6433&#44;6434&#44;6435&#44;6436&#44;6437&#44;6439&#44;6440&#44;6441&#44;6443&#44;6444&#44;6445&#44;6448&#44;6449&#44;6450&#44;6452&#44;6453&#44;6454&#44;6455&#44;6456&#44;6457&#44;6458&#44;6460&#44;6461&#44;6462&#44;6463&#44;6464&#44;6471&#44;6472&#44;6474&#44;6479&#44;6482&#44;6485&#44;6487&#44;6489&#44;6501&#44;6502&#44;6503&#44;6505&#44;6506&#44;6507&#44;6509&#44;6510&#44;6512&#44;6514&#44;6517&#44;6518&#44;6520&#44;6521&#44;6524&#44;6527&#44;6528&#44;6533&#44;6535&#44;6536&#44;6539&#44;6540&#44;6543&#44;6547&#44;6549&#44;6556&#44;6562&#44;6565&#44;6567&#44;6568&#44;6569&#44;6570&#44;6571&#44;6572&#44;6573&#44;6575&#44;6581&#44;6582&#44;6604&#44;6605&#44;6606&#44;6608&#44;6609&#44;6610&#44;6612&#44;6613&#44;6614&#44;6615&#44;6616&#44;6617&#44;6619&#44;6620&#44;6621&#44;6622&#44;6624&#44;6626&#44;6628&#44;6630&#44;6631&#44;6632&#44;6633&#44;6634&#44;6635&#44;6636&#44;6637&#44;6643&#44;6644&#44;6646&#44;6650&#44;6651&#44;6652&#44;6653&#44;6655&#44;6657&#44;6658&#44;6659&#44;6660&#44;6661&#44;6662&#44;6663&#44;6664&#44;6666&#44;6667&#44;6670&#44;6671&#44;6672&#44;6673&#44;6674&#44;6675&#44;6676&#44;6677&#44;6678&#44;6679&#44;6680&#44;6682&#44;6683&#44;6684&#44;6685&#44;6686&#44;6689&#44;6690&#44;6692&#44;6693&#44;6779&#44;6781&#44;6867&#44;6976&#44;6979&#44;7189&#44;7658&#44;7676&#44;8102&#44;8104&#44;8106&#44;8107&#44;8111&#44;8112&#44;8114&#44;8115&#44;8116&#44;8117&#44;8119&#44;8120&#44;8123&#44;8125&#44;8126&#44;8128&#44;8129&#44;8130&#44;8132&#44;8133&#44;8134&#44;8135&#44;8136&#44;8138&#44;8139&#44;8141&#44;8142&#44;8144&#44;8145&#44;8146&#44;8147&#44;8149&#44;8150&#44;8151&#44;8152&#44;8153&#44;8155&#44;8156&#44;8157&#44;8158&#44;8160&#44;8161&#44;8162&#44;8163&#44;8164&#44;8165&#44;8166&#44;8167&#44;8168&#44;8169&#44;8172&#44;8173&#44;8174&#44;8175&#44;8176&#44;8177&#44;8180&#44;8181&#44;8182&#44;8183&#44;8184&#44;8185&#44;8186&#44;8188&#44;8189&#44;8190&#44;8191&#44;8192&#44;8193&#44;8194&#44;8196&#44;8197&#44;8201&#44;8202&#44;8203&#44;8205&#44;8207&#44;8208&#44;8209&#44;8210&#44;8211&#44;8213&#44;8215&#44;8218&#44;8219&#44;8220&#44;8221&#44;8222&#44;8223&#44;8224&#44;8225&#44;8226&#44;8227&#44;8228&#44;8236&#44;8237&#44;8238&#44;8239&#44;8241&#44;8242&#44;8243&#44;8244&#44;8245&#44;8246&#44;8247&#44;8248&#44;8250&#44;8251&#44;8252&#44;8253&#44;8254&#44;8256&#44;8257&#44;8259&#44;8261&#44;8262&#44;8263&#44;8264&#44;8265&#44;8266&#44;8267&#44;8268&#44;8269&#44;8270&#44;8271&#44;8272&#44;8273&#44;8274&#44;8275&#44;8276&#44;8277&#44;8278&#44;8279&#44;8280&#44;8281&#44;8282&#44;8283&#44;8284&#44;8285&#44;8286&#44;8287&#44;8288&#44;8289&#44;8290&#44;8291&#44;8292&#44;8293&#44;8294&#44;8295&#44;8296&#44;8297&#44;8298&#44;8299&#44;""",12/23/21,12/23/21,N
layouts,Meat and Seafood,"""72&#44;76&#44;93""",,2022,1/3/22,1-NewFolderStructure/C076_C072_C093_Fresh_Meat_Seafood/C72_C76_C93_Effective__01032022_Planogram_Updated_12192021/,_C72_C76_C93_Effective_01032022_Planogram_Updated_12192021.pdf,"""4109&#44;4702&#44;4703&#44;4704&#44;4707&#44;4709&#44;4710&#44;4711&#44;4712&#44;4713&#44;4718&#44;4720&#44;4721&#44;4722&#44;4724&#44;4728&#44;4729&#44;4730&#44;4731&#44;4732&#44;4735&#44;4736&#44;4738&#44;4739&#44;4740&#44;4741&#44;4742&#44;4743&#44;4745&#44;4749&#44;4750&#44;4755&#44;4761&#44;4763&#44;4764&#44;4767&#44;4768&#44;4769&#44;4770&#44;4771&#44;4772&#44;4774&#44;4775&#44;4776&#44;4777&#44;4778&#44;4780&#44;4781&#44;4782&#44;4783&#44;4784&#44;4785&#44;4786&#44;4787&#44;4789&#44;4790&#44;4791&#44;4794&#44;4795&#44;4797&#44;4798&#44;4799&#44;4801&#44;4802&#44;4804&#44;4805&#44;4808&#44;4815&#44;4816&#44;4817&#44;4818&#44;4819&#44;4820&#44;4822&#44;4824&#44;4825&#44;4828&#44;4829&#44;4830&#44;4831&#44;4836&#44;4837&#44;4839&#44;4840&#44;4843&#44;4846&#44;4847&#44;4850&#44;4851&#44;4852&#44;4853&#44;4855&#44;4857&#44;4859&#44;4860&#44;4861&#44;4866&#44;4870&#44;4871&#44;4872&#44;4873&#44;4874&#44;4875&#44;4876&#44;4878&#44;4879&#44;4901&#44;4905&#44;4906&#44;4908&#44;4911&#44;4914&#44;4915&#44;4917&#44;4920&#44;4925&#44;4926&#44;4930&#44;4933&#44;4936&#44;4938&#44;4939&#44;4942&#44;4944&#44;4946&#44;4947&#44;4948&#44;4950&#44;4952&#44;4955&#44;4958&#44;4961&#44;4962&#44;4963&#44;4969&#44;4972&#44;4973&#44;4974&#44;4982&#44;4983&#44;4985&#44;4987&#44;4989&#44;4990&#44;4991&#44;4992&#44;4994&#44;4996&#44;4998&#44;4999&#44;6181&#44;6188&#44;6189&#44;6201&#44;6202&#44;6203&#44;6204&#44;6205&#44;6212&#44;6213&#44;6216&#44;6217&#44;6218&#44;6219&#44;6220&#44;6225&#44;6228&#44;6235&#44;6236&#44;6238&#44;6239&#44;6240&#44;6242&#44;6244&#44;6245&#44;6246&#44;6247&#44;6249&#44;6251&#44;6252&#44;6254&#44;6255&#44;6256&#44;6257&#44;6259&#44;6260&#44;6261&#44;6262&#44;6265&#44;6267&#44;6269&#44;6270&#44;6275&#44;6302&#44;6304&#44;6305&#44;6307&#44;6308&#44;6309&#44;6310&#44;6311&#44;6312&#44;6313&#44;6314&#44;6315&#44;6317&#44;6319&#44;6320&#44;6321&#44;6322&#44;6324&#44;6325&#44;6326&#44;6327&#44;6328&#44;6329&#44;6330&#44;6331&#44;6332&#44;6333&#44;6334&#44;6335&#44;6336&#44;6338&#44;6339&#44;6341&#44;6342&#44;6343&#44;6344&#44;6345&#44;6347&#44;6348&#44;6349&#44;6350&#44;6351&#44;6352&#44;6353&#44;6354&#44;6355&#44;6356&#44;6357&#44;6358&#44;6359&#44;6360&#44;6361&#44;6363&#44;6364&#44;6365&#44;6366&#44;6367&#44;6368&#44;6369&#44;6371&#44;6372&#44;6373&#44;6375&#44;6376&#44;6377&#44;6378&#44;6379&#44;6380&#44;6381&#44;6382&#44;6383&#44;6384&#44;6385&#44;6386&#44;6387&#44;6388&#44;6401&#44;6402&#44;6403&#44;6404&#44;6405&#44;6406&#44;6407&#44;6408&#44;6409&#44;6410&#44;6412&#44;6413&#44;6414&#44;6415&#44;6417&#44;6418&#44;6419&#44;6420&#44;6421&#44;6422&#44;6423&#44;6424&#44;6425&#44;6426&#44;6427&#44;6428&#44;6429&#44;6430&#44;6431&#44;6432&#44;6433&#44;6434&#44;6435&#44;6436&#44;6437&#44;6439&#44;6440&#44;6441&#44;6443&#44;6444&#44;6445&#44;6448&#44;6449&#44;6450&#44;6452&#44;6453&#44;6454&#44;6455&#44;6456&#44;6457&#44;6458&#44;6460&#44;6461&#44;6462&#44;6463&#44;6464&#44;6471&#44;6472&#44;6474&#44;6479&#44;6482&#44;6485&#44;6487&#44;6489&#44;6501&#44;6502&#44;6503&#44;6505&#44;6506&#44;6507&#44;6509&#44;6510&#44;6512&#44;6514&#44;6517&#44;6518&#44;6520&#44;6521&#44;6524&#44;6527&#44;6528&#44;6533&#44;6535&#44;6536&#44;6539&#44;6540&#44;6543&#44;6547&#44;6549&#44;6556&#44;6562&#44;6565&#44;6567&#44;6568&#44;6569&#44;6570&#44;6571&#44;6572&#44;6573&#44;6575&#44;6581&#44;6582&#44;6604&#44;6605&#44;6606&#44;6608&#44;6609&#44;6610&#44;6612&#44;6613&#44;6614&#44;6615&#44;6616&#44;6617&#44;6619&#44;6620&#44;6621&#44;6622&#44;6624&#44;6626&#44;6628&#44;6630&#44;6631&#44;6632&#44;6633&#44;6634&#44;6635&#44;6636&#44;6637&#44;6643&#44;6644&#44;6646&#44;6650&#44;6651&#44;6652&#44;6653&#44;6655&#44;6657&#44;6658&#44;6659&#44;6660&#44;6661&#44;6662&#44;6663&#44;6664&#44;6666&#44;6667&#44;6670&#44;6671&#44;6672&#44;6673&#44;6674&#44;6675&#44;6676&#44;6677&#44;6678&#44;6679&#44;6680&#44;6682&#44;6683&#44;6684&#44;6685&#44;6686&#44;6689&#44;6690&#44;6692&#44;6693&#44;6779&#44;6781&#44;6867&#44;6976&#44;6979&#44;7189&#44;7658&#44;7676&#44;8102&#44;8104&#44;8106&#44;8107&#44;8111&#44;8112&#44;8114&#44;8115&#44;8116&#44;8117&#44;8119&#44;8120&#44;8123&#44;8125&#44;8126&#44;8128&#44;8129&#44;8130&#44;8132&#44;8133&#44;8134&#44;8135&#44;8136&#44;8138&#44;8139&#44;8141&#44;8142&#44;8144&#44;8145&#44;8146&#44;8147&#44;8149&#44;8150&#44;8151&#44;8152&#44;8153&#44;8155&#44;8156&#44;8157&#44;8158&#44;8160&#44;8161&#44;8162&#44;8163&#44;8164&#44;8165&#44;8166&#44;8167&#44;8168&#44;8169&#44;8172&#44;8173&#44;8174&#44;8175&#44;8176&#44;8177&#44;8180&#44;8181&#44;8182&#44;8183&#44;8184&#44;8185&#44;8186&#44;8188&#44;8189&#44;8190&#44;8191&#44;8192&#44;8193&#44;8194&#44;8196&#44;8197&#44;8201&#44;8202&#44;8203&#44;8205&#44;8207&#44;8208&#44;8209&#44;8210&#44;8211&#44;8213&#44;8215&#44;8218&#44;8219&#44;8220&#44;8221&#44;8222&#44;8223&#44;8224&#44;8225&#44;8226&#44;8227&#44;8228&#44;8236&#44;8237&#44;8238&#44;8239&#44;8241&#44;8242&#44;8243&#44;8244&#44;8245&#44;8246&#44;8247&#44;8248&#44;8250&#44;8251&#44;8252&#44;8253&#44;8254&#44;8256&#44;8257&#44;8259&#44;8261&#44;8262&#44;8263&#44;8264&#44;8265&#44;8266&#44;8267&#44;8268&#44;8269&#44;8270&#44;8271&#44;8272&#44;8273&#44;8274&#44;8275&#44;8276&#44;8277&#44;8278&#44;8279&#44;8280&#44;8281&#44;8282&#44;8283&#44;8284&#44;8285&#44;8286&#44;8287&#44;8288&#44;8289&#44;8290&#44;8291&#44;8292&#44;8293&#44;8294&#44;8295&#44;8296&#44;8297&#44;8298&#44;8299&#44;""",12/29/21,12/29/21,N
layouts,HMS,79-2,,2022,1/3/22,1-NewFolderStructure/C079_HMS/C79_HMS__EFFECTIVE_01032022/,_C79_HMS_EFFECTIVE_01032022.pdf,"""4109&#44;4702&#44;4703&#44;4704&#44;4707&#44;4709&#44;4710&#44;4711&#44;4712&#44;4713&#44;4718&#44;4720&#44;4721&#44;4722&#44;4724&#44;4728&#44;4729&#44;4730&#44;4731&#44;4732&#44;4735&#44;4736&#44;4738&#44;4739&#44;4740&#44;4741&#44;4742&#44;4743&#44;4745&#44;4749&#44;4750&#44;4755&#44;4761&#44;4763&#44;4764&#44;4767&#44;4768&#44;4769&#44;4770&#44;4771&#44;4772&#44;4774&#44;4775&#44;4776&#44;4777&#44;4778&#44;4780&#44;4781&#44;4782&#44;4783&#44;4784&#44;4785&#44;4786&#44;4787&#44;4789&#44;4790&#44;4791&#44;4794&#44;4795&#44;4797&#44;4798&#44;4799&#44;4801&#44;4802&#44;4804&#44;4805&#44;4808&#44;4815&#44;4816&#44;4817&#44;4818&#44;4819&#44;4820&#44;4822&#44;4824&#44;4825&#44;4828&#44;4829&#44;4830&#44;4831&#44;4836&#44;4837&#44;4839&#44;4840&#44;4843&#44;4846&#44;4847&#44;4850&#44;4851&#44;4852&#44;4853&#44;4855&#44;4857&#44;4859&#44;4860&#44;4861&#44;4866&#44;4870&#44;4871&#44;4872&#44;4873&#44;4874&#44;4875&#44;4876&#44;4878&#44;4879&#44;4901&#44;4905&#44;4906&#44;4908&#44;4911&#44;4914&#44;4915&#44;4917&#44;4920&#44;4925&#44;4926&#44;4930&#44;4933&#44;4936&#44;4938&#44;4939&#44;4942&#44;4944&#44;4946&#44;4947&#44;4948&#44;4950&#44;4952&#44;4955&#44;4958&#44;4961&#44;4962&#44;4963&#44;4969&#44;4972&#44;4973&#44;4974&#44;4982&#44;4983&#44;4985&#44;4987&#44;4989&#44;4990&#44;4991&#44;4992&#44;4994&#44;4996&#44;4998&#44;4999&#44;6181&#44;6188&#44;6189&#44;6201&#44;6202&#44;6203&#44;6204&#44;6205&#44;6212&#44;6213&#44;6216&#44;6217&#44;6218&#44;6219&#44;6220&#44;6225&#44;6228&#44;6235&#44;6236&#44;6238&#44;6239&#44;6240&#44;6242&#44;6244&#44;6245&#44;6246&#44;6247&#44;6249&#44;6251&#44;6252&#44;6254&#44;6255&#44;6256&#44;6257&#44;6259&#44;6260&#44;6261&#44;6262&#44;6265&#44;6267&#44;6269&#44;6270&#44;6275&#44;6302&#44;6304&#44;6305&#44;6307&#44;6308&#44;6309&#44;6310&#44;6311&#44;6312&#44;6313&#44;6314&#44;6315&#44;6317&#44;6319&#44;6320&#44;6321&#44;6322&#44;6324&#44;6325&#44;6326&#44;6327&#44;6328&#44;6329&#44;6330&#44;6331&#44;6332&#44;6333&#44;6334&#44;6335&#44;6336&#44;6338&#44;6339&#44;6341&#44;6342&#44;6343&#44;6344&#44;6345&#44;6347&#44;6348&#44;6349&#44;6350&#44;6351&#44;6352&#44;6353&#44;6354&#44;6355&#44;6356&#44;6357&#44;6358&#44;6359&#44;6360&#44;6361&#44;6363&#44;6364&#44;6365&#44;6366&#44;6367&#44;6368&#44;6369&#44;6371&#44;6372&#44;6373&#44;6375&#44;6376&#44;6377&#44;6378&#44;6379&#44;6380&#44;6381&#44;6382&#44;6383&#44;6384&#44;6385&#44;6386&#44;6387&#44;6388&#44;6401&#44;6402&#44;6403&#44;6404&#44;6405&#44;6406&#44;6407&#44;6408&#44;6409&#44;6410&#44;6412&#44;6413&#44;6414&#44;6415&#44;6417&#44;6418&#44;6419&#44;6420&#44;6421&#44;6422&#44;6423&#44;6424&#44;6425&#44;6426&#44;6427&#44;6428&#44;6429&#44;6430&#44;6431&#44;6432&#44;6433&#44;6434&#44;6435&#44;6436&#44;6437&#44;6439&#44;6440&#44;6441&#44;6443&#44;6444&#44;6445&#44;6448&#44;6449&#44;6450&#44;6452&#44;6453&#44;6454&#44;6455&#44;6456&#44;6457&#44;6458&#44;6460&#44;6461&#44;6462&#44;6463&#44;6464&#44;6471&#44;6472&#44;6474&#44;6479&#44;6482&#44;6485&#44;6487&#44;6489&#44;6501&#44;6502&#44;6503&#44;6505&#44;6506&#44;6507&#44;6509&#44;6510&#44;6512&#44;6514&#44;6517&#44;6518&#44;6520&#44;6521&#44;6524&#44;6527&#44;6528&#44;6533&#44;6535&#44;6536&#44;6539&#44;6540&#44;6543&#44;6547&#44;6549&#44;6556&#44;6562&#44;6565&#44;6567&#44;6568&#44;6569&#44;6570&#44;6571&#44;6572&#44;6573&#44;6575&#44;6581&#44;6582&#44;6604&#44;6605&#44;6606&#44;6608&#44;6609&#44;6610&#44;6612&#44;6613&#44;6614&#44;6615&#44;6616&#44;6617&#44;6619&#44;6620&#44;6621&#44;6622&#44;6624&#44;6626&#44;6628&#44;6630&#44;6631&#44;6632&#44;6633&#44;6634&#44;6635&#44;6636&#44;6637&#44;6643&#44;6644&#44;6646&#44;6650&#44;6651&#44;6652&#44;6653&#44;6655&#44;6657&#44;6658&#44;6659&#44;6660&#44;6661&#44;6662&#44;6663&#44;6664&#44;6666&#44;6667&#44;6670&#44;6671&#44;6672&#44;6673&#44;6674&#44;6675&#44;6676&#44;6677&#44;6678&#44;6679&#44;6680&#44;6682&#44;6683&#44;6684&#44;6685&#44;6686&#44;6689&#44;6690&#44;6692&#44;6693&#44;6779&#44;6781&#44;6867&#44;6976&#44;6979&#44;7189&#44;7658&#44;7676&#44;8102&#44;8104&#44;8106&#44;8107&#44;8111&#44;8112&#44;8114&#44;8115&#44;8116&#44;8117&#44;8119&#44;8120&#44;8123&#44;8125&#44;8126&#44;8128&#44;8129&#44;8130&#44;8132&#44;8133&#44;8134&#44;8135&#44;8136&#44;8138&#44;8139&#44;8141&#44;8142&#44;8144&#44;8145&#44;8146&#44;8147&#44;8149&#44;8150&#44;8151&#44;8152&#44;8153&#44;8155&#44;8156&#44;8157&#44;8158&#44;8160&#44;8161&#44;8162&#44;8163&#44;8164&#44;8165&#44;8166&#44;8167&#44;8168&#44;8169&#44;8172&#44;8173&#44;8174&#44;8175&#44;8176&#44;8177&#44;8180&#44;8181&#44;8182&#44;8183&#44;8184&#44;8185&#44;8186&#44;8188&#44;8189&#44;8190&#44;8191&#44;8192&#44;8193&#44;8194&#44;8196&#44;8197&#44;8201&#44;8202&#44;8203&#44;8205&#44;8207&#44;8208&#44;8209&#44;8210&#44;8211&#44;8213&#44;8215&#44;8218&#44;8219&#44;8220&#44;8221&#44;8222&#44;8223&#44;8224&#44;8225&#44;8226&#44;8227&#44;8228&#44;8236&#44;8237&#44;8238&#44;8239&#44;8241&#44;8242&#44;8243&#44;8244&#44;8245&#44;8246&#44;8247&#44;8248&#44;8250&#44;8251&#44;8252&#44;8253&#44;8254&#44;8256&#44;8257&#44;8259&#44;8261&#44;8262&#44;8263&#44;8264&#44;8265&#44;8266&#44;8267&#44;8268&#44;8269&#44;8270&#44;8271&#44;8272&#44;8273&#44;8274&#44;8275&#44;8276&#44;8277&#44;8278&#44;8279&#44;8280&#44;8281&#44;8282&#44;8283&#44;8284&#44;8285&#44;8286&#44;8287&#44;8288&#44;8289&#44;8290&#44;8291&#44;8292&#44;8293&#44;8294&#44;8295&#44;8296&#44;8297&#44;8298&#44;8299&#44;""",12/29/21,12/29/21,N
layouts,HMS,79-2,,2022,1/3/22,1-NewFolderStructure/C079_HMS/C79_HMS_EFFECTIVE__01032022/,_C79_HMS_EFFECTIVE_01032022.pdf,"""4761&#44;6322&#44;6568&#44;6582&#44;8161&#44;""",1/9/22,1/9/22,N
layouts,Meat and Seafood,"""72&#44;76&#44;93""",,2022,1/3/22,1-NewFolderStructure/C076_C072_C093_Fresh_Meat_Seafood/C72_C76_C93_Effective_01032022_Planogram_Updated_01142022/,_C72_C76_C93_Effective_01032022_Planogram_Updated_01142022.pdf,"""6181&#44;6343&#44;6366&#44;6431&#44;6472&#44;6527&#44;8227&#44;""",1/18/22,1/18/22,N
layouts,Meat and Seafood,"""72&#44;76&#44;93""",,2022,1/3/22,1-NewFolderStructure/C076_C072_C093_Fresh_Meat_Seafood/C72_C76_C93_Effective_01032022_Planogram_Updated_12292021/,_C72_C76_C93_Effective_01032022_Planogram_Updated_12292021.pdf,"""4704&#44;4709&#44;4718&#44;4722&#44;4729&#44;4730&#44;4732&#44;4735&#44;4755&#44;4767&#44;4768&#44;4771&#44;4784&#44;4786&#44;4791&#44;4799&#44;4819&#44;4822&#44;4824&#44;4829&#44;4830&#44;4847&#44;4855&#44;4859&#44;4915&#44;4936&#44;4952&#44;4955&#44;4974&#44;4983&#44;4994&#44;6181&#44;6205&#44;6213&#44;6235&#44;6239&#44;6240&#44;6246&#44;6257&#44;6261&#44;6330&#44;6332&#44;6357&#44;6371&#44;6378&#44;6382&#44;6383&#44;6405&#44;6406&#44;6410&#44;6433&#44;6434&#44;6455&#44;6460&#44;6472&#44;6502&#44;6533&#44;6536&#44;6547&#44;6567&#44;6575&#44;6581&#44;6604&#44;6605&#44;6606&#44;6608&#44;6609&#44;6610&#44;6612&#44;6613&#44;6614&#44;6615&#44;6616&#44;6617&#44;6619&#44;6620&#44;6621&#44;6622&#44;6624&#44;6626&#44;6628&#44;6650&#44;6651&#44;6652&#44;6653&#44;6655&#44;6670&#44;6676&#44;6677&#44;6678&#44;6679&#44;6682&#44;6683&#44;6684&#44;6685&#44;6686&#44;6692&#44;6693&#44;8144&#44;8145&#44;8153&#44;8160&#44;8161&#44;8175&#44;8177&#44;8191&#44;8193&#44;8280&#44;""",1/21/22,1/21/22,N
layouts,Sushi,79,,2022,1/4/22,1-NewFolderStructure/C079_Sushi/C79_Sushi_EFFECTIVE_1042022/,_C79_Sushi_EFFECTIVE_1042022.pdf,"""4761&#44;6424&#44;""",1/9/22,1/9/22,N
layouts,Coolers,42-2,,2022,1/7/22,1-NewFolderStructure/C042_Coolers/C42_Effective_01072022_Planogram_Updated_01072022/,_C42_Effective_01072022_Planogram_Updated_01072022.pdf,"""6406&#44;""",1/9/22,1/9/22,N
layouts,Coolers,42-2,,2021,1/12/22,1-NewFolderStructure/C042_Coolers/C42_Effective_12272021_Planogram_Updated_01122022/,_C42_Effective_12272022_Planogram_Updated_01122022.pdf,"""4791&#44;6514&#44;6535&#44;6568&#44;6680&#44;6979&#44;""",1/12/22,1/12/22,N
layouts,Coolers,42-2,,2021,1/12/22,1-NewFolderStructure/C042_Coolers/C42_Effective_12272021_Planogram_Updated_01142022/,_C42_Effective_12272021_Planogram_Updated_01142022.pdf,"""4852&#44;8145&#44;8126&#44;6356&#44;""",1/20/22,1/20/22,N
layouts,Coolers,42-2,,2021,1/13/22,1-NewFolderStructure/C042_Coolers/C42_Effective_12272021_Planogram_Updated_01132022/,_C42_Effective_12272021_Planogram_Updated_01132022.pdf,"""4109&#44;6202&#44;6367&#44;""",1/13/22,1/13/22,N
layouts,Deli,57,,2022,1/15/22,1-NewFolderStructure/C057_Deli/C57_Effective_11152021_Planogram_Update_12-29-2021/,_C57_Effective_11152021_Planogram_Update_12-29-2021.pdf,"""6439&#44;""",1/9/22,1/9/22,N
layouts,Deli,57,,2022,1/15/22,1-NewFolderStructure/C057_Deli/C57_Effective_11152021_Planogram_Update_01-03-2022/,_C57_Effective_11152021_Planogram_Update_01-03-2022.pdf,"""8167&#44;8245&#44;8107&#44;6463&#44;6332&#44;6435&#44;4836&#44;4991&#44;6331&#44;4879&#44;""",1/12/22,1/12/22,N
layouts,Deli,57,,2022,1/17/22,1-NewFolderStructure/C057_Deli/C57_Effective_01172022_Planogram_Update_12-31-2021/,_C57_Effective_01172022_Planogram_Update_12-31-2021.pdf,"""4109&#44;4702&#44;4703&#44;4704&#44;4707&#44;4709&#44;4710&#44;4711&#44;4712&#44;4713&#44;4718&#44;4720&#44;4721&#44;4722&#44;4724&#44;4728&#44;4729&#44;4730&#44;4731&#44;4732&#44;4735&#44;4736&#44;4738&#44;4739&#44;4740&#44;4741&#44;4742&#44;4743&#44;4745&#44;4749&#44;4750&#44;4755&#44;4761&#44;4763&#44;4764&#44;4767&#44;4768&#44;4769&#44;4770&#44;4771&#44;4772&#44;4774&#44;4775&#44;4776&#44;4777&#44;4778&#44;4780&#44;4781&#44;4782&#44;4783&#44;4784&#44;4785&#44;4786&#44;4787&#44;4789&#44;4790&#44;4791&#44;4794&#44;4795&#44;4797&#44;4798&#44;4799&#44;4801&#44;4802&#44;4804&#44;4805&#44;4808&#44;4815&#44;4816&#44;4817&#44;4818&#44;4819&#44;4820&#44;4822&#44;4824&#44;4825&#44;4828&#44;4829&#44;4830&#44;4831&#44;4836&#44;4837&#44;4839&#44;4840&#44;4843&#44;4846&#44;4847&#44;4850&#44;4851&#44;4852&#44;4853&#44;4855&#44;4857&#44;4859&#44;4860&#44;4861&#44;4866&#44;4870&#44;4871&#44;4872&#44;4873&#44;4874&#44;4875&#44;4876&#44;4878&#44;4879&#44;4901&#44;4905&#44;4906&#44;4908&#44;4911&#44;4914&#44;4915&#44;4917&#44;4920&#44;4925&#44;4926&#44;4930&#44;4933&#44;4936&#44;4938&#44;4939&#44;4942&#44;4944&#44;4946&#44;4947&#44;4948&#44;4950&#44;4952&#44;4955&#44;4958&#44;4961&#44;4962&#44;4963&#44;4969&#44;4972&#44;4973&#44;4974&#44;4982&#44;4983&#44;4985&#44;4987&#44;4989&#44;4990&#44;4991&#44;4992&#44;4994&#44;4996&#44;4998&#44;4999&#44;6181&#44;6188&#44;6189&#44;6201&#44;6202&#44;6203&#44;6204&#44;6205&#44;6212&#44;6213&#44;6216&#44;6217&#44;6218&#44;6219&#44;6220&#44;6225&#44;6228&#44;6235&#44;6236&#44;6238&#44;6239&#44;6240&#44;6242&#44;6244&#44;6245&#44;6246&#44;6247&#44;6249&#44;6251&#44;6252&#44;6254&#44;6255&#44;6256&#44;6257&#44;6259&#44;6260&#44;6261&#44;6262&#44;6265&#44;6267&#44;6269&#44;6270&#44;6275&#44;6302&#44;6304&#44;6305&#44;6307&#44;6308&#44;6309&#44;6310&#44;6311&#44;6312&#44;6313&#44;6314&#44;6315&#44;6317&#44;6319&#44;6320&#44;6321&#44;6322&#44;6324&#44;6325&#44;6326&#44;6327&#44;6328&#44;6329&#44;6330&#44;6331&#44;6332&#44;6333&#44;6334&#44;6335&#44;6336&#44;6338&#44;6339&#44;6341&#44;6342&#44;6343&#44;6344&#44;6345&#44;6347&#44;6348&#44;6349&#44;6350&#44;6351&#44;6352&#44;6353&#44;6354&#44;6355&#44;6356&#44;6357&#44;6358&#44;6359&#44;6360&#44;6361&#44;6363&#44;6364&#44;6365&#44;6366&#44;6367&#44;6368&#44;6369&#44;6371&#44;6372&#44;6373&#44;6375&#44;6376&#44;6377&#44;6378&#44;6379&#44;6380&#44;6381&#44;6382&#44;6383&#44;6384&#44;6385&#44;6386&#44;6387&#44;6388&#44;6401&#44;6402&#44;6403&#44;6404&#44;6405&#44;6406&#44;6407&#44;6408&#44;6409&#44;6410&#44;6412&#44;6413&#44;6414&#44;6415&#44;6417&#44;6418&#44;6419&#44;6420&#44;6421&#44;6422&#44;6423&#44;6424&#44;6425&#44;6426&#44;6427&#44;6428&#44;6429&#44;6430&#44;6431&#44;6432&#44;6433&#44;6434&#44;6435&#44;6436&#44;6437&#44;6439&#44;6440&#44;6441&#44;6443&#44;6444&#44;6445&#44;6448&#44;6449&#44;6450&#44;6452&#44;6453&#44;6454&#44;6455&#44;6456&#44;6457&#44;6458&#44;6460&#44;6461&#44;6462&#44;6463&#44;6464&#44;6471&#44;6472&#44;6474&#44;6479&#44;6482&#44;6485&#44;6487&#44;6489&#44;6501&#44;6502&#44;6503&#44;6505&#44;6506&#44;6507&#44;6509&#44;6510&#44;6512&#44;6514&#44;6517&#44;6518&#44;6520&#44;6521&#44;6524&#44;6527&#44;6528&#44;6533&#44;6535&#44;6536&#44;6539&#44;6540&#44;6543&#44;6547&#44;6549&#44;6556&#44;6562&#44;6565&#44;6567&#44;6568&#44;6569&#44;6570&#44;6571&#44;6572&#44;6573&#44;6575&#44;6581&#44;6582&#44;6604&#44;6605&#44;6606&#44;6608&#44;6609&#44;6610&#44;6612&#44;6613&#44;6614&#44;6615&#44;6616&#44;6617&#44;6619&#44;6620&#44;6621&#44;6622&#44;6624&#44;6626&#44;6628&#44;6630&#44;6631&#44;6632&#44;6633&#44;6634&#44;6635&#44;6636&#44;6637&#44;6643&#44;6644&#44;6646&#44;6650&#44;6651&#44;6652&#44;6653&#44;6655&#44;6657&#44;6658&#44;6659&#44;6660&#44;6661&#44;6662&#44;6663&#44;6664&#44;6666&#44;6667&#44;6670&#44;6671&#44;6672&#44;6673&#44;6674&#44;6675&#44;6676&#44;6677&#44;6678&#44;6679&#44;6680&#44;6682&#44;6683&#44;6684&#44;6685&#44;6686&#44;6689&#44;6690&#44;6692&#44;6693&#44;6779&#44;6781&#44;6867&#44;6976&#44;6979&#44;7189&#44;7658&#44;7676&#44;8102&#44;8104&#44;8106&#44;8107&#44;8111&#44;8112&#44;8114&#44;8115&#44;8116&#44;8117&#44;8119&#44;8120&#44;8123&#44;8125&#44;8126&#44;8128&#44;8129&#44;8130&#44;8132&#44;8133&#44;8134&#44;8135&#44;8136&#44;8138&#44;8139&#44;8141&#44;8142&#44;8144&#44;8145&#44;8146&#44;8147&#44;8149&#44;8150&#44;8151&#44;8152&#44;8153&#44;8155&#44;8156&#44;8157&#44;8158&#44;8160&#44;8161&#44;8162&#44;8163&#44;8164&#44;8165&#44;8166&#44;8167&#44;8168&#44;8169&#44;8172&#44;8173&#44;8174&#44;8175&#44;8176&#44;8177&#44;8180&#44;8181&#44;8182&#44;8183&#44;8184&#44;8185&#44;8186&#44;8188&#44;8189&#44;8190&#44;8191&#44;8192&#44;8193&#44;8194&#44;8196&#44;8197&#44;8201&#44;8202&#44;8203&#44;8205&#44;8207&#44;8208&#44;8209&#44;8210&#44;8211&#44;8213&#44;8215&#44;8218&#44;8219&#44;8220&#44;8221&#44;8222&#44;8223&#44;8224&#44;8225&#44;8226&#44;8227&#44;8228&#44;8236&#44;8237&#44;8238&#44;8239&#44;8241&#44;8242&#44;8243&#44;8244&#44;8245&#44;8246&#44;8247&#44;8248&#44;8250&#44;8251&#44;8252&#44;8253&#44;8254&#44;8256&#44;8257&#44;8259&#44;8261&#44;8262&#44;8263&#44;8264&#44;8265&#44;8266&#44;8267&#44;8268&#44;8269&#44;8270&#44;8271&#44;8272&#44;8273&#44;8274&#44;8275&#44;8276&#44;8277&#44;8278&#44;8279&#44;8280&#44;8281&#44;8282&#44;8283&#44;8284&#44;8285&#44;8286&#44;8287&#44;8288&#44;8289&#44;8290&#44;8291&#44;8292&#44;8293&#44;8294&#44;8295&#44;8296&#44;8297&#44;8298&#44;8299&#44;""",1/7/22,1/7/22,N
layouts,Café Grab and Go,79-3,,2022,1/18/22,1-NewFolderStructure/C079_Cafe_Grab_n_Go/C79_Cafe_Grab_and_Go_Update_01182022/,_C79_Cafe_Grab_and_Go_Update_01182022.pdf,"""4703&#44;4724&#44;4739&#44;4745&#44;4770&#44;4776&#44;4777&#44;4817&#44;4836&#44;4853&#44;4879&#44;4901&#44;4938&#44;4987&#44;4989&#44;6201&#44;6219&#44;6333&#44;6345&#44;6347&#44;6352&#44;6356&#44;6369&#44;6379&#44;6408&#44;6425&#44;6428&#44;6430&#44;6431&#44;6435&#44;6456&#44;6462&#44;6463&#44;6506&#44;6509&#44;6539&#44;6549&#44;6565&#44;6572&#44;6630&#44;6631&#44;6632&#44;6633&#44;6634&#44;6644&#44;6672&#44;6673&#44;6682&#44;6683&#44;6684&#44;6685&#44;8106&#44;8107&#44;8142&#44;8147&#44;8186&#44;8189&#44;8192&#44;8194&#44;8225&#44;8247&#44;8272&#44;8278&#44;""",1/20/22,1/20/22,N
layouts,Deli,57,,2022,1/20/22,1-NewFolderStructure/C057_Deli/C57_Effective_01172022_Planogram_Update_12202021/,_C57_Effective_01172022_Planogram_Update_12202021.pdf,"""8125&#44;8180&#44;""",1/20/22,1/20/22,N
layouts,HMS,79-2,,2022,1/20/22,1-NewFolderStructure/C079_HMS/C79_HMS_EFFECTIVE__01202022/,_C79_HMS_EFFECTIVE__01202022.pdf,"""6568&#44;6202&#44;""",1/20/22,1/20/22,N
layouts,Meat and Seafood,"""72&#44;76&#44;93""",,2022,1/21/22,1-NewFolderStructure/C076_C072_C093_Fresh_Meat_Seafood/C72_C76_C93_Effective_01032022_Planogram_Updated_01172022/,_C72_C76_C93_Effective_01032022_Planogram_Updated_01172022.pdf,"""4852&#44;""",1/24/22,1/24/22,N
layouts,Deli,57,,2022,1/25/22,1-NewFolderStructure/C057_Deli/C57_Effective_01172022_Planogram_Update_12-20-2021/,_C57_Effective_01172022_Planogram_Update_12-20-2021.pdf,"""4724&#44;4798&#44;4901&#44;4908&#44;4989&#44;4996&#44;6236&#44;6275&#44;6308&#44;6334&#44;6352&#44;6386&#44;6401&#44;6426&#44;6443&#44;6463&#44;6464&#44;6479&#44;6533&#44;6536&#44;6571&#44;6646&#44;6693&#44;8125&#44;8180&#44;8184&#44;8203&#44;8276&#44;""",1/25/22,1/25/22,N
layouts,Deli,57,,2022,1/28/22,1-NewFolderStructure/C057_Deli/C57_Effective_01172022_Planogram_Update_01-27-2022/,_C57_Effective_01172022_Planogram_Update_01-27-2022.pdf,"""8276&#44;8184&#44;8203&#44;6646&#44;6571&#44;6536&#44;6308&#44;6401&#44;6236&#44;4901&#44;4989&#44;4996&#44;""",1/28/22,1/28/22,N
layouts,Coolers,42-2,,2021,1/28/22,1-NewFolderStructure/C042_Coolers/C42_Effective__10112021_Planogram_Updated_10062021/,_C42_Effective_10112021_Planogram_Updated_10062021.pdf,"""4925&#44;""",1/28/22,1/28/22,N
layouts,Deli,57,,2022,1/31/22,1-NewFolderStructure/C057_Deli/C57_Effective_01172022_Planogram_Update_01-29-2022/,_C57_Effective_01172022_Planogram_Update_01-29-2022.pdf,"""6509&#44;8192&#44;""",1/31/22,1/31/22,N
layouts,Coolers,42-2,,2021,1/31/22,1-NewFolderStructure/C042_Coolers/C42_Effective__12272021_Planogram_Updated_01142022/,_C42_Effective_12272021_Planogram_Updated_01142022.pdf,"""4915&#44;4820&#44;4784&#44;6204&#44;6612&#44;8267&#44;""",2/2/22,2/2/22,N
layouts,Meat and Seafood,"""72&#44;76&#44;93""",,2022,1/31/22,1-NewFolderStructure/C076_C072_C093_Fresh_Meat_Seafood/C72_C76_C93__Effective_01032022_Planogram_Updated_01142022/,_C72_C76_C93_Effective_01032022_Planogram_Updated_01142022.pdf,"""4915&#44;4820&#44;4784&#44;6204&#44;6612&#44;8267&#44;""",2/2/22,2/2/22,N
layouts,HMS,79-2,,2022,1/31/22,1-NewFolderStructure/C079_HMS/C79_HMS_EFFECTIVE_02022022/,_C79_HMS_EFFECTIVE_02022022.pdf,"""4915&#44;4820&#44;4784&#44;6204&#44;6612&#44;8267&#44;""",2/2/22,2/2/22,N
layouts,Deli,57,,2022,2/2/22,1-NewFolderStructure/C057_Deli/C57_Effective_01172022_Planogram_Update_02-02-2022/,_C57_Effective_01172022_Planogram_Update_02-02-2022.pdf,"""4991&#44;""",2/2/22,2/2/22,N
layouts,Bakery Dessert,"""37-2&#44;77-2""",,2022,2/2/22,1-NewFolderStructure/C037_C077_Bakery_Dessert/C77_C37_Effective_02072022_Updated_02022022/,_C77_C37_Effective_02072022_Updated_02022022.pdf,"""8191&#44;6581&#44;4852&#44;""",2/2/22,2/2/22,N
layouts,Cake Case,"""37-3&#44;77-3""",,2022,2/2/22,1-NewFolderStructure/C037_C077_Cake_Case/C77_C37_Effective_02072022_Updated_02022022/,_C77_C37_Effective_02072022_Updated_02022022.pdf,"""4852&#44;""",2/2/22,2/2/22,N
layouts,Café Grab and Go,79-3,,2022,2/3/22,1-NewFolderStructure/C079_Cafe_Grab_n_Go/C79_Cafe_Grab_and_Go_Updated_02032022/,_C79_Cafe_Grab_and_Go_Updated_02032022.pdf,"""8189&#44;6547&#44;""",2/3/22,2/3/22,N
layouts,Coolers,42-2,,2021,2/3/22,1-NewFolderStructure/C042_Coolers/C42_Effective_01242022_Planogram_Updated_02032022/,_C42_Effective_01242022_Planogram_Updated_02032022.pdf,"""6664&#44;""",2/4/22,2/4/22,N
layouts,Apparel Hanging Racks,33,,2022,2/7/22,https://sams-csp.cld.samsclub.com/clubs/,/planograms/33,"""4109&#44;4702&#44;4703&#44;4704&#44;4707&#44;4709&#44;4710&#44;4711&#44;4712&#44;4713&#44;4718&#44;4720&#44;4721&#44;4722&#44;4724&#44;4728&#44;4729&#44;4730&#44;4731&#44;4732&#44;4735&#44;4736&#44;4738&#44;4739&#44;4740&#44;4741&#44;4742&#44;4743&#44;4745&#44;4749&#44;4750&#44;4755&#44;4761&#44;4763&#44;4764&#44;4767&#44;4768&#44;4769&#44;4770&#44;4771&#44;4772&#44;4774&#44;4775&#44;4776&#44;4777&#44;4778&#44;4780&#44;4781&#44;4782&#44;4783&#44;4784&#44;4785&#44;4786&#44;4787&#44;4789&#44;4790&#44;4791&#44;4794&#44;4795&#44;4797&#44;4798&#44;4799&#44;4801&#44;4802&#44;4804&#44;4805&#44;4808&#44;4815&#44;4816&#44;4817&#44;4818&#44;4819&#44;4820&#44;4822&#44;4824&#44;4825&#44;4828&#44;4829&#44;4830&#44;4831&#44;4836&#44;4837&#44;4839&#44;4840&#44;4843&#44;4846&#44;4847&#44;4850&#44;4851&#44;4852&#44;4853&#44;4855&#44;4857&#44;4859&#44;4860&#44;4861&#44;4866&#44;4870&#44;4871&#44;4872&#44;4873&#44;4874&#44;4875&#44;4876&#44;4878&#44;4879&#44;4901&#44;4905&#44;4906&#44;4908&#44;4911&#44;4914&#44;4915&#44;4917&#44;4920&#44;4925&#44;4926&#44;4930&#44;4933&#44;4936&#44;4938&#44;4939&#44;4942&#44;4944&#44;4946&#44;4947&#44;4948&#44;4950&#44;4952&#44;4955&#44;4958&#44;4961&#44;4962&#44;4963&#44;4969&#44;4972&#44;4973&#44;4974&#44;4982&#44;4983&#44;4985&#44;4987&#44;4989&#44;4990&#44;4991&#44;4992&#44;4994&#44;4996&#44;4998&#44;4999&#44;6181&#44;6188&#44;6189&#44;6201&#44;6202&#44;6203&#44;6204&#44;6205&#44;6212&#44;6213&#44;6216&#44;6217&#44;6218&#44;6219&#44;6220&#44;6225&#44;6228&#44;6235&#44;6236&#44;6238&#44;6239&#44;6240&#44;6242&#44;6244&#44;6245&#44;6246&#44;6247&#44;6249&#44;6251&#44;6252&#44;6254&#44;6255&#44;6256&#44;6257&#44;6259&#44;6260&#44;6261&#44;6262&#44;6265&#44;6267&#44;6269&#44;6270&#44;6275&#44;6302&#44;6304&#44;6305&#44;6307&#44;6308&#44;6309&#44;6310&#44;6311&#44;6312&#44;6313&#44;6314&#44;6315&#44;6317&#44;6319&#44;6320&#44;6321&#44;6322&#44;6324&#44;6325&#44;6326&#44;6327&#44;6328&#44;6329&#44;6330&#44;6331&#44;6332&#44;6333&#44;6334&#44;6335&#44;6336&#44;6338&#44;6339&#44;6341&#44;6342&#44;6343&#44;6344&#44;6345&#44;6347&#44;6348&#44;6349&#44;6350&#44;6351&#44;6352&#44;6353&#44;6354&#44;6355&#44;6356&#44;6357&#44;6358&#44;6359&#44;6360&#44;6361&#44;6363&#44;6364&#44;6365&#44;6366&#44;6367&#44;6368&#44;6369&#44;6371&#44;6372&#44;6373&#44;6375&#44;6376&#44;6377&#44;6378&#44;6379&#44;6380&#44;6381&#44;6382&#44;6383&#44;6384&#44;6385&#44;6386&#44;6387&#44;6388&#44;6401&#44;6402&#44;6403&#44;6404&#44;6405&#44;6406&#44;6407&#44;6408&#44;6409&#44;6410&#44;6412&#44;6413&#44;6414&#44;6415&#44;6417&#44;6418&#44;6419&#44;6420&#44;6421&#44;6422&#44;6423&#44;6424&#44;6425&#44;6426&#44;6427&#44;6428&#44;6429&#44;6430&#44;6431&#44;6432&#44;6433&#44;6434&#44;6435&#44;6436&#44;6437&#44;6439&#44;6440&#44;6441&#44;6443&#44;6444&#44;6445&#44;6448&#44;6449&#44;6450&#44;6452&#44;6453&#44;6454&#44;6455&#44;6456&#44;6457&#44;6458&#44;6460&#44;6461&#44;6462&#44;6463&#44;6464&#44;6471&#44;6472&#44;6474&#44;6479&#44;6482&#44;6485&#44;6487&#44;6489&#44;6501&#44;6502&#44;6503&#44;6505&#44;6506&#44;6507&#44;6509&#44;6510&#44;6512&#44;6514&#44;6517&#44;6518&#44;6520&#44;6521&#44;6524&#44;6527&#44;6528&#44;6533&#44;6535&#44;6536&#44;6539&#44;6540&#44;6543&#44;6547&#44;6549&#44;6556&#44;6562&#44;6565&#44;6567&#44;6568&#44;6569&#44;6570&#44;6571&#44;6572&#44;6573&#44;6575&#44;6581&#44;6582&#44;6604&#44;6605&#44;6606&#44;6608&#44;6609&#44;6610&#44;6612&#44;6613&#44;6614&#44;6615&#44;6616&#44;6617&#44;6619&#44;6620&#44;6621&#44;6622&#44;6624&#44;6626&#44;6628&#44;6630&#44;6631&#44;6632&#44;6633&#44;6634&#44;6635&#44;6636&#44;6637&#44;6643&#44;6644&#44;6646&#44;6650&#44;6651&#44;6652&#44;6653&#44;6655&#44;6657&#44;6658&#44;6659&#44;6660&#44;6661&#44;6662&#44;6663&#44;6664&#44;6666&#44;6667&#44;6670&#44;6671&#44;6672&#44;6673&#44;6674&#44;6675&#44;6676&#44;6677&#44;6678&#44;6679&#44;6680&#44;6682&#44;6683&#44;6684&#44;6685&#44;6686&#44;6689&#44;6690&#44;6692&#44;6693&#44;6779&#44;6781&#44;6867&#44;6976&#44;6979&#44;7189&#44;7658&#44;7676&#44;8102&#44;8104&#44;8106&#44;8107&#44;8111&#44;8112&#44;8114&#44;8115&#44;8116&#44;8117&#44;8119&#44;8120&#44;8123&#44;8125&#44;8126&#44;8128&#44;8129&#44;8130&#44;8132&#44;8133&#44;8134&#44;8135&#44;8136&#44;8138&#44;8139&#44;8141&#44;8142&#44;8144&#44;8145&#44;8146&#44;8147&#44;8149&#44;8150&#44;8151&#44;8152&#44;8153&#44;8155&#44;8156&#44;8157&#44;8158&#44;8160&#44;8161&#44;8162&#44;8163&#44;8164&#44;8165&#44;8166&#44;8167&#44;8168&#44;8169&#44;8172&#44;8173&#44;8174&#44;8175&#44;8176&#44;8177&#44;8180&#44;8181&#44;8182&#44;8183&#44;8184&#44;8185&#44;8186&#44;8188&#44;8189&#44;8190&#44;8191&#44;8192&#44;8193&#44;8194&#44;8196&#44;8197&#44;8201&#44;8202&#44;8203&#44;8205&#44;8207&#44;8208&#44;8209&#44;8210&#44;8211&#44;8213&#44;8215&#44;8218&#44;8219&#44;8220&#44;8221&#44;8222&#44;8223&#44;8224&#44;8225&#44;8226&#44;8227&#44;8228&#44;8236&#44;8237&#44;8238&#44;8239&#44;8241&#44;8242&#44;8243&#44;8244&#44;8245&#44;8246&#44;8247&#44;8248&#44;8250&#44;8251&#44;8252&#44;8253&#44;8254&#44;8256&#44;8257&#44;8259&#44;8261&#44;8262&#44;8263&#44;8264&#44;8265&#44;8266&#44;8267&#44;8268&#44;8269&#44;8270&#44;8271&#44;8272&#44;8273&#44;8274&#44;8275&#44;8276&#44;8277&#44;8278&#44;8279&#44;8280&#44;8281&#44;8282&#44;8283&#44;8284&#44;8285&#44;8286&#44;8287&#44;8288&#44;8289&#44;8290&#44;8291&#44;8292&#44;8293&#44;8294&#44;8295&#44;8296&#44;8297&#44;8298&#44;8299&#44;""",1/31/22,1/31/22,N
layouts,Bakery Tables,"""37&#44;77""",,2022,2/7/22,1-NewFolderStructure/C037_C077_Bakery_Tables/C37_77_Bakery_Tables_Effective_02072022_Updated_01282022/,_C37_77_Bakery_Tables_Effective_02072022_Updated_01282022.pdf,"""4109&#44;4702&#44;4703&#44;4704&#44;4707&#44;4709&#44;4710&#44;4711&#44;4712&#44;4713&#44;4718&#44;4720&#44;4721&#44;4722&#44;4724&#44;4728&#44;4729&#44;4730&#44;4731&#44;4732&#44;4735&#44;4736&#44;4738&#44;4739&#44;4740&#44;4741&#44;4742&#44;4743&#44;4745&#44;4749&#44;4750&#44;4755&#44;4761&#44;4763&#44;4764&#44;4767&#44;4768&#44;4769&#44;4770&#44;4771&#44;4772&#44;4774&#44;4775&#44;4776&#44;4777&#44;4778&#44;4780&#44;4781&#44;4782&#44;4783&#44;4784&#44;4785&#44;4786&#44;4787&#44;4789&#44;4790&#44;4791&#44;4794&#44;4795&#44;4797&#44;4798&#44;4799&#44;4801&#44;4802&#44;4804&#44;4805&#44;4808&#44;4815&#44;4816&#44;4817&#44;4818&#44;4819&#44;4820&#44;4822&#44;4824&#44;4825&#44;4828&#44;4829&#44;4830&#44;4831&#44;4836&#44;4837&#44;4839&#44;4840&#44;4843&#44;4846&#44;4847&#44;4850&#44;4851&#44;4852&#44;4853&#44;4855&#44;4857&#44;4859&#44;4860&#44;4861&#44;4866&#44;4870&#44;4871&#44;4872&#44;4873&#44;4874&#44;4875&#44;4876&#44;4878&#44;4879&#44;4901&#44;4905&#44;4906&#44;4908&#44;4911&#44;4914&#44;4915&#44;4917&#44;4920&#44;4925&#44;4926&#44;4933&#44;4936&#44;4938&#44;4939&#44;4942&#44;4944&#44;4946&#44;4947&#44;4948&#44;4950&#44;4952&#44;4955&#44;4958&#44;4961&#44;4962&#44;4963&#44;4969&#44;4972&#44;4973&#44;4974&#44;4982&#44;4983&#44;4985&#44;4987&#44;4989&#44;4990&#44;4991&#44;4992&#44;4994&#44;4996&#44;4998&#44;4999&#44;6181&#44;6188&#44;6189&#44;6201&#44;6202&#44;6203&#44;6204&#44;6205&#44;6212&#44;6213&#44;6216&#44;6217&#44;6218&#44;6219&#44;6220&#44;6225&#44;6228&#44;6235&#44;6236&#44;6238&#44;6239&#44;6240&#44;6242&#44;6244&#44;6245&#44;6246&#44;6247&#44;6249&#44;6251&#44;6252&#44;6254&#44;6255&#44;6256&#44;6257&#44;6259&#44;6260&#44;6261&#44;6262&#44;6265&#44;6267&#44;6269&#44;6270&#44;6275&#44;6302&#44;6304&#44;6305&#44;6307&#44;6308&#44;6309&#44;6310&#44;6311&#44;6312&#44;6313&#44;6314&#44;6315&#44;6317&#44;6319&#44;6320&#44;6321&#44;6322&#44;6324&#44;6325&#44;6326&#44;6327&#44;6328&#44;6329&#44;6330&#44;6331&#44;6332&#44;6333&#44;6334&#44;6335&#44;6336&#44;6338&#44;6339&#44;6341&#44;6342&#44;6343&#44;6344&#44;6345&#44;6347&#44;6348&#44;6349&#44;6350&#44;6351&#44;6352&#44;6353&#44;6354&#44;6355&#44;6356&#44;6357&#44;6358&#44;6359&#44;6360&#44;6361&#44;6363&#44;6364&#44;6365&#44;6366&#44;6367&#44;6368&#44;6369&#44;6371&#44;6372&#44;6373&#44;6375&#44;6376&#44;6378&#44;6379&#44;6380&#44;6381&#44;6382&#44;6383&#44;6384&#44;6385&#44;6386&#44;6387&#44;6388&#44;6401&#44;6402&#44;6403&#44;6404&#44;6405&#44;6406&#44;6407&#44;6408&#44;6409&#44;6410&#44;6412&#44;6413&#44;6414&#44;6415&#44;6417&#44;6418&#44;6419&#44;6420&#44;6421&#44;6422&#44;6423&#44;6424&#44;6425&#44;6426&#44;6427&#44;6428&#44;6429&#44;6430&#44;6431&#44;6432&#44;6433&#44;6434&#44;6435&#44;6436&#44;6437&#44;6439&#44;6440&#44;6441&#44;6443&#44;6444&#44;6445&#44;6448&#44;6449&#44;6450&#44;6452&#44;6453&#44;6454&#44;6455&#44;6456&#44;6457&#44;6458&#44;6460&#44;6461&#44;6462&#44;6463&#44;6464&#44;6471&#44;6472&#44;6474&#44;6479&#44;6482&#44;6485&#44;6487&#44;6489&#44;6501&#44;6502&#44;6503&#44;6505&#44;6506&#44;6507&#44;6509&#44;6510&#44;6512&#44;6514&#44;6517&#44;6518&#44;6520&#44;6521&#44;6524&#44;6527&#44;6528&#44;6535&#44;6536&#44;6539&#44;6540&#44;6543&#44;6547&#44;6549&#44;6556&#44;6562&#44;6565&#44;6567&#44;6568&#44;6569&#44;6570&#44;6571&#44;6572&#44;6573&#44;6575&#44;6581&#44;6582&#44;6604&#44;6605&#44;6606&#44;6608&#44;6609&#44;6610&#44;6612&#44;6613&#44;6614&#44;6615&#44;6616&#44;6617&#44;6619&#44;6620&#44;6621&#44;6622&#44;6624&#44;6626&#44;6628&#44;6630&#44;6631&#44;6632&#44;6633&#44;6634&#44;6635&#44;6636&#44;6637&#44;6643&#44;6644&#44;6646&#44;6650&#44;6651&#44;6652&#44;6653&#44;6655&#44;6657&#44;6658&#44;6659&#44;6660&#44;6661&#44;6662&#44;6663&#44;6664&#44;6666&#44;6667&#44;6670&#44;6671&#44;6672&#44;6673&#44;6674&#44;6675&#44;6676&#44;6677&#44;6678&#44;6679&#44;6680&#44;6682&#44;6683&#44;6684&#44;6685&#44;6686&#44;6689&#44;6690&#44;6692&#44;6693&#44;6779&#44;6781&#44;6867&#44;6976&#44;6979&#44;7189&#44;7658&#44;7676&#44;8102&#44;8104&#44;8106&#44;8107&#44;8111&#44;8112&#44;8114&#44;8115&#44;8116&#44;8117&#44;8119&#44;8120&#44;8123&#44;8125&#44;8126&#44;8128&#44;8129&#44;8130&#44;8132&#44;8133&#44;8134&#44;8135&#44;8136&#44;8138&#44;8139&#44;8141&#44;8142&#44;8144&#44;8145&#44;8146&#44;8147&#44;8149&#44;8150&#44;8151&#44;8152&#44;8153&#44;8155&#44;8156&#44;8157&#44;8158&#44;8160&#44;8161&#44;8162&#44;8163&#44;8164&#44;8165&#44;8166&#44;8167&#44;8168&#44;8169&#44;8172&#44;8173&#44;8174&#44;8175&#44;8176&#44;8177&#44;8180&#44;8181&#44;8182&#44;8183&#44;8184&#44;8185&#44;8186&#44;8188&#44;8189&#44;8190&#44;8191&#44;8192&#44;8193&#44;8194&#44;8196&#44;8197&#44;8201&#44;8202&#44;8203&#44;8205&#44;8207&#44;8208&#44;8209&#44;8210&#44;8211&#44;8213&#44;8215&#44;8218&#44;8219&#44;8220&#44;8221&#44;8222&#44;8223&#44;8224&#44;8225&#44;8226&#44;8227&#44;8228&#44;8236&#44;8237&#44;8238&#44;8239&#44;8241&#44;8242&#44;8243&#44;8244&#44;8245&#44;8246&#44;8247&#44;8248&#44;8250&#44;8251&#44;8252&#44;8253&#44;8254&#44;8256&#44;8257&#44;8259&#44;8261&#44;8262&#44;8263&#44;8264&#44;8265&#44;8266&#44;8267&#44;8268&#44;8269&#44;8270&#44;8271&#44;8272&#44;8273&#44;8274&#44;8275&#44;8276&#44;8277&#44;8278&#44;8279&#44;8280&#44;8281&#44;8282&#44;8283&#44;8284&#44;8285&#44;8286&#44;8287&#44;8288&#44;8289&#44;8290&#44;8291&#44;8292&#44;8293&#44;8294&#44;8295&#44;8296&#44;8297&#44;8298&#44;8299&#44;""",1/31/22,1/31/22,N
layouts,Bakery Dessert,"""37-2&#44;77-2""",,2022,2/7/22,1-NewFolderStructure/C037_C077_Bakery_Dessert/C77_C37_Effective_02072022_Updated_01282022/,_C77_C37_Effective_02072022_Updated_01282022.pdf,"""4109&#44;4702&#44;4703&#44;4704&#44;4707&#44;4709&#44;4710&#44;4711&#44;4712&#44;4713&#44;4718&#44;4720&#44;4721&#44;4722&#44;4724&#44;4728&#44;4729&#44;4730&#44;4731&#44;4732&#44;4735&#44;4736&#44;4738&#44;4739&#44;4740&#44;4741&#44;4742&#44;4743&#44;4745&#44;4749&#44;4750&#44;4755&#44;4761&#44;4763&#44;4764&#44;4767&#44;4768&#44;4769&#44;4770&#44;4771&#44;4772&#44;4774&#44;4775&#44;4776&#44;4777&#44;4778&#44;4780&#44;4781&#44;4782&#44;4783&#44;4784&#44;4785&#44;4786&#44;4787&#44;4789&#44;4790&#44;4791&#44;4794&#44;4795&#44;4797&#44;4798&#44;4799&#44;4801&#44;4802&#44;4804&#44;4805&#44;4808&#44;4815&#44;4816&#44;4817&#44;4818&#44;4819&#44;4820&#44;4822&#44;4824&#44;4825&#44;4828&#44;4829&#44;4830&#44;4831&#44;4836&#44;4837&#44;4839&#44;4840&#44;4843&#44;4846&#44;4847&#44;4850&#44;4851&#44;4852&#44;4853&#44;4855&#44;4857&#44;4859&#44;4860&#44;4861&#44;4866&#44;4870&#44;4871&#44;4872&#44;4873&#44;4874&#44;4875&#44;4876&#44;4878&#44;4879&#44;4901&#44;4905&#44;4906&#44;4908&#44;4911&#44;4914&#44;4915&#44;4917&#44;4920&#44;4925&#44;4926&#44;4933&#44;4936&#44;4938&#44;4939&#44;4942&#44;4944&#44;4946&#44;4947&#44;4948&#44;4950&#44;4952&#44;4955&#44;4958&#44;4961&#44;4962&#44;4963&#44;4969&#44;4972&#44;4973&#44;4974&#44;4982&#44;4983&#44;4985&#44;4987&#44;4989&#44;4990&#44;4991&#44;4992&#44;4994&#44;4996&#44;4998&#44;4999&#44;6181&#44;6188&#44;6189&#44;6201&#44;6202&#44;6203&#44;6204&#44;6205&#44;6212&#44;6213&#44;6216&#44;6217&#44;6218&#44;6219&#44;6220&#44;6225&#44;6228&#44;6235&#44;6236&#44;6238&#44;6239&#44;6240&#44;6242&#44;6244&#44;6245&#44;6246&#44;6247&#44;6249&#44;6251&#44;6252&#44;6254&#44;6255&#44;6256&#44;6257&#44;6259&#44;6260&#44;6261&#44;6262&#44;6265&#44;6267&#44;6269&#44;6270&#44;6275&#44;6302&#44;6304&#44;6305&#44;6307&#44;6308&#44;6309&#44;6310&#44;6311&#44;6312&#44;6313&#44;6314&#44;6315&#44;6317&#44;6319&#44;6320&#44;6321&#44;6322&#44;6324&#44;6325&#44;6326&#44;6327&#44;6328&#44;6329&#44;6330&#44;6331&#44;6332&#44;6333&#44;6334&#44;6335&#44;6336&#44;6338&#44;6339&#44;6341&#44;6342&#44;6343&#44;6344&#44;6345&#44;6347&#44;6348&#44;6349&#44;6350&#44;6351&#44;6352&#44;6353&#44;6354&#44;6355&#44;6356&#44;6357&#44;6358&#44;6359&#44;6360&#44;6361&#44;6363&#44;6364&#44;6365&#44;6366&#44;6367&#44;6368&#44;6369&#44;6371&#44;6372&#44;6373&#44;6375&#44;6376&#44;6377&#44;6378&#44;6379&#44;6380&#44;6381&#44;6382&#44;6383&#44;6384&#44;6385&#44;6386&#44;6387&#44;6388&#44;6401&#44;6402&#44;6403&#44;6404&#44;6405&#44;6406&#44;6407&#44;6408&#44;6409&#44;6410&#44;6412&#44;6413&#44;6414&#44;6415&#44;6417&#44;6418&#44;6419&#44;6420&#44;6421&#44;6422&#44;6423&#44;6424&#44;6425&#44;6426&#44;6427&#44;6428&#44;6429&#44;6430&#44;6431&#44;6432&#44;6433&#44;6434&#44;6435&#44;6436&#44;6437&#44;6439&#44;6440&#44;6441&#44;6443&#44;6444&#44;6445&#44;6448&#44;6449&#44;6450&#44;6452&#44;6453&#44;6454&#44;6455&#44;6456&#44;6457&#44;6458&#44;6460&#44;6461&#44;6462&#44;6463&#44;6464&#44;6471&#44;6472&#44;6474&#44;6479&#44;6482&#44;6485&#44;6487&#44;6489&#44;6501&#44;6502&#44;6503&#44;6505&#44;6506&#44;6507&#44;6509&#44;6510&#44;6512&#44;6514&#44;6517&#44;6518&#44;6520&#44;6521&#44;6524&#44;6527&#44;6528&#44;6535&#44;6536&#44;6539&#44;6540&#44;6543&#44;6547&#44;6549&#44;6556&#44;6562&#44;6565&#44;6567&#44;6568&#44;6569&#44;6570&#44;6571&#44;6572&#44;6573&#44;6575&#44;6581&#44;6582&#44;6604&#44;6605&#44;6606&#44;6608&#44;6609&#44;6610&#44;6612&#44;6613&#44;6614&#44;6615&#44;6616&#44;6617&#44;6619&#44;6620&#44;6621&#44;6622&#44;6624&#44;6626&#44;6628&#44;6630&#44;6631&#44;6632&#44;6633&#44;6634&#44;6635&#44;6636&#44;6637&#44;6643&#44;6644&#44;6646&#44;6650&#44;6651&#44;6652&#44;6653&#44;6655&#44;6657&#44;6658&#44;6659&#44;6660&#44;6661&#44;6662&#44;6663&#44;6664&#44;6666&#44;6667&#44;6670&#44;6671&#44;6672&#44;6673&#44;6674&#44;6675&#44;6676&#44;6677&#44;6678&#44;6679&#44;6680&#44;6682&#44;6683&#44;6684&#44;6685&#44;6686&#44;6689&#44;6690&#44;6692&#44;6693&#44;6779&#44;6781&#44;6867&#44;6976&#44;6979&#44;7189&#44;7658&#44;7676&#44;8102&#44;8104&#44;8106&#44;8107&#44;8111&#44;8112&#44;8114&#44;8115&#44;8116&#44;8117&#44;8119&#44;8120&#44;8123&#44;8125&#44;8126&#44;8128&#44;8129&#44;8130&#44;8132&#44;8133&#44;8134&#44;8135&#44;8136&#44;8138&#44;8139&#44;8141&#44;8142&#44;8144&#44;8145&#44;8146&#44;8147&#44;8149&#44;8150&#44;8151&#44;8152&#44;8153&#44;8155&#44;8156&#44;8157&#44;8158&#44;8160&#44;8161&#44;8162&#44;8163&#44;8164&#44;8165&#44;8166&#44;8167&#44;8168&#44;8169&#44;8172&#44;8173&#44;8174&#44;8175&#44;8176&#44;8177&#44;8180&#44;8181&#44;8182&#44;8183&#44;8184&#44;8185&#44;8186&#44;8188&#44;8189&#44;8190&#44;8191&#44;8192&#44;8193&#44;8194&#44;8196&#44;8197&#44;8201&#44;8202&#44;8203&#44;8205&#44;8207&#44;8208&#44;8209&#44;8210&#44;8211&#44;8213&#44;8215&#44;8218&#44;8219&#44;8220&#44;8221&#44;8222&#44;8223&#44;8224&#44;8225&#44;8226&#44;8227&#44;8228&#44;8236&#44;8237&#44;8238&#44;8239&#44;8241&#44;8242&#44;8243&#44;8244&#44;8245&#44;8246&#44;8247&#44;8248&#44;8250&#44;8251&#44;8252&#44;8253&#44;8254&#44;8256&#44;8257&#44;8259&#44;8261&#44;8262&#44;8263&#44;8264&#44;8265&#44;8266&#44;8267&#44;8268&#44;8269&#44;8270&#44;8271&#44;8272&#44;8273&#44;8274&#44;8275&#44;8276&#44;8277&#44;8278&#44;8279&#44;8280&#44;8281&#44;8282&#44;8283&#44;8284&#44;8285&#44;8286&#44;8287&#44;8288&#44;8289&#44;8290&#44;8291&#44;8292&#44;8293&#44;8294&#44;8295&#44;8296&#44;8297&#44;8298&#44;8299&#44;""",1/31/22,1/31/22,N
layouts,Cake Case,"""37-3&#44;77-3""",,2022,2/7/22,1-NewFolderStructure/C037_C077_Cake_Case/C77_C37_Effective_02072022_Updated_01282022/,_C77_C37_Effective_02072022_Updated_01282022.pdf,"""4109&#44;4702&#44;4703&#44;4704&#44;4707&#44;4709&#44;4710&#44;4711&#44;4712&#44;4713&#44;4718&#44;4720&#44;4721&#44;4722&#44;4724&#44;4728&#44;4729&#44;4730&#44;4731&#44;4732&#44;4735&#44;4736&#44;4738&#44;4739&#44;4740&#44;4741&#44;4742&#44;4743&#44;4745&#44;4749&#44;4750&#44;4755&#44;4761&#44;4763&#44;4764&#44;4767&#44;4768&#44;4769&#44;4770&#44;4771&#44;4772&#44;4774&#44;4775&#44;4776&#44;4777&#44;4778&#44;4780&#44;4781&#44;4782&#44;4783&#44;4784&#44;4785&#44;4786&#44;4787&#44;4789&#44;4790&#44;4791&#44;4794&#44;4795&#44;4797&#44;4798&#44;4799&#44;4801&#44;4802&#44;4804&#44;4805&#44;4808&#44;4815&#44;4816&#44;4817&#44;4818&#44;4819&#44;4820&#44;4822&#44;4824&#44;4825&#44;4828&#44;4829&#44;4830&#44;4831&#44;4836&#44;4837&#44;4839&#44;4840&#44;4843&#44;4846&#44;4847&#44;4850&#44;4851&#44;4852&#44;4853&#44;4855&#44;4857&#44;4859&#44;4860&#44;4861&#44;4866&#44;4870&#44;4871&#44;4872&#44;4873&#44;4874&#44;4875&#44;4876&#44;4878&#44;4879&#44;4901&#44;4905&#44;4906&#44;4908&#44;4911&#44;4914&#44;4915&#44;4917&#44;4920&#44;4925&#44;4926&#44;4933&#44;4936&#44;4938&#44;4939&#44;4942&#44;4944&#44;4946&#44;4947&#44;4948&#44;4950&#44;4952&#44;4955&#44;4958&#44;4961&#44;4962&#44;4963&#44;4969&#44;4972&#44;4973&#44;4974&#44;4982&#44;4983&#44;4985&#44;4987&#44;4989&#44;4990&#44;4991&#44;4992&#44;4994&#44;4996&#44;4998&#44;4999&#44;6181&#44;6188&#44;6189&#44;6201&#44;6202&#44;6203&#44;6204&#44;6205&#44;6212&#44;6213&#44;6216&#44;6217&#44;6218&#44;6219&#44;6220&#44;6225&#44;6228&#44;6235&#44;6236&#44;6238&#44;6239&#44;6240&#44;6242&#44;6244&#44;6245&#44;6246&#44;6247&#44;6249&#44;6251&#44;6252&#44;6254&#44;6255&#44;6256&#44;6257&#44;6259&#44;6260&#44;6261&#44;6262&#44;6265&#44;6267&#44;6269&#44;6270&#44;6275&#44;6302&#44;6304&#44;6305&#44;6307&#44;6308&#44;6309&#44;6310&#44;6311&#44;6312&#44;6313&#44;6314&#44;6315&#44;6317&#44;6319&#44;6320&#44;6321&#44;6322&#44;6324&#44;6325&#44;6326&#44;6327&#44;6328&#44;6329&#44;6330&#44;6331&#44;6332&#44;6333&#44;6334&#44;6335&#44;6336&#44;6338&#44;6339&#44;6341&#44;6342&#44;6343&#44;6344&#44;6345&#44;6347&#44;6348&#44;6349&#44;6350&#44;6351&#44;6352&#44;6353&#44;6354&#44;6355&#44;6356&#44;6357&#44;6358&#44;6359&#44;6360&#44;6361&#44;6363&#44;6364&#44;6365&#44;6366&#44;6367&#44;6368&#44;6369&#44;6371&#44;6372&#44;6373&#44;6375&#44;6376&#44;6377&#44;6378&#44;6379&#44;6380&#44;6381&#44;6382&#44;6383&#44;6384&#44;6385&#44;6386&#44;6387&#44;6388&#44;6401&#44;6402&#44;6403&#44;6404&#44;6405&#44;6406&#44;6407&#44;6408&#44;6409&#44;6410&#44;6412&#44;6413&#44;6414&#44;6415&#44;6417&#44;6418&#44;6419&#44;6420&#44;6421&#44;6422&#44;6423&#44;6424&#44;6425&#44;6426&#44;6427&#44;6428&#44;6429&#44;6430&#44;6431&#44;6432&#44;6433&#44;6434&#44;6435&#44;6436&#44;6437&#44;6439&#44;6440&#44;6441&#44;6443&#44;6444&#44;6445&#44;6448&#44;6449&#44;6450&#44;6452&#44;6453&#44;6454&#44;6455&#44;6456&#44;6457&#44;6458&#44;6460&#44;6461&#44;6462&#44;6463&#44;6464&#44;6471&#44;6472&#44;6474&#44;6479&#44;6482&#44;6485&#44;6487&#44;6489&#44;6501&#44;6502&#44;6503&#44;6505&#44;6506&#44;6507&#44;6509&#44;6510&#44;6512&#44;6514&#44;6517&#44;6518&#44;6520&#44;6521&#44;6524&#44;6527&#44;6528&#44;6535&#44;6536&#44;6539&#44;6540&#44;6543&#44;6547&#44;6549&#44;6556&#44;6562&#44;6565&#44;6567&#44;6568&#44;6569&#44;6570&#44;6571&#44;6572&#44;6573&#44;6575&#44;6581&#44;6582&#44;6604&#44;6605&#44;6606&#44;6608&#44;6609&#44;6610&#44;6612&#44;6613&#44;6614&#44;6615&#44;6616&#44;6617&#44;6619&#44;6620&#44;6621&#44;6622&#44;6624&#44;6626&#44;6628&#44;6630&#44;6631&#44;6632&#44;6633&#44;6634&#44;6635&#44;6636&#44;6637&#44;6643&#44;6644&#44;6646&#44;6650&#44;6651&#44;6652&#44;6653&#44;6655&#44;6657&#44;6658&#44;6659&#44;6660&#44;6661&#44;6662&#44;6663&#44;6664&#44;6666&#44;6667&#44;6670&#44;6671&#44;6672&#44;6673&#44;6674&#44;6675&#44;6676&#44;6677&#44;6678&#44;6679&#44;6680&#44;6682&#44;6683&#44;6684&#44;6685&#44;6686&#44;6689&#44;6690&#44;6692&#44;6693&#44;6779&#44;6781&#44;6867&#44;6976&#44;6979&#44;7189&#44;7658&#44;7676&#44;8102&#44;8104&#44;8106&#44;8107&#44;8111&#44;8112&#44;8114&#44;8115&#44;8116&#44;8117&#44;8119&#44;8120&#44;8123&#44;8125&#44;8126&#44;8128&#44;8129&#44;8130&#44;8132&#44;8133&#44;8134&#44;8135&#44;8136&#44;8138&#44;8139&#44;8141&#44;8142&#44;8144&#44;8145&#44;8146&#44;8147&#44;8149&#44;8150&#44;8151&#44;8152&#44;8153&#44;8155&#44;8156&#44;8157&#44;8158&#44;8160&#44;8161&#44;8162&#44;8163&#44;8164&#44;8165&#44;8166&#44;8167&#44;8168&#44;8169&#44;8172&#44;8173&#44;8174&#44;8175&#44;8176&#44;8177&#44;8180&#44;8181&#44;8182&#44;8183&#44;8184&#44;8185&#44;8186&#44;8188&#44;8189&#44;8190&#44;8191&#44;8192&#44;8193&#44;8194&#44;8196&#44;8197&#44;8201&#44;8202&#44;8203&#44;8205&#44;8207&#44;8208&#44;8209&#44;8210&#44;8211&#44;8213&#44;8215&#44;8218&#44;8219&#44;8220&#44;8221&#44;8222&#44;8223&#44;8224&#44;8225&#44;8226&#44;8227&#44;8228&#44;8236&#44;8237&#44;8238&#44;8239&#44;8241&#44;8242&#44;8243&#44;8244&#44;8245&#44;8246&#44;8247&#44;8248&#44;8250&#44;8251&#44;8252&#44;8253&#44;8254&#44;8256&#44;8257&#44;8259&#44;8261&#44;8262&#44;8263&#44;8264&#44;8265&#44;8266&#44;8267&#44;8268&#44;8269&#44;8270&#44;8271&#44;8272&#44;8273&#44;8274&#44;8275&#44;8276&#44;8277&#44;8278&#44;8279&#44;8280&#44;8281&#44;8282&#44;8283&#44;8284&#44;8285&#44;8286&#44;8287&#44;8288&#44;8289&#44;8290&#44;8291&#44;8292&#44;8293&#44;8294&#44;8295&#44;8296&#44;8297&#44;8298&#44;8299&#44;""",1/31/22,1/31/22,N
layouts,Bakery Pallets,"""37-4&#44;77-4""",,2022,2/7/22,1-NewFolderStructure/C037_C077_Bakery_Pallets/C37_77_Bakery_Pallets_Effective_02072022_Updated_01282022/,_C37_77_Bakery_Pallets_Effective_02072022_Updated_01282022.pdf,"""4109&#44;4702&#44;4703&#44;4704&#44;4707&#44;4709&#44;4710&#44;4711&#44;4712&#44;4713&#44;4718&#44;4720&#44;4721&#44;4722&#44;4724&#44;4728&#44;4729&#44;4730&#44;4731&#44;4732&#44;4735&#44;4736&#44;4738&#44;4739&#44;4740&#44;4741&#44;4742&#44;4743&#44;4745&#44;4749&#44;4750&#44;4755&#44;4761&#44;4763&#44;4764&#44;4767&#44;4768&#44;4769&#44;4770&#44;4771&#44;4772&#44;4774&#44;4775&#44;4776&#44;4777&#44;4778&#44;4780&#44;4781&#44;4782&#44;4783&#44;4784&#44;4785&#44;4786&#44;4787&#44;4789&#44;4790&#44;4791&#44;4794&#44;4795&#44;4797&#44;4798&#44;4799&#44;4801&#44;4802&#44;4804&#44;4805&#44;4808&#44;4815&#44;4816&#44;4817&#44;4818&#44;4819&#44;4820&#44;4822&#44;4824&#44;4825&#44;4828&#44;4829&#44;4830&#44;4831&#44;4836&#44;4837&#44;4839&#44;4840&#44;4843&#44;4846&#44;4847&#44;4850&#44;4851&#44;4852&#44;4853&#44;4855&#44;4857&#44;4859&#44;4860&#44;4861&#44;4866&#44;4870&#44;4871&#44;4872&#44;4873&#44;4874&#44;4875&#44;4876&#44;4878&#44;4879&#44;4901&#44;4905&#44;4906&#44;4908&#44;4911&#44;4914&#44;4915&#44;4917&#44;4920&#44;4925&#44;4926&#44;4930&#44;4933&#44;4936&#44;4938&#44;4939&#44;4942&#44;4944&#44;4946&#44;4947&#44;4948&#44;4950&#44;4952&#44;4955&#44;4958&#44;4961&#44;4962&#44;4963&#44;4969&#44;4972&#44;4973&#44;4974&#44;4983&#44;4985&#44;4987&#44;4989&#44;4990&#44;4991&#44;4992&#44;4994&#44;4996&#44;4998&#44;4999&#44;6181&#44;6188&#44;6189&#44;6201&#44;6202&#44;6203&#44;6204&#44;6205&#44;6212&#44;6213&#44;6216&#44;6217&#44;6218&#44;6219&#44;6220&#44;6225&#44;6228&#44;6235&#44;6236&#44;6238&#44;6239&#44;6240&#44;6242&#44;6244&#44;6245&#44;6246&#44;6247&#44;6249&#44;6251&#44;6252&#44;6254&#44;6255&#44;6256&#44;6257&#44;6259&#44;6260&#44;6261&#44;6262&#44;6265&#44;6267&#44;6269&#44;6270&#44;6275&#44;6302&#44;6304&#44;6305&#44;6307&#44;6308&#44;6309&#44;6310&#44;6311&#44;6312&#44;6313&#44;6314&#44;6315&#44;6317&#44;6319&#44;6320&#44;6321&#44;6322&#44;6325&#44;6326&#44;6327&#44;6328&#44;6329&#44;6330&#44;6331&#44;6332&#44;6333&#44;6334&#44;6335&#44;6336&#44;6338&#44;6339&#44;6341&#44;6342&#44;6343&#44;6344&#44;6345&#44;6347&#44;6348&#44;6349&#44;6350&#44;6351&#44;6352&#44;6353&#44;6354&#44;6355&#44;6356&#44;6357&#44;6358&#44;6359&#44;6360&#44;6361&#44;6363&#44;6364&#44;6365&#44;6366&#44;6367&#44;6368&#44;6369&#44;6371&#44;6372&#44;6373&#44;6375&#44;6376&#44;6377&#44;6378&#44;6379&#44;6380&#44;6381&#44;6382&#44;6383&#44;6384&#44;6385&#44;6386&#44;6387&#44;6388&#44;6401&#44;6402&#44;6403&#44;6404&#44;6405&#44;6406&#44;6407&#44;6408&#44;6409&#44;6410&#44;6413&#44;6414&#44;6415&#44;6417&#44;6418&#44;6419&#44;6420&#44;6421&#44;6422&#44;6423&#44;6424&#44;6425&#44;6426&#44;6427&#44;6428&#44;6429&#44;6430&#44;6431&#44;6432&#44;6433&#44;6434&#44;6435&#44;6436&#44;6437&#44;6439&#44;6440&#44;6441&#44;6443&#44;6444&#44;6445&#44;6448&#44;6449&#44;6450&#44;6452&#44;6453&#44;6454&#44;6455&#44;6456&#44;6457&#44;6458&#44;6460&#44;6461&#44;6462&#44;6463&#44;6464&#44;6471&#44;6472&#44;6474&#44;6479&#44;6482&#44;6485&#44;6487&#44;6489&#44;6501&#44;6502&#44;6503&#44;6505&#44;6506&#44;6507&#44;6509&#44;6510&#44;6512&#44;6514&#44;6517&#44;6518&#44;6520&#44;6521&#44;6524&#44;6527&#44;6528&#44;6533&#44;6535&#44;6536&#44;6539&#44;6540&#44;6543&#44;6547&#44;6549&#44;6556&#44;6562&#44;6565&#44;6567&#44;6568&#44;6569&#44;6570&#44;6571&#44;6572&#44;6573&#44;6575&#44;6581&#44;6582&#44;6604&#44;6605&#44;6606&#44;6608&#44;6609&#44;6610&#44;6612&#44;6613&#44;6614&#44;6615&#44;6616&#44;6617&#44;6619&#44;6620&#44;6621&#44;6622&#44;6624&#44;6626&#44;6628&#44;6630&#44;6631&#44;6632&#44;6633&#44;6634&#44;6635&#44;6636&#44;6637&#44;6643&#44;6644&#44;6646&#44;6650&#44;6651&#44;6652&#44;6653&#44;6655&#44;6657&#44;6658&#44;6659&#44;6660&#44;6661&#44;6662&#44;6663&#44;6664&#44;6666&#44;6667&#44;6670&#44;6671&#44;6672&#44;6673&#44;6674&#44;6675&#44;6676&#44;6677&#44;6678&#44;6679&#44;6680&#44;6682&#44;6683&#44;6684&#44;6685&#44;6686&#44;6689&#44;6690&#44;6692&#44;6693&#44;6779&#44;6781&#44;6867&#44;6976&#44;6979&#44;7189&#44;7658&#44;7676&#44;8102&#44;8104&#44;8106&#44;8107&#44;8111&#44;8112&#44;8114&#44;8115&#44;8116&#44;8117&#44;8119&#44;8120&#44;8123&#44;8125&#44;8126&#44;8128&#44;8129&#44;8130&#44;8132&#44;8133&#44;8134&#44;8135&#44;8136&#44;8138&#44;8139&#44;8141&#44;8142&#44;8144&#44;8145&#44;8146&#44;8147&#44;8149&#44;8150&#44;8151&#44;8152&#44;8153&#44;8155&#44;8156&#44;8157&#44;8158&#44;8160&#44;8161&#44;8162&#44;8163&#44;8164&#44;8165&#44;8166&#44;8167&#44;8168&#44;8169&#44;8172&#44;8173&#44;8174&#44;8175&#44;8176&#44;8177&#44;8180&#44;8181&#44;8182&#44;8183&#44;8184&#44;8185&#44;8186&#44;8188&#44;8189&#44;8190&#44;8191&#44;8192&#44;8193&#44;8194&#44;8196&#44;8197&#44;8201&#44;8202&#44;8203&#44;8205&#44;8207&#44;8208&#44;8209&#44;8210&#44;8211&#44;8213&#44;8215&#44;8218&#44;8219&#44;8220&#44;8221&#44;8222&#44;8223&#44;8224&#44;8225&#44;8226&#44;8227&#44;8228&#44;8236&#44;8237&#44;8238&#44;8239&#44;8241&#44;8242&#44;8243&#44;8244&#44;8245&#44;8246&#44;8247&#44;8248&#44;8250&#44;8251&#44;8252&#44;8253&#44;8254&#44;8256&#44;8257&#44;8259&#44;8261&#44;8262&#44;8263&#44;8264&#44;8265&#44;8266&#44;8267&#44;8268&#44;8269&#44;8270&#44;8271&#44;8272&#44;8273&#44;8274&#44;8275&#44;8276&#44;8277&#44;8278&#44;8279&#44;8280&#44;8281&#44;8282&#44;8283&#44;8284&#44;8285&#44;8286&#44;8287&#44;8288&#44;8289&#44;8290&#44;8291&#44;8292&#44;8293&#44;8294&#44;8295&#44;8296&#44;8297&#44;8298&#44;8299&#44;""",1/31/22,1/31/22,N
layouts,Café Grab and Go,79-3,,2022,2/7/22,1-NewFolderStructure/C079_Cafe_Grab_n_Go/C79__Cafe_Grab_and_Go_Update_01182022/,_C79_Cafe_Grab_and_Go_Update_01182022.pdf,"""4703&#44;4724&#44;4738&#44;4739&#44;4745&#44;4770&#44;4776&#44;4777&#44;4787&#44;4817&#44;4836&#44;4853&#44;4879&#44;4901&#44;4933&#44;4938&#44;4987&#44;4989&#44;6181&#44;6201&#44;6219&#44;6254&#44;6309&#44;6310&#44;6311&#44;6312&#44;6320&#44;6333&#44;6344&#44;6345&#44;6347&#44;6352&#44;6356&#44;6360&#44;6379&#44;6408&#44;6425&#44;6427&#44;6428&#44;6430&#44;6431&#44;6435&#44;6456&#44;6462&#44;6463&#44;6472&#44;6506&#44;6509&#44;6535&#44;6539&#44;6549&#44;6565&#44;6572&#44;6630&#44;6631&#44;6632&#44;6633&#44;6634&#44;6644&#44;6672&#44;6673&#44;6682&#44;6683&#44;6684&#44;6685&#44;6979&#44;8106&#44;8107&#44;8142&#44;8147&#44;8165&#44;8172&#44;8183&#44;8186&#44;8189&#44;8192&#44;8194&#44;8225&#44;8247&#44;8272&#44;8278&#44;""",1/31/22,1/31/22,N
layouts,HMS,79-2,,2022,2/7/22,1-NewFolderStructure/C079_HMS/C79__HMS_EFFECTIVE_2072022/,_C79_HMS_EFFECTIVE_2072022.pdf,"""6547&#44;""",2/3/22,2/3/22,N
layouts,Sushi,79,,2022,2/7/22,1-NewFolderStructure/C079_Sushi/C79_Sushi_Effective_02072022/,_sushi.pdf,"""4712&#44;4718&#44;4731&#44;4732&#44;4738&#44;4761&#44;4768&#44;4772&#44;4777&#44;4780&#44;4781&#44;4787&#44;4805&#44;4816&#44;4818&#44;4837&#44;4861&#44;4873&#44;4911&#44;4914&#44;4933&#44;4955&#44;6252&#44;6255&#44;6259&#44;6304&#44;6321&#44;6351&#44;6369&#44;6372&#44;6279&#44;6381&#44;6385&#44;6408&#44;6418&#44;6439&#44;6440&#44;6501&#44;6549&#44;6575&#44;6630&#44;6632&#44;6633&#44;6634&#44;6635&#44;6637&#44;6643&#44;6650&#44;6655&#44;6667&#44;6671&#44;6684&#44;6685&#44;6779&#44;6879&#44;7189&#44;8133&#44;8147&#44;8172&#44;8190&#44;8194&#44;8210&#44;8245&#44;8248&#44;8262&#44;8264&#44;8268&#44;8272&#44;8279&#44;8288&#44;""",2/4/22,2/4/22,N
layouts,Bakery Tables,"""37&#44;77""",,2022,2/7/22,1-NewFolderStructure/C037_C077_Bakery_Tables/C37_77_Bakery_Tables_Effective_02072022_Updated_02042022/,_C37_77_Bakery_Tables_Effective_02072022_Updated_02042022.pdf,"""4707&#44;4711&#44;4722&#44;4729&#44;4736&#44;4741&#44;4771&#44;4774&#44;4776&#44;4782&#44;4785&#44;4794&#44;4801&#44;4802&#44;4815&#44;4828&#44;4837&#44;4840&#44;4852&#44;4855&#44;4857&#44;4859&#44;4871&#44;4872&#44;4874&#44;4917&#44;4920&#44;4933&#44;4950&#44;4952&#44;4962&#44;4972&#44;4973&#44;4982&#44;4989&#44;4994&#44;6181&#44;6189&#44;6201&#44;6217&#44;6228&#44;6239&#44;6242&#44;6251&#44;6254&#44;6275&#44;6307&#44;6308&#44;6309&#44;6310&#44;6311&#44;6312&#44;6313&#44;6320&#44;6321&#44;6324&#44;6330&#44;6331&#44;6332&#44;6339&#44;6341&#44;6351&#44;6352&#44;6354&#44;6356&#44;6364&#44;6368&#44;6375&#44;6383&#44;6385&#44;6386&#44;6387&#44;6388&#44;6401&#44;6407&#44;6409&#44;6413&#44;6419&#44;6420&#44;6423&#44;6427&#44;6428&#44;6429&#44;6431&#44;6432&#44;6434&#44;6436&#44;6448&#44;6456&#44;6457&#44;6460&#44;6464&#44;6472&#44;6501&#44;6510&#44;6514&#44;6517&#44;6520&#44;6521&#44;6524&#44;6535&#44;6536&#44;6539&#44;6547&#44;6568&#44;6570&#44;6573&#44;6581&#44;6636&#44;6637&#44;6646&#44;6650&#44;6651&#44;6652&#44;6653&#44;6660&#44;6664&#44;6670&#44;6671&#44;6676&#44;6979&#44;8102&#44;8106&#44;8111&#44;8112&#44;8115&#44;8116&#44;8119&#44;8120&#44;8123&#44;8130&#44;8132&#44;8133&#44;8135&#44;8136&#44;8141&#44;8144&#44;8145&#44;8149&#44;8151&#44;8155&#44;8157&#44;8158&#44;8160&#44;8161&#44;8164&#44;8165&#44;8166&#44;8167&#44;8172&#44;8173&#44;8175&#44;8176&#44;8182&#44;8183&#44;8184&#44;8185&#44;8186&#44;8191&#44;8197&#44;8201&#44;8207&#44;8208&#44;8211&#44;8137&#44;8238&#44;8244&#44;8254&#44;8257&#44;8271&#44;8290&#44;8293&#44;8294&#44;8297&#44;""",2/4/22,2/4/22,N
layouts,Bakery Pallets,"""37-4&#44;77-4""",,2022,2/7/22,1-NewFolderStructure/C037_C077_Bakery_Pallets/C37_77_Bakery_Pallets_Effective_02072022_Updated_02042022/,_C37_77_Bakery_Pallets_Effective_02072022_Updated_02042022.pdf,"""6567&#44;""",2/4/22,2/4/22,N
layouts,HMS,79-2,,2022,2/7/22,1-NewFolderStructure/C079_HMS/C79__HMS__EFFECTIVE_2072022/,_C79_HMS_EFFECTIVE_2072022.pdf,"""4704&#44;4710&#44;4728&#44;4750&#44;4771&#44;4781&#44;4791&#44;4794&#44;4797&#44;4819&#44;4822&#44;4824&#44;4825&#44;4831&#44;4836&#44;4839&#44;4840&#44;4847&#44;4870&#44;4874&#44;4875&#44;4876&#44;4878&#44;4879&#44;4901&#44;4917&#44;4936&#44;4944&#44;4946&#44;4947&#44;4848&#44;4950&#44;4952&#44;4958&#44;4961&#44;4962&#44;4963&#44;4972&#44;4973&#44;4982&#44;4989&#44;4990&#44;4991&#44;4992&#44;4996&#44;4999&#44;6216&#44;6220&#44;6236&#44;6238&#44;6246&#44;6247&#44;6269&#44;6270&#44;6275&#44;6302&#44;6315&#44;6328&#44;6331&#44;6334&#44;6335&#44;6336&#44;6355&#44;6358&#44;6363&#44;6364&#44;6365&#44;6367&#44;6373&#44;6375&#44;6402&#44;6403&#44;6405&#44;6412&#44;6419&#44;6420&#44;6424&#44;6426&#44;6455&#44;6461&#44;6472&#44;6485&#44;6502&#44;6518&#44;6533&#44;6536&#44;6539&#44;6543&#44;6556&#44;6567&#44;6568&#44;6571&#44;6572&#44;6573&#44;6608&#44;6609&#44;6610&#44;6612&#44;6613&#44;6614&#44;6616&#44;6621&#44;6646&#44;6652&#44;6660&#44;6661&#44;6664&#44;6678&#44;6686&#44;8111&#44;8116&#44;8134&#44;8136&#44;8142&#44;8144&#44;8150&#44;8151&#44;8153&#44;8161&#44;8169&#44;8182&#44;8186&#44;8192&#44;8202&#44;8213&#44;8215&#44;8218&#44;8220&#44;8221&#44;8222&#44;8223&#44;8224&#44;8226&#44;8237&#44;8243&#44;8247&#44;8251&#44;8253&#44;8254&#44;8261&#44;8265&#44;8270&#44;8275&#44;8276&#44;8280&#44;8283&#44;8284&#44;8285&#44;8290&#44;""",2/10/22,2/10/22,N
layouts,Bakery Dessert,"""37-2&#44;77-2""",,2022,2/7/22,1-NewFolderStructure/C037_C077_Bakery_Dessert/C77_C37_Effective_02072022_Updated_02112022/,_C77_C37_Effective_02072022_Updated_02112022.pdf,"""6658&#44;""",2/14/22,2/14/22,N
layouts,Cake Case,"""37-3&#44;77-3""",,2022,2/7/22,1-NewFolderStructure/C037_C077_Cake_Case/C77_C37_Effective_02072022_Updated_02112022/,_C77_C37_Effective_02072022_Updated_02112022.pdf,"""6658&#44;""",2/14/22,2/14/22,N
layouts,HMS,79-2,,2022,2/7/22,1-NewFolderStructure/C079_HMS/C79_HMS_EFFECTIVE_2072022/,_C79_HMS_EFFECTIVE_2072022.pdf,"""4109&#44;4702&#44;4703&#44;4704&#44;4707&#44;4709&#44;4710&#44;4711&#44;4712&#44;4713&#44;4718&#44;4720&#44;4721&#44;4722&#44;4724&#44;4728&#44;4729&#44;4730&#44;4731&#44;4732&#44;4735&#44;4736&#44;4738&#44;4739&#44;4740&#44;4741&#44;4742&#44;4743&#44;4745&#44;4749&#44;4750&#44;4755&#44;4761&#44;4763&#44;4764&#44;4767&#44;4768&#44;4769&#44;4770&#44;4771&#44;4772&#44;4774&#44;4775&#44;4776&#44;4777&#44;4778&#44;4780&#44;4781&#44;4782&#44;4783&#44;4784&#44;4785&#44;4786&#44;4787&#44;4789&#44;4790&#44;4791&#44;4794&#44;4795&#44;4797&#44;4798&#44;4799&#44;4801&#44;4802&#44;4804&#44;4805&#44;4808&#44;4815&#44;4816&#44;4817&#44;4818&#44;4819&#44;4820&#44;4822&#44;4824&#44;4825&#44;4828&#44;4829&#44;4830&#44;4831&#44;4836&#44;4837&#44;4839&#44;4840&#44;4843&#44;4846&#44;4847&#44;4850&#44;4851&#44;4852&#44;4853&#44;4855&#44;4857&#44;4859&#44;4860&#44;4861&#44;4866&#44;4870&#44;4871&#44;4872&#44;4873&#44;4874&#44;4875&#44;4876&#44;4878&#44;4879&#44;4901&#44;4905&#44;4906&#44;4908&#44;4911&#44;4914&#44;4915&#44;4917&#44;4920&#44;4925&#44;4926&#44;4930&#44;4933&#44;4936&#44;4938&#44;4939&#44;4942&#44;4944&#44;4946&#44;4947&#44;4948&#44;4950&#44;4952&#44;4955&#44;4958&#44;4961&#44;4962&#44;4963&#44;4969&#44;4972&#44;4973&#44;4974&#44;4982&#44;4983&#44;4985&#44;4987&#44;4989&#44;4990&#44;4991&#44;4992&#44;4994&#44;4996&#44;4998&#44;4999&#44;6181&#44;6188&#44;6189&#44;6201&#44;6202&#44;6203&#44;6204&#44;6205&#44;6212&#44;6213&#44;6216&#44;6217&#44;6218&#44;6219&#44;6220&#44;6225&#44;6228&#44;6235&#44;6236&#44;6238&#44;6239&#44;6240&#44;6242&#44;6244&#44;6245&#44;6246&#44;6247&#44;6249&#44;6251&#44;6252&#44;6254&#44;6255&#44;6256&#44;6257&#44;6259&#44;6260&#44;6261&#44;6262&#44;6265&#44;6267&#44;6269&#44;6270&#44;6275&#44;6302&#44;6304&#44;6305&#44;6307&#44;6308&#44;6309&#44;6310&#44;6311&#44;6312&#44;6313&#44;6314&#44;6315&#44;6317&#44;6319&#44;6320&#44;6321&#44;6322&#44;6324&#44;6325&#44;6326&#44;6327&#44;6328&#44;6329&#44;6330&#44;6331&#44;6332&#44;6333&#44;6334&#44;6335&#44;6336&#44;6338&#44;6339&#44;6341&#44;6342&#44;6343&#44;6344&#44;6345&#44;6347&#44;6348&#44;6349&#44;6350&#44;6351&#44;6352&#44;6353&#44;6354&#44;6355&#44;6356&#44;6357&#44;6358&#44;6359&#44;6360&#44;6361&#44;6363&#44;6364&#44;6365&#44;6366&#44;6367&#44;6368&#44;6369&#44;6371&#44;6372&#44;6373&#44;6375&#44;6376&#44;6377&#44;6378&#44;6379&#44;6380&#44;6381&#44;6382&#44;6383&#44;6384&#44;6385&#44;6386&#44;6387&#44;6388&#44;6401&#44;6402&#44;6403&#44;6404&#44;6405&#44;6406&#44;6407&#44;6408&#44;6409&#44;6410&#44;6412&#44;6413&#44;6414&#44;6415&#44;6417&#44;6418&#44;6419&#44;6420&#44;6421&#44;6422&#44;6423&#44;6424&#44;6425&#44;6426&#44;6427&#44;6428&#44;6429&#44;6430&#44;6431&#44;6432&#44;6433&#44;6434&#44;6435&#44;6436&#44;6437&#44;6439&#44;6440&#44;6441&#44;6443&#44;6444&#44;6445&#44;6448&#44;6449&#44;6450&#44;6452&#44;6453&#44;6454&#44;6455&#44;6456&#44;6457&#44;6458&#44;6460&#44;6461&#44;6462&#44;6463&#44;6464&#44;6471&#44;6472&#44;6474&#44;6479&#44;6482&#44;6485&#44;6487&#44;6489&#44;6501&#44;6502&#44;6503&#44;6505&#44;6506&#44;6507&#44;6509&#44;6510&#44;6512&#44;6514&#44;6517&#44;6518&#44;6520&#44;6521&#44;6524&#44;6527&#44;6528&#44;6533&#44;6535&#44;6536&#44;6539&#44;6540&#44;6543&#44;6547&#44;6549&#44;6556&#44;6562&#44;6565&#44;6567&#44;6568&#44;6569&#44;6570&#44;6571&#44;6572&#44;6573&#44;6575&#44;6581&#44;6582&#44;6604&#44;6605&#44;6606&#44;6608&#44;6609&#44;6610&#44;6612&#44;6613&#44;6614&#44;6615&#44;6616&#44;6617&#44;6619&#44;6620&#44;6621&#44;6622&#44;6624&#44;6626&#44;6628&#44;6630&#44;6631&#44;6632&#44;6633&#44;6634&#44;6635&#44;6636&#44;6637&#44;6643&#44;6644&#44;6646&#44;6650&#44;6651&#44;6652&#44;6653&#44;6655&#44;6657&#44;6658&#44;6659&#44;6660&#44;6661&#44;6662&#44;6663&#44;6664&#44;6666&#44;6667&#44;6670&#44;6671&#44;6672&#44;6673&#44;6674&#44;6675&#44;6676&#44;6677&#44;6678&#44;6679&#44;6680&#44;6682&#44;6683&#44;6684&#44;6685&#44;6686&#44;6689&#44;6690&#44;6692&#44;6693&#44;6779&#44;6781&#44;6867&#44;6976&#44;6979&#44;7189&#44;7658&#44;7676&#44;8102&#44;8104&#44;8106&#44;8107&#44;8111&#44;8112&#44;8114&#44;8115&#44;8116&#44;8117&#44;8119&#44;8120&#44;8123&#44;8125&#44;8126&#44;8128&#44;8129&#44;8130&#44;8132&#44;8133&#44;8134&#44;8135&#44;8136&#44;8138&#44;8139&#44;8141&#44;8142&#44;8144&#44;8145&#44;8146&#44;8147&#44;8149&#44;8150&#44;8151&#44;8152&#44;8153&#44;8155&#44;8156&#44;8157&#44;8158&#44;8160&#44;8161&#44;8162&#44;8163&#44;8164&#44;8165&#44;8166&#44;8167&#44;8168&#44;8169&#44;8172&#44;8173&#44;8174&#44;8175&#44;8176&#44;8177&#44;8180&#44;8181&#44;8182&#44;8183&#44;8184&#44;8185&#44;8186&#44;8188&#44;8189&#44;8190&#44;8191&#44;8192&#44;8193&#44;8194&#44;8196&#44;8197&#44;8201&#44;8202&#44;8203&#44;8205&#44;8207&#44;8208&#44;8209&#44;8210&#44;8211&#44;8213&#44;8215&#44;8218&#44;8219&#44;8220&#44;8221&#44;8222&#44;8223&#44;8224&#44;8225&#44;8226&#44;8227&#44;8228&#44;8236&#44;8237&#44;8238&#44;8239&#44;8241&#44;8242&#44;8243&#44;8244&#44;8245&#44;8246&#44;8247&#44;8248&#44;8250&#44;8251&#44;8252&#44;8253&#44;8254&#44;8256&#44;8257&#44;8259&#44;8261&#44;8262&#44;8263&#44;8264&#44;8265&#44;8266&#44;8267&#44;8268&#44;8269&#44;8270&#44;8271&#44;8272&#44;8273&#44;8274&#44;8275&#44;8276&#44;8277&#44;8278&#44;8279&#44;8280&#44;8281&#44;8282&#44;8283&#44;8284&#44;8285&#44;8286&#44;8287&#44;8288&#44;8289&#44;8290&#44;8291&#44;8292&#44;8293&#44;8294&#44;8295&#44;8296&#44;8297&#44;8298&#44;8299&#44;""",2/17/22,2/17/22,N
layouts,Bakery Dessert,"""37-2&#44;77-2""",,2022,2/7/22,1-NewFolderStructure/C037_C077_Bakery_Dessert/C37_77_Effective_02072022_Updated_02212022/,_C77_C37_Effective_02072022_Updated_02212022.pdf,"""4724&#44;4739&#44;4776&#44;4780&#44;4789&#44;4802&#44;4804&#44;4817&#44;4836&#44;4872&#44;4879&#44;4901&#44;4989&#44;6203&#44;6251&#44;6409&#44;6435&#44;6463&#44;6506&#44;6509&#44;6572&#44;6643&#44;6644&#44;6646&#44;8106&#44;8107&#44;8112&#44;8115&#44;8142&#44;8151&#44;8158&#44;8166&#44;8192&#44;8194&#44;8196&#44;8203&#44;8211&#44;8213&#44;8225&#44;8244&#44;8247&#44;8256&#44;8278&#44;8281&#44;8283&#44;8287&#44;""",2/21/22,2/21/22,N
layouts,Cake Case,"""37-3&#44;77-3""",,2022,2/7/22,1-NewFolderStructure/C037_C077_Cake_Case/C37_77_Effective_02072022_Updated_02212022/,_C77_C37_Effective_02072022_Updated_02212022.pdf,"""8203&#44;8213&#44;8211&#44;8225&#44;8278&#44;8244&#44;4739&#44;8281&#44;4760&#44;4802&#44;4789&#44;6251&#44;4804&#44;6643&#44;6644&#44;8115&#44;8106&#44;8158&#44;8196&#44;""",2/21/22,2/21/22,N
layouts,HMS,79-2,,2022,2/8/22,1-NewFolderStructure/C079_HMS/C79_HMS_Effective_02082022/,_C79_HMS_Effective_02082022.pdf,"""6436&#44;""",2/8/22,2/8/22,N
layouts,Café Grab and Go,79-3,,2022,2/8/22,1-NewFolderStructure/C079_Cafe_Grab_n_Go/C79__Cafe_Grab_and_Go/,_C79_Cafe_Grab_and_Go.pdf,"""6204&#44;4958&#44;4784&#44;4820&#44;4915&#44;6338&#44;6521&#44;6527&#44;6612&#44;6617&#44;8227&#44;8244&#44;8267&#44;8281&#44;""",2/8/22,2/8/22,N
layouts,Deli,57,,2022,2/10/22,1-NewFolderStructure/C057_Deli/C57_Effective_04222022_Planogram_Update_2022_02_02/,_C57_Effective_04222022_Planogram_Update_2022_02_02.pdf,"""4958&#44;8244&#44;8267&#44;6204&#44;4820&#44;4915&#44;4784&#44;""",2/10/22,2/10/22,N
layouts,HMS,79-2,,2022,2/10/22,1-NewFolderStructure/C079_HMS/C79_HMS_Effective_02_01_2022/,_C79_HMS_Effective_02_01_2022.pdf,"""8267&#44;""",2/10/22,2/10/22,N
layouts,Coolers,42-2,,2021,2/18/22,1-NewFolderStructure/C042_Coolers/C42_Effective_01242022_Planogram_Updated_02182022/,_C42_Effective_01242022_Planogram_Updated_02182022.pdf,"""8267&#44;8244&#44;6664&#44;6612&#44;6204&#44;4784&#44;4820&#44;4915&#44;""",2/18/22,2/18/22,N
layouts,Coolers,42-2,,2021,2/18/22,1-NewFolderStructure/C042_Coolers/C42_Effective_12272021_Planogram_Updated_02182022/,_C42_Effective_12272021_Planogram_Updated_02182022.pdf,"""6527&#44;6617&#44;4958&#44;6338&#44;6521&#44;""",2/18/22,2/18/22,N
layouts,Meat and Seafood,"""72&#44;76&#44;93""",,2022,2/18/22,1-NewFolderStructure/C076_C072_C093_Fresh_Meat_Seafood/C72_C76_C93_Effective_02212022_Planogram_Updated_02162022/,_C72_C76_C93_Effective_02212022_Planogram_Updated_02162022.pdf,"""4109&#44;4702&#44;4703&#44;4704&#44;4707&#44;4709&#44;4710&#44;4711&#44;4712&#44;4713&#44;4718&#44;4720&#44;4721&#44;4722&#44;4724&#44;4728&#44;4729&#44;4730&#44;4731&#44;4732&#44;4735&#44;4736&#44;4738&#44;4739&#44;4740&#44;4741&#44;4742&#44;4743&#44;4745&#44;4749&#44;4750&#44;4755&#44;4761&#44;4763&#44;4764&#44;4767&#44;4768&#44;4769&#44;4770&#44;4771&#44;4772&#44;4774&#44;4775&#44;4776&#44;4777&#44;4778&#44;4780&#44;4781&#44;4782&#44;4783&#44;4784&#44;4785&#44;4786&#44;4787&#44;4789&#44;4790&#44;4791&#44;4794&#44;4795&#44;4797&#44;4798&#44;4799&#44;4801&#44;4802&#44;4804&#44;4805&#44;4808&#44;4815&#44;4816&#44;4817&#44;4818&#44;4819&#44;4820&#44;4822&#44;4824&#44;4825&#44;4828&#44;4829&#44;4830&#44;4831&#44;4836&#44;4837&#44;4839&#44;4840&#44;4843&#44;4846&#44;4847&#44;4850&#44;4851&#44;4852&#44;4853&#44;4855&#44;4857&#44;4859&#44;4860&#44;4861&#44;4866&#44;4870&#44;4871&#44;4872&#44;4873&#44;4874&#44;4875&#44;4876&#44;4878&#44;4879&#44;4901&#44;4905&#44;4906&#44;4908&#44;4911&#44;4914&#44;4915&#44;4917&#44;4920&#44;4925&#44;4926&#44;4930&#44;4933&#44;4936&#44;4938&#44;4939&#44;4942&#44;4944&#44;4946&#44;4947&#44;4948&#44;4950&#44;4952&#44;4955&#44;4958&#44;4961&#44;4962&#44;4963&#44;4969&#44;4972&#44;4973&#44;4974&#44;4982&#44;4983&#44;4985&#44;4987&#44;4989&#44;4990&#44;4991&#44;4992&#44;4994&#44;4996&#44;4998&#44;4999&#44;6181&#44;6188&#44;6189&#44;6201&#44;6202&#44;6203&#44;6204&#44;6205&#44;6212&#44;6213&#44;6216&#44;6217&#44;6218&#44;6219&#44;6220&#44;6225&#44;6228&#44;6235&#44;6236&#44;6238&#44;6239&#44;6240&#44;6242&#44;6244&#44;6245&#44;6246&#44;6247&#44;6249&#44;6251&#44;6252&#44;6254&#44;6255&#44;6256&#44;6257&#44;6259&#44;6260&#44;6261&#44;6262&#44;6265&#44;6267&#44;6269&#44;6270&#44;6275&#44;6302&#44;6304&#44;6305&#44;6307&#44;6308&#44;6309&#44;6310&#44;6311&#44;6312&#44;6313&#44;6314&#44;6315&#44;6317&#44;6319&#44;6320&#44;6321&#44;6322&#44;6324&#44;6325&#44;6326&#44;6327&#44;6328&#44;6329&#44;6330&#44;6331&#44;6332&#44;6333&#44;6334&#44;6335&#44;6336&#44;6338&#44;6339&#44;6341&#44;6342&#44;6343&#44;6344&#44;6345&#44;6347&#44;6348&#44;6349&#44;6350&#44;6351&#44;6352&#44;6353&#44;6354&#44;6355&#44;6356&#44;6357&#44;6358&#44;6359&#44;6360&#44;6361&#44;6363&#44;6364&#44;6365&#44;6366&#44;6367&#44;6368&#44;6369&#44;6371&#44;6372&#44;6373&#44;6375&#44;6376&#44;6377&#44;6378&#44;6379&#44;6380&#44;6381&#44;6382&#44;6383&#44;6384&#44;6385&#44;6386&#44;6387&#44;6388&#44;6401&#44;6402&#44;6403&#44;6404&#44;6405&#44;6406&#44;6407&#44;6408&#44;6409&#44;6410&#44;6412&#44;6413&#44;6414&#44;6415&#44;6417&#44;6418&#44;6419&#44;6420&#44;6421&#44;6422&#44;6423&#44;6424&#44;6425&#44;6426&#44;6427&#44;6428&#44;6429&#44;6430&#44;6431&#44;6432&#44;6433&#44;6434&#44;6435&#44;6436&#44;6437&#44;6439&#44;6440&#44;6441&#44;6443&#44;6444&#44;6445&#44;6448&#44;6449&#44;6450&#44;6452&#44;6453&#44;6454&#44;6455&#44;6456&#44;6457&#44;6458&#44;6460&#44;6461&#44;6462&#44;6463&#44;6464&#44;6471&#44;6472&#44;6474&#44;6479&#44;6482&#44;6485&#44;6487&#44;6489&#44;6501&#44;6502&#44;6503&#44;6505&#44;6506&#44;6507&#44;6509&#44;6510&#44;6512&#44;6514&#44;6517&#44;6518&#44;6520&#44;6521&#44;6524&#44;6527&#44;6528&#44;6533&#44;6535&#44;6536&#44;6539&#44;6540&#44;6543&#44;6547&#44;6549&#44;6556&#44;6562&#44;6565&#44;6567&#44;6568&#44;6569&#44;6570&#44;6571&#44;6572&#44;6573&#44;6575&#44;6581&#44;6582&#44;6604&#44;6605&#44;6606&#44;6608&#44;6609&#44;6610&#44;6612&#44;6613&#44;6614&#44;6615&#44;6616&#44;6617&#44;6619&#44;6620&#44;6621&#44;6622&#44;6624&#44;6626&#44;6628&#44;6630&#44;6631&#44;6632&#44;6633&#44;6634&#44;6635&#44;6636&#44;6637&#44;6643&#44;6644&#44;6646&#44;6650&#44;6651&#44;6652&#44;6653&#44;6655&#44;6657&#44;6658&#44;6659&#44;6660&#44;6661&#44;6662&#44;6663&#44;6664&#44;6666&#44;6667&#44;6670&#44;6671&#44;6672&#44;6673&#44;6674&#44;6675&#44;6676&#44;6677&#44;6678&#44;6679&#44;6680&#44;6682&#44;6683&#44;6684&#44;6685&#44;6686&#44;6689&#44;6690&#44;6692&#44;6693&#44;6779&#44;6781&#44;6867&#44;6976&#44;6979&#44;7189&#44;7658&#44;7676&#44;8102&#44;8104&#44;8106&#44;8107&#44;8111&#44;8112&#44;8114&#44;8115&#44;8116&#44;8117&#44;8119&#44;8120&#44;8123&#44;8125&#44;8126&#44;8128&#44;8129&#44;8130&#44;8132&#44;8133&#44;8134&#44;8135&#44;8136&#44;8138&#44;8139&#44;8141&#44;8142&#44;8144&#44;8145&#44;8146&#44;8147&#44;8149&#44;8150&#44;8151&#44;8152&#44;8153&#44;8155&#44;8156&#44;8157&#44;8158&#44;8160&#44;8161&#44;8162&#44;8163&#44;8164&#44;8165&#44;8166&#44;8167&#44;8168&#44;8169&#44;8172&#44;8173&#44;8174&#44;8175&#44;8176&#44;8177&#44;8180&#44;8181&#44;8182&#44;8183&#44;8184&#44;8185&#44;8186&#44;8188&#44;8189&#44;8190&#44;8191&#44;8192&#44;8193&#44;8194&#44;8196&#44;8197&#44;8201&#44;8202&#44;8203&#44;8205&#44;8207&#44;8208&#44;8209&#44;8210&#44;8211&#44;8213&#44;8215&#44;8218&#44;8219&#44;8220&#44;8221&#44;8222&#44;8223&#44;8224&#44;8225&#44;8226&#44;8227&#44;8228&#44;8236&#44;8237&#44;8238&#44;8239&#44;8241&#44;8242&#44;8243&#44;8244&#44;8245&#44;8246&#44;8247&#44;8248&#44;8250&#44;8251&#44;8252&#44;8253&#44;8254&#44;8256&#44;8257&#44;8259&#44;8261&#44;8262&#44;8263&#44;8264&#44;8265&#44;8266&#44;8267&#44;8268&#44;8269&#44;8270&#44;8271&#44;8272&#44;8273&#44;8274&#44;8275&#44;8276&#44;8277&#44;8278&#44;8279&#44;8280&#44;8281&#44;8282&#44;8283&#44;8284&#44;8285&#44;8286&#44;8287&#44;8288&#44;8289&#44;8290&#44;8291&#44;8292&#44;8293&#44;8294&#44;8295&#44;8296&#44;8297&#44;8298&#44;8299&#44;""",2/18/22,2/18/22,N
layouts,Meat and Seafood,"""72&#44;76&#44;93""",,2022,2/21/22,1-NewFolderStructure/C076_C072_C093_Fresh_Meat_Seafood/C72_C76_C93_Effective_01032022_Planogram_Updated_01282022/,_C72_C76_C93_Effective_01032022_Planogram_Updated_01282022.pdf,"""4109&#44;4702&#44;4703&#44;4704&#44;4707&#44;4709&#44;4710&#44;4711&#44;4712&#44;4713&#44;4718&#44;4720&#44;4721&#44;4722&#44;4724&#44;4728&#44;4729&#44;4730&#44;4731&#44;4732&#44;4735&#44;4736&#44;4738&#44;4739&#44;4740&#44;4741&#44;4742&#44;4743&#44;4745&#44;4749&#44;4750&#44;4755&#44;4761&#44;4763&#44;4764&#44;4767&#44;4768&#44;4769&#44;4770&#44;4771&#44;4772&#44;4774&#44;4775&#44;4776&#44;4777&#44;4778&#44;4780&#44;4781&#44;4782&#44;4783&#44;4784&#44;4785&#44;4786&#44;4787&#44;4789&#44;4790&#44;4791&#44;4794&#44;4795&#44;4797&#44;4798&#44;4799&#44;4801&#44;4802&#44;4804&#44;4805&#44;4808&#44;4815&#44;4816&#44;4817&#44;4818&#44;4819&#44;4820&#44;4822&#44;4824&#44;4825&#44;4828&#44;4829&#44;4830&#44;4831&#44;4836&#44;4837&#44;4839&#44;4840&#44;4843&#44;4846&#44;4847&#44;4850&#44;4851&#44;4852&#44;4853&#44;4855&#44;4857&#44;4859&#44;4860&#44;4861&#44;4866&#44;4870&#44;4871&#44;4872&#44;4873&#44;4874&#44;4875&#44;4876&#44;4878&#44;4879&#44;4901&#44;4905&#44;4906&#44;4908&#44;4911&#44;4914&#44;4915&#44;4917&#44;4920&#44;4925&#44;4926&#44;4930&#44;4933&#44;4936&#44;4938&#44;4939&#44;4942&#44;4944&#44;4946&#44;4947&#44;4948&#44;4950&#44;4952&#44;4955&#44;4958&#44;4961&#44;4962&#44;4963&#44;4969&#44;4972&#44;4973&#44;4974&#44;4982&#44;4983&#44;4985&#44;4987&#44;4989&#44;4990&#44;4991&#44;4992&#44;4994&#44;4996&#44;4998&#44;4999&#44;6181&#44;6188&#44;6189&#44;6201&#44;6202&#44;6203&#44;6204&#44;6205&#44;6212&#44;6213&#44;6216&#44;6217&#44;6218&#44;6219&#44;6220&#44;6225&#44;6228&#44;6235&#44;6236&#44;6238&#44;6239&#44;6240&#44;6242&#44;6244&#44;6245&#44;6246&#44;6247&#44;6249&#44;6251&#44;6252&#44;6254&#44;6255&#44;6256&#44;6257&#44;6259&#44;6260&#44;6261&#44;6262&#44;6265&#44;6267&#44;6269&#44;6270&#44;6275&#44;6302&#44;6304&#44;6305&#44;6307&#44;6308&#44;6309&#44;6310&#44;6311&#44;6312&#44;6313&#44;6314&#44;6315&#44;6317&#44;6319&#44;6320&#44;6321&#44;6322&#44;6324&#44;6325&#44;6326&#44;6327&#44;6328&#44;6329&#44;6330&#44;6331&#44;6332&#44;6333&#44;6334&#44;6335&#44;6336&#44;6338&#44;6339&#44;6341&#44;6342&#44;6343&#44;6344&#44;6345&#44;6347&#44;6348&#44;6349&#44;6350&#44;6351&#44;6352&#44;6353&#44;6354&#44;6355&#44;6356&#44;6357&#44;6358&#44;6359&#44;6360&#44;6361&#44;6363&#44;6364&#44;6365&#44;6366&#44;6367&#44;6368&#44;6369&#44;6371&#44;6372&#44;6373&#44;6375&#44;6376&#44;6377&#44;6378&#44;6379&#44;6380&#44;6381&#44;6382&#44;6383&#44;6384&#44;6385&#44;6386&#44;6387&#44;6388&#44;6401&#44;6402&#44;6403&#44;6404&#44;6405&#44;6406&#44;6407&#44;6408&#44;6409&#44;6410&#44;6412&#44;6413&#44;6414&#44;6415&#44;6417&#44;6418&#44;6419&#44;6420&#44;6421&#44;6422&#44;6423&#44;6424&#44;6425&#44;6426&#44;6427&#44;6428&#44;6429&#44;6430&#44;6431&#44;6432&#44;6433&#44;6434&#44;6435&#44;6436&#44;6437&#44;6439&#44;6440&#44;6441&#44;6443&#44;6444&#44;6445&#44;6448&#44;6449&#44;6450&#44;6452&#44;6453&#44;6454&#44;6455&#44;6456&#44;6457&#44;6458&#44;6460&#44;6461&#44;6462&#44;6463&#44;6464&#44;6471&#44;6472&#44;6474&#44;6479&#44;6482&#44;6485&#44;6487&#44;6489&#44;6501&#44;6502&#44;6503&#44;6505&#44;6506&#44;6507&#44;6509&#44;6510&#44;6512&#44;6514&#44;6517&#44;6518&#44;6520&#44;6521&#44;6524&#44;6527&#44;6528&#44;6533&#44;6535&#44;6536&#44;6539&#44;6540&#44;6543&#44;6547&#44;6549&#44;6556&#44;6562&#44;6565&#44;6567&#44;6568&#44;6569&#44;6570&#44;6571&#44;6572&#44;6573&#44;6575&#44;6581&#44;6582&#44;6604&#44;6605&#44;6606&#44;6608&#44;6609&#44;6610&#44;6612&#44;6613&#44;6614&#44;6615&#44;6616&#44;6617&#44;6619&#44;6620&#44;6621&#44;6622&#44;6624&#44;6626&#44;6628&#44;6630&#44;6631&#44;6632&#44;6633&#44;6634&#44;6635&#44;6636&#44;6637&#44;6643&#44;6644&#44;6646&#44;6650&#44;6651&#44;6652&#44;6653&#44;6655&#44;6657&#44;6658&#44;6659&#44;6660&#44;6661&#44;6662&#44;6663&#44;6664&#44;6666&#44;6667&#44;6670&#44;6671&#44;6672&#44;6673&#44;6674&#44;6675&#44;6676&#44;6677&#44;6678&#44;6679&#44;6680&#44;6682&#44;6683&#44;6684&#44;6685&#44;6686&#44;6689&#44;6690&#44;6692&#44;6693&#44;6779&#44;6781&#44;6867&#44;6976&#44;6979&#44;7189&#44;7658&#44;7676&#44;8102&#44;8104&#44;8106&#44;8107&#44;8111&#44;8112&#44;8114&#44;8115&#44;8116&#44;8117&#44;8119&#44;8120&#44;8123&#44;8125&#44;8126&#44;8128&#44;8129&#44;8130&#44;8132&#44;8133&#44;8134&#44;8135&#44;8136&#44;8138&#44;8139&#44;8141&#44;8142&#44;8144&#44;8145&#44;8146&#44;8147&#44;8149&#44;8150&#44;8151&#44;8152&#44;8153&#44;8155&#44;8156&#44;8157&#44;8158&#44;8160&#44;8161&#44;8162&#44;8163&#44;8164&#44;8165&#44;8166&#44;8167&#44;8168&#44;8169&#44;8172&#44;8173&#44;8174&#44;8175&#44;8176&#44;8177&#44;8180&#44;8181&#44;8182&#44;8183&#44;8184&#44;8185&#44;8186&#44;8188&#44;8189&#44;8190&#44;8191&#44;8192&#44;8193&#44;8194&#44;8196&#44;8197&#44;8201&#44;8202&#44;8203&#44;8205&#44;8207&#44;8208&#44;8209&#44;8210&#44;8211&#44;8213&#44;8215&#44;8218&#44;8219&#44;8220&#44;8221&#44;8222&#44;8223&#44;8224&#44;8225&#44;8226&#44;8227&#44;8228&#44;8236&#44;8237&#44;8238&#44;8239&#44;8241&#44;8242&#44;8243&#44;8244&#44;8245&#44;8246&#44;8247&#44;8248&#44;8250&#44;8251&#44;8252&#44;8253&#44;8254&#44;8256&#44;8257&#44;8259&#44;8261&#44;8262&#44;8263&#44;8264&#44;8265&#44;8266&#44;8267&#44;8268&#44;8269&#44;8270&#44;8271&#44;8272&#44;8273&#44;8274&#44;8275&#44;8276&#44;8277&#44;8278&#44;8279&#44;8280&#44;8281&#44;8282&#44;8283&#44;8284&#44;8285&#44;8286&#44;8287&#44;8288&#44;8289&#44;8290&#44;8291&#44;8292&#44;8293&#44;8294&#44;8295&#44;8296&#44;8297&#44;8298&#44;8299&#44;""",2/1/22,2/1/22,N
layouts,Meat and Seafood,"""72&#44;76&#44;93""",,2022,2/21/22,1-NewFolderStructure/C076_C072_C093_Fresh_Meat_Seafood/C72_C76_C93_Effective_02212022_Planogram_Updated_02042022/,_C72_C76_C93_Effective_02212022_Planogram_Updated_02022022.pdf,"""6406&#44;6619&#44;6692&#44;6664&#44;6471&#44;6604&#44;4983&#44;6225&#44;""",2/4/22,2/4/22,N
layouts,Café Grab and Go,79-3,,2022,2/21/22,1-NewFolderStructure/C079_Cafe_Grab_n_Go/C79_Cafe_Grab_and__Go/,_C79_Cafe_Grab_and_Go.pdf,"""4730&#44;4860&#44;4874&#44;4990&#44;6181&#44;6380&#44;6412&#44;6605&#44;8153&#44;8177&#44;8274&#44;8281&#44;8286&#44;""",2/8/22,2/8/22,N
layouts,Bakery Tables,"""37&#44;77""",,2022,2/21/22,1-NewFolderStructure/C037_C077_Bakery_Tables/C37_77_Bakery_Tables_Effective_02282022_Updated_02142022/,_C37_77_Bakery_Tables_Effective_02282022_Updated_02142022.pdf,"""4730&#44;4860&#44;4874&#44;4990&#44;6181&#44;6380&#44;6412&#44;6605&#44;8153&#44;8177&#44;8274&#44;8281&#44;8286&#44;""",2/14/22,2/14/22,N
layouts,Bakery Dessert,"""37-2&#44;77-2""",,2022,2/21/22,1-NewFolderStructure/C037_C077_Bakery_Dessert/C77_C37_Effective_02282022_Updated_02112022/,_C77_C37_Effective_02282022_Updated_02112022.pdf,"""4730&#44;4860&#44;4874&#44;4990&#44;6181&#44;6380&#44;6412&#44;6605&#44;8153&#44;8177&#44;8274&#44;8281&#44;8286&#44;""",2/14/22,2/14/22,N
layouts,Cake Case,"""37-3&#44;77-3""",,2022,2/21/22,1-NewFolderStructure/C037_C077_Cake_Case/C77_C37_Effective_02282022_Updated_02112022/,_C77_C37_Effective_02282022_Updated_02112022.pdf,"""4730&#44;4860&#44;4874&#44;4990&#44;6181&#44;6380&#44;6412&#44;6605&#44;8153&#44;8177&#44;8274&#44;8281&#44;8286&#44;""",2/14/22,2/14/22,N
layouts,Bakery Pallets,"""37-4&#44;77-4""",,2022,2/21/22,1-NewFolderStructure/C037_C077_Bakery_Pallets/C37_77_Bakery_Pallets_Effective_02282022_Updated_02142022/,_C37_77_Bakery_Pallets_Effective_02282022_Updated_02142022.pdf,"""4730&#44;4860&#44;4874&#44;4990&#44;6181&#44;6380&#44;6605&#44;8153&#44;8177&#44;8274&#44;8281&#44;8286&#44;""",2/14/22,2/14/22,N
layouts,Meat and Seafood,"""72&#44;76&#44;93""",,2022,2/21/22,1-NewFolderStructure/C076_C072_C093_Fresh_Meat_Seafood/C72_C76_C93_Effective_02212022_Planogram_Updated_02102022/,_C72_C76_C93_Effective_02212022_Planogram_Updated_02102022.pdf,"""4741&#44;4784&#44;4958&#44;6338&#44;6406&#44;6471&#44;6521&#44;6664&#44;6684&#44;""",2/14/22,2/14/22,N
layouts,Meat and Seafood,"""72&#44;76&#44;93""",,2022,2/21/22,1-NewFolderStructure/C076_C072_C093_Fresh_Meat_Seafood/C72_C76_C93_Effective__02212022_Planogram_Updated_02112022/,_C72_C76_C93_Effective_02212022_Planogram_Updated_02112022.pdf,"""4730&#44;4860&#44;4874&#44;4990&#44;6181&#44;6380&#44;6412&#44;6605&#44;8153&#44;8177&#44;8274&#44;8281&#44;8286&#44;""",2/14/22,2/14/22,N
layouts,Coolers,42-2,,2021,2/21/22,1-NewFolderStructure/C042_Coolers/C42_Effective_03142022_Planogram_Updated_02142022/,_C42_Effective_03142022_Planogram_Updated_02142022.pdf,"""4730&#44;4860&#44;4874&#44;4990&#44;6181&#44;6380&#44;6412&#44;6605&#44;8153&#44;8177&#44;8274&#44;8281&#44;8286&#44;""",2/17/22,2/17/22,N
layouts,HMS,79-2,,2022,2/21/22,1-NewFolderStructure/C079_HMS/C79_HMS_EFFECTIVE_02212022/,_C79_HMS_EFFECTIVE_02212022.pdf,"""4730&#44;4860&#44;4874&#44;4990&#44;6181&#44;6380&#44;6412&#44;6605&#44;8153&#44;8177&#44;8274&#44;8281&#44;8286&#44;""",2/17/22,2/17/22,N
layouts,Meat and Seafood,"""72&#44;76&#44;93""",,2022,2/21/22,1-NewFolderStructure/C076_C072_C093_Fresh_Meat_Seafood/C72_C76_C93_Effective_02212022_Planogram_Updated_02162022/,_C72_C76_C93_Effective_02212022_Planogram_Updated_02162022.pdf,"""4109&#44;4702&#44;4703&#44;4704&#44;4707&#44;4709&#44;4710&#44;4711&#44;4712&#44;4713&#44;4718&#44;4720&#44;4721&#44;4722&#44;4724&#44;4728&#44;4729&#44;4731&#44;4732&#44;4735&#44;4736&#44;4738&#44;4739&#44;4740&#44;4741&#44;4742&#44;4743&#44;4745&#44;4749&#44;4750&#44;4755&#44;4761&#44;4763&#44;4764&#44;4767&#44;4768&#44;4769&#44;4770&#44;4771&#44;4772&#44;4774&#44;4775&#44;4776&#44;4777&#44;4778&#44;4780&#44;4781&#44;4782&#44;4783&#44;4784&#44;4785&#44;4786&#44;4787&#44;4789&#44;4790&#44;4791&#44;4794&#44;4795&#44;4797&#44;4798&#44;4799&#44;4801&#44;4802&#44;4804&#44;4805&#44;4808&#44;4815&#44;4816&#44;4817&#44;4818&#44;4819&#44;4820&#44;4822&#44;4824&#44;4825&#44;4828&#44;4829&#44;4830&#44;4831&#44;4836&#44;4837&#44;4839&#44;4840&#44;4843&#44;4846&#44;4847&#44;4850&#44;4851&#44;4852&#44;4853&#44;4855&#44;4857&#44;4859&#44;4861&#44;4866&#44;4870&#44;4871&#44;4872&#44;4873&#44;4875&#44;4876&#44;4878&#44;4879&#44;4901&#44;4905&#44;4906&#44;4908&#44;4911&#44;4914&#44;4915&#44;4917&#44;4920&#44;4925&#44;4926&#44;4930&#44;4933&#44;4936&#44;4938&#44;4939&#44;4942&#44;4944&#44;4946&#44;4947&#44;4948&#44;4950&#44;4952&#44;4955&#44;4958&#44;4961&#44;4962&#44;4963&#44;4969&#44;4972&#44;4973&#44;4974&#44;4982&#44;4983&#44;4985&#44;4987&#44;4989&#44;4991&#44;4992&#44;4994&#44;4996&#44;4998&#44;4999&#44;6188&#44;6189&#44;6201&#44;6202&#44;6203&#44;6204&#44;6205&#44;6212&#44;6213&#44;6216&#44;6217&#44;6218&#44;6219&#44;6220&#44;6225&#44;6228&#44;6235&#44;6236&#44;6238&#44;6239&#44;6240&#44;6242&#44;6244&#44;6245&#44;6246&#44;6247&#44;6249&#44;6251&#44;6252&#44;6254&#44;6255&#44;6256&#44;6257&#44;6259&#44;6260&#44;6261&#44;6262&#44;6265&#44;6267&#44;6269&#44;6270&#44;6275&#44;6302&#44;6304&#44;6305&#44;6307&#44;6308&#44;6309&#44;6310&#44;6311&#44;6312&#44;6313&#44;6314&#44;6315&#44;6317&#44;6319&#44;6320&#44;6321&#44;6322&#44;6324&#44;6325&#44;6326&#44;6327&#44;6328&#44;6329&#44;6330&#44;6331&#44;6332&#44;6333&#44;6334&#44;6335&#44;6336&#44;6338&#44;6339&#44;6341&#44;6342&#44;6343&#44;6344&#44;6345&#44;6347&#44;6348&#44;6349&#44;6350&#44;6351&#44;6352&#44;6353&#44;6354&#44;6355&#44;6356&#44;6357&#44;6358&#44;6359&#44;6360&#44;6361&#44;6363&#44;6364&#44;6365&#44;6366&#44;6367&#44;6368&#44;6369&#44;6371&#44;6372&#44;6373&#44;6375&#44;6376&#44;6377&#44;6378&#44;6379&#44;6381&#44;6382&#44;6383&#44;6384&#44;6385&#44;6386&#44;6387&#44;6388&#44;6401&#44;6402&#44;6403&#44;6404&#44;6405&#44;6406&#44;6407&#44;6408&#44;6409&#44;6410&#44;6413&#44;6414&#44;6415&#44;6417&#44;6418&#44;6419&#44;6420&#44;6421&#44;6422&#44;6423&#44;6424&#44;6425&#44;6426&#44;6427&#44;6428&#44;6429&#44;6430&#44;6431&#44;6432&#44;6433&#44;6434&#44;6435&#44;6436&#44;6437&#44;6439&#44;6440&#44;6441&#44;6443&#44;6444&#44;6445&#44;6448&#44;6449&#44;6450&#44;6452&#44;6453&#44;6454&#44;6455&#44;6456&#44;6457&#44;6458&#44;6460&#44;6461&#44;6462&#44;6463&#44;6464&#44;6471&#44;6472&#44;6474&#44;6479&#44;6482&#44;6485&#44;6487&#44;6489&#44;6501&#44;6502&#44;6503&#44;6505&#44;6506&#44;6507&#44;6509&#44;6510&#44;6512&#44;6514&#44;6517&#44;6518&#44;6520&#44;6521&#44;6524&#44;6527&#44;6528&#44;6533&#44;6535&#44;6536&#44;6539&#44;6540&#44;6543&#44;6547&#44;6549&#44;6556&#44;6562&#44;6565&#44;6567&#44;6568&#44;6569&#44;6570&#44;6571&#44;6572&#44;6573&#44;6575&#44;6581&#44;6582&#44;6604&#44;6606&#44;6608&#44;6609&#44;6610&#44;6612&#44;6613&#44;6614&#44;6615&#44;6616&#44;6617&#44;6619&#44;6620&#44;6621&#44;6622&#44;6624&#44;6626&#44;6628&#44;6630&#44;6631&#44;6632&#44;6633&#44;6634&#44;6635&#44;6636&#44;6637&#44;6643&#44;6644&#44;6646&#44;6650&#44;6651&#44;6652&#44;6653&#44;6655&#44;6657&#44;6658&#44;6659&#44;6660&#44;6661&#44;6662&#44;6663&#44;6664&#44;6666&#44;6667&#44;6670&#44;6671&#44;6672&#44;6673&#44;6674&#44;6675&#44;6676&#44;6677&#44;6678&#44;6679&#44;6680&#44;6682&#44;6683&#44;6684&#44;6685&#44;6686&#44;6689&#44;6690&#44;6692&#44;6693&#44;6779&#44;6781&#44;6867&#44;6976&#44;6979&#44;7189&#44;7658&#44;7676&#44;8102&#44;8104&#44;8106&#44;8107&#44;8111&#44;8112&#44;8114&#44;8115&#44;8116&#44;8117&#44;8119&#44;8120&#44;8123&#44;8125&#44;8126&#44;8128&#44;8129&#44;8130&#44;8132&#44;8133&#44;8134&#44;8135&#44;8136&#44;8138&#44;8139&#44;8141&#44;8142&#44;8144&#44;8145&#44;8146&#44;8147&#44;8149&#44;8150&#44;8151&#44;8152&#44;8155&#44;8156&#44;8157&#44;8158&#44;8160&#44;8161&#44;8162&#44;8163&#44;8164&#44;8165&#44;8166&#44;8167&#44;8168&#44;8169&#44;8172&#44;8173&#44;8174&#44;8175&#44;8176&#44;8180&#44;8181&#44;8182&#44;8183&#44;8184&#44;8185&#44;8186&#44;8188&#44;8189&#44;8190&#44;8191&#44;8192&#44;8193&#44;8194&#44;8196&#44;8197&#44;8201&#44;8202&#44;8203&#44;8205&#44;8207&#44;8208&#44;8209&#44;8210&#44;8211&#44;8213&#44;8215&#44;8218&#44;8219&#44;8220&#44;8221&#44;8222&#44;8223&#44;8224&#44;8225&#44;8226&#44;8227&#44;8228&#44;8236&#44;8237&#44;8238&#44;8239&#44;8241&#44;8242&#44;8243&#44;8244&#44;8245&#44;8246&#44;8247&#44;8248&#44;8250&#44;8251&#44;8252&#44;8253&#44;8254&#44;8256&#44;8257&#44;8259&#44;8261&#44;8262&#44;8263&#44;8264&#44;8265&#44;8266&#44;8267&#44;8268&#44;8269&#44;8270&#44;8271&#44;8272&#44;8273&#44;8275&#44;8276&#44;8277&#44;8278&#44;8279&#44;8280&#44;8282&#44;8283&#44;8284&#44;8285&#44;8287&#44;8288&#44;8289&#44;8290&#44;8291&#44;8292&#44;8293&#44;8294&#44;8295&#44;8296&#44;8297&#44;8298&#44;8299&#44;""",2/28/22,2/28/22,N
layouts,Deli,57,,2022,2/25/22,1-NewFolderStructure/C057_Deli/C57_Effective_02252022_Planogram_Update_02-25-2022/,_C57_Effective_02252022_Planogram_Update_02-25-2022.pdf,"""6236&#44;6246&#44;6502&#44;6672&#44;8153&#44;8219&#44;8280&#44;""",2/28/22,2/28/22,N
layouts,Deli,57,,2022,3/2/22,1-NewFolderStructure/C057_Deli/C57_Effective_05202022_Planogram_Update_2022_02_08/,_C57_Effective_05202022_Planogram_Update_2022_02_08.pdf,"""4730&#44;4860&#44;4874&#44;4990&#44;6181&#44;6380&#44;6412&#44;6605&#44;8153&#44;8177&#44;8244&#44;8274&#44;8281&#44;8286&#44;""",3/2/22,3/2/22,N
layouts,Bakery Tables,"""37&#44;77""",,2022,3/4/22,1-NewFolderStructure/C037_C077_Bakery_Tables/C37_77_Bakery_Tables_Effective_03072022_Updated_03042022/,_C37_77_Bakery_Tables_Effective_03072022_Updated_03042022.pdf,"""4852&#44;4925&#44;""",3/8/22,3/8/22,N
layouts,Bakery Pallets,"""37-4&#44;77-4""",,2022,3/4/22,1-NewFolderStructure/C037_C077_Bakery_Pallets/C37_77_Bakery_Pallets_Effective_03072022_Updated_03042022/,_C37_77_Bakery_Pallets_Effective_03072022_Updated_03042022.pdf,"""6246&#44;6502&#44;8153&#44;8280&#44;""",3/8/22,3/8/22,N
layouts,Bakery Tables,"""37&#44;77""",,2022,3/7/22,1-NewFolderStructure/C037_C077_Bakery_Tables/C37_77_Bakery_Tables_Effective_02282022_Updated_02142022/,_C37_77_Bakery_Tables_Effective_03072022_Updated_02162022.pdf,"""4109&#44;4702&#44;4703&#44;4704&#44;4707&#44;4709&#44;4710&#44;4711&#44;4712&#44;4713&#44;4718&#44;4720&#44;4721&#44;4722&#44;4724&#44;4728&#44;4729&#44;4730&#44;4731&#44;4732&#44;4735&#44;4736&#44;4738&#44;4739&#44;4740&#44;4741&#44;4742&#44;4743&#44;4745&#44;4749&#44;4750&#44;4755&#44;4761&#44;4763&#44;4764&#44;4767&#44;4768&#44;4769&#44;4770&#44;4771&#44;4772&#44;4774&#44;4775&#44;4776&#44;4777&#44;4778&#44;4780&#44;4781&#44;4782&#44;4783&#44;4784&#44;4785&#44;4786&#44;4787&#44;4789&#44;4790&#44;4791&#44;4794&#44;4795&#44;4797&#44;4798&#44;4799&#44;4801&#44;4802&#44;4804&#44;4805&#44;4808&#44;4815&#44;4816&#44;4817&#44;4818&#44;4819&#44;4820&#44;4822&#44;4824&#44;4825&#44;4828&#44;4829&#44;4830&#44;4831&#44;4836&#44;4837&#44;4839&#44;4840&#44;4843&#44;4846&#44;4847&#44;4850&#44;4851&#44;4852&#44;4853&#44;4855&#44;4857&#44;4859&#44;4860&#44;4861&#44;4866&#44;4870&#44;4871&#44;4872&#44;4873&#44;4874&#44;4875&#44;4876&#44;4878&#44;4879&#44;4901&#44;4905&#44;4906&#44;4908&#44;4911&#44;4914&#44;4915&#44;4917&#44;4920&#44;4925&#44;4926&#44;4933&#44;4936&#44;4938&#44;4939&#44;4942&#44;4944&#44;4946&#44;4947&#44;4948&#44;4950&#44;4952&#44;4955&#44;4958&#44;4961&#44;4962&#44;4963&#44;4969&#44;4972&#44;4973&#44;4974&#44;4982&#44;4983&#44;4985&#44;4987&#44;4989&#44;4990&#44;4991&#44;4992&#44;4994&#44;4996&#44;4998&#44;4999&#44;6181&#44;6188&#44;6189&#44;6201&#44;6202&#44;6203&#44;6204&#44;6205&#44;6212&#44;6213&#44;6216&#44;6217&#44;6218&#44;6219&#44;6220&#44;6225&#44;6228&#44;6235&#44;6236&#44;6238&#44;6239&#44;6240&#44;6242&#44;6244&#44;6245&#44;6246&#44;6247&#44;6249&#44;6251&#44;6252&#44;6254&#44;6255&#44;6256&#44;6257&#44;6259&#44;6260&#44;6261&#44;6262&#44;6265&#44;6267&#44;6269&#44;6270&#44;6275&#44;6302&#44;6304&#44;6305&#44;6307&#44;6308&#44;6309&#44;6310&#44;6311&#44;6312&#44;6313&#44;6314&#44;6315&#44;6317&#44;6319&#44;6320&#44;6321&#44;6322&#44;6324&#44;6325&#44;6326&#44;6327&#44;6328&#44;6329&#44;6330&#44;6331&#44;6332&#44;6333&#44;6334&#44;6335&#44;6336&#44;6338&#44;6339&#44;6341&#44;6342&#44;6343&#44;6344&#44;6345&#44;6347&#44;6348&#44;6349&#44;6350&#44;6351&#44;6352&#44;6353&#44;6354&#44;6355&#44;6356&#44;6357&#44;6358&#44;6359&#44;6360&#44;6361&#44;6363&#44;6364&#44;6365&#44;6366&#44;6367&#44;6368&#44;6369&#44;6371&#44;6372&#44;6373&#44;6375&#44;6376&#44;6378&#44;6379&#44;6380&#44;6381&#44;6382&#44;6383&#44;6384&#44;6385&#44;6386&#44;6387&#44;6388&#44;6401&#44;6402&#44;6403&#44;6404&#44;6405&#44;6406&#44;6407&#44;6408&#44;6409&#44;6410&#44;6412&#44;6413&#44;6414&#44;6415&#44;6417&#44;6418&#44;6419&#44;6420&#44;6421&#44;6422&#44;6423&#44;6424&#44;6425&#44;6426&#44;6427&#44;6428&#44;6429&#44;6430&#44;6431&#44;6432&#44;6433&#44;6434&#44;6435&#44;6436&#44;6437&#44;6439&#44;6440&#44;6441&#44;6443&#44;6444&#44;6445&#44;6448&#44;6449&#44;6450&#44;6452&#44;6453&#44;6454&#44;6455&#44;6456&#44;6457&#44;6458&#44;6460&#44;6461&#44;6462&#44;6463&#44;6464&#44;6471&#44;6472&#44;6474&#44;6479&#44;6482&#44;6485&#44;6487&#44;6489&#44;6501&#44;6502&#44;6503&#44;6505&#44;6506&#44;6507&#44;6509&#44;6510&#44;6512&#44;6514&#44;6517&#44;6518&#44;6520&#44;6521&#44;6524&#44;6527&#44;6528&#44;6535&#44;6536&#44;6539&#44;6540&#44;6543&#44;6547&#44;6549&#44;6556&#44;6562&#44;6565&#44;6567&#44;6568&#44;6569&#44;6570&#44;6571&#44;6572&#44;6573&#44;6575&#44;6581&#44;6582&#44;6604&#44;6605&#44;6606&#44;6608&#44;6609&#44;6610&#44;6612&#44;6613&#44;6614&#44;6615&#44;6616&#44;6617&#44;6619&#44;6620&#44;6621&#44;6622&#44;6624&#44;6626&#44;6628&#44;6630&#44;6631&#44;6632&#44;6633&#44;6634&#44;6635&#44;6636&#44;6637&#44;6643&#44;6644&#44;6646&#44;6650&#44;6651&#44;6652&#44;6653&#44;6655&#44;6657&#44;6658&#44;6659&#44;6660&#44;6661&#44;6662&#44;6663&#44;6664&#44;6666&#44;6667&#44;6670&#44;6671&#44;6672&#44;6673&#44;6674&#44;6675&#44;6676&#44;6677&#44;6678&#44;6679&#44;6680&#44;6682&#44;6683&#44;6684&#44;6685&#44;6686&#44;6689&#44;6690&#44;6692&#44;6693&#44;6779&#44;6781&#44;6867&#44;6976&#44;6979&#44;7189&#44;7658&#44;7676&#44;8102&#44;8104&#44;8106&#44;8107&#44;8111&#44;8112&#44;8114&#44;8115&#44;8116&#44;8117&#44;8119&#44;8120&#44;8123&#44;8125&#44;8126&#44;8128&#44;8129&#44;8130&#44;8132&#44;8133&#44;8134&#44;8135&#44;8136&#44;8138&#44;8139&#44;8141&#44;8142&#44;8144&#44;8145&#44;8146&#44;8147&#44;8149&#44;8150&#44;8151&#44;8152&#44;8153&#44;8155&#44;8156&#44;8157&#44;8158&#44;8160&#44;8161&#44;8162&#44;8163&#44;8164&#44;8165&#44;8166&#44;8167&#44;8168&#44;8169&#44;8172&#44;8173&#44;8174&#44;8175&#44;8176&#44;8177&#44;8180&#44;8181&#44;8182&#44;8183&#44;8184&#44;8185&#44;8186&#44;8188&#44;8189&#44;8190&#44;8191&#44;8192&#44;8193&#44;8194&#44;8196&#44;8197&#44;8201&#44;8202&#44;8203&#44;8205&#44;8207&#44;8208&#44;8209&#44;8210&#44;8211&#44;8213&#44;8215&#44;8218&#44;8219&#44;8220&#44;8221&#44;8222&#44;8223&#44;8224&#44;8225&#44;8226&#44;8227&#44;8228&#44;8236&#44;8237&#44;8238&#44;8239&#44;8241&#44;8242&#44;8243&#44;8244&#44;8245&#44;8246&#44;8247&#44;8248&#44;8250&#44;8251&#44;8252&#44;8253&#44;8254&#44;8256&#44;8257&#44;8259&#44;8261&#44;8262&#44;8263&#44;8264&#44;8265&#44;8266&#44;8267&#44;8268&#44;8269&#44;8270&#44;8271&#44;8272&#44;8273&#44;8274&#44;8275&#44;8276&#44;8277&#44;8278&#44;8279&#44;8280&#44;8281&#44;8282&#44;8283&#44;8284&#44;8285&#44;8286&#44;8287&#44;8288&#44;8289&#44;8290&#44;8291&#44;8292&#44;8293&#44;8294&#44;8295&#44;8296&#44;8297&#44;8298&#44;8299&#44;""",2/28/22,2/28/22,N
layouts,Bakery Dessert,"""37-2&#44;77-2""",,2022,3/7/22,1-NewFolderStructure/C037_C077_Bakery_Dessert/C77_C37_Effective_03072022_Updated_02252022/,_C77_C37_Effective_03072022_Updated_02252022.pdf,"""4109&#44;4702&#44;4703&#44;4704&#44;4707&#44;4709&#44;4710&#44;4711&#44;4712&#44;4713&#44;4718&#44;4720&#44;4721&#44;4722&#44;4724&#44;4728&#44;4729&#44;4730&#44;4731&#44;4732&#44;4735&#44;4736&#44;4738&#44;4739&#44;4740&#44;4741&#44;4742&#44;4743&#44;4745&#44;4749&#44;4750&#44;4755&#44;4761&#44;4763&#44;4764&#44;4767&#44;4768&#44;4769&#44;4770&#44;4771&#44;4772&#44;4774&#44;4775&#44;4776&#44;4777&#44;4778&#44;4780&#44;4781&#44;4782&#44;4783&#44;4784&#44;4785&#44;4786&#44;4787&#44;4789&#44;4790&#44;4791&#44;4794&#44;4795&#44;4797&#44;4798&#44;4799&#44;4801&#44;4802&#44;4804&#44;4805&#44;4808&#44;4815&#44;4816&#44;4817&#44;4818&#44;4819&#44;4820&#44;4822&#44;4824&#44;4825&#44;4828&#44;4829&#44;4830&#44;4831&#44;4836&#44;4837&#44;4839&#44;4840&#44;4843&#44;4846&#44;4847&#44;4850&#44;4851&#44;4852&#44;4853&#44;4855&#44;4857&#44;4859&#44;4860&#44;4861&#44;4866&#44;4870&#44;4871&#44;4872&#44;4873&#44;4874&#44;4875&#44;4876&#44;4878&#44;4879&#44;4901&#44;4905&#44;4906&#44;4908&#44;4911&#44;4914&#44;4915&#44;4917&#44;4920&#44;4925&#44;4926&#44;4933&#44;4936&#44;4938&#44;4939&#44;4942&#44;4944&#44;4946&#44;4947&#44;4948&#44;4950&#44;4952&#44;4955&#44;4958&#44;4961&#44;4962&#44;4963&#44;4969&#44;4972&#44;4973&#44;4974&#44;4982&#44;4983&#44;4985&#44;4987&#44;4989&#44;4990&#44;4991&#44;4992&#44;4994&#44;4996&#44;4998&#44;4999&#44;6181&#44;6188&#44;6189&#44;6201&#44;6202&#44;6203&#44;6204&#44;6205&#44;6212&#44;6213&#44;6216&#44;6217&#44;6218&#44;6219&#44;6220&#44;6225&#44;6228&#44;6235&#44;6236&#44;6238&#44;6239&#44;6240&#44;6242&#44;6244&#44;6245&#44;6246&#44;6247&#44;6249&#44;6251&#44;6252&#44;6254&#44;6255&#44;6256&#44;6257&#44;6259&#44;6260&#44;6261&#44;6262&#44;6265&#44;6267&#44;6269&#44;6270&#44;6275&#44;6302&#44;6304&#44;6305&#44;6307&#44;6308&#44;6309&#44;6310&#44;6311&#44;6312&#44;6313&#44;6314&#44;6315&#44;6317&#44;6319&#44;6320&#44;6321&#44;6322&#44;6324&#44;6325&#44;6326&#44;6327&#44;6328&#44;6329&#44;6330&#44;6331&#44;6332&#44;6333&#44;6334&#44;6335&#44;6336&#44;6338&#44;6339&#44;6341&#44;6342&#44;6343&#44;6344&#44;6345&#44;6347&#44;6348&#44;6349&#44;6350&#44;6351&#44;6352&#44;6353&#44;6354&#44;6355&#44;6356&#44;6357&#44;6358&#44;6359&#44;6360&#44;6361&#44;6363&#44;6364&#44;6365&#44;6366&#44;6367&#44;6368&#44;6369&#44;6371&#44;6372&#44;6373&#44;6375&#44;6376&#44;6377&#44;6378&#44;6379&#44;6380&#44;6381&#44;6382&#44;6383&#44;6384&#44;6385&#44;6386&#44;6387&#44;6388&#44;6401&#44;6402&#44;6403&#44;6404&#44;6405&#44;6406&#44;6407&#44;6408&#44;6409&#44;6410&#44;6412&#44;6413&#44;6414&#44;6415&#44;6417&#44;6418&#44;6419&#44;6420&#44;6421&#44;6422&#44;6423&#44;6424&#44;6425&#44;6426&#44;6427&#44;6428&#44;6429&#44;6430&#44;6431&#44;6432&#44;6433&#44;6434&#44;6435&#44;6436&#44;6437&#44;6439&#44;6440&#44;6441&#44;6443&#44;6444&#44;6445&#44;6448&#44;6449&#44;6450&#44;6452&#44;6453&#44;6454&#44;6455&#44;6456&#44;6457&#44;6458&#44;6460&#44;6461&#44;6462&#44;6463&#44;6464&#44;6471&#44;6472&#44;6474&#44;6479&#44;6482&#44;6485&#44;6487&#44;6489&#44;6501&#44;6502&#44;6503&#44;6505&#44;6506&#44;6507&#44;6509&#44;6510&#44;6512&#44;6514&#44;6517&#44;6518&#44;6520&#44;6521&#44;6524&#44;6527&#44;6528&#44;6535&#44;6536&#44;6539&#44;6540&#44;6543&#44;6547&#44;6549&#44;6556&#44;6562&#44;6565&#44;6567&#44;6568&#44;6569&#44;6570&#44;6571&#44;6572&#44;6573&#44;6575&#44;6581&#44;6582&#44;6604&#44;6605&#44;6606&#44;6608&#44;6609&#44;6610&#44;6612&#44;6613&#44;6614&#44;6615&#44;6616&#44;6617&#44;6619&#44;6620&#44;6621&#44;6622&#44;6624&#44;6626&#44;6628&#44;6630&#44;6631&#44;6632&#44;6633&#44;6634&#44;6635&#44;6636&#44;6637&#44;6643&#44;6644&#44;6646&#44;6650&#44;6651&#44;6652&#44;6653&#44;6655&#44;6657&#44;6658&#44;6659&#44;6660&#44;6661&#44;6662&#44;6663&#44;6664&#44;6666&#44;6667&#44;6670&#44;6671&#44;6672&#44;6673&#44;6674&#44;6675&#44;6676&#44;6677&#44;6678&#44;6679&#44;6680&#44;6682&#44;6683&#44;6684&#44;6685&#44;6686&#44;6689&#44;6690&#44;6692&#44;6693&#44;6779&#44;6781&#44;6867&#44;6976&#44;6979&#44;7189&#44;7658&#44;7676&#44;8102&#44;8104&#44;8106&#44;8107&#44;8111&#44;8112&#44;8114&#44;8115&#44;8116&#44;8117&#44;8119&#44;8120&#44;8123&#44;8125&#44;8126&#44;8128&#44;8129&#44;8130&#44;8132&#44;8133&#44;8134&#44;8135&#44;8136&#44;8138&#44;8139&#44;8141&#44;8142&#44;8144&#44;8145&#44;8146&#44;8147&#44;8149&#44;8150&#44;8151&#44;8152&#44;8153&#44;8155&#44;8156&#44;8157&#44;8158&#44;8160&#44;8161&#44;8162&#44;8163&#44;8164&#44;8165&#44;8166&#44;8167&#44;8168&#44;8169&#44;8172&#44;8173&#44;8174&#44;8175&#44;8176&#44;8177&#44;8180&#44;8181&#44;8182&#44;8183&#44;8184&#44;8185&#44;8186&#44;8188&#44;8189&#44;8190&#44;8191&#44;8192&#44;8193&#44;8194&#44;8196&#44;8197&#44;8201&#44;8202&#44;8203&#44;8205&#44;8207&#44;8208&#44;8209&#44;8210&#44;8211&#44;8213&#44;8215&#44;8218&#44;8219&#44;8220&#44;8221&#44;8222&#44;8223&#44;8224&#44;8225&#44;8226&#44;8227&#44;8228&#44;8236&#44;8237&#44;8238&#44;8239&#44;8241&#44;8242&#44;8243&#44;8244&#44;8245&#44;8246&#44;8247&#44;8248&#44;8250&#44;8251&#44;8252&#44;8253&#44;8254&#44;8256&#44;8257&#44;8259&#44;8261&#44;8262&#44;8263&#44;8264&#44;8265&#44;8266&#44;8267&#44;8268&#44;8269&#44;8270&#44;8271&#44;8272&#44;8273&#44;8274&#44;8275&#44;8276&#44;8277&#44;8278&#44;8279&#44;8280&#44;8281&#44;8282&#44;8283&#44;8284&#44;8285&#44;8286&#44;8287&#44;8288&#44;8289&#44;8290&#44;8291&#44;8292&#44;8293&#44;8294&#44;8295&#44;8296&#44;8297&#44;8298&#44;8299&#44;""",2/28/22,2/28/22,N
layouts,Cake Case,"""37-3&#44;77-3""",,2022,3/7/22,1-NewFolderStructure/C037_C077_Cake_Case/C77_C37_Effective_03072022_Updated_02252022/,_C77_C37_Effective_03072022_Updated_02252022.pdf,"""4109&#44;4702&#44;4703&#44;4704&#44;4707&#44;4709&#44;4710&#44;4711&#44;4712&#44;4713&#44;4718&#44;4720&#44;4721&#44;4722&#44;4724&#44;4728&#44;4729&#44;4730&#44;4731&#44;4732&#44;4735&#44;4736&#44;4738&#44;4739&#44;4740&#44;4741&#44;4742&#44;4743&#44;4745&#44;4749&#44;4750&#44;4755&#44;4761&#44;4763&#44;4764&#44;4767&#44;4768&#44;4769&#44;4770&#44;4771&#44;4772&#44;4774&#44;4775&#44;4776&#44;4777&#44;4778&#44;4780&#44;4781&#44;4782&#44;4783&#44;4784&#44;4785&#44;4786&#44;4787&#44;4789&#44;4790&#44;4791&#44;4794&#44;4795&#44;4797&#44;4798&#44;4799&#44;4801&#44;4802&#44;4804&#44;4805&#44;4808&#44;4815&#44;4816&#44;4817&#44;4818&#44;4819&#44;4820&#44;4822&#44;4824&#44;4825&#44;4828&#44;4829&#44;4830&#44;4831&#44;4836&#44;4837&#44;4839&#44;4840&#44;4843&#44;4846&#44;4847&#44;4850&#44;4851&#44;4852&#44;4853&#44;4855&#44;4857&#44;4859&#44;4860&#44;4861&#44;4866&#44;4870&#44;4871&#44;4872&#44;4873&#44;4874&#44;4875&#44;4876&#44;4878&#44;4879&#44;4901&#44;4905&#44;4906&#44;4908&#44;4911&#44;4914&#44;4915&#44;4917&#44;4920&#44;4925&#44;4926&#44;4933&#44;4936&#44;4938&#44;4939&#44;4942&#44;4944&#44;4946&#44;4947&#44;4948&#44;4950&#44;4952&#44;4955&#44;4958&#44;4961&#44;4962&#44;4963&#44;4969&#44;4972&#44;4973&#44;4974&#44;4982&#44;4983&#44;4985&#44;4987&#44;4989&#44;4990&#44;4991&#44;4992&#44;4994&#44;4996&#44;4998&#44;4999&#44;6181&#44;6188&#44;6189&#44;6201&#44;6202&#44;6203&#44;6204&#44;6205&#44;6212&#44;6213&#44;6216&#44;6217&#44;6218&#44;6219&#44;6220&#44;6225&#44;6228&#44;6235&#44;6236&#44;6238&#44;6239&#44;6240&#44;6242&#44;6244&#44;6245&#44;6246&#44;6247&#44;6249&#44;6251&#44;6252&#44;6254&#44;6255&#44;6256&#44;6257&#44;6259&#44;6260&#44;6261&#44;6262&#44;6265&#44;6267&#44;6269&#44;6270&#44;6275&#44;6302&#44;6304&#44;6305&#44;6307&#44;6308&#44;6309&#44;6310&#44;6311&#44;6312&#44;6313&#44;6314&#44;6315&#44;6317&#44;6319&#44;6320&#44;6321&#44;6322&#44;6324&#44;6325&#44;6326&#44;6327&#44;6328&#44;6329&#44;6330&#44;6331&#44;6332&#44;6333&#44;6334&#44;6335&#44;6336&#44;6338&#44;6339&#44;6341&#44;6342&#44;6343&#44;6344&#44;6345&#44;6347&#44;6348&#44;6349&#44;6350&#44;6351&#44;6352&#44;6353&#44;6354&#44;6355&#44;6356&#44;6357&#44;6358&#44;6359&#44;6360&#44;6361&#44;6363&#44;6364&#44;6365&#44;6366&#44;6367&#44;6368&#44;6369&#44;6371&#44;6372&#44;6373&#44;6375&#44;6376&#44;6377&#44;6378&#44;6379&#44;6380&#44;6381&#44;6382&#44;6383&#44;6384&#44;6385&#44;6386&#44;6387&#44;6388&#44;6401&#44;6402&#44;6403&#44;6404&#44;6405&#44;6406&#44;6407&#44;6408&#44;6409&#44;6410&#44;6412&#44;6413&#44;6414&#44;6415&#44;6417&#44;6418&#44;6419&#44;6420&#44;6421&#44;6422&#44;6423&#44;6424&#44;6425&#44;6426&#44;6427&#44;6428&#44;6429&#44;6430&#44;6431&#44;6432&#44;6433&#44;6434&#44;6435&#44;6436&#44;6437&#44;6439&#44;6440&#44;6441&#44;6443&#44;6444&#44;6445&#44;6448&#44;6449&#44;6450&#44;6452&#44;6453&#44;6454&#44;6455&#44;6456&#44;6457&#44;6458&#44;6460&#44;6461&#44;6462&#44;6463&#44;6464&#44;6471&#44;6472&#44;6474&#44;6479&#44;6482&#44;6485&#44;6487&#44;6489&#44;6501&#44;6502&#44;6503&#44;6505&#44;6506&#44;6507&#44;6509&#44;6510&#44;6512&#44;6514&#44;6517&#44;6518&#44;6520&#44;6521&#44;6524&#44;6527&#44;6528&#44;6535&#44;6536&#44;6539&#44;6540&#44;6543&#44;6547&#44;6549&#44;6556&#44;6562&#44;6565&#44;6567&#44;6568&#44;6569&#44;6570&#44;6571&#44;6572&#44;6573&#44;6575&#44;6581&#44;6582&#44;6604&#44;6605&#44;6606&#44;6608&#44;6609&#44;6610&#44;6612&#44;6613&#44;6614&#44;6615&#44;6616&#44;6617&#44;6619&#44;6620&#44;6621&#44;6622&#44;6624&#44;6626&#44;6628&#44;6630&#44;6631&#44;6632&#44;6633&#44;6634&#44;6635&#44;6636&#44;6637&#44;6643&#44;6644&#44;6646&#44;6650&#44;6651&#44;6652&#44;6653&#44;6655&#44;6657&#44;6658&#44;6659&#44;6660&#44;6661&#44;6662&#44;6663&#44;6664&#44;6666&#44;6667&#44;6670&#44;6671&#44;6672&#44;6673&#44;6674&#44;6675&#44;6676&#44;6677&#44;6678&#44;6679&#44;6680&#44;6682&#44;6683&#44;6684&#44;6685&#44;6686&#44;6689&#44;6690&#44;6692&#44;6693&#44;6779&#44;6781&#44;6867&#44;6976&#44;6979&#44;7189&#44;7658&#44;7676&#44;8102&#44;8104&#44;8106&#44;8107&#44;8111&#44;8112&#44;8114&#44;8115&#44;8116&#44;8117&#44;8119&#44;8120&#44;8123&#44;8125&#44;8126&#44;8128&#44;8129&#44;8130&#44;8132&#44;8133&#44;8134&#44;8135&#44;8136&#44;8138&#44;8139&#44;8141&#44;8142&#44;8144&#44;8145&#44;8146&#44;8147&#44;8149&#44;8150&#44;8151&#44;8152&#44;8153&#44;8155&#44;8156&#44;8157&#44;8158&#44;8160&#44;8161&#44;8162&#44;8163&#44;8164&#44;8165&#44;8166&#44;8167&#44;8168&#44;8169&#44;8172&#44;8173&#44;8174&#44;8175&#44;8176&#44;8177&#44;8180&#44;8181&#44;8182&#44;8183&#44;8184&#44;8185&#44;8186&#44;8188&#44;8189&#44;8190&#44;8191&#44;8192&#44;8193&#44;8194&#44;8196&#44;8197&#44;8201&#44;8202&#44;8203&#44;8205&#44;8207&#44;8208&#44;8209&#44;8210&#44;8211&#44;8213&#44;8215&#44;8218&#44;8219&#44;8220&#44;8221&#44;8222&#44;8223&#44;8224&#44;8225&#44;8226&#44;8227&#44;8228&#44;8236&#44;8237&#44;8238&#44;8239&#44;8241&#44;8242&#44;8243&#44;8244&#44;8245&#44;8246&#44;8247&#44;8248&#44;8250&#44;8251&#44;8252&#44;8253&#44;8254&#44;8256&#44;8257&#44;8259&#44;8261&#44;8262&#44;8263&#44;8264&#44;8265&#44;8266&#44;8267&#44;8268&#44;8269&#44;8270&#44;8271&#44;8272&#44;8273&#44;8274&#44;8275&#44;8276&#44;8277&#44;8278&#44;8279&#44;8280&#44;8281&#44;8282&#44;8283&#44;8284&#44;8285&#44;8286&#44;8287&#44;8288&#44;8289&#44;8290&#44;8291&#44;8292&#44;8293&#44;8294&#44;8295&#44;8296&#44;8297&#44;8298&#44;8299&#44;""",2/28/22,2/28/22,N
layouts,Bakery Pallets,"""37-4&#44;77-4""",,2022,3/7/22,1-NewFolderStructure/C037_C077_Bakery_Pallets/C37_77_Bakery_Pallets_Effective_03072022_Updated_02162022/,_C37_77_Bakery_Pallets_Effective_03072022_Updated_02162022.pdf,"""6461&#44;""",2/28/22,2/28/22,N
layouts,Café Grab and Go,79-3,,2022,3/7/22,1-NewFolderStructure/C079_Cafe_Grab_n_Go/C79_Cafe_Grab_and_Go_Effective_03072022/,_C79_Cafe_Grab_and_Go_Effective_03072022.pdf,"""4703&#44;4724&#44;4738&#44;4739&#44;4745&#44;4770&#44;4776&#44;4777&#44;4787&#44;4817&#44;4836&#44;4853&#44;4879&#44;4901&#44;4933&#44;4938&#44;4987&#44;4989&#44;6181&#44;6201&#44;6219&#44;6254&#44;6309&#44;6310&#44;6311&#44;6312&#44;6320&#44;6333&#44;6344&#44;6345&#44;6347&#44;6352&#44;6356&#44;6360&#44;6379&#44;6408&#44;6425&#44;6427&#44;6428&#44;6430&#44;6431&#44;6435&#44;6456&#44;6462&#44;6463&#44;6472&#44;6506&#44;6509&#44;6535&#44;6539&#44;6549&#44;6565&#44;6572&#44;6630&#44;6631&#44;6632&#44;6633&#44;6634&#44;6644&#44;6672&#44;6673&#44;6682&#44;6683&#44;6684&#44;6685&#44;6979&#44;8106&#44;8107&#44;8142&#44;8147&#44;8165&#44;8172&#44;8183&#44;8186&#44;8189&#44;8192&#44;8194&#44;8225&#44;8247&#44;8272&#44;8278&#44;""",2/28/22,2/28/22,N
layouts,HMS,79-2,,2022,3/7/22,1-NewFolderStructure/C079_HMS/C79_HMS_EFFECTIVE_3072022/,_C79_HMS_EFFECTIVE_3072022.pdf,"""4109&#44;4702&#44;4703&#44;4704&#44;4707&#44;4709&#44;4710&#44;4711&#44;4712&#44;4713&#44;4718&#44;4720&#44;4721&#44;4722&#44;4724&#44;4728&#44;4729&#44;4730&#44;4731&#44;4732&#44;4735&#44;4736&#44;4738&#44;4739&#44;4740&#44;4741&#44;4742&#44;4743&#44;4745&#44;4749&#44;4750&#44;4755&#44;4761&#44;4763&#44;4764&#44;4767&#44;4768&#44;4769&#44;4770&#44;4771&#44;4772&#44;4774&#44;4775&#44;4776&#44;4777&#44;4778&#44;4780&#44;4781&#44;4782&#44;4783&#44;4784&#44;4785&#44;4786&#44;4787&#44;4789&#44;4790&#44;4791&#44;4794&#44;4795&#44;4797&#44;4798&#44;4799&#44;4801&#44;4802&#44;4804&#44;4805&#44;4808&#44;4815&#44;4816&#44;4817&#44;4818&#44;4819&#44;4820&#44;4822&#44;4824&#44;4825&#44;4828&#44;4829&#44;4830&#44;4831&#44;4836&#44;4837&#44;4839&#44;4840&#44;4843&#44;4846&#44;4847&#44;4850&#44;4851&#44;4852&#44;4853&#44;4855&#44;4857&#44;4859&#44;4860&#44;4861&#44;4866&#44;4870&#44;4871&#44;4872&#44;4873&#44;4874&#44;4875&#44;4876&#44;4878&#44;4879&#44;4901&#44;4905&#44;4906&#44;4908&#44;4911&#44;4914&#44;4915&#44;4917&#44;4920&#44;4925&#44;4926&#44;4930&#44;4933&#44;4936&#44;4938&#44;4939&#44;4942&#44;4944&#44;4946&#44;4947&#44;4948&#44;4950&#44;4952&#44;4955&#44;4958&#44;4961&#44;4962&#44;4963&#44;4969&#44;4972&#44;4973&#44;4974&#44;4982&#44;4983&#44;4985&#44;4987&#44;4989&#44;4990&#44;4991&#44;4992&#44;4994&#44;4996&#44;4998&#44;4999&#44;6181&#44;6188&#44;6189&#44;6201&#44;6202&#44;6203&#44;6204&#44;6205&#44;6212&#44;6213&#44;6216&#44;6217&#44;6218&#44;6219&#44;6220&#44;6225&#44;6228&#44;6235&#44;6236&#44;6238&#44;6239&#44;6240&#44;6242&#44;6244&#44;6245&#44;6246&#44;6247&#44;6249&#44;6251&#44;6252&#44;6254&#44;6255&#44;6256&#44;6257&#44;6259&#44;6260&#44;6261&#44;6262&#44;6265&#44;6267&#44;6269&#44;6270&#44;6275&#44;6302&#44;6304&#44;6305&#44;6307&#44;6308&#44;6309&#44;6310&#44;6311&#44;6312&#44;6313&#44;6314&#44;6315&#44;6317&#44;6319&#44;6320&#44;6321&#44;6322&#44;6324&#44;6325&#44;6326&#44;6327&#44;6328&#44;6329&#44;6330&#44;6331&#44;6332&#44;6333&#44;6334&#44;6335&#44;6336&#44;6338&#44;6339&#44;6341&#44;6342&#44;6343&#44;6344&#44;6345&#44;6347&#44;6348&#44;6349&#44;6350&#44;6351&#44;6352&#44;6353&#44;6354&#44;6355&#44;6356&#44;6357&#44;6358&#44;6359&#44;6360&#44;6361&#44;6363&#44;6364&#44;6365&#44;6366&#44;6367&#44;6368&#44;6369&#44;6371&#44;6372&#44;6373&#44;6375&#44;6376&#44;6377&#44;6378&#44;6379&#44;6380&#44;6381&#44;6382&#44;6383&#44;6384&#44;6385&#44;6386&#44;6387&#44;6388&#44;6401&#44;6402&#44;6403&#44;6404&#44;6405&#44;6406&#44;6407&#44;6408&#44;6409&#44;6410&#44;6412&#44;6413&#44;6414&#44;6415&#44;6417&#44;6418&#44;6419&#44;6420&#44;6421&#44;6422&#44;6423&#44;6424&#44;6425&#44;6426&#44;6427&#44;6428&#44;6429&#44;6430&#44;6431&#44;6432&#44;6433&#44;6434&#44;6435&#44;6436&#44;6437&#44;6439&#44;6440&#44;6441&#44;6443&#44;6444&#44;6445&#44;6448&#44;6449&#44;6450&#44;6452&#44;6453&#44;6454&#44;6455&#44;6456&#44;6457&#44;6458&#44;6460&#44;6461&#44;6462&#44;6463&#44;6464&#44;6471&#44;6472&#44;6474&#44;6479&#44;6482&#44;6485&#44;6487&#44;6489&#44;6501&#44;6502&#44;6503&#44;6505&#44;6506&#44;6507&#44;6509&#44;6510&#44;6512&#44;6514&#44;6517&#44;6518&#44;6520&#44;6521&#44;6524&#44;6527&#44;6528&#44;6533&#44;6535&#44;6536&#44;6539&#44;6540&#44;6543&#44;6547&#44;6549&#44;6556&#44;6562&#44;6565&#44;6567&#44;6568&#44;6569&#44;6570&#44;6571&#44;6572&#44;6573&#44;6575&#44;6581&#44;6582&#44;6604&#44;6605&#44;6606&#44;6608&#44;6609&#44;6610&#44;6612&#44;6613&#44;6614&#44;6615&#44;6616&#44;6617&#44;6619&#44;6620&#44;6621&#44;6622&#44;6624&#44;6626&#44;6628&#44;6630&#44;6631&#44;6632&#44;6633&#44;6634&#44;6635&#44;6636&#44;6637&#44;6643&#44;6644&#44;6646&#44;6650&#44;6651&#44;6652&#44;6653&#44;6655&#44;6657&#44;6658&#44;6659&#44;6660&#44;6661&#44;6662&#44;6663&#44;6664&#44;6666&#44;6667&#44;6670&#44;6671&#44;6672&#44;6673&#44;6674&#44;6675&#44;6676&#44;6677&#44;6678&#44;6679&#44;6680&#44;6682&#44;6683&#44;6684&#44;6685&#44;6686&#44;6689&#44;6690&#44;6692&#44;6693&#44;6779&#44;6781&#44;6867&#44;6976&#44;6979&#44;7189&#44;7658&#44;7676&#44;8102&#44;8104&#44;8106&#44;8107&#44;8111&#44;8112&#44;8114&#44;8115&#44;8116&#44;8117&#44;8119&#44;8120&#44;8123&#44;8125&#44;8126&#44;8128&#44;8129&#44;8130&#44;8132&#44;8133&#44;8134&#44;8135&#44;8136&#44;8138&#44;8139&#44;8141&#44;8142&#44;8144&#44;8145&#44;8146&#44;8147&#44;8149&#44;8150&#44;8151&#44;8152&#44;8153&#44;8155&#44;8156&#44;8157&#44;8158&#44;8160&#44;8161&#44;8162&#44;8163&#44;8164&#44;8165&#44;8166&#44;8167&#44;8168&#44;8169&#44;8172&#44;8173&#44;8174&#44;8175&#44;8176&#44;8177&#44;8180&#44;8181&#44;8182&#44;8183&#44;8184&#44;8185&#44;8186&#44;8188&#44;8189&#44;8190&#44;8191&#44;8192&#44;8193&#44;8194&#44;8196&#44;8197&#44;8201&#44;8202&#44;8203&#44;8205&#44;8207&#44;8208&#44;8209&#44;8210&#44;8211&#44;8213&#44;8215&#44;8218&#44;8219&#44;8220&#44;8221&#44;8222&#44;8223&#44;8224&#44;8225&#44;8226&#44;8227&#44;8228&#44;8236&#44;8237&#44;8238&#44;8239&#44;8241&#44;8242&#44;8243&#44;8244&#44;8245&#44;8246&#44;8247&#44;8248&#44;8250&#44;8251&#44;8252&#44;8253&#44;8254&#44;8256&#44;8257&#44;8259&#44;8261&#44;8262&#44;8263&#44;8264&#44;8265&#44;8266&#44;8267&#44;8268&#44;8269&#44;8270&#44;8271&#44;8272&#44;8273&#44;8274&#44;8275&#44;8276&#44;8277&#44;8278&#44;8279&#44;8280&#44;8281&#44;8282&#44;8283&#44;8284&#44;8285&#44;8286&#44;8287&#44;8288&#44;8289&#44;8290&#44;8291&#44;8292&#44;8293&#44;8294&#44;8295&#44;8296&#44;8297&#44;8298&#44;8299&#44;""",3/2/22,3/2/22,N
layouts,Bakery Tables,"""37&#44;77""",,2022,3/7/22,1-NewFolderStructure/C037_C077_Bakery_Tables/C37_77_Bakery_Tables_Effective_03072022_Updated_02162022/,_C37_77_Bakery_Tables_Effective_03072022_Updated_02162022.pdf,"""4109&#44;4702&#44;4703&#44;4704&#44;4707&#44;4709&#44;4710&#44;4711&#44;4712&#44;4713&#44;4718&#44;4720&#44;4721&#44;4722&#44;4724&#44;4728&#44;4729&#44;4730&#44;4731&#44;4732&#44;4735&#44;4736&#44;4738&#44;4739&#44;4740&#44;4741&#44;4742&#44;4743&#44;4745&#44;4749&#44;4750&#44;4755&#44;4761&#44;4763&#44;4764&#44;4767&#44;4768&#44;4769&#44;4770&#44;4771&#44;4772&#44;4774&#44;4775&#44;4776&#44;4777&#44;4778&#44;4780&#44;4781&#44;4782&#44;4783&#44;4784&#44;4785&#44;4786&#44;4787&#44;4789&#44;4790&#44;4791&#44;4794&#44;4795&#44;4797&#44;4798&#44;4799&#44;4801&#44;4802&#44;4804&#44;4805&#44;4808&#44;4815&#44;4816&#44;4817&#44;4818&#44;4819&#44;4820&#44;4822&#44;4824&#44;4825&#44;4828&#44;4829&#44;4830&#44;4831&#44;4836&#44;4837&#44;4839&#44;4840&#44;4843&#44;4846&#44;4847&#44;4850&#44;4851&#44;4852&#44;4853&#44;4855&#44;4857&#44;4859&#44;4860&#44;4861&#44;4866&#44;4870&#44;4871&#44;4872&#44;4873&#44;4874&#44;4875&#44;4876&#44;4878&#44;4879&#44;4901&#44;4905&#44;4906&#44;4908&#44;4911&#44;4914&#44;4915&#44;4917&#44;4920&#44;4925&#44;4926&#44;4933&#44;4936&#44;4938&#44;4939&#44;4942&#44;4944&#44;4946&#44;4947&#44;4948&#44;4950&#44;4952&#44;4955&#44;4958&#44;4961&#44;4962&#44;4963&#44;4969&#44;4972&#44;4973&#44;4974&#44;4982&#44;4983&#44;4985&#44;4987&#44;4989&#44;4990&#44;4991&#44;4992&#44;4994&#44;4996&#44;4998&#44;4999&#44;6181&#44;6188&#44;6189&#44;6201&#44;6202&#44;6203&#44;6204&#44;6205&#44;6212&#44;6213&#44;6216&#44;6217&#44;6218&#44;6219&#44;6220&#44;6225&#44;6228&#44;6235&#44;6236&#44;6238&#44;6239&#44;6240&#44;6242&#44;6244&#44;6245&#44;6246&#44;6247&#44;6249&#44;6251&#44;6252&#44;6254&#44;6255&#44;6256&#44;6257&#44;6259&#44;6260&#44;6261&#44;6262&#44;6265&#44;6267&#44;6269&#44;6270&#44;6275&#44;6302&#44;6304&#44;6305&#44;6307&#44;6308&#44;6309&#44;6310&#44;6311&#44;6312&#44;6313&#44;6314&#44;6315&#44;6317&#44;6319&#44;6320&#44;6321&#44;6322&#44;6324&#44;6325&#44;6326&#44;6327&#44;6328&#44;6329&#44;6330&#44;6331&#44;6332&#44;6333&#44;6334&#44;6335&#44;6336&#44;6338&#44;6339&#44;6341&#44;6342&#44;6343&#44;6344&#44;6345&#44;6347&#44;6348&#44;6349&#44;6350&#44;6351&#44;6352&#44;6353&#44;6354&#44;6355&#44;6356&#44;6357&#44;6358&#44;6359&#44;6360&#44;6361&#44;6363&#44;6364&#44;6365&#44;6366&#44;6367&#44;6368&#44;6369&#44;6371&#44;6372&#44;6373&#44;6375&#44;6376&#44;6378&#44;6379&#44;6380&#44;6381&#44;6382&#44;6383&#44;6384&#44;6385&#44;6386&#44;6387&#44;6388&#44;6401&#44;6402&#44;6403&#44;6404&#44;6405&#44;6406&#44;6407&#44;6408&#44;6409&#44;6410&#44;6412&#44;6413&#44;6414&#44;6415&#44;6417&#44;6418&#44;6419&#44;6420&#44;6421&#44;6422&#44;6423&#44;6424&#44;6425&#44;6426&#44;6427&#44;6428&#44;6429&#44;6430&#44;6431&#44;6432&#44;6433&#44;6434&#44;6435&#44;6436&#44;6437&#44;6439&#44;6440&#44;6441&#44;6443&#44;6444&#44;6445&#44;6448&#44;6449&#44;6450&#44;6452&#44;6453&#44;6454&#44;6455&#44;6456&#44;6457&#44;6458&#44;6460&#44;6461&#44;6462&#44;6463&#44;6464&#44;6471&#44;6472&#44;6474&#44;6479&#44;6482&#44;6485&#44;6487&#44;6489&#44;6501&#44;6502&#44;6503&#44;6505&#44;6506&#44;6507&#44;6509&#44;6510&#44;6512&#44;6514&#44;6517&#44;6518&#44;6520&#44;6521&#44;6524&#44;6527&#44;6528&#44;6535&#44;6536&#44;6539&#44;6540&#44;6543&#44;6547&#44;6549&#44;6556&#44;6562&#44;6565&#44;6567&#44;6568&#44;6569&#44;6570&#44;6571&#44;6572&#44;6573&#44;6575&#44;6581&#44;6582&#44;6604&#44;6605&#44;6606&#44;6608&#44;6609&#44;6610&#44;6612&#44;6613&#44;6614&#44;6615&#44;6616&#44;6617&#44;6619&#44;6620&#44;6621&#44;6622&#44;6624&#44;6626&#44;6628&#44;6630&#44;6631&#44;6632&#44;6633&#44;6634&#44;6635&#44;6636&#44;6637&#44;6643&#44;6644&#44;6646&#44;6650&#44;6651&#44;6652&#44;6653&#44;6655&#44;6657&#44;6658&#44;6659&#44;6660&#44;6661&#44;6662&#44;6663&#44;6664&#44;6666&#44;6667&#44;6670&#44;6671&#44;6672&#44;6673&#44;6674&#44;6675&#44;6676&#44;6677&#44;6678&#44;6679&#44;6680&#44;6682&#44;6683&#44;6684&#44;6685&#44;6686&#44;6689&#44;6690&#44;6692&#44;6693&#44;6779&#44;6781&#44;6867&#44;6976&#44;6979&#44;7189&#44;7658&#44;7676&#44;8102&#44;8104&#44;8106&#44;8107&#44;8111&#44;8112&#44;8114&#44;8115&#44;8116&#44;8117&#44;8119&#44;8120&#44;8123&#44;8125&#44;8126&#44;8128&#44;8129&#44;8130&#44;8132&#44;8133&#44;8134&#44;8135&#44;8136&#44;8138&#44;8139&#44;8141&#44;8142&#44;8144&#44;8145&#44;8146&#44;8147&#44;8149&#44;8150&#44;8151&#44;8152&#44;8153&#44;8155&#44;8156&#44;8157&#44;8158&#44;8160&#44;8161&#44;8162&#44;8163&#44;8164&#44;8165&#44;8166&#44;8167&#44;8168&#44;8169&#44;8172&#44;8173&#44;8174&#44;8175&#44;8176&#44;8177&#44;8180&#44;8181&#44;8182&#44;8183&#44;8184&#44;8185&#44;8186&#44;8188&#44;8189&#44;8190&#44;8191&#44;8192&#44;8193&#44;8194&#44;8196&#44;8197&#44;8201&#44;8202&#44;8203&#44;8205&#44;8207&#44;8208&#44;8209&#44;8210&#44;8211&#44;8213&#44;8215&#44;8218&#44;8219&#44;8220&#44;8221&#44;8222&#44;8223&#44;8224&#44;8225&#44;8226&#44;8227&#44;8228&#44;8236&#44;8237&#44;8238&#44;8239&#44;8241&#44;8242&#44;8243&#44;8244&#44;8245&#44;8246&#44;8247&#44;8248&#44;8250&#44;8251&#44;8252&#44;8253&#44;8254&#44;8256&#44;8257&#44;8259&#44;8261&#44;8262&#44;8263&#44;8264&#44;8265&#44;8266&#44;8267&#44;8268&#44;8269&#44;8270&#44;8271&#44;8272&#44;8273&#44;8274&#44;8275&#44;8276&#44;8277&#44;8278&#44;8279&#44;8280&#44;8281&#44;8282&#44;8283&#44;8284&#44;8285&#44;8286&#44;8287&#44;8288&#44;8289&#44;8290&#44;8291&#44;8292&#44;8293&#44;8294&#44;8295&#44;8296&#44;8297&#44;8298&#44;8299&#44;""",3/3/22,3/3/22,N
layouts,Sushi,79,,2022,3/7/22,1-NewFolderStructure/C079_Sushi/C79_Sushi_Effective_03072022/,_C79_Sushi_Effective_03072022.pdf,"""4712&#44;4718&#44;4731&#44;4732&#44;4738&#44;4761&#44;4768&#44;4772&#44;4777&#44;4780&#44;4781&#44;4787&#44;4805&#44;4816&#44;4818&#44;4837&#44;4861&#44;4873&#44;4911&#44;4914&#44;4933&#44;4955&#44;6252&#44;6255&#44;6259&#44;6304&#44;6321&#44;6351&#44;6369&#44;6372&#44;6279&#44;6381&#44;6385&#44;6408&#44;6418&#44;6439&#44;6440&#44;6501&#44;6549&#44;6575&#44;6630&#44;6632&#44;6633&#44;6634&#44;6635&#44;6637&#44;6643&#44;6650&#44;6655&#44;6667&#44;6671&#44;6684&#44;6685&#44;6779&#44;6879&#44;7189&#44;8133&#44;8147&#44;8172&#44;8190&#44;8194&#44;8210&#44;8245&#44;8248&#44;8262&#44;8264&#44;8268&#44;8272&#44;8279&#44;8288&#44;""",3/8/22,3/8/22,N
layouts,Bakery Dessert,"""37-2&#44;77-2""",,2022,3/7/22,1-NewFolderStructure/C037_C077_Bakery_Dessert/C77_C37_Effective_03072022_Updated_03142022/,_C77_C37_Effective_03072022_Updated_03142022.pdf,"""4109&#44;4702&#44;4703&#44;4704&#44;4707&#44;4709&#44;4710&#44;4711&#44;4712&#44;4713&#44;4718&#44;4720&#44;4721&#44;4722&#44;4724&#44;4728&#44;4729&#44;4730&#44;4731&#44;4732&#44;4735&#44;4736&#44;4738&#44;4739&#44;4740&#44;4741&#44;4742&#44;4743&#44;4745&#44;4749&#44;4750&#44;4755&#44;4761&#44;4763&#44;4764&#44;4767&#44;4768&#44;4769&#44;4770&#44;4771&#44;4772&#44;4774&#44;4775&#44;4776&#44;4777&#44;4778&#44;4780&#44;4781&#44;4782&#44;4783&#44;4784&#44;4785&#44;4786&#44;4787&#44;4789&#44;4790&#44;4791&#44;4794&#44;4795&#44;4797&#44;4798&#44;4799&#44;4801&#44;4802&#44;4804&#44;4805&#44;4808&#44;4815&#44;4816&#44;4817&#44;4818&#44;4819&#44;4820&#44;4822&#44;4824&#44;4825&#44;4828&#44;4829&#44;4830&#44;4831&#44;4836&#44;4837&#44;4839&#44;4840&#44;4843&#44;4846&#44;4847&#44;4850&#44;4851&#44;4852&#44;4853&#44;4855&#44;4857&#44;4859&#44;4860&#44;4861&#44;4866&#44;4870&#44;4871&#44;4872&#44;4873&#44;4874&#44;4875&#44;4876&#44;4878&#44;4879&#44;4901&#44;4905&#44;4906&#44;4908&#44;4911&#44;4914&#44;4915&#44;4917&#44;4920&#44;4925&#44;4926&#44;4933&#44;4936&#44;4938&#44;4939&#44;4942&#44;4944&#44;4946&#44;4947&#44;4948&#44;4950&#44;4952&#44;4955&#44;4958&#44;4961&#44;4962&#44;4963&#44;4969&#44;4972&#44;4973&#44;4974&#44;4982&#44;4983&#44;4985&#44;4987&#44;4989&#44;4990&#44;4991&#44;4992&#44;4994&#44;4996&#44;4998&#44;4999&#44;6181&#44;6188&#44;6189&#44;6201&#44;6202&#44;6203&#44;6204&#44;6205&#44;6212&#44;6213&#44;6216&#44;6217&#44;6218&#44;6219&#44;6220&#44;6225&#44;6228&#44;6235&#44;6236&#44;6238&#44;6239&#44;6240&#44;6242&#44;6244&#44;6245&#44;6246&#44;6247&#44;6249&#44;6251&#44;6252&#44;6254&#44;6255&#44;6256&#44;6257&#44;6259&#44;6260&#44;6261&#44;6262&#44;6265&#44;6267&#44;6269&#44;6270&#44;6275&#44;6302&#44;6304&#44;6305&#44;6307&#44;6308&#44;6309&#44;6310&#44;6311&#44;6312&#44;6313&#44;6314&#44;6315&#44;6317&#44;6319&#44;6320&#44;6321&#44;6322&#44;6324&#44;6325&#44;6326&#44;6327&#44;6328&#44;6329&#44;6330&#44;6331&#44;6332&#44;6333&#44;6334&#44;6335&#44;6336&#44;6338&#44;6339&#44;6341&#44;6342&#44;6343&#44;6344&#44;6345&#44;6347&#44;6348&#44;6349&#44;6350&#44;6351&#44;6352&#44;6353&#44;6354&#44;6355&#44;6356&#44;6357&#44;6358&#44;6359&#44;6360&#44;6361&#44;6363&#44;6364&#44;6365&#44;6366&#44;6367&#44;6368&#44;6369&#44;6371&#44;6372&#44;6373&#44;6375&#44;6376&#44;6377&#44;6378&#44;6379&#44;6380&#44;6381&#44;6382&#44;6383&#44;6384&#44;6385&#44;6386&#44;6387&#44;6388&#44;6401&#44;6402&#44;6403&#44;6404&#44;6405&#44;6406&#44;6407&#44;6408&#44;6409&#44;6410&#44;6412&#44;6413&#44;6414&#44;6415&#44;6417&#44;6418&#44;6419&#44;6420&#44;6421&#44;6422&#44;6423&#44;6424&#44;6425&#44;6426&#44;6427&#44;6428&#44;6429&#44;6430&#44;6431&#44;6432&#44;6433&#44;6434&#44;6435&#44;6436&#44;6437&#44;6439&#44;6440&#44;6441&#44;6443&#44;6444&#44;6445&#44;6448&#44;6449&#44;6450&#44;6452&#44;6453&#44;6454&#44;6455&#44;6456&#44;6457&#44;6458&#44;6460&#44;6461&#44;6462&#44;6463&#44;6464&#44;6471&#44;6472&#44;6474&#44;6479&#44;6482&#44;6485&#44;6487&#44;6489&#44;6501&#44;6502&#44;6503&#44;6505&#44;6506&#44;6507&#44;6509&#44;6510&#44;6512&#44;6514&#44;6517&#44;6518&#44;6520&#44;6521&#44;6524&#44;6527&#44;6528&#44;6535&#44;6536&#44;6539&#44;6540&#44;6543&#44;6547&#44;6549&#44;6556&#44;6562&#44;6565&#44;6567&#44;6568&#44;6569&#44;6570&#44;6571&#44;6572&#44;6573&#44;6575&#44;6581&#44;6582&#44;6604&#44;6605&#44;6606&#44;6608&#44;6609&#44;6610&#44;6612&#44;6613&#44;6614&#44;6615&#44;6616&#44;6617&#44;6619&#44;6620&#44;6621&#44;6622&#44;6624&#44;6626&#44;6628&#44;6630&#44;6631&#44;6632&#44;6633&#44;6634&#44;6635&#44;6636&#44;6637&#44;6643&#44;6644&#44;6646&#44;6650&#44;6651&#44;6652&#44;6653&#44;6655&#44;6657&#44;6658&#44;6659&#44;6660&#44;6661&#44;6662&#44;6663&#44;6664&#44;6666&#44;6667&#44;6670&#44;6671&#44;6672&#44;6673&#44;6674&#44;6675&#44;6676&#44;6677&#44;6678&#44;6679&#44;6680&#44;6682&#44;6683&#44;6684&#44;6685&#44;6686&#44;6689&#44;6690&#44;6692&#44;6693&#44;6779&#44;6781&#44;6867&#44;6976&#44;6979&#44;7189&#44;7658&#44;7676&#44;8102&#44;8104&#44;8106&#44;8107&#44;8111&#44;8112&#44;8114&#44;8115&#44;8116&#44;8117&#44;8119&#44;8120&#44;8123&#44;8125&#44;8126&#44;8128&#44;8129&#44;8130&#44;8132&#44;8133&#44;8134&#44;8135&#44;8136&#44;8138&#44;8139&#44;8141&#44;8142&#44;8144&#44;8145&#44;8146&#44;8147&#44;8149&#44;8150&#44;8151&#44;8152&#44;8153&#44;8155&#44;8156&#44;8157&#44;8158&#44;8160&#44;8161&#44;8162&#44;8163&#44;8164&#44;8165&#44;8166&#44;8167&#44;8168&#44;8169&#44;8172&#44;8173&#44;8174&#44;8175&#44;8176&#44;8177&#44;8180&#44;8181&#44;8182&#44;8183&#44;8184&#44;8185&#44;8186&#44;8188&#44;8189&#44;8190&#44;8191&#44;8192&#44;8193&#44;8194&#44;8196&#44;8197&#44;8201&#44;8202&#44;8203&#44;8205&#44;8207&#44;8208&#44;8209&#44;8210&#44;8211&#44;8213&#44;8215&#44;8218&#44;8219&#44;8220&#44;8221&#44;8222&#44;8223&#44;8224&#44;8225&#44;8226&#44;8227&#44;8228&#44;8236&#44;8237&#44;8238&#44;8239&#44;8241&#44;8242&#44;8243&#44;8244&#44;8245&#44;8246&#44;8247&#44;8248&#44;8250&#44;8251&#44;8252&#44;8253&#44;8254&#44;8256&#44;8257&#44;8259&#44;8261&#44;8262&#44;8263&#44;8264&#44;8265&#44;8266&#44;8267&#44;8268&#44;8269&#44;8270&#44;8271&#44;8272&#44;8273&#44;8274&#44;8275&#44;8276&#44;8277&#44;8278&#44;8279&#44;8280&#44;8281&#44;8282&#44;8283&#44;8284&#44;8285&#44;8286&#44;8287&#44;8288&#44;8289&#44;8290&#44;8291&#44;8292&#44;8293&#44;8294&#44;8295&#44;8296&#44;8297&#44;8298&#44;8299&#44;""",3/14/22,3/14/22,N
layouts,Cake Case,"""37-3&#44;77-3""",,2022,3/7/22,1-NewFolderStructure/C037_C077_Cake_Case/C77_C37_Effective_03072022_Updated_03142022/,_C77_C37_Effective_03072022_Updated_03142022.pdf,"""4109&#44;4702&#44;4703&#44;4704&#44;4707&#44;4709&#44;4710&#44;4711&#44;4712&#44;4713&#44;4718&#44;4720&#44;4721&#44;4722&#44;4724&#44;4728&#44;4729&#44;4730&#44;4731&#44;4732&#44;4735&#44;4736&#44;4738&#44;4739&#44;4740&#44;4741&#44;4742&#44;4743&#44;4745&#44;4749&#44;4750&#44;4755&#44;4761&#44;4763&#44;4764&#44;4767&#44;4768&#44;4769&#44;4770&#44;4771&#44;4772&#44;4774&#44;4775&#44;4776&#44;4777&#44;4778&#44;4780&#44;4781&#44;4782&#44;4783&#44;4784&#44;4785&#44;4786&#44;4787&#44;4789&#44;4790&#44;4791&#44;4794&#44;4795&#44;4797&#44;4798&#44;4799&#44;4801&#44;4802&#44;4804&#44;4805&#44;4808&#44;4815&#44;4816&#44;4817&#44;4818&#44;4819&#44;4820&#44;4822&#44;4824&#44;4825&#44;4828&#44;4829&#44;4830&#44;4831&#44;4836&#44;4837&#44;4839&#44;4840&#44;4843&#44;4846&#44;4847&#44;4850&#44;4851&#44;4852&#44;4853&#44;4855&#44;4857&#44;4859&#44;4860&#44;4861&#44;4866&#44;4870&#44;4871&#44;4872&#44;4873&#44;4874&#44;4875&#44;4876&#44;4878&#44;4879&#44;4901&#44;4905&#44;4906&#44;4908&#44;4911&#44;4914&#44;4915&#44;4917&#44;4920&#44;4925&#44;4926&#44;4933&#44;4936&#44;4938&#44;4939&#44;4942&#44;4944&#44;4946&#44;4947&#44;4948&#44;4950&#44;4952&#44;4955&#44;4958&#44;4961&#44;4962&#44;4963&#44;4969&#44;4972&#44;4973&#44;4974&#44;4982&#44;4983&#44;4985&#44;4987&#44;4989&#44;4990&#44;4991&#44;4992&#44;4994&#44;4996&#44;4998&#44;4999&#44;6181&#44;6188&#44;6189&#44;6201&#44;6202&#44;6203&#44;6204&#44;6205&#44;6212&#44;6213&#44;6216&#44;6217&#44;6218&#44;6219&#44;6220&#44;6225&#44;6228&#44;6235&#44;6236&#44;6238&#44;6239&#44;6240&#44;6242&#44;6244&#44;6245&#44;6246&#44;6247&#44;6249&#44;6251&#44;6252&#44;6254&#44;6255&#44;6256&#44;6257&#44;6259&#44;6260&#44;6261&#44;6262&#44;6265&#44;6267&#44;6269&#44;6270&#44;6275&#44;6302&#44;6304&#44;6305&#44;6307&#44;6308&#44;6309&#44;6310&#44;6311&#44;6312&#44;6313&#44;6314&#44;6315&#44;6317&#44;6319&#44;6320&#44;6321&#44;6322&#44;6324&#44;6325&#44;6326&#44;6327&#44;6328&#44;6329&#44;6330&#44;6331&#44;6332&#44;6333&#44;6334&#44;6335&#44;6336&#44;6338&#44;6339&#44;6341&#44;6342&#44;6343&#44;6344&#44;6345&#44;6347&#44;6348&#44;6349&#44;6350&#44;6351&#44;6352&#44;6353&#44;6354&#44;6355&#44;6356&#44;6357&#44;6358&#44;6359&#44;6360&#44;6361&#44;6363&#44;6364&#44;6365&#44;6366&#44;6367&#44;6368&#44;6369&#44;6371&#44;6372&#44;6373&#44;6375&#44;6376&#44;6377&#44;6378&#44;6379&#44;6380&#44;6381&#44;6382&#44;6383&#44;6384&#44;6385&#44;6386&#44;6387&#44;6388&#44;6401&#44;6402&#44;6403&#44;6404&#44;6405&#44;6406&#44;6407&#44;6408&#44;6409&#44;6410&#44;6412&#44;6413&#44;6414&#44;6415&#44;6417&#44;6418&#44;6419&#44;6420&#44;6421&#44;6422&#44;6423&#44;6424&#44;6425&#44;6426&#44;6427&#44;6428&#44;6429&#44;6430&#44;6431&#44;6432&#44;6433&#44;6434&#44;6435&#44;6436&#44;6437&#44;6439&#44;6440&#44;6441&#44;6443&#44;6444&#44;6445&#44;6448&#44;6449&#44;6450&#44;6452&#44;6453&#44;6454&#44;6455&#44;6456&#44;6457&#44;6458&#44;6460&#44;6461&#44;6462&#44;6463&#44;6464&#44;6471&#44;6472&#44;6474&#44;6479&#44;6482&#44;6485&#44;6487&#44;6489&#44;6501&#44;6502&#44;6503&#44;6505&#44;6506&#44;6507&#44;6509&#44;6510&#44;6512&#44;6514&#44;6517&#44;6518&#44;6520&#44;6521&#44;6524&#44;6527&#44;6528&#44;6535&#44;6536&#44;6539&#44;6540&#44;6543&#44;6547&#44;6549&#44;6556&#44;6562&#44;6565&#44;6567&#44;6568&#44;6569&#44;6570&#44;6571&#44;6572&#44;6573&#44;6575&#44;6581&#44;6582&#44;6604&#44;6605&#44;6606&#44;6608&#44;6609&#44;6610&#44;6612&#44;6613&#44;6614&#44;6615&#44;6616&#44;6617&#44;6619&#44;6620&#44;6621&#44;6622&#44;6624&#44;6626&#44;6628&#44;6630&#44;6631&#44;6632&#44;6633&#44;6634&#44;6635&#44;6636&#44;6637&#44;6643&#44;6644&#44;6646&#44;6650&#44;6651&#44;6652&#44;6653&#44;6655&#44;6657&#44;6658&#44;6659&#44;6660&#44;6661&#44;6662&#44;6663&#44;6664&#44;6666&#44;6667&#44;6670&#44;6671&#44;6672&#44;6673&#44;6674&#44;6675&#44;6676&#44;6677&#44;6678&#44;6679&#44;6680&#44;6682&#44;6683&#44;6684&#44;6685&#44;6686&#44;6689&#44;6690&#44;6692&#44;6693&#44;6779&#44;6781&#44;6867&#44;6976&#44;6979&#44;7189&#44;7658&#44;7676&#44;8102&#44;8104&#44;8106&#44;8107&#44;8111&#44;8112&#44;8114&#44;8115&#44;8116&#44;8117&#44;8119&#44;8120&#44;8123&#44;8125&#44;8126&#44;8128&#44;8129&#44;8130&#44;8132&#44;8133&#44;8134&#44;8135&#44;8136&#44;8138&#44;8139&#44;8141&#44;8142&#44;8144&#44;8145&#44;8146&#44;8147&#44;8149&#44;8150&#44;8151&#44;8152&#44;8153&#44;8155&#44;8156&#44;8157&#44;8158&#44;8160&#44;8161&#44;8162&#44;8163&#44;8164&#44;8165&#44;8166&#44;8167&#44;8168&#44;8169&#44;8172&#44;8173&#44;8174&#44;8175&#44;8176&#44;8177&#44;8180&#44;8181&#44;8182&#44;8183&#44;8184&#44;8185&#44;8186&#44;8188&#44;8189&#44;8190&#44;8191&#44;8192&#44;8193&#44;8194&#44;8196&#44;8197&#44;8201&#44;8202&#44;8203&#44;8205&#44;8207&#44;8208&#44;8209&#44;8210&#44;8211&#44;8213&#44;8215&#44;8218&#44;8219&#44;8220&#44;8221&#44;8222&#44;8223&#44;8224&#44;8225&#44;8226&#44;8227&#44;8228&#44;8236&#44;8237&#44;8238&#44;8239&#44;8241&#44;8242&#44;8243&#44;8244&#44;8245&#44;8246&#44;8247&#44;8248&#44;8250&#44;8251&#44;8252&#44;8253&#44;8254&#44;8256&#44;8257&#44;8259&#44;8261&#44;8262&#44;8263&#44;8264&#44;8265&#44;8266&#44;8267&#44;8268&#44;8269&#44;8270&#44;8271&#44;8272&#44;8273&#44;8274&#44;8275&#44;8276&#44;8277&#44;8278&#44;8279&#44;8280&#44;8281&#44;8282&#44;8283&#44;8284&#44;8285&#44;8286&#44;8287&#44;8288&#44;8289&#44;8290&#44;8291&#44;8292&#44;8293&#44;8294&#44;8295&#44;8296&#44;8297&#44;8298&#44;8299&#44;""",3/14/22,3/14/22,N
layouts,Bakery Tables,"""37&#44;77""",,2022,3/11/22,1-NewFolderStructure/C037_C077_Bakery_Tables/C37_77_Bakery_Tables_Effective_03072022_Updated_03112022/,_C37_77_Bakery_Tables_Effective_03072022_Updated_03112022.pdf,"""8280&#44;""",3/11/22,3/11/22,N
layouts,Bakery Pallets,"""37-4&#44;77-4""",,2022,3/11/22,1-NewFolderStructure/C037_C077_Bakery_Pallets/C37_77_Bakery_Pallets_Effective_03072022_Updated_03112022/,_C37_77_Bakery_Pallets_Effective_03072022_Updated_03112022.pdf,"""4743&#44;""",3/11/22,3/11/22,N
layouts,Meat and Seafood,"""72&#44;76&#44;93""",,2022,3/11/22,1-NewFolderStructure/C076_C072_C093_Fresh_Meat_Seafood/C72_C76_C93_Effective_03212022_Planogram_Updated_03082022/,_C72_C76_C93_Effective_03212022_Planogram_Updated_03082022.pdf,"""4939&#44;""",3/11/22,3/11/22,N
layouts,HMS,79-2,,2022,3/16/22,1-NewFolderStructure/C079_HMS/C79_HMS_EFFECTIVE_03072022/,_C79_HMS_EFFECTIVE_03072022.pdf,"""6336&#44;""",3/16/22,3/16/22,N
layouts,Deli,57,,2022,3/21/22,1-NewFolderStructure/C057_Deli/C57_Effective_03212022_Planogram_Update_02-25-2022/,_C57_Effective_03212022_Planogram_Update_02-25-2022.pdf,"""4109&#44;4702&#44;4703&#44;4704&#44;4707&#44;4709&#44;4710&#44;4711&#44;4712&#44;4713&#44;4718&#44;4720&#44;4721&#44;4722&#44;4724&#44;4728&#44;4729&#44;4730&#44;4731&#44;4732&#44;4735&#44;4736&#44;4738&#44;4739&#44;4740&#44;4741&#44;4742&#44;4743&#44;4745&#44;4749&#44;4750&#44;4755&#44;4761&#44;4763&#44;4764&#44;4767&#44;4768&#44;4769&#44;4770&#44;4771&#44;4772&#44;4774&#44;4775&#44;4776&#44;4777&#44;4778&#44;4780&#44;4781&#44;4782&#44;4783&#44;4784&#44;4785&#44;4786&#44;4787&#44;4789&#44;4790&#44;4791&#44;4794&#44;4795&#44;4797&#44;4798&#44;4799&#44;4801&#44;4802&#44;4804&#44;4805&#44;4808&#44;4815&#44;4816&#44;4817&#44;4818&#44;4819&#44;4820&#44;4822&#44;4824&#44;4825&#44;4828&#44;4829&#44;4830&#44;4831&#44;4836&#44;4837&#44;4839&#44;4840&#44;4843&#44;4846&#44;4847&#44;4850&#44;4851&#44;4852&#44;4853&#44;4855&#44;4857&#44;4859&#44;4860&#44;4861&#44;4866&#44;4870&#44;4871&#44;4872&#44;4873&#44;4874&#44;4875&#44;4876&#44;4878&#44;4879&#44;4901&#44;4905&#44;4906&#44;4908&#44;4911&#44;4914&#44;4915&#44;4917&#44;4920&#44;4925&#44;4926&#44;4930&#44;4933&#44;4936&#44;4938&#44;4939&#44;4942&#44;4944&#44;4946&#44;4947&#44;4948&#44;4950&#44;4952&#44;4955&#44;4958&#44;4961&#44;4962&#44;4963&#44;4969&#44;4972&#44;4973&#44;4974&#44;4982&#44;4983&#44;4985&#44;4987&#44;4989&#44;4990&#44;4991&#44;4992&#44;4994&#44;4996&#44;4998&#44;4999&#44;6181&#44;6188&#44;6189&#44;6201&#44;6202&#44;6203&#44;6204&#44;6205&#44;6212&#44;6213&#44;6216&#44;6217&#44;6218&#44;6219&#44;6220&#44;6225&#44;6228&#44;6235&#44;6236&#44;6238&#44;6239&#44;6240&#44;6242&#44;6244&#44;6245&#44;6246&#44;6247&#44;6249&#44;6251&#44;6252&#44;6254&#44;6255&#44;6256&#44;6257&#44;6259&#44;6260&#44;6261&#44;6262&#44;6265&#44;6267&#44;6269&#44;6270&#44;6275&#44;6302&#44;6304&#44;6305&#44;6307&#44;6308&#44;6309&#44;6310&#44;6311&#44;6312&#44;6313&#44;6314&#44;6315&#44;6317&#44;6319&#44;6320&#44;6321&#44;6322&#44;6324&#44;6325&#44;6326&#44;6327&#44;6328&#44;6329&#44;6330&#44;6331&#44;6332&#44;6333&#44;6334&#44;6335&#44;6336&#44;6338&#44;6339&#44;6341&#44;6342&#44;6343&#44;6344&#44;6345&#44;6347&#44;6348&#44;6349&#44;6350&#44;6351&#44;6352&#44;6353&#44;6354&#44;6355&#44;6356&#44;6357&#44;6358&#44;6359&#44;6360&#44;6361&#44;6363&#44;6364&#44;6365&#44;6366&#44;6367&#44;6368&#44;6369&#44;6371&#44;6372&#44;6373&#44;6375&#44;6376&#44;6377&#44;6378&#44;6379&#44;6380&#44;6381&#44;6382&#44;6383&#44;6384&#44;6385&#44;6386&#44;6387&#44;6388&#44;6401&#44;6402&#44;6403&#44;6404&#44;6405&#44;6406&#44;6407&#44;6408&#44;6409&#44;6410&#44;6412&#44;6413&#44;6414&#44;6415&#44;6417&#44;6418&#44;6419&#44;6420&#44;6421&#44;6422&#44;6423&#44;6424&#44;6425&#44;6426&#44;6427&#44;6428&#44;6429&#44;6430&#44;6431&#44;6432&#44;6433&#44;6434&#44;6435&#44;6436&#44;6437&#44;6439&#44;6440&#44;6441&#44;6443&#44;6444&#44;6445&#44;6448&#44;6449&#44;6450&#44;6452&#44;6453&#44;6454&#44;6455&#44;6456&#44;6457&#44;6458&#44;6460&#44;6461&#44;6462&#44;6463&#44;6464&#44;6471&#44;6472&#44;6474&#44;6479&#44;6482&#44;6485&#44;6487&#44;6489&#44;6501&#44;6502&#44;6503&#44;6505&#44;6506&#44;6507&#44;6509&#44;6510&#44;6512&#44;6514&#44;6517&#44;6518&#44;6520&#44;6521&#44;6524&#44;6527&#44;6528&#44;6533&#44;6535&#44;6536&#44;6539&#44;6540&#44;6543&#44;6547&#44;6549&#44;6556&#44;6562&#44;6565&#44;6567&#44;6568&#44;6569&#44;6570&#44;6571&#44;6572&#44;6573&#44;6575&#44;6581&#44;6582&#44;6604&#44;6605&#44;6606&#44;6608&#44;6609&#44;6610&#44;6612&#44;6613&#44;6614&#44;6615&#44;6616&#44;6617&#44;6619&#44;6620&#44;6621&#44;6622&#44;6624&#44;6626&#44;6628&#44;6630&#44;6631&#44;6632&#44;6633&#44;6634&#44;6635&#44;6636&#44;6637&#44;6643&#44;6644&#44;6646&#44;6650&#44;6651&#44;6652&#44;6653&#44;6655&#44;6657&#44;6658&#44;6659&#44;6660&#44;6661&#44;6662&#44;6663&#44;6664&#44;6666&#44;6667&#44;6670&#44;6671&#44;6672&#44;6673&#44;6674&#44;6675&#44;6676&#44;6677&#44;6678&#44;6679&#44;6680&#44;6682&#44;6683&#44;6684&#44;6685&#44;6686&#44;6689&#44;6690&#44;6692&#44;6693&#44;6779&#44;6781&#44;6867&#44;6976&#44;6979&#44;7189&#44;7658&#44;7676&#44;8102&#44;8104&#44;8106&#44;8107&#44;8111&#44;8112&#44;8114&#44;8115&#44;8116&#44;8117&#44;8119&#44;8120&#44;8123&#44;8125&#44;8126&#44;8128&#44;8129&#44;8130&#44;8132&#44;8133&#44;8134&#44;8135&#44;8136&#44;8138&#44;8139&#44;8141&#44;8142&#44;8144&#44;8145&#44;8146&#44;8147&#44;8149&#44;8150&#44;8151&#44;8152&#44;8153&#44;8155&#44;8156&#44;8157&#44;8158&#44;8160&#44;8161&#44;8162&#44;8163&#44;8164&#44;8165&#44;8166&#44;8167&#44;8168&#44;8169&#44;8172&#44;8173&#44;8174&#44;8175&#44;8176&#44;8177&#44;8180&#44;8181&#44;8182&#44;8183&#44;8184&#44;8185&#44;8186&#44;8188&#44;8189&#44;8190&#44;8191&#44;8192&#44;8193&#44;8194&#44;8196&#44;8197&#44;8201&#44;8202&#44;8203&#44;8205&#44;8207&#44;8208&#44;8209&#44;8210&#44;8211&#44;8213&#44;8215&#44;8218&#44;8219&#44;8220&#44;8221&#44;8222&#44;8223&#44;8224&#44;8225&#44;8226&#44;8227&#44;8228&#44;8236&#44;8237&#44;8238&#44;8239&#44;8241&#44;8242&#44;8243&#44;8244&#44;8245&#44;8246&#44;8247&#44;8248&#44;8250&#44;8251&#44;8252&#44;8253&#44;8254&#44;8256&#44;8257&#44;8259&#44;8261&#44;8262&#44;8263&#44;8264&#44;8265&#44;8266&#44;8267&#44;8268&#44;8269&#44;8270&#44;8271&#44;8272&#44;8273&#44;8274&#44;8275&#44;8276&#44;8277&#44;8278&#44;8279&#44;8280&#44;8281&#44;8282&#44;8283&#44;8284&#44;8285&#44;8286&#44;8287&#44;8288&#44;8289&#44;8290&#44;8291&#44;8292&#44;8293&#44;8294&#44;8295&#44;8296&#44;8297&#44;8298&#44;8299&#44;""",3/2/22,3/2/22,N
layouts,Meat and Seafood,"""72&#44;76&#44;93""",,2022,3/21/22,1-NewFolderStructure/C076_C072_C093_Fresh_Meat_Seafood/C72_C76_C93_Effective_03212022_Planogram_Updated_02252022/,_C72_C76_C93_Effective_03212022_Planogram_Updated_02252022.pdf,"""4109&#44;4702&#44;4703&#44;4704&#44;4707&#44;4709&#44;4710&#44;4711&#44;4712&#44;4713&#44;4718&#44;4720&#44;4721&#44;4722&#44;4724&#44;4728&#44;4729&#44;4731&#44;4732&#44;4735&#44;4736&#44;4738&#44;4739&#44;4740&#44;4741&#44;4742&#44;4743&#44;4745&#44;4749&#44;4750&#44;4755&#44;4761&#44;4763&#44;4764&#44;4767&#44;4768&#44;4769&#44;4770&#44;4771&#44;4772&#44;4774&#44;4775&#44;4776&#44;4777&#44;4778&#44;4780&#44;4781&#44;4782&#44;4783&#44;4784&#44;4785&#44;4786&#44;4787&#44;4789&#44;4790&#44;4791&#44;4794&#44;4795&#44;4797&#44;4798&#44;4799&#44;4801&#44;4802&#44;4804&#44;4805&#44;4808&#44;4815&#44;4816&#44;4817&#44;4818&#44;4819&#44;4820&#44;4822&#44;4824&#44;4825&#44;4828&#44;4829&#44;4830&#44;4831&#44;4836&#44;4837&#44;4839&#44;4840&#44;4843&#44;4846&#44;4847&#44;4850&#44;4851&#44;4852&#44;4853&#44;4855&#44;4857&#44;4859&#44;4861&#44;4866&#44;4870&#44;4871&#44;4872&#44;4873&#44;4875&#44;4876&#44;4878&#44;4879&#44;4901&#44;4905&#44;4906&#44;4908&#44;4911&#44;4914&#44;4915&#44;4917&#44;4920&#44;4925&#44;4926&#44;4930&#44;4933&#44;4936&#44;4938&#44;4939&#44;4942&#44;4944&#44;4946&#44;4947&#44;4948&#44;4950&#44;4952&#44;4955&#44;4958&#44;4961&#44;4962&#44;4963&#44;4969&#44;4972&#44;4973&#44;4974&#44;4982&#44;4983&#44;4985&#44;4987&#44;4989&#44;4991&#44;4992&#44;4994&#44;4996&#44;4998&#44;4999&#44;6188&#44;6189&#44;6201&#44;6202&#44;6203&#44;6204&#44;6205&#44;6212&#44;6213&#44;6216&#44;6217&#44;6218&#44;6219&#44;6220&#44;6225&#44;6228&#44;6235&#44;6236&#44;6238&#44;6239&#44;6240&#44;6242&#44;6244&#44;6245&#44;6246&#44;6247&#44;6249&#44;6251&#44;6252&#44;6254&#44;6255&#44;6256&#44;6257&#44;6259&#44;6260&#44;6261&#44;6262&#44;6265&#44;6267&#44;6269&#44;6270&#44;6275&#44;6302&#44;6304&#44;6305&#44;6307&#44;6308&#44;6309&#44;6310&#44;6311&#44;6312&#44;6313&#44;6314&#44;6315&#44;6317&#44;6319&#44;6320&#44;6321&#44;6322&#44;6324&#44;6325&#44;6326&#44;6327&#44;6328&#44;6329&#44;6330&#44;6331&#44;6332&#44;6333&#44;6334&#44;6335&#44;6336&#44;6338&#44;6339&#44;6341&#44;6342&#44;6343&#44;6344&#44;6345&#44;6347&#44;6348&#44;6349&#44;6350&#44;6351&#44;6352&#44;6353&#44;6354&#44;6355&#44;6356&#44;6357&#44;6358&#44;6359&#44;6360&#44;6361&#44;6363&#44;6364&#44;6365&#44;6366&#44;6367&#44;6368&#44;6369&#44;6371&#44;6372&#44;6373&#44;6375&#44;6376&#44;6377&#44;6378&#44;6379&#44;6381&#44;6382&#44;6383&#44;6384&#44;6385&#44;6386&#44;6387&#44;6388&#44;6401&#44;6402&#44;6403&#44;6404&#44;6405&#44;6406&#44;6407&#44;6408&#44;6409&#44;6410&#44;6413&#44;6414&#44;6415&#44;6417&#44;6418&#44;6419&#44;6420&#44;6421&#44;6422&#44;6423&#44;6424&#44;6425&#44;6426&#44;6427&#44;6428&#44;6429&#44;6430&#44;6431&#44;6432&#44;6433&#44;6434&#44;6435&#44;6436&#44;6437&#44;6439&#44;6440&#44;6441&#44;6443&#44;6444&#44;6445&#44;6448&#44;6449&#44;6450&#44;6452&#44;6453&#44;6454&#44;6455&#44;6456&#44;6457&#44;6458&#44;6460&#44;6461&#44;6462&#44;6463&#44;6464&#44;6471&#44;6472&#44;6474&#44;6479&#44;6482&#44;6485&#44;6487&#44;6489&#44;6501&#44;6502&#44;6503&#44;6505&#44;6506&#44;6507&#44;6509&#44;6510&#44;6512&#44;6514&#44;6517&#44;6518&#44;6520&#44;6521&#44;6524&#44;6527&#44;6528&#44;6533&#44;6535&#44;6536&#44;6539&#44;6540&#44;6543&#44;6547&#44;6549&#44;6556&#44;6562&#44;6565&#44;6567&#44;6568&#44;6569&#44;6570&#44;6571&#44;6572&#44;6573&#44;6575&#44;6581&#44;6582&#44;6604&#44;6606&#44;6608&#44;6609&#44;6610&#44;6612&#44;6613&#44;6614&#44;6615&#44;6616&#44;6617&#44;6619&#44;6620&#44;6621&#44;6622&#44;6624&#44;6626&#44;6628&#44;6630&#44;6631&#44;6632&#44;6633&#44;6634&#44;6635&#44;6636&#44;6637&#44;6643&#44;6644&#44;6646&#44;6650&#44;6651&#44;6652&#44;6653&#44;6655&#44;6657&#44;6658&#44;6659&#44;6660&#44;6661&#44;6662&#44;6663&#44;6664&#44;6666&#44;6667&#44;6670&#44;6671&#44;6672&#44;6673&#44;6674&#44;6675&#44;6676&#44;6677&#44;6678&#44;6679&#44;6680&#44;6682&#44;6683&#44;6684&#44;6685&#44;6686&#44;6689&#44;6690&#44;6692&#44;6693&#44;6779&#44;6781&#44;6867&#44;6976&#44;6979&#44;7189&#44;7658&#44;7676&#44;8102&#44;8104&#44;8106&#44;8107&#44;8111&#44;8112&#44;8114&#44;8115&#44;8116&#44;8117&#44;8119&#44;8120&#44;8123&#44;8125&#44;8126&#44;8128&#44;8129&#44;8130&#44;8132&#44;8133&#44;8134&#44;8135&#44;8136&#44;8138&#44;8139&#44;8141&#44;8142&#44;8144&#44;8145&#44;8146&#44;8147&#44;8149&#44;8150&#44;8151&#44;8152&#44;8155&#44;8156&#44;8157&#44;8158&#44;8160&#44;8161&#44;8162&#44;8163&#44;8164&#44;8165&#44;8166&#44;8167&#44;8168&#44;8169&#44;8172&#44;8173&#44;8174&#44;8175&#44;8176&#44;8180&#44;8181&#44;8182&#44;8183&#44;8184&#44;8185&#44;8186&#44;8188&#44;8189&#44;8190&#44;8191&#44;8192&#44;8193&#44;8194&#44;8196&#44;8197&#44;8201&#44;8202&#44;8203&#44;8205&#44;8207&#44;8208&#44;8209&#44;8210&#44;8211&#44;8213&#44;8215&#44;8218&#44;8219&#44;8220&#44;8221&#44;8222&#44;8223&#44;8224&#44;8225&#44;8226&#44;8227&#44;8228&#44;8236&#44;8237&#44;8238&#44;8239&#44;8241&#44;8242&#44;8243&#44;8244&#44;8245&#44;8246&#44;8247&#44;8248&#44;8250&#44;8251&#44;8252&#44;8253&#44;8254&#44;8256&#44;8257&#44;8259&#44;8261&#44;8262&#44;8263&#44;8264&#44;8265&#44;8266&#44;8267&#44;8268&#44;8269&#44;8270&#44;8271&#44;8272&#44;8273&#44;8275&#44;8276&#44;8277&#44;8278&#44;8279&#44;8280&#44;8282&#44;8283&#44;8284&#44;8285&#44;8287&#44;8288&#44;8289&#44;8290&#44;8291&#44;8292&#44;8293&#44;8294&#44;8295&#44;8296&#44;8297&#44;8298&#44;8299&#44;""",3/8/22,3/8/22,N
layouts,Meat and Seafood,"""72&#44;76&#44;93""",,2022,3/21/22,1-NewFolderStructure/C076_C072_C093_Fresh_Meat_Seafood/C72_C76_C93_Effective_03212022_Planogram_Updated_03182022/,_C72_C76_C93_Effective_03212022_Planogram_Updated_03182022.pdf,"""4866&#44;8177&#44;""",3/18/22,3/18/22,N
layouts,Deli,57,,2022,3/21/22,1-NewFolderStructure/C057_Deli/C57_Effective_03212022_Planogram_Update_03-18-2022/,_C57_Effective_03212022_Planogram_Update_03-18-2022.pdf,"""4969&#44;8119&#44;""",3/21/22,3/21/22,N
layouts,Bakery Tables,"""37&#44;77""",,2022,3/21/22,1-NewFolderStructure/C037_C077_Bakery_Tables/C37_77_Bakery_Tables_Effective_03072022_Updated_03182022/,_C37_77_Bakery_Tables_Effective_03072022_Updated_03182022.pdf,"""6345&#44;""",3/21/22,3/21/22,N
layouts,Bakery Pallets,"""37-4&#44;77-4""",,2022,3/21/22,1-NewFolderStructure/C037_C077_Bakery_Pallets/C37_77_Bakery_Pallets_Effective_03072022_Updated_03182022/,_C37_77_Bakery_Pallets_Effective_03072022_Updated_03182022.pdf,"""6181&#44;""",3/21/22,3/21/22,N
layouts,Bakery Tables,"""37&#44;77""",,2022,3/21/22,1-NewFolderStructure/C037_C077_Bakery_Tables/C37_77_Bakery_Tables_Effective_03072022_Updated_03222022/,_C37_77_Bakery_Tables_Effective_03072022_Updated_03222022.pdf,"""6693&#44;""",3/22/22,3/22/22,N
layouts,Bakery Dessert,"""37-2&#44;77-2""",,2022,3/25/22,1-NewFolderStructure/C037_C077_Bakery_Dessert/C77_C37_Effective_03252022_Updated_03242022/,_C77_C37_Effective_03252022_Updated_03242022.pdf,"""4109&#44;4702&#44;4703&#44;4704&#44;4707&#44;4709&#44;4710&#44;4711&#44;4712&#44;4713&#44;4718&#44;4720&#44;4721&#44;4722&#44;4724&#44;4728&#44;4729&#44;4730&#44;4731&#44;4732&#44;4735&#44;4736&#44;4738&#44;4739&#44;4740&#44;4741&#44;4742&#44;4743&#44;4745&#44;4749&#44;4750&#44;4755&#44;4761&#44;4763&#44;4764&#44;4767&#44;4768&#44;4769&#44;4770&#44;4771&#44;4772&#44;4774&#44;4775&#44;4776&#44;4777&#44;4778&#44;4780&#44;4781&#44;4782&#44;4783&#44;4784&#44;4785&#44;4786&#44;4787&#44;4789&#44;4790&#44;4791&#44;4794&#44;4795&#44;4797&#44;4798&#44;4799&#44;4801&#44;4802&#44;4804&#44;4805&#44;4808&#44;4815&#44;4816&#44;4817&#44;4818&#44;4819&#44;4820&#44;4822&#44;4824&#44;4825&#44;4828&#44;4829&#44;4830&#44;4831&#44;4836&#44;4837&#44;4839&#44;4840&#44;4843&#44;4846&#44;4847&#44;4850&#44;4851&#44;4852&#44;4853&#44;4855&#44;4857&#44;4859&#44;4860&#44;4861&#44;4866&#44;4870&#44;4871&#44;4872&#44;4873&#44;4874&#44;4875&#44;4876&#44;4878&#44;4879&#44;4901&#44;4905&#44;4906&#44;4908&#44;4911&#44;4914&#44;4915&#44;4917&#44;4920&#44;4925&#44;4926&#44;4933&#44;4936&#44;4938&#44;4939&#44;4942&#44;4944&#44;4946&#44;4947&#44;4948&#44;4950&#44;4952&#44;4955&#44;4958&#44;4961&#44;4962&#44;4963&#44;4969&#44;4972&#44;4973&#44;4974&#44;4982&#44;4983&#44;4985&#44;4987&#44;4989&#44;4990&#44;4991&#44;4992&#44;4994&#44;4996&#44;4998&#44;4999&#44;6181&#44;6188&#44;6189&#44;6201&#44;6202&#44;6203&#44;6204&#44;6205&#44;6212&#44;6213&#44;6216&#44;6217&#44;6218&#44;6219&#44;6220&#44;6225&#44;6228&#44;6235&#44;6236&#44;6238&#44;6239&#44;6240&#44;6242&#44;6244&#44;6245&#44;6246&#44;6247&#44;6249&#44;6251&#44;6252&#44;6254&#44;6255&#44;6256&#44;6257&#44;6259&#44;6260&#44;6261&#44;6262&#44;6265&#44;6267&#44;6269&#44;6270&#44;6275&#44;6302&#44;6304&#44;6305&#44;6307&#44;6308&#44;6309&#44;6310&#44;6311&#44;6312&#44;6313&#44;6314&#44;6315&#44;6317&#44;6319&#44;6320&#44;6321&#44;6322&#44;6324&#44;6325&#44;6326&#44;6327&#44;6328&#44;6329&#44;6330&#44;6331&#44;6332&#44;6333&#44;6334&#44;6335&#44;6336&#44;6338&#44;6339&#44;6341&#44;6342&#44;6343&#44;6344&#44;6345&#44;6347&#44;6348&#44;6349&#44;6350&#44;6351&#44;6352&#44;6353&#44;6354&#44;6355&#44;6356&#44;6357&#44;6358&#44;6359&#44;6360&#44;6361&#44;6363&#44;6364&#44;6365&#44;6366&#44;6367&#44;6368&#44;6369&#44;6371&#44;6372&#44;6373&#44;6375&#44;6376&#44;6377&#44;6378&#44;6379&#44;6380&#44;6381&#44;6382&#44;6383&#44;6384&#44;6385&#44;6386&#44;6387&#44;6388&#44;6401&#44;6402&#44;6403&#44;6404&#44;6405&#44;6406&#44;6407&#44;6408&#44;6409&#44;6410&#44;6412&#44;6413&#44;6414&#44;6415&#44;6417&#44;6418&#44;6419&#44;6420&#44;6421&#44;6422&#44;6423&#44;6424&#44;6425&#44;6426&#44;6427&#44;6428&#44;6429&#44;6430&#44;6431&#44;6432&#44;6433&#44;6434&#44;6435&#44;6436&#44;6437&#44;6439&#44;6440&#44;6441&#44;6443&#44;6444&#44;6445&#44;6448&#44;6449&#44;6450&#44;6452&#44;6453&#44;6454&#44;6455&#44;6456&#44;6457&#44;6458&#44;6460&#44;6461&#44;6462&#44;6463&#44;6464&#44;6471&#44;6472&#44;6474&#44;6479&#44;6482&#44;6485&#44;6487&#44;6489&#44;6501&#44;6502&#44;6503&#44;6505&#44;6506&#44;6507&#44;6509&#44;6510&#44;6512&#44;6514&#44;6517&#44;6518&#44;6520&#44;6521&#44;6524&#44;6527&#44;6528&#44;6535&#44;6536&#44;6539&#44;6540&#44;6543&#44;6547&#44;6549&#44;6556&#44;6562&#44;6565&#44;6567&#44;6568&#44;6569&#44;6570&#44;6571&#44;6572&#44;6573&#44;6575&#44;6581&#44;6582&#44;6604&#44;6605&#44;6606&#44;6608&#44;6609&#44;6610&#44;6612&#44;6613&#44;6614&#44;6615&#44;6616&#44;6617&#44;6619&#44;6620&#44;6621&#44;6622&#44;6624&#44;6626&#44;6628&#44;6630&#44;6631&#44;6632&#44;6633&#44;6634&#44;6635&#44;6636&#44;6637&#44;6643&#44;6644&#44;6646&#44;6650&#44;6651&#44;6652&#44;6653&#44;6655&#44;6657&#44;6658&#44;6659&#44;6660&#44;6661&#44;6662&#44;6663&#44;6664&#44;6666&#44;6667&#44;6670&#44;6671&#44;6672&#44;6673&#44;6674&#44;6675&#44;6676&#44;6677&#44;6678&#44;6679&#44;6680&#44;6682&#44;6683&#44;6684&#44;6685&#44;6686&#44;6689&#44;6690&#44;6692&#44;6693&#44;6779&#44;6781&#44;6867&#44;6976&#44;6979&#44;7189&#44;7658&#44;7676&#44;8102&#44;8104&#44;8106&#44;8107&#44;8111&#44;8112&#44;8114&#44;8115&#44;8116&#44;8117&#44;8119&#44;8120&#44;8123&#44;8125&#44;8126&#44;8128&#44;8129&#44;8130&#44;8132&#44;8133&#44;8134&#44;8135&#44;8136&#44;8138&#44;8139&#44;8141&#44;8142&#44;8144&#44;8145&#44;8146&#44;8147&#44;8149&#44;8150&#44;8151&#44;8152&#44;8153&#44;8155&#44;8156&#44;8157&#44;8158&#44;8160&#44;8161&#44;8162&#44;8163&#44;8164&#44;8165&#44;8166&#44;8167&#44;8168&#44;8169&#44;8172&#44;8173&#44;8174&#44;8175&#44;8176&#44;8177&#44;8180&#44;8181&#44;8182&#44;8183&#44;8184&#44;8185&#44;8186&#44;8188&#44;8189&#44;8190&#44;8191&#44;8192&#44;8193&#44;8194&#44;8196&#44;8197&#44;8201&#44;8202&#44;8203&#44;8205&#44;8207&#44;8208&#44;8209&#44;8210&#44;8211&#44;8213&#44;8215&#44;8218&#44;8219&#44;8220&#44;8221&#44;8222&#44;8223&#44;8224&#44;8225&#44;8226&#44;8227&#44;8228&#44;8236&#44;8237&#44;8238&#44;8239&#44;8241&#44;8242&#44;8243&#44;8244&#44;8245&#44;8246&#44;8247&#44;8248&#44;8250&#44;8251&#44;8252&#44;8253&#44;8254&#44;8256&#44;8257&#44;8259&#44;8261&#44;8262&#44;8263&#44;8264&#44;8265&#44;8266&#44;8267&#44;8268&#44;8269&#44;8270&#44;8271&#44;8272&#44;8273&#44;8274&#44;8275&#44;8276&#44;8277&#44;8278&#44;8279&#44;8280&#44;8281&#44;8282&#44;8283&#44;8284&#44;8285&#44;8286&#44;8287&#44;8288&#44;8289&#44;8290&#44;8291&#44;8292&#44;8293&#44;8294&#44;8295&#44;8296&#44;8297&#44;8298&#44;8299&#44;""",3/24/22,3/24/22,N
layouts,Cake Case,"""37-3&#44;77-3""",,2022,3/25/22,1-NewFolderStructure/C037_C077_Cake_Case/C77_C37_Effective_03252022_Updated_03242022/,_C77_C37_Effective_03252022_Updated_03242022.pdf,"""4109&#44;4702&#44;4703&#44;4704&#44;4707&#44;4709&#44;4710&#44;4711&#44;4712&#44;4713&#44;4718&#44;4720&#44;4721&#44;4722&#44;4724&#44;4728&#44;4729&#44;4730&#44;4731&#44;4732&#44;4735&#44;4736&#44;4738&#44;4739&#44;4740&#44;4741&#44;4742&#44;4743&#44;4745&#44;4749&#44;4750&#44;4755&#44;4761&#44;4763&#44;4764&#44;4767&#44;4768&#44;4769&#44;4770&#44;4771&#44;4772&#44;4774&#44;4775&#44;4776&#44;4777&#44;4778&#44;4780&#44;4781&#44;4782&#44;4783&#44;4784&#44;4785&#44;4786&#44;4787&#44;4789&#44;4790&#44;4791&#44;4794&#44;4795&#44;4797&#44;4798&#44;4799&#44;4801&#44;4802&#44;4804&#44;4805&#44;4808&#44;4815&#44;4816&#44;4817&#44;4818&#44;4819&#44;4820&#44;4822&#44;4824&#44;4825&#44;4828&#44;4829&#44;4830&#44;4831&#44;4836&#44;4837&#44;4839&#44;4840&#44;4843&#44;4846&#44;4847&#44;4850&#44;4851&#44;4852&#44;4853&#44;4855&#44;4857&#44;4859&#44;4860&#44;4861&#44;4866&#44;4870&#44;4871&#44;4872&#44;4873&#44;4874&#44;4875&#44;4876&#44;4878&#44;4879&#44;4901&#44;4905&#44;4906&#44;4908&#44;4911&#44;4914&#44;4915&#44;4917&#44;4920&#44;4925&#44;4926&#44;4933&#44;4936&#44;4938&#44;4939&#44;4942&#44;4944&#44;4946&#44;4947&#44;4948&#44;4950&#44;4952&#44;4955&#44;4958&#44;4961&#44;4962&#44;4963&#44;4969&#44;4972&#44;4973&#44;4974&#44;4982&#44;4983&#44;4985&#44;4987&#44;4989&#44;4990&#44;4991&#44;4992&#44;4994&#44;4996&#44;4998&#44;4999&#44;6181&#44;6188&#44;6189&#44;6201&#44;6202&#44;6203&#44;6204&#44;6205&#44;6212&#44;6213&#44;6216&#44;6217&#44;6218&#44;6219&#44;6220&#44;6225&#44;6228&#44;6235&#44;6236&#44;6238&#44;6239&#44;6240&#44;6242&#44;6244&#44;6245&#44;6246&#44;6247&#44;6249&#44;6251&#44;6252&#44;6254&#44;6255&#44;6256&#44;6257&#44;6259&#44;6260&#44;6261&#44;6262&#44;6265&#44;6267&#44;6269&#44;6270&#44;6275&#44;6302&#44;6304&#44;6305&#44;6307&#44;6308&#44;6309&#44;6310&#44;6311&#44;6312&#44;6313&#44;6314&#44;6315&#44;6317&#44;6319&#44;6320&#44;6321&#44;6322&#44;6324&#44;6325&#44;6326&#44;6327&#44;6328&#44;6329&#44;6330&#44;6331&#44;6332&#44;6333&#44;6334&#44;6335&#44;6336&#44;6338&#44;6339&#44;6341&#44;6342&#44;6343&#44;6344&#44;6345&#44;6347&#44;6348&#44;6349&#44;6350&#44;6351&#44;6352&#44;6353&#44;6354&#44;6355&#44;6356&#44;6357&#44;6358&#44;6359&#44;6360&#44;6361&#44;6363&#44;6364&#44;6365&#44;6366&#44;6367&#44;6368&#44;6369&#44;6371&#44;6372&#44;6373&#44;6375&#44;6376&#44;6377&#44;6378&#44;6379&#44;6380&#44;6381&#44;6382&#44;6383&#44;6384&#44;6385&#44;6386&#44;6387&#44;6388&#44;6401&#44;6402&#44;6403&#44;6404&#44;6405&#44;6406&#44;6407&#44;6408&#44;6409&#44;6410&#44;6412&#44;6413&#44;6414&#44;6415&#44;6417&#44;6418&#44;6419&#44;6420&#44;6421&#44;6422&#44;6423&#44;6424&#44;6425&#44;6426&#44;6427&#44;6428&#44;6429&#44;6430&#44;6431&#44;6432&#44;6433&#44;6434&#44;6435&#44;6436&#44;6437&#44;6439&#44;6440&#44;6441&#44;6443&#44;6444&#44;6445&#44;6448&#44;6449&#44;6450&#44;6452&#44;6453&#44;6454&#44;6455&#44;6456&#44;6457&#44;6458&#44;6460&#44;6461&#44;6462&#44;6463&#44;6464&#44;6471&#44;6472&#44;6474&#44;6479&#44;6482&#44;6485&#44;6487&#44;6489&#44;6501&#44;6502&#44;6503&#44;6505&#44;6506&#44;6507&#44;6509&#44;6510&#44;6512&#44;6514&#44;6517&#44;6518&#44;6520&#44;6521&#44;6524&#44;6527&#44;6528&#44;6535&#44;6536&#44;6539&#44;6540&#44;6543&#44;6547&#44;6549&#44;6556&#44;6562&#44;6565&#44;6567&#44;6568&#44;6569&#44;6570&#44;6571&#44;6572&#44;6573&#44;6575&#44;6581&#44;6582&#44;6604&#44;6605&#44;6606&#44;6608&#44;6609&#44;6610&#44;6612&#44;6613&#44;6614&#44;6615&#44;6616&#44;6617&#44;6619&#44;6620&#44;6621&#44;6622&#44;6624&#44;6626&#44;6628&#44;6630&#44;6631&#44;6632&#44;6633&#44;6634&#44;6635&#44;6636&#44;6637&#44;6643&#44;6644&#44;6646&#44;6650&#44;6651&#44;6652&#44;6653&#44;6655&#44;6657&#44;6658&#44;6659&#44;6660&#44;6661&#44;6662&#44;6663&#44;6664&#44;6666&#44;6667&#44;6670&#44;6671&#44;6672&#44;6673&#44;6674&#44;6675&#44;6676&#44;6677&#44;6678&#44;6679&#44;6680&#44;6682&#44;6683&#44;6684&#44;6685&#44;6686&#44;6689&#44;6690&#44;6692&#44;6693&#44;6779&#44;6781&#44;6867&#44;6976&#44;6979&#44;7189&#44;7658&#44;7676&#44;8102&#44;8104&#44;8106&#44;8107&#44;8111&#44;8112&#44;8114&#44;8115&#44;8116&#44;8117&#44;8119&#44;8120&#44;8123&#44;8125&#44;8126&#44;8128&#44;8129&#44;8130&#44;8132&#44;8133&#44;8134&#44;8135&#44;8136&#44;8138&#44;8139&#44;8141&#44;8142&#44;8144&#44;8145&#44;8146&#44;8147&#44;8149&#44;8150&#44;8151&#44;8152&#44;8153&#44;8155&#44;8156&#44;8157&#44;8158&#44;8160&#44;8161&#44;8162&#44;8163&#44;8164&#44;8165&#44;8166&#44;8167&#44;8168&#44;8169&#44;8172&#44;8173&#44;8174&#44;8175&#44;8176&#44;8177&#44;8180&#44;8181&#44;8182&#44;8183&#44;8184&#44;8185&#44;8186&#44;8188&#44;8189&#44;8190&#44;8191&#44;8192&#44;8193&#44;8194&#44;8196&#44;8197&#44;8201&#44;8202&#44;8203&#44;8205&#44;8207&#44;8208&#44;8209&#44;8210&#44;8211&#44;8213&#44;8215&#44;8218&#44;8219&#44;8220&#44;8221&#44;8222&#44;8223&#44;8224&#44;8225&#44;8226&#44;8227&#44;8228&#44;8236&#44;8237&#44;8238&#44;8239&#44;8241&#44;8242&#44;8243&#44;8244&#44;8245&#44;8246&#44;8247&#44;8248&#44;8250&#44;8251&#44;8252&#44;8253&#44;8254&#44;8256&#44;8257&#44;8259&#44;8261&#44;8262&#44;8263&#44;8264&#44;8265&#44;8266&#44;8267&#44;8268&#44;8269&#44;8270&#44;8271&#44;8272&#44;8273&#44;8274&#44;8275&#44;8276&#44;8277&#44;8278&#44;8279&#44;8280&#44;8281&#44;8282&#44;8283&#44;8284&#44;8285&#44;8286&#44;8287&#44;8288&#44;8289&#44;8290&#44;8291&#44;8292&#44;8293&#44;8294&#44;8295&#44;8296&#44;8297&#44;8298&#44;8299&#44;""",3/24/22,3/24/22,N
layouts,Café Grab and Go,79-3,,2022,3/28/22,1-NewFolderStructure/C079_Cafe_Grab_n_Go/C79_Cafe_Grab_and_Go_Effective_03282022/,_C79_Cafe_Grab_and_Go.pdf,"""4846&#44;6220&#44;6302&#44;6683&#44;8284&#44;8291&#44;6373&#44;6382&#44;6503&#44;""",3/10/22,3/10/22,N
layouts,Meat and Seafood,"""72&#44;76&#44;93""",,2022,3/28/22,1-NewFolderStructure/C076_C072_C093_Fresh_Meat_Seafood/C72_C76_C93_Effective_03212022_Planogram_Updated_03142022/,_C72_C76_C93_Effective_03212022_Planogram_Updated_03142022.pdf,"""4846&#44;6220&#44;6302&#44;6683&#44;8284&#44;8291&#44;6373&#44;6382&#44;6503&#44;""",3/14/22,3/14/22,N
layouts,Deli,57,,2022,3/28/22,1-NewFolderStructure/C057_Deli/C57_Effective_06172022_Planogram_Update_2022_03_14/,_C57_Effective_06172022_Planogram_Update_2022_03_14.pdf,"""4846&#44;6220&#44;6302&#44;6683&#44;8284&#44;8291&#44;6373&#44;6382&#44;6503&#44;""",3/15/22,3/15/22,N
layouts,Bakery Dessert,"""37-2&#44;77-2""",,2022,3/28/22,1-NewFolderStructure/C037_C077_Bakery_Dessert/C77_C37_Effective_03212022_Updated_03142022/,_C77_C37_Effective_03212022_Updated_03142022.pdf,"""4846&#44;6220&#44;6302&#44;6683&#44;8284&#44;8291&#44;6373&#44;6382&#44;6503&#44;""",3/15/22,3/15/22,N
layouts,Cake Case,"""37-3&#44;77-3""",,2022,3/28/22,1-NewFolderStructure/C037_C077_Cake_Case/C77_C37_Effective_03212022_Updated_03142022/,_C77_C37_Effective_03212022_Updated_03142022.pdf,"""4846&#44;6220&#44;6302&#44;6683&#44;8284&#44;8291&#44;6373&#44;6382&#44;6503&#44;""",3/15/22,3/15/22,N
layouts,Coolers,42-2,,2021,3/28/22,1-NewFolderStructure/C042_Coolers/C42_Effective_12272021_Planogram_Updated_03152022/,_C42_Effective_12272021_Planogram_Updated_03152022.pdf,"""4846&#44;6220&#44;6302&#44;6373&#44;6382&#44;6503&#44;6683&#44;8284&#44;8291&#44;""",3/16/22,3/16/22,N
layouts,Bakery Tables,"""37&#44;77""",,2022,3/28/22,1-NewFolderStructure/C037_C077_Bakery_Tables/C37_77_Bakery_Tables_Effective_03282022_Updated_03172022/,_C37_77_Bakery_Tables_Effective_03282022_Updated_03172022.pdf,"""4846&#44;6220&#44;6302&#44;6683&#44;8284&#44;8291&#44;6373&#44;6382&#44;6503&#44;""",3/18/22,3/18/22,N
layouts,Bakery Pallets,"""37-4&#44;77-4""",,2022,3/28/22,1-NewFolderStructure/C037_C077_Bakery_Pallets/C37_77_Bakery_Pallets_Effective_03282022_Updated_03172022/,_C37_77_Bakery_Pallets_Effective_03282022_Updated_03172022.pdf,"""4846&#44;6220&#44;6302&#44;6683&#44;8284&#44;8291&#44;6373&#44;6382&#44;6503&#44;""",3/18/22,3/18/22,N
layouts,Bakery Tables,"""37&#44;77""",,2022,3/29/22,1-NewFolderStructure/C037_C077_Bakery_Tables/C37_77_Bakery_Tables_Effective_04042022_Updated_03252022/,_C37_77_Bakery_Tables_Effective_04042022_Updated_03252022.pdf,"""4784&#44;""",3/29/22,3/29/22,N
layouts,Bakery Dessert,"""37-2&#44;77-2""",,2022,3/29/22,1-NewFolderStructure/C037_C077_Bakery_Dessert/C77_C37_Effective_03252022_Updated_03282022/,_C77_C37_Effective_03252022_Updated_03282022.pdf,"""8184&#44;""",3/29/22,3/29/22,N
layouts,Cake Case,"""37-3&#44;77-3""",,2022,3/29/22,1-NewFolderStructure/C037_C077_Cake_Case/C77_C37_Effective_03252022_Updated_03282022/,_C77_C37_Effective_03252022_Updated_03282022.pdf,"""8184&#44;""",3/29/22,3/29/22,N
layouts,Bakery Pallets,"""37-4&#44;77-4""",,2022,3/29/22,1-NewFolderStructure/C037_C077_Bakery_Pallets/C37_77_Bakery_Pallets_Effective_04042022_Updated_03252022/,_C37_77_Bakery_Pallets_Effective_04042022_Updated_03252022.pdf,"""4784&#44;""",3/29/22,3/29/22,N
layouts,HMS,79-2,,2022,3/29/22,1-NewFolderStructure/C079_HMS/C79_HMS_EFFECTIVE_3072022/,_C79_HMS_EFFECTIVE_3072022.pdf,"""4109&#44;4702&#44;4703&#44;4704&#44;4707&#44;4709&#44;4710&#44;4711&#44;4712&#44;4713&#44;4718&#44;4720&#44;4721&#44;4722&#44;4724&#44;4728&#44;4729&#44;4730&#44;4731&#44;4732&#44;4735&#44;4736&#44;4738&#44;4739&#44;4740&#44;4741&#44;4742&#44;4743&#44;4745&#44;4749&#44;4750&#44;4755&#44;4761&#44;4763&#44;4764&#44;4767&#44;4768&#44;4769&#44;4770&#44;4771&#44;4772&#44;4774&#44;4775&#44;4776&#44;4777&#44;4778&#44;4780&#44;4781&#44;4782&#44;4783&#44;4784&#44;4785&#44;4786&#44;4787&#44;4789&#44;4790&#44;4791&#44;4794&#44;4795&#44;4797&#44;4798&#44;4799&#44;4801&#44;4802&#44;4804&#44;4805&#44;4808&#44;4815&#44;4816&#44;4817&#44;4818&#44;4819&#44;4820&#44;4822&#44;4824&#44;4825&#44;4828&#44;4829&#44;4830&#44;4831&#44;4836&#44;4837&#44;4839&#44;4840&#44;4843&#44;4846&#44;4847&#44;4850&#44;4851&#44;4852&#44;4853&#44;4855&#44;4857&#44;4859&#44;4860&#44;4861&#44;4866&#44;4870&#44;4871&#44;4872&#44;4873&#44;4874&#44;4875&#44;4876&#44;4878&#44;4879&#44;4901&#44;4905&#44;4906&#44;4908&#44;4911&#44;4914&#44;4915&#44;4917&#44;4920&#44;4925&#44;4926&#44;4930&#44;4933&#44;4936&#44;4938&#44;4939&#44;4942&#44;4944&#44;4946&#44;4947&#44;4948&#44;4950&#44;4952&#44;4955&#44;4958&#44;4961&#44;4962&#44;4963&#44;4969&#44;4972&#44;4973&#44;4974&#44;4982&#44;4983&#44;4985&#44;4987&#44;4989&#44;4990&#44;4991&#44;4992&#44;4994&#44;4996&#44;4998&#44;4999&#44;6181&#44;6188&#44;6189&#44;6201&#44;6202&#44;6203&#44;6204&#44;6205&#44;6212&#44;6213&#44;6216&#44;6217&#44;6218&#44;6219&#44;6220&#44;6225&#44;6228&#44;6235&#44;6236&#44;6238&#44;6239&#44;6240&#44;6242&#44;6244&#44;6245&#44;6246&#44;6247&#44;6249&#44;6251&#44;6252&#44;6254&#44;6255&#44;6256&#44;6257&#44;6259&#44;6260&#44;6261&#44;6262&#44;6265&#44;6267&#44;6269&#44;6270&#44;6275&#44;6302&#44;6304&#44;6305&#44;6307&#44;6308&#44;6309&#44;6310&#44;6311&#44;6312&#44;6313&#44;6314&#44;6315&#44;6317&#44;6319&#44;6320&#44;6321&#44;6322&#44;6324&#44;6325&#44;6326&#44;6327&#44;6328&#44;6329&#44;6330&#44;6331&#44;6332&#44;6333&#44;6334&#44;6335&#44;6336&#44;6338&#44;6339&#44;6341&#44;6342&#44;6343&#44;6344&#44;6345&#44;6347&#44;6348&#44;6349&#44;6350&#44;6351&#44;6352&#44;6353&#44;6354&#44;6355&#44;6356&#44;6357&#44;6358&#44;6359&#44;6360&#44;6361&#44;6363&#44;6364&#44;6365&#44;6366&#44;6367&#44;6368&#44;6369&#44;6371&#44;6372&#44;6373&#44;6375&#44;6376&#44;6377&#44;6378&#44;6379&#44;6380&#44;6381&#44;6382&#44;6383&#44;6384&#44;6385&#44;6386&#44;6387&#44;6388&#44;6401&#44;6402&#44;6403&#44;6404&#44;6405&#44;6406&#44;6407&#44;6408&#44;6409&#44;6410&#44;6412&#44;6413&#44;6414&#44;6415&#44;6417&#44;6418&#44;6419&#44;6420&#44;6421&#44;6422&#44;6423&#44;6424&#44;6425&#44;6426&#44;6427&#44;6428&#44;6429&#44;6430&#44;6431&#44;6432&#44;6433&#44;6434&#44;6435&#44;6436&#44;6437&#44;6439&#44;6440&#44;6441&#44;6443&#44;6444&#44;6445&#44;6448&#44;6449&#44;6450&#44;6452&#44;6453&#44;6454&#44;6455&#44;6456&#44;6457&#44;6458&#44;6460&#44;6461&#44;6462&#44;6463&#44;6464&#44;6471&#44;6472&#44;6474&#44;6479&#44;6482&#44;6485&#44;6487&#44;6489&#44;6501&#44;6502&#44;6503&#44;6505&#44;6506&#44;6507&#44;6509&#44;6510&#44;6512&#44;6514&#44;6517&#44;6518&#44;6520&#44;6521&#44;6524&#44;6527&#44;6528&#44;6533&#44;6535&#44;6536&#44;6539&#44;6540&#44;6543&#44;6547&#44;6549&#44;6556&#44;6562&#44;6565&#44;6567&#44;6568&#44;6569&#44;6570&#44;6571&#44;6572&#44;6573&#44;6575&#44;6581&#44;6582&#44;6604&#44;6605&#44;6606&#44;6608&#44;6609&#44;6610&#44;6612&#44;6613&#44;6614&#44;6615&#44;6616&#44;6617&#44;6619&#44;6620&#44;6621&#44;6622&#44;6624&#44;6626&#44;6628&#44;6630&#44;6631&#44;6632&#44;6633&#44;6634&#44;6635&#44;6636&#44;6637&#44;6643&#44;6644&#44;6646&#44;6650&#44;6651&#44;6652&#44;6653&#44;6655&#44;6657&#44;6658&#44;6659&#44;6660&#44;6661&#44;6662&#44;6663&#44;6664&#44;6666&#44;6667&#44;6670&#44;6671&#44;6672&#44;6673&#44;6674&#44;6675&#44;6676&#44;6677&#44;6678&#44;6679&#44;6680&#44;6682&#44;6683&#44;6684&#44;6685&#44;6686&#44;6689&#44;6690&#44;6692&#44;6693&#44;6779&#44;6781&#44;6867&#44;6976&#44;6979&#44;7189&#44;7658&#44;7676&#44;8102&#44;8104&#44;8106&#44;8107&#44;8111&#44;8112&#44;8114&#44;8115&#44;8116&#44;8117&#44;8119&#44;8120&#44;8123&#44;8125&#44;8126&#44;8128&#44;8129&#44;8130&#44;8132&#44;8133&#44;8134&#44;8135&#44;8136&#44;8138&#44;8139&#44;8141&#44;8142&#44;8144&#44;8145&#44;8146&#44;8147&#44;8149&#44;8150&#44;8151&#44;8152&#44;8153&#44;8155&#44;8156&#44;8157&#44;8158&#44;8160&#44;8161&#44;8162&#44;8163&#44;8164&#44;8165&#44;8166&#44;8167&#44;8168&#44;8169&#44;8172&#44;8173&#44;8174&#44;8175&#44;8176&#44;8177&#44;8180&#44;8181&#44;8182&#44;8183&#44;8184&#44;8185&#44;8186&#44;8188&#44;8189&#44;8190&#44;8191&#44;8192&#44;8193&#44;8194&#44;8196&#44;8197&#44;8201&#44;8202&#44;8203&#44;8205&#44;8207&#44;8208&#44;8209&#44;8210&#44;8211&#44;8213&#44;8215&#44;8218&#44;8219&#44;8220&#44;8221&#44;8222&#44;8223&#44;8224&#44;8225&#44;8226&#44;8227&#44;8228&#44;8236&#44;8237&#44;8238&#44;8239&#44;8241&#44;8242&#44;8243&#44;8244&#44;8245&#44;8246&#44;8247&#44;8248&#44;8250&#44;8251&#44;8252&#44;8253&#44;8254&#44;8256&#44;8257&#44;8259&#44;8261&#44;8262&#44;8263&#44;8264&#44;8265&#44;8266&#44;8267&#44;8268&#44;8269&#44;8270&#44;8271&#44;8272&#44;8273&#44;8274&#44;8275&#44;8276&#44;8277&#44;8278&#44;8279&#44;8280&#44;8281&#44;8282&#44;8283&#44;8284&#44;8285&#44;8286&#44;8287&#44;8288&#44;8289&#44;8290&#44;8291&#44;8292&#44;8293&#44;8294&#44;8295&#44;8296&#44;8297&#44;8298&#44;8299&#44;""",3/29/22,3/29/22,N
layouts,Meat and Seafood,"""72&#44;76&#44;93""",,2022,3/30/22,1-NewFolderStructure/C076_C072_C093_Fresh_Meat_Seafood/C72_C76_C93_Effective_03212022_Planogram_Updated_03242022/,_C72_C76_C93_Effective_03212022_Planogram_Updated_03242022.pdf,"""6347&#44;6431&#44;8125&#44;8239&#44;""",3/30/22,3/30/22,N
layouts,Café Grab and Go,79-3,,2022,4/4/22,1-NewFolderStructure/C079_Cafe_Grab_n_Go/C79_Cafe_Grab__and_Go/,_C79_Cafe_Grab_and_Go.pdf,"""4109&#44;4702&#44;4703&#44;4704&#44;4707&#44;4709&#44;4710&#44;4711&#44;4712&#44;4713&#44;4718&#44;4720&#44;4721&#44;4722&#44;4724&#44;4728&#44;4729&#44;4730&#44;4731&#44;4732&#44;4735&#44;4736&#44;4738&#44;4739&#44;4740&#44;4741&#44;4742&#44;4743&#44;4745&#44;4749&#44;4750&#44;4755&#44;4761&#44;4763&#44;4764&#44;4767&#44;4768&#44;4769&#44;4770&#44;4771&#44;4772&#44;4774&#44;4775&#44;4776&#44;4777&#44;4778&#44;4780&#44;4781&#44;4782&#44;4783&#44;4784&#44;4785&#44;4786&#44;4787&#44;4789&#44;4790&#44;4791&#44;4794&#44;4795&#44;4797&#44;4798&#44;4799&#44;4801&#44;4802&#44;4804&#44;4805&#44;4808&#44;4815&#44;4816&#44;4817&#44;4818&#44;4819&#44;4820&#44;4822&#44;4824&#44;4825&#44;4828&#44;4829&#44;4830&#44;4831&#44;4836&#44;4837&#44;4839&#44;4840&#44;4843&#44;4846&#44;4847&#44;4850&#44;4851&#44;4852&#44;4853&#44;4855&#44;4857&#44;4859&#44;4860&#44;4861&#44;4866&#44;4870&#44;4871&#44;4872&#44;4873&#44;4874&#44;4875&#44;4876&#44;4878&#44;4879&#44;4901&#44;4905&#44;4906&#44;4908&#44;4911&#44;4914&#44;4915&#44;4917&#44;4920&#44;4925&#44;4926&#44;4930&#44;4933&#44;4936&#44;4938&#44;4939&#44;4942&#44;4944&#44;4946&#44;4947&#44;4948&#44;4950&#44;4952&#44;4955&#44;4958&#44;4961&#44;4962&#44;4963&#44;4969&#44;4972&#44;4973&#44;4974&#44;4982&#44;4983&#44;4985&#44;4987&#44;4989&#44;4990&#44;4991&#44;4992&#44;4994&#44;4996&#44;4998&#44;4999&#44;6181&#44;6188&#44;6189&#44;6201&#44;6202&#44;6203&#44;6204&#44;6205&#44;6212&#44;6213&#44;6216&#44;6217&#44;6218&#44;6219&#44;6220&#44;6225&#44;6228&#44;6235&#44;6236&#44;6238&#44;6239&#44;6240&#44;6242&#44;6244&#44;6245&#44;6246&#44;6247&#44;6249&#44;6251&#44;6252&#44;6254&#44;6255&#44;6256&#44;6257&#44;6259&#44;6260&#44;6261&#44;6262&#44;6265&#44;6267&#44;6269&#44;6270&#44;6275&#44;6302&#44;6304&#44;6305&#44;6307&#44;6308&#44;6309&#44;6310&#44;6311&#44;6312&#44;6313&#44;6314&#44;6315&#44;6317&#44;6319&#44;6320&#44;6321&#44;6322&#44;6324&#44;6325&#44;6326&#44;6327&#44;6328&#44;6329&#44;6330&#44;6331&#44;6332&#44;6333&#44;6334&#44;6335&#44;6336&#44;6338&#44;6339&#44;6341&#44;6342&#44;6343&#44;6344&#44;6345&#44;6347&#44;6348&#44;6349&#44;6350&#44;6351&#44;6352&#44;6353&#44;6354&#44;6355&#44;6356&#44;6357&#44;6358&#44;6359&#44;6360&#44;6361&#44;6363&#44;6364&#44;6365&#44;6366&#44;6367&#44;6368&#44;6369&#44;6371&#44;6372&#44;6373&#44;6375&#44;6376&#44;6377&#44;6378&#44;6379&#44;6380&#44;6381&#44;6382&#44;6383&#44;6384&#44;6385&#44;6386&#44;6387&#44;6388&#44;6401&#44;6402&#44;6403&#44;6404&#44;6405&#44;6406&#44;6407&#44;6408&#44;6409&#44;6410&#44;6412&#44;6413&#44;6414&#44;6415&#44;6417&#44;6418&#44;6419&#44;6420&#44;6421&#44;6422&#44;6423&#44;6424&#44;6425&#44;6426&#44;6427&#44;6428&#44;6429&#44;6430&#44;6431&#44;6432&#44;6433&#44;6434&#44;6435&#44;6436&#44;6437&#44;6439&#44;6440&#44;6441&#44;6443&#44;6444&#44;6445&#44;6448&#44;6449&#44;6450&#44;6452&#44;6453&#44;6454&#44;6455&#44;6456&#44;6457&#44;6458&#44;6460&#44;6461&#44;6462&#44;6463&#44;6464&#44;6471&#44;6472&#44;6474&#44;6479&#44;6482&#44;6485&#44;6487&#44;6489&#44;6501&#44;6502&#44;6503&#44;6505&#44;6506&#44;6507&#44;6509&#44;6510&#44;6512&#44;6514&#44;6517&#44;6518&#44;6520&#44;6521&#44;6524&#44;6527&#44;6528&#44;6533&#44;6535&#44;6536&#44;6539&#44;6540&#44;6543&#44;6547&#44;6549&#44;6556&#44;6562&#44;6565&#44;6567&#44;6568&#44;6569&#44;6570&#44;6571&#44;6572&#44;6573&#44;6575&#44;6581&#44;6582&#44;6604&#44;6605&#44;6606&#44;6608&#44;6609&#44;6610&#44;6612&#44;6613&#44;6614&#44;6615&#44;6616&#44;6617&#44;6619&#44;6620&#44;6621&#44;6622&#44;6624&#44;6626&#44;6628&#44;6630&#44;6631&#44;6632&#44;6633&#44;6634&#44;6635&#44;6636&#44;6637&#44;6643&#44;6644&#44;6646&#44;6650&#44;6651&#44;6652&#44;6653&#44;6655&#44;6657&#44;6658&#44;6659&#44;6660&#44;6661&#44;6662&#44;6663&#44;6664&#44;6666&#44;6667&#44;6670&#44;6671&#44;6672&#44;6673&#44;6674&#44;6675&#44;6676&#44;6677&#44;6678&#44;6679&#44;6680&#44;6682&#44;6683&#44;6684&#44;6685&#44;6686&#44;6689&#44;6690&#44;6692&#44;6693&#44;6779&#44;6781&#44;6867&#44;6976&#44;6979&#44;7189&#44;7658&#44;7676&#44;8102&#44;8104&#44;8106&#44;8107&#44;8111&#44;8112&#44;8114&#44;8115&#44;8116&#44;8117&#44;8119&#44;8120&#44;8123&#44;8125&#44;8126&#44;8128&#44;8129&#44;8130&#44;8132&#44;8133&#44;8134&#44;8135&#44;8136&#44;8138&#44;8139&#44;8141&#44;8142&#44;8144&#44;8145&#44;8146&#44;8147&#44;8149&#44;8150&#44;8151&#44;8152&#44;8153&#44;8155&#44;8156&#44;8157&#44;8158&#44;8160&#44;8161&#44;8162&#44;8163&#44;8164&#44;8165&#44;8166&#44;8167&#44;8168&#44;8169&#44;8172&#44;8173&#44;8174&#44;8175&#44;8176&#44;8177&#44;8180&#44;8181&#44;8182&#44;8183&#44;8184&#44;8185&#44;8186&#44;8188&#44;8189&#44;8190&#44;8191&#44;8192&#44;8193&#44;8194&#44;8196&#44;8197&#44;8201&#44;8202&#44;8203&#44;8205&#44;8207&#44;8208&#44;8209&#44;8210&#44;8211&#44;8213&#44;8215&#44;8218&#44;8219&#44;8220&#44;8221&#44;8222&#44;8223&#44;8224&#44;8225&#44;8226&#44;8227&#44;8228&#44;8236&#44;8237&#44;8238&#44;8239&#44;8241&#44;8242&#44;8243&#44;8244&#44;8245&#44;8246&#44;8247&#44;8248&#44;8250&#44;8251&#44;8252&#44;8253&#44;8254&#44;8256&#44;8257&#44;8259&#44;8261&#44;8262&#44;8263&#44;8264&#44;8265&#44;8266&#44;8267&#44;8268&#44;8269&#44;8270&#44;8271&#44;8272&#44;8273&#44;8274&#44;8275&#44;8276&#44;8277&#44;8278&#44;8279&#44;8280&#44;8281&#44;8282&#44;8283&#44;8284&#44;8285&#44;8286&#44;8287&#44;8288&#44;8289&#44;8290&#44;8291&#44;8292&#44;8293&#44;8294&#44;8295&#44;8296&#44;8297&#44;8298&#44;8299&#44;""",3/23/22,3/23/22,N
layouts,Bakery Tables,"""37&#44;77""",,2022,4/4/22,1-NewFolderStructure/C037_C077_Bakery_Tables/C37_77_Bakery_Tables_Effective_04042022_Updated__03252022/,_C37_77_Bakery_Tables_Effective_04042022_Updated_03252022.pdf,"""4109&#44;4702&#44;4703&#44;4704&#44;4707&#44;4709&#44;4710&#44;4711&#44;4712&#44;4713&#44;4718&#44;4720&#44;4721&#44;4722&#44;4724&#44;4728&#44;4729&#44;4730&#44;4731&#44;4732&#44;4735&#44;4736&#44;4738&#44;4739&#44;4740&#44;4741&#44;4742&#44;4743&#44;4745&#44;4749&#44;4750&#44;4755&#44;4761&#44;4763&#44;4764&#44;4767&#44;4768&#44;4769&#44;4770&#44;4771&#44;4772&#44;4774&#44;4775&#44;4776&#44;4777&#44;4778&#44;4780&#44;4781&#44;4782&#44;4783&#44;4784&#44;4785&#44;4786&#44;4787&#44;4789&#44;4790&#44;4791&#44;4794&#44;4795&#44;4797&#44;4798&#44;4799&#44;4801&#44;4802&#44;4804&#44;4805&#44;4808&#44;4815&#44;4816&#44;4817&#44;4818&#44;4819&#44;4820&#44;4822&#44;4824&#44;4825&#44;4828&#44;4829&#44;4830&#44;4831&#44;4836&#44;4837&#44;4839&#44;4840&#44;4843&#44;4846&#44;4847&#44;4850&#44;4851&#44;4852&#44;4853&#44;4855&#44;4857&#44;4859&#44;4860&#44;4861&#44;4866&#44;4870&#44;4871&#44;4872&#44;4873&#44;4874&#44;4875&#44;4876&#44;4878&#44;4879&#44;4901&#44;4905&#44;4906&#44;4908&#44;4911&#44;4914&#44;4915&#44;4917&#44;4920&#44;4925&#44;4926&#44;4933&#44;4936&#44;4938&#44;4939&#44;4942&#44;4944&#44;4946&#44;4947&#44;4948&#44;4950&#44;4952&#44;4955&#44;4958&#44;4961&#44;4962&#44;4963&#44;4969&#44;4972&#44;4973&#44;4974&#44;4982&#44;4983&#44;4985&#44;4987&#44;4989&#44;4990&#44;4991&#44;4992&#44;4994&#44;4996&#44;4998&#44;4999&#44;6181&#44;6188&#44;6189&#44;6201&#44;6202&#44;6203&#44;6204&#44;6205&#44;6212&#44;6213&#44;6216&#44;6217&#44;6218&#44;6219&#44;6220&#44;6225&#44;6228&#44;6235&#44;6236&#44;6238&#44;6239&#44;6240&#44;6242&#44;6244&#44;6245&#44;6246&#44;6247&#44;6249&#44;6251&#44;6252&#44;6254&#44;6255&#44;6256&#44;6257&#44;6259&#44;6260&#44;6261&#44;6262&#44;6265&#44;6267&#44;6269&#44;6270&#44;6275&#44;6302&#44;6304&#44;6305&#44;6307&#44;6308&#44;6309&#44;6310&#44;6311&#44;6312&#44;6313&#44;6314&#44;6315&#44;6317&#44;6319&#44;6320&#44;6321&#44;6322&#44;6324&#44;6325&#44;6326&#44;6327&#44;6328&#44;6329&#44;6330&#44;6331&#44;6332&#44;6333&#44;6334&#44;6335&#44;6336&#44;6338&#44;6339&#44;6341&#44;6342&#44;6343&#44;6344&#44;6345&#44;6347&#44;6348&#44;6349&#44;6350&#44;6351&#44;6352&#44;6353&#44;6354&#44;6355&#44;6356&#44;6357&#44;6358&#44;6359&#44;6360&#44;6361&#44;6363&#44;6364&#44;6365&#44;6366&#44;6367&#44;6368&#44;6369&#44;6371&#44;6372&#44;6373&#44;6375&#44;6376&#44;6378&#44;6379&#44;6380&#44;6381&#44;6382&#44;6383&#44;6384&#44;6385&#44;6386&#44;6387&#44;6388&#44;6401&#44;6402&#44;6403&#44;6404&#44;6405&#44;6406&#44;6407&#44;6408&#44;6409&#44;6410&#44;6412&#44;6413&#44;6414&#44;6415&#44;6417&#44;6418&#44;6419&#44;6420&#44;6421&#44;6422&#44;6423&#44;6424&#44;6425&#44;6426&#44;6427&#44;6428&#44;6429&#44;6430&#44;6431&#44;6432&#44;6433&#44;6434&#44;6435&#44;6436&#44;6437&#44;6439&#44;6440&#44;6441&#44;6443&#44;6444&#44;6445&#44;6448&#44;6449&#44;6450&#44;6452&#44;6453&#44;6454&#44;6455&#44;6456&#44;6457&#44;6458&#44;6460&#44;6461&#44;6462&#44;6463&#44;6464&#44;6471&#44;6472&#44;6474&#44;6479&#44;6482&#44;6485&#44;6487&#44;6489&#44;6501&#44;6502&#44;6503&#44;6505&#44;6506&#44;6507&#44;6509&#44;6510&#44;6512&#44;6514&#44;6517&#44;6518&#44;6520&#44;6521&#44;6524&#44;6527&#44;6528&#44;6535&#44;6536&#44;6539&#44;6540&#44;6543&#44;6547&#44;6549&#44;6556&#44;6562&#44;6565&#44;6567&#44;6568&#44;6569&#44;6570&#44;6571&#44;6572&#44;6573&#44;6575&#44;6581&#44;6582&#44;6604&#44;6605&#44;6606&#44;6608&#44;6609&#44;6610&#44;6612&#44;6613&#44;6614&#44;6615&#44;6616&#44;6617&#44;6619&#44;6620&#44;6621&#44;6622&#44;6624&#44;6626&#44;6628&#44;6630&#44;6631&#44;6632&#44;6633&#44;6634&#44;6635&#44;6636&#44;6637&#44;6643&#44;6644&#44;6646&#44;6650&#44;6651&#44;6652&#44;6653&#44;6655&#44;6657&#44;6658&#44;6659&#44;6660&#44;6661&#44;6662&#44;6663&#44;6664&#44;6666&#44;6667&#44;6670&#44;6671&#44;6672&#44;6673&#44;6674&#44;6675&#44;6676&#44;6677&#44;6678&#44;6679&#44;6680&#44;6682&#44;6683&#44;6684&#44;6685&#44;6686&#44;6689&#44;6690&#44;6692&#44;6693&#44;6779&#44;6781&#44;6867&#44;6976&#44;6979&#44;7189&#44;7658&#44;7676&#44;8102&#44;8104&#44;8106&#44;8107&#44;8111&#44;8112&#44;8114&#44;8115&#44;8116&#44;8117&#44;8119&#44;8120&#44;8123&#44;8125&#44;8126&#44;8128&#44;8129&#44;8130&#44;8132&#44;8133&#44;8134&#44;8135&#44;8136&#44;8138&#44;8139&#44;8141&#44;8142&#44;8144&#44;8145&#44;8146&#44;8147&#44;8149&#44;8150&#44;8151&#44;8152&#44;8153&#44;8155&#44;8156&#44;8157&#44;8158&#44;8160&#44;8161&#44;8162&#44;8163&#44;8164&#44;8165&#44;8166&#44;8167&#44;8168&#44;8169&#44;8172&#44;8173&#44;8174&#44;8175&#44;8176&#44;8177&#44;8180&#44;8181&#44;8182&#44;8183&#44;8184&#44;8185&#44;8186&#44;8188&#44;8189&#44;8190&#44;8191&#44;8192&#44;8193&#44;8194&#44;8196&#44;8197&#44;8201&#44;8202&#44;8203&#44;8205&#44;8207&#44;8208&#44;8209&#44;8210&#44;8211&#44;8213&#44;8215&#44;8218&#44;8219&#44;8220&#44;8221&#44;8222&#44;8223&#44;8224&#44;8225&#44;8226&#44;8227&#44;8228&#44;8236&#44;8237&#44;8238&#44;8239&#44;8241&#44;8242&#44;8243&#44;8244&#44;8245&#44;8246&#44;8247&#44;8248&#44;8250&#44;8251&#44;8252&#44;8253&#44;8254&#44;8256&#44;8257&#44;8259&#44;8261&#44;8262&#44;8263&#44;8264&#44;8265&#44;8266&#44;8267&#44;8268&#44;8269&#44;8270&#44;8271&#44;8272&#44;8273&#44;8274&#44;8275&#44;8276&#44;8277&#44;8278&#44;8279&#44;8280&#44;8281&#44;8282&#44;8283&#44;8284&#44;8285&#44;8286&#44;8287&#44;8288&#44;8289&#44;8290&#44;8291&#44;8292&#44;8293&#44;8294&#44;8295&#44;8296&#44;8297&#44;8298&#44;8299&#44;""",3/29/22,3/29/22,N
layouts,Bakery Pallets,"""37-4&#44;77-4""",,2022,4/4/22,1-NewFolderStructure/C037_C077_Bakery_Pallets/C37__77_Bakery_Pallets_Effective_04042022_Updated__03252022/,_C37_77_Bakery_Pallets_Effective_04042022_Updated_03252022.pdf,"""4109&#44;4702&#44;4703&#44;4704&#44;4709&#44;4712&#44;4713&#44;4718&#44;4720&#44;4721&#44;4730&#44;4731&#44;4732&#44;4735&#44;4742&#44;4743&#44;4745&#44;4755&#44;4761&#44;4763&#44;4764&#44;4767&#44;4768&#44;4769&#44;4770&#44;4772&#44;4774&#44;4777&#44;4783&#44;4784&#44;4786&#44;4795&#44;4799&#44;4805&#44;4816&#44;4819&#44;4822&#44;4824&#44;4825&#44;4829&#44;4830&#44;4843&#44;4850&#44;4853&#44;4905&#44;4906&#44;4911&#44;4914&#44;4915&#44;4938&#44;4939&#44;4948&#44;4955&#44;4958&#44;4961&#44;4974&#44;4983&#44;4987&#44;6188&#44;6202&#44;6205&#44;6213&#44;6219&#44;6235&#44;6240&#44;6244&#44;6245&#44;6246&#44;6255&#44;6257&#44;6259&#44;6261&#44;6262&#44;6265&#44;6269&#44;6336&#44;6338&#44;6345&#44;6347&#44;6350&#44;6360&#44;6367&#44;6372&#44;6367&#44;6378&#44;6379&#44;6381&#44;6382&#44;6405&#44;6408&#44;6410&#44;6421&#44;6422&#44;6425&#44;6430&#44;6433&#44;6439&#44;6453&#44;6455&#44;6471&#44;6482&#44;6502&#44;6549&#44;6565&#44;6604&#44;6605&#44;6606&#44;6608&#44;6609&#44;6610&#44;6612&#44;6613&#44;6614&#44;6615&#44;6616&#44;6617&#44;6619&#44;6620&#44;6621&#44;6622&#44;6624&#44;6626&#44;6628&#44;6630&#44;6631&#44;6632&#44;6633&#44;&#44;6634&#44;6635&#44;6670&#44;6672&#44;6682&#44;6683&#44;6684&#44;6685&#44;6686&#44;6692&#44;6779&#44;6781&#44;6867&#44;7189&#44;7676&#44;8117&#44;8126&#44;8147&#44;8153&#44;8156&#44;8177&#44;8190&#44;8210&#44;8224&#44;8226&#44;8227&#44;8239&#44;8241&#44;8242&#44;8245&#44;8246&#44;8248&#44;8250&#44;8259&#44;8262&#44;8264&#44;8267&#44;8268&#44;8269&#44;8270&#44;8272&#44;8273&#44;8274&#44;8277&#44;8279&#44;8280&#44;8282&#44;8284&#44;8286&#44;8288&#44;8289&#44;8295&#44;8299&#44;""",3/30/22,3/30/22,N
layouts,HMS,79-2,,2022,4/4/22,1-NewFolderStructure/C079_HMS/C79_HMS_EFFECTIVE_4042022/,_C79_HMS_EFFECTIVE_4042022.pdf,"""4109&#44;4702&#44;4703&#44;4704&#44;4707&#44;4709&#44;4710&#44;4711&#44;4712&#44;4713&#44;4718&#44;4720&#44;4721&#44;4722&#44;4724&#44;4728&#44;4729&#44;4730&#44;4731&#44;4732&#44;4735&#44;4736&#44;4738&#44;4739&#44;4740&#44;4741&#44;4742&#44;4743&#44;4745&#44;4749&#44;4750&#44;4755&#44;4761&#44;4763&#44;4764&#44;4767&#44;4768&#44;4769&#44;4770&#44;4771&#44;4772&#44;4774&#44;4775&#44;4776&#44;4777&#44;4778&#44;4780&#44;4781&#44;4782&#44;4783&#44;4784&#44;4785&#44;4786&#44;4787&#44;4789&#44;4790&#44;4791&#44;4794&#44;4795&#44;4797&#44;4798&#44;4799&#44;4801&#44;4802&#44;4804&#44;4805&#44;4808&#44;4815&#44;4816&#44;4817&#44;4818&#44;4819&#44;4820&#44;4822&#44;4824&#44;4825&#44;4828&#44;4829&#44;4830&#44;4831&#44;4836&#44;4837&#44;4839&#44;4840&#44;4843&#44;4846&#44;4847&#44;4850&#44;4851&#44;4852&#44;4853&#44;4855&#44;4857&#44;4859&#44;4860&#44;4861&#44;4866&#44;4870&#44;4871&#44;4872&#44;4873&#44;4874&#44;4875&#44;4876&#44;4878&#44;4879&#44;4901&#44;4905&#44;4906&#44;4908&#44;4911&#44;4914&#44;4915&#44;4917&#44;4920&#44;4925&#44;4926&#44;4930&#44;4933&#44;4936&#44;4938&#44;4939&#44;4942&#44;4944&#44;4946&#44;4947&#44;4948&#44;4950&#44;4952&#44;4955&#44;4958&#44;4961&#44;4962&#44;4963&#44;4969&#44;4972&#44;4973&#44;4974&#44;4982&#44;4983&#44;4985&#44;4987&#44;4989&#44;4990&#44;4991&#44;4992&#44;4994&#44;4996&#44;4998&#44;4999&#44;6181&#44;6188&#44;6189&#44;6201&#44;6202&#44;6203&#44;6204&#44;6205&#44;6212&#44;6213&#44;6216&#44;6217&#44;6218&#44;6219&#44;6220&#44;6225&#44;6228&#44;6235&#44;6236&#44;6238&#44;6239&#44;6240&#44;6242&#44;6244&#44;6245&#44;6246&#44;6247&#44;6249&#44;6251&#44;6252&#44;6254&#44;6255&#44;6256&#44;6257&#44;6259&#44;6260&#44;6261&#44;6262&#44;6265&#44;6267&#44;6269&#44;6270&#44;6275&#44;6302&#44;6304&#44;6305&#44;6307&#44;6308&#44;6309&#44;6310&#44;6311&#44;6312&#44;6313&#44;6314&#44;6315&#44;6317&#44;6319&#44;6320&#44;6321&#44;6322&#44;6324&#44;6325&#44;6326&#44;6327&#44;6328&#44;6329&#44;6330&#44;6331&#44;6332&#44;6333&#44;6334&#44;6335&#44;6336&#44;6338&#44;6339&#44;6341&#44;6342&#44;6343&#44;6344&#44;6345&#44;6347&#44;6348&#44;6349&#44;6350&#44;6351&#44;6352&#44;6353&#44;6354&#44;6355&#44;6356&#44;6357&#44;6358&#44;6359&#44;6360&#44;6361&#44;6363&#44;6364&#44;6365&#44;6366&#44;6367&#44;6368&#44;6369&#44;6371&#44;6372&#44;6373&#44;6375&#44;6376&#44;6377&#44;6378&#44;6379&#44;6380&#44;6381&#44;6382&#44;6383&#44;6384&#44;6385&#44;6386&#44;6387&#44;6388&#44;6401&#44;6402&#44;6403&#44;6404&#44;6405&#44;6406&#44;6407&#44;6408&#44;6409&#44;6410&#44;6412&#44;6413&#44;6414&#44;6415&#44;6417&#44;6418&#44;6419&#44;6420&#44;6421&#44;6422&#44;6423&#44;6424&#44;6425&#44;6426&#44;6427&#44;6428&#44;6429&#44;6430&#44;6431&#44;6432&#44;6433&#44;6434&#44;6435&#44;6436&#44;6437&#44;6439&#44;6440&#44;6441&#44;6443&#44;6444&#44;6445&#44;6448&#44;6449&#44;6450&#44;6452&#44;6453&#44;6454&#44;6455&#44;6456&#44;6457&#44;6458&#44;6460&#44;6461&#44;6462&#44;6463&#44;6464&#44;6471&#44;6472&#44;6474&#44;6479&#44;6482&#44;6485&#44;6487&#44;6489&#44;6501&#44;6502&#44;6503&#44;6505&#44;6506&#44;6507&#44;6509&#44;6510&#44;6512&#44;6514&#44;6517&#44;6518&#44;6520&#44;6521&#44;6524&#44;6527&#44;6528&#44;6533&#44;6535&#44;6536&#44;6539&#44;6540&#44;6543&#44;6547&#44;6549&#44;6556&#44;6562&#44;6565&#44;6567&#44;6568&#44;6569&#44;6570&#44;6571&#44;6572&#44;6573&#44;6575&#44;6581&#44;6582&#44;6604&#44;6605&#44;6606&#44;6608&#44;6609&#44;6610&#44;6612&#44;6613&#44;6614&#44;6615&#44;6616&#44;6617&#44;6619&#44;6620&#44;6621&#44;6622&#44;6624&#44;6626&#44;6628&#44;6630&#44;6631&#44;6632&#44;6633&#44;6634&#44;6635&#44;6636&#44;6637&#44;6643&#44;6644&#44;6646&#44;6650&#44;6651&#44;6652&#44;6653&#44;6655&#44;6657&#44;6658&#44;6659&#44;6660&#44;6661&#44;6662&#44;6663&#44;6664&#44;6666&#44;6667&#44;6670&#44;6671&#44;6672&#44;6673&#44;6674&#44;6675&#44;6676&#44;6677&#44;6678&#44;6679&#44;6680&#44;6682&#44;6683&#44;6684&#44;6685&#44;6686&#44;6689&#44;6690&#44;6692&#44;6693&#44;6779&#44;6781&#44;6867&#44;6976&#44;6979&#44;7189&#44;7658&#44;7676&#44;8102&#44;8104&#44;8106&#44;8107&#44;8111&#44;8112&#44;8114&#44;8115&#44;8116&#44;8117&#44;8119&#44;8120&#44;8123&#44;8125&#44;8126&#44;8128&#44;8129&#44;8130&#44;8132&#44;8133&#44;8134&#44;8135&#44;8136&#44;8138&#44;8139&#44;8141&#44;8142&#44;8144&#44;8145&#44;8146&#44;8147&#44;8149&#44;8150&#44;8151&#44;8152&#44;8153&#44;8155&#44;8156&#44;8157&#44;8158&#44;8160&#44;8161&#44;8162&#44;8163&#44;8164&#44;8165&#44;8166&#44;8167&#44;8168&#44;8169&#44;8172&#44;8173&#44;8174&#44;8175&#44;8176&#44;8177&#44;8180&#44;8181&#44;8182&#44;8183&#44;8184&#44;8185&#44;8186&#44;8188&#44;8189&#44;8190&#44;8191&#44;8192&#44;8193&#44;8194&#44;8196&#44;8197&#44;8201&#44;8202&#44;8203&#44;8205&#44;8207&#44;8208&#44;8209&#44;8210&#44;8211&#44;8213&#44;8215&#44;8218&#44;8219&#44;8220&#44;8221&#44;8222&#44;8223&#44;8224&#44;8225&#44;8226&#44;8227&#44;8228&#44;8236&#44;8237&#44;8238&#44;8239&#44;8241&#44;8242&#44;8243&#44;8244&#44;8245&#44;8246&#44;8247&#44;8248&#44;8250&#44;8251&#44;8252&#44;8253&#44;8254&#44;8256&#44;8257&#44;8259&#44;8261&#44;8262&#44;8263&#44;8264&#44;8265&#44;8266&#44;8267&#44;8268&#44;8269&#44;8270&#44;8271&#44;8272&#44;8273&#44;8274&#44;8275&#44;8276&#44;8277&#44;8278&#44;8279&#44;8280&#44;8281&#44;8282&#44;8283&#44;8284&#44;8285&#44;8286&#44;8287&#44;8288&#44;8289&#44;8290&#44;8291&#44;8292&#44;8293&#44;8294&#44;8295&#44;8296&#44;8297&#44;8298&#44;8299&#44;""",3/31/22,3/31/22,N
layouts,Bakery Tables,"""37&#44;77""",,2022,4/4/22,1-NewFolderStructure/C037_C077_Bakery_Tables/C37_77_Bakery_Tables_Effective_04042022_Updated_04012022/,_C37_77_Bakery_Tables_Effective_04042022_Updated_04012022.pdf,"""6524&#44;""",4/1/22,4/1/22,N
layouts,Deli,57,,2022,4/4/22,1-NewFolderStructure/C057_Deli/C57_Effective_03212022_Planogram_Update_04-01-2022/,_C57_Effective_03212022_Planogram_Update_04-01-2022.pdf,"""4874&#44;4989&#44;4990&#44;6652&#44;8278&#44;8286&#44;""",4/4/22,4/4/22,N
layouts,Bakery Tables,"""37&#44;77""",,2022,4/4/22,1-NewFolderStructure/C037_C077_Bakery_Tables/C37__77_Bakery_Tables_Effective_04042022_Updated_04012022/,_C37_77_Bakery_Tables_Effective_04042022_Updated_04012022.pdf,"""6388&#44;""",4/4/22,4/4/22,N
layouts,Bakery Dessert,"""37-2&#44;77-2""",,2022,4/4/22,1-NewFolderStructure/C037_C077_Bakery_Dessert/C77__C37_Effective_04042022_Updated_04042022/,_C77_C37_Effective_04042022_Updated_04042022.pdf,"""4109&#44;4702&#44;4703&#44;4704&#44;4707&#44;4709&#44;4710&#44;4711&#44;4712&#44;4713&#44;4718&#44;4720&#44;4721&#44;4722&#44;4724&#44;4728&#44;4729&#44;4730&#44;4731&#44;4732&#44;4735&#44;4736&#44;4738&#44;4739&#44;4740&#44;4741&#44;4742&#44;4743&#44;4745&#44;4749&#44;4750&#44;4755&#44;4761&#44;4763&#44;4764&#44;4767&#44;4768&#44;4769&#44;4770&#44;4771&#44;4772&#44;4774&#44;4775&#44;4776&#44;4777&#44;4778&#44;4780&#44;4781&#44;4782&#44;4783&#44;4784&#44;4785&#44;4786&#44;4787&#44;4789&#44;4790&#44;4791&#44;4794&#44;4795&#44;4797&#44;4798&#44;4799&#44;4801&#44;4802&#44;4804&#44;4805&#44;4808&#44;4815&#44;4816&#44;4817&#44;4818&#44;4819&#44;4820&#44;4822&#44;4824&#44;4825&#44;4828&#44;4829&#44;4830&#44;4831&#44;4836&#44;4837&#44;4839&#44;4840&#44;4843&#44;4846&#44;4847&#44;4850&#44;4851&#44;4852&#44;4853&#44;4855&#44;4857&#44;4859&#44;4860&#44;4861&#44;4866&#44;4870&#44;4871&#44;4872&#44;4873&#44;4874&#44;4875&#44;4876&#44;4878&#44;4879&#44;4901&#44;4905&#44;4906&#44;4908&#44;4911&#44;4914&#44;4915&#44;4917&#44;4920&#44;4925&#44;4926&#44;4933&#44;4936&#44;4938&#44;4939&#44;4942&#44;4944&#44;4946&#44;4947&#44;4948&#44;4950&#44;4952&#44;4955&#44;4958&#44;4961&#44;4962&#44;4963&#44;4969&#44;4972&#44;4973&#44;4974&#44;4982&#44;4983&#44;4985&#44;4987&#44;4989&#44;4990&#44;4991&#44;4992&#44;4994&#44;4996&#44;4998&#44;4999&#44;6181&#44;6188&#44;6189&#44;6201&#44;6202&#44;6203&#44;6204&#44;6205&#44;6212&#44;6213&#44;6216&#44;6217&#44;6218&#44;6219&#44;6220&#44;6225&#44;6228&#44;6235&#44;6236&#44;6238&#44;6239&#44;6240&#44;6242&#44;6244&#44;6245&#44;6246&#44;6247&#44;6249&#44;6251&#44;6252&#44;6254&#44;6255&#44;6256&#44;6257&#44;6259&#44;6260&#44;6261&#44;6262&#44;6265&#44;6267&#44;6269&#44;6270&#44;6275&#44;6302&#44;6304&#44;6305&#44;6307&#44;6308&#44;6309&#44;6310&#44;6311&#44;6312&#44;6313&#44;6314&#44;6315&#44;6317&#44;6319&#44;6320&#44;6321&#44;6322&#44;6324&#44;6325&#44;6326&#44;6327&#44;6328&#44;6329&#44;6330&#44;6331&#44;6332&#44;6333&#44;6334&#44;6335&#44;6336&#44;6338&#44;6339&#44;6341&#44;6342&#44;6343&#44;6344&#44;6345&#44;6347&#44;6348&#44;6349&#44;6350&#44;6351&#44;6352&#44;6353&#44;6354&#44;6355&#44;6356&#44;6357&#44;6358&#44;6359&#44;6360&#44;6361&#44;6363&#44;6364&#44;6365&#44;6366&#44;6367&#44;6368&#44;6369&#44;6371&#44;6372&#44;6373&#44;6375&#44;6376&#44;6377&#44;6378&#44;6379&#44;6380&#44;6381&#44;6382&#44;6383&#44;6384&#44;6385&#44;6386&#44;6387&#44;6388&#44;6401&#44;6402&#44;6403&#44;6404&#44;6405&#44;6406&#44;6407&#44;6408&#44;6409&#44;6410&#44;6412&#44;6413&#44;6414&#44;6415&#44;6417&#44;6418&#44;6419&#44;6420&#44;6421&#44;6422&#44;6423&#44;6424&#44;6425&#44;6426&#44;6427&#44;6428&#44;6429&#44;6430&#44;6431&#44;6432&#44;6433&#44;6434&#44;6435&#44;6436&#44;6437&#44;6439&#44;6440&#44;6441&#44;6443&#44;6444&#44;6445&#44;6448&#44;6449&#44;6450&#44;6452&#44;6453&#44;6454&#44;6455&#44;6456&#44;6457&#44;6458&#44;6460&#44;6461&#44;6462&#44;6463&#44;6464&#44;6471&#44;6472&#44;6474&#44;6479&#44;6482&#44;6485&#44;6487&#44;6489&#44;6501&#44;6502&#44;6503&#44;6505&#44;6506&#44;6507&#44;6509&#44;6510&#44;6512&#44;6514&#44;6517&#44;6518&#44;6520&#44;6521&#44;6524&#44;6527&#44;6528&#44;6535&#44;6536&#44;6539&#44;6540&#44;6543&#44;6547&#44;6549&#44;6556&#44;6562&#44;6565&#44;6567&#44;6568&#44;6569&#44;6570&#44;6571&#44;6572&#44;6573&#44;6575&#44;6581&#44;6582&#44;6604&#44;6605&#44;6606&#44;6608&#44;6609&#44;6610&#44;6612&#44;6613&#44;6614&#44;6615&#44;6616&#44;6617&#44;6619&#44;6620&#44;6621&#44;6622&#44;6624&#44;6626&#44;6628&#44;6630&#44;6631&#44;6632&#44;6633&#44;6634&#44;6635&#44;6636&#44;6637&#44;6643&#44;6644&#44;6646&#44;6650&#44;6651&#44;6652&#44;6653&#44;6655&#44;6657&#44;6658&#44;6659&#44;6660&#44;6661&#44;6662&#44;6663&#44;6664&#44;6666&#44;6667&#44;6670&#44;6671&#44;6672&#44;6673&#44;6674&#44;6675&#44;6676&#44;6677&#44;6678&#44;6679&#44;6680&#44;6682&#44;6683&#44;6684&#44;6685&#44;6686&#44;6689&#44;6690&#44;6692&#44;6693&#44;6779&#44;6781&#44;6867&#44;6976&#44;6979&#44;7189&#44;7658&#44;7676&#44;8102&#44;8104&#44;8106&#44;8107&#44;8111&#44;8112&#44;8114&#44;8115&#44;8116&#44;8117&#44;8119&#44;8120&#44;8123&#44;8125&#44;8126&#44;8128&#44;8129&#44;8130&#44;8132&#44;8133&#44;8134&#44;8135&#44;8136&#44;8138&#44;8139&#44;8141&#44;8142&#44;8144&#44;8145&#44;8146&#44;8147&#44;8149&#44;8150&#44;8151&#44;8152&#44;8153&#44;8155&#44;8156&#44;8157&#44;8158&#44;8160&#44;8161&#44;8162&#44;8163&#44;8164&#44;8165&#44;8166&#44;8167&#44;8168&#44;8169&#44;8172&#44;8173&#44;8174&#44;8175&#44;8176&#44;8177&#44;8180&#44;8181&#44;8182&#44;8183&#44;8184&#44;8185&#44;8186&#44;8188&#44;8189&#44;8190&#44;8191&#44;8192&#44;8193&#44;8194&#44;8196&#44;8197&#44;8201&#44;8202&#44;8203&#44;8205&#44;8207&#44;8208&#44;8209&#44;8210&#44;8211&#44;8213&#44;8215&#44;8218&#44;8219&#44;8220&#44;8221&#44;8222&#44;8223&#44;8224&#44;8225&#44;8226&#44;8227&#44;8228&#44;8236&#44;8237&#44;8238&#44;8239&#44;8241&#44;8242&#44;8243&#44;8244&#44;8245&#44;8246&#44;8247&#44;8248&#44;8250&#44;8251&#44;8252&#44;8253&#44;8254&#44;8256&#44;8257&#44;8259&#44;8261&#44;8262&#44;8263&#44;8264&#44;8265&#44;8266&#44;8267&#44;8268&#44;8269&#44;8270&#44;8271&#44;8272&#44;8273&#44;8274&#44;8275&#44;8276&#44;8277&#44;8278&#44;8279&#44;8280&#44;8281&#44;8282&#44;8283&#44;8284&#44;8285&#44;8286&#44;8287&#44;8288&#44;8289&#44;8290&#44;8291&#44;8292&#44;8293&#44;8294&#44;8295&#44;8296&#44;8297&#44;8298&#44;8299&#44;""",4/4/22,4/4/22,N
layouts,Cake Case,"""37-3&#44;77-3""",,2022,4/4/22,1-NewFolderStructure/C037_C077_Cake_Case/C77_C37_Effective_04042022_Updated_04042022/,_C77_C37_Effective_04042022_Updated_04042022.pdf,"""4109&#44;4702&#44;4703&#44;4704&#44;4707&#44;4709&#44;4710&#44;4711&#44;4712&#44;4713&#44;4718&#44;4720&#44;4721&#44;4722&#44;4724&#44;4728&#44;4729&#44;4730&#44;4731&#44;4732&#44;4735&#44;4736&#44;4738&#44;4739&#44;4740&#44;4741&#44;4742&#44;4743&#44;4745&#44;4749&#44;4750&#44;4755&#44;4761&#44;4763&#44;4764&#44;4767&#44;4768&#44;4769&#44;4770&#44;4771&#44;4772&#44;4774&#44;4775&#44;4776&#44;4777&#44;4778&#44;4780&#44;4781&#44;4782&#44;4783&#44;4784&#44;4785&#44;4786&#44;4787&#44;4789&#44;4790&#44;4791&#44;4794&#44;4795&#44;4797&#44;4798&#44;4799&#44;4801&#44;4802&#44;4804&#44;4805&#44;4808&#44;4815&#44;4816&#44;4817&#44;4818&#44;4819&#44;4820&#44;4822&#44;4824&#44;4825&#44;4828&#44;4829&#44;4830&#44;4831&#44;4836&#44;4837&#44;4839&#44;4840&#44;4843&#44;4846&#44;4847&#44;4850&#44;4851&#44;4852&#44;4853&#44;4855&#44;4857&#44;4859&#44;4860&#44;4861&#44;4866&#44;4870&#44;4871&#44;4872&#44;4873&#44;4874&#44;4875&#44;4876&#44;4878&#44;4879&#44;4901&#44;4905&#44;4906&#44;4908&#44;4911&#44;4914&#44;4915&#44;4917&#44;4920&#44;4925&#44;4926&#44;4933&#44;4936&#44;4938&#44;4939&#44;4942&#44;4944&#44;4946&#44;4947&#44;4948&#44;4950&#44;4952&#44;4955&#44;4958&#44;4961&#44;4962&#44;4963&#44;4969&#44;4972&#44;4973&#44;4974&#44;4982&#44;4983&#44;4985&#44;4987&#44;4989&#44;4990&#44;4991&#44;4992&#44;4994&#44;4996&#44;4998&#44;4999&#44;6181&#44;6188&#44;6189&#44;6201&#44;6202&#44;6203&#44;6204&#44;6205&#44;6212&#44;6213&#44;6216&#44;6217&#44;6218&#44;6219&#44;6220&#44;6225&#44;6228&#44;6235&#44;6236&#44;6238&#44;6239&#44;6240&#44;6242&#44;6244&#44;6245&#44;6246&#44;6247&#44;6249&#44;6251&#44;6252&#44;6254&#44;6255&#44;6256&#44;6257&#44;6259&#44;6260&#44;6261&#44;6262&#44;6265&#44;6267&#44;6269&#44;6270&#44;6275&#44;6302&#44;6304&#44;6305&#44;6307&#44;6308&#44;6309&#44;6310&#44;6311&#44;6312&#44;6313&#44;6314&#44;6315&#44;6317&#44;6319&#44;6320&#44;6321&#44;6322&#44;6324&#44;6325&#44;6326&#44;6327&#44;6328&#44;6329&#44;6330&#44;6331&#44;6332&#44;6333&#44;6334&#44;6335&#44;6336&#44;6338&#44;6339&#44;6341&#44;6342&#44;6343&#44;6344&#44;6345&#44;6347&#44;6348&#44;6349&#44;6350&#44;6351&#44;6352&#44;6353&#44;6354&#44;6355&#44;6356&#44;6357&#44;6358&#44;6359&#44;6360&#44;6361&#44;6363&#44;6364&#44;6365&#44;6366&#44;6367&#44;6368&#44;6369&#44;6371&#44;6372&#44;6373&#44;6375&#44;6376&#44;6377&#44;6378&#44;6379&#44;6380&#44;6381&#44;6382&#44;6383&#44;6384&#44;6385&#44;6386&#44;6387&#44;6388&#44;6401&#44;6402&#44;6403&#44;6404&#44;6405&#44;6406&#44;6407&#44;6408&#44;6409&#44;6410&#44;6412&#44;6413&#44;6414&#44;6415&#44;6417&#44;6418&#44;6419&#44;6420&#44;6421&#44;6422&#44;6423&#44;6424&#44;6425&#44;6426&#44;6427&#44;6428&#44;6429&#44;6430&#44;6431&#44;6432&#44;6433&#44;6434&#44;6435&#44;6436&#44;6437&#44;6439&#44;6440&#44;6441&#44;6443&#44;6444&#44;6445&#44;6448&#44;6449&#44;6450&#44;6452&#44;6453&#44;6454&#44;6455&#44;6456&#44;6457&#44;6458&#44;6460&#44;6461&#44;6462&#44;6463&#44;6464&#44;6471&#44;6472&#44;6474&#44;6479&#44;6482&#44;6485&#44;6487&#44;6489&#44;6501&#44;6502&#44;6503&#44;6505&#44;6506&#44;6507&#44;6509&#44;6510&#44;6512&#44;6514&#44;6517&#44;6518&#44;6520&#44;6521&#44;6524&#44;6527&#44;6528&#44;6535&#44;6536&#44;6539&#44;6540&#44;6543&#44;6547&#44;6549&#44;6556&#44;6562&#44;6565&#44;6567&#44;6568&#44;6569&#44;6570&#44;6571&#44;6572&#44;6573&#44;6575&#44;6581&#44;6582&#44;6604&#44;6605&#44;6606&#44;6608&#44;6609&#44;6610&#44;6612&#44;6613&#44;6614&#44;6615&#44;6616&#44;6617&#44;6619&#44;6620&#44;6621&#44;6622&#44;6624&#44;6626&#44;6628&#44;6630&#44;6631&#44;6632&#44;6633&#44;6634&#44;6635&#44;6636&#44;6637&#44;6643&#44;6644&#44;6646&#44;6650&#44;6651&#44;6652&#44;6653&#44;6655&#44;6657&#44;6658&#44;6659&#44;6660&#44;6661&#44;6662&#44;6663&#44;6664&#44;6666&#44;6667&#44;6670&#44;6671&#44;6672&#44;6673&#44;6674&#44;6675&#44;6676&#44;6677&#44;6678&#44;6679&#44;6680&#44;6682&#44;6683&#44;6684&#44;6685&#44;6686&#44;6689&#44;6690&#44;6692&#44;6693&#44;6779&#44;6781&#44;6867&#44;6976&#44;6979&#44;7189&#44;7658&#44;7676&#44;8102&#44;8104&#44;8106&#44;8107&#44;8111&#44;8112&#44;8114&#44;8115&#44;8116&#44;8117&#44;8119&#44;8120&#44;8123&#44;8125&#44;8126&#44;8128&#44;8129&#44;8130&#44;8132&#44;8133&#44;8134&#44;8135&#44;8136&#44;8138&#44;8139&#44;8141&#44;8142&#44;8144&#44;8145&#44;8146&#44;8147&#44;8149&#44;8150&#44;8151&#44;8152&#44;8153&#44;8155&#44;8156&#44;8157&#44;8158&#44;8160&#44;8161&#44;8162&#44;8163&#44;8164&#44;8165&#44;8166&#44;8167&#44;8168&#44;8169&#44;8172&#44;8173&#44;8174&#44;8175&#44;8176&#44;8177&#44;8180&#44;8181&#44;8182&#44;8183&#44;8184&#44;8185&#44;8186&#44;8188&#44;8189&#44;8190&#44;8191&#44;8192&#44;8193&#44;8194&#44;8196&#44;8197&#44;8201&#44;8202&#44;8203&#44;8205&#44;8207&#44;8208&#44;8209&#44;8210&#44;8211&#44;8213&#44;8215&#44;8218&#44;8219&#44;8220&#44;8221&#44;8222&#44;8223&#44;8224&#44;8225&#44;8226&#44;8227&#44;8228&#44;8236&#44;8237&#44;8238&#44;8239&#44;8241&#44;8242&#44;8243&#44;8244&#44;8245&#44;8246&#44;8247&#44;8248&#44;8250&#44;8251&#44;8252&#44;8253&#44;8254&#44;8256&#44;8257&#44;8259&#44;8261&#44;8262&#44;8263&#44;8264&#44;8265&#44;8266&#44;8267&#44;8268&#44;8269&#44;8270&#44;8271&#44;8272&#44;8273&#44;8274&#44;8275&#44;8276&#44;8277&#44;8278&#44;8279&#44;8280&#44;8281&#44;8282&#44;8283&#44;8284&#44;8285&#44;8286&#44;8287&#44;8288&#44;8289&#44;8290&#44;8291&#44;8292&#44;8293&#44;8294&#44;8295&#44;8296&#44;8297&#44;8298&#44;8299&#44;""",4/4/22,4/4/22,N
layouts,Bakery Pallets,"""37-4&#44;77-4""",,2022,4/4/22,1-NewFolderStructure/C037_C077_Bakery_Pallets/C37_77_Bakery_Pallets_Effective_04042022_Updated_04012022/,_C37_77_Bakery_Pallets_Effective_04042022_Updated_04012022.pdf,"""6388&#44;""",4/4/22,4/4/22,N
layouts,Meat and Seafood,"""72&#44;76&#44;93""",,2022,4/4/22,1-NewFolderStructure/C076_C072_C093_Fresh_Meat_Seafood/C72_C76_C93_Effective_03212022_Planogram_Updated_040422/,_C72_C76_C93_Effective_03212022_Planogram_Updated_040422.pdf,"""4969&#44;""",4/4/22,4/4/22,N
layouts,Meat and Seafood,"""72&#44;76&#44;93""",,2022,4/4/22,1-NewFolderStructure/C076_C072_C093_Fresh_Meat_Seafood/C72__C76_C93_Effective_03212022_Planogram_Updated_04042022/,_C72_C76_C93_Effective_03212022_Planogram_Updated_04042022.pdf,"""8278&#44;""",4/4/22,4/4/22,N
layouts,HMS,79-2,,2022,4/4/22,1-NewFolderStructure/C079_HMS/C79__HMS_Effective_4042022/,_C79_HMS_Effective_4042022.pdf,"""8119&#44;6514&#44;6664&#44;""",4/4/22,4/4/22,N
layouts,Café Grab and Go,79-3,,2022,4/4/22,1-NewFolderStructure/C079_Cafe_Grab_n_Go/C79_Cafe_Grab_and_Go_Effective_04042022_Updated_4192022/,_C79_Cafe_Grab_and_Go_Effective_04042022_Updated_4192022.pdf,"""6471&#44;""",4/19/22,4/19/22,N
layouts,Deli,57,,2022,4/8/22,1-NewFolderStructure/C057_Deli/C57_Effective_03172022_Planogram_Update_2022_03_03/,_C57_Effective_03172022_Planogram_Update_2022_03_03.pdf,"""6664&#44;""",4/8/22,4/8/22,N
layouts,Bakery Tables,"""37&#44;77""",,2022,4/8/22,1-NewFolderStructure/C037_C077_Bakery_Tables/C37_77_Bakery_Tables_Effective_04042022_Updated_04072022/,_C37_77_Bakery_Tables_Effective_04042022_Updated_04072022.pdf,"""6471&#44;""",4/8/22,4/8/22,N
layouts,Bakery Dessert,"""37-2&#44;77-2""",,2022,4/8/22,1-NewFolderStructure/C037_C077_Bakery_Dessert/C77_C37_Effective_04042022_Updated_04062022/,_C77_C37_Effective_04042022_Updated_04062022.pdf,"""6487&#44;""",4/8/22,4/8/22,N
layouts,Cake Case,"""37-3&#44;77-3""",,2022,4/8/22,1-NewFolderStructure/C037_C077_Cake_Case/C77_C37_Effective_04042022_Updated_04062022/,_C77_C37_Effective_04042022_Updated_04062022.pdf,"""6487&#44;""",4/8/22,4/8/22,N
layouts,Café Grab and Go,79-3,,2022,4/14/22,1-NewFolderStructure/C079_Cafe_Grab_n_Go/C79_Cafe_Grab_and_Go_Effective_04042022_Updated_04122022/,_C79_Cafe_Grab_and_Go_Effective_04042022_Updated_04122022.pdf,"""8193&#44;8185&#44;6338&#44;6426&#44;6201&#44;""",4/13/22,4/13/22,N
layouts,Audio Listening Batteries,61,,2022,4/14/22,https://sams-csp.cld.samsclub.com/clubs/,/planograms/61,"""4109&#44;4702&#44;4703&#44;4704&#44;4707&#44;4709&#44;4710&#44;4711&#44;4712&#44;4713&#44;4718&#44;4720&#44;4721&#44;4722&#44;4724&#44;4728&#44;4729&#44;4730&#44;4731&#44;4732&#44;4735&#44;4736&#44;4738&#44;4739&#44;4740&#44;4741&#44;4742&#44;4743&#44;4745&#44;4749&#44;4750&#44;4755&#44;4761&#44;4763&#44;4764&#44;4767&#44;4768&#44;4769&#44;4770&#44;4771&#44;4772&#44;4774&#44;4775&#44;4776&#44;4777&#44;4778&#44;4780&#44;4781&#44;4782&#44;4783&#44;4784&#44;4785&#44;4786&#44;4787&#44;4789&#44;4790&#44;4791&#44;4794&#44;4795&#44;4797&#44;4798&#44;4799&#44;4801&#44;4802&#44;4804&#44;4805&#44;4808&#44;4815&#44;4816&#44;4817&#44;4818&#44;4819&#44;4820&#44;4822&#44;4824&#44;4825&#44;4828&#44;4829&#44;4830&#44;4831&#44;4836&#44;4837&#44;4839&#44;4840&#44;4843&#44;4846&#44;4847&#44;4850&#44;4851&#44;4852&#44;4853&#44;4855&#44;4857&#44;4859&#44;4860&#44;4861&#44;4866&#44;4870&#44;4871&#44;4872&#44;4873&#44;4874&#44;4875&#44;4876&#44;4878&#44;4879&#44;4901&#44;4905&#44;4906&#44;4908&#44;4911&#44;4914&#44;4915&#44;4917&#44;4920&#44;4925&#44;4926&#44;4930&#44;4933&#44;4936&#44;4938&#44;4939&#44;4942&#44;4944&#44;4946&#44;4947&#44;4948&#44;4950&#44;4952&#44;4955&#44;4958&#44;4961&#44;4962&#44;4963&#44;4969&#44;4972&#44;4973&#44;4974&#44;4982&#44;4983&#44;4985&#44;4987&#44;4989&#44;4990&#44;4991&#44;4992&#44;4994&#44;4996&#44;4998&#44;4999&#44;6181&#44;6188&#44;6189&#44;6201&#44;6202&#44;6203&#44;6204&#44;6205&#44;6212&#44;6213&#44;6216&#44;6217&#44;6218&#44;6219&#44;6220&#44;6225&#44;6228&#44;6235&#44;6236&#44;6238&#44;6239&#44;6240&#44;6242&#44;6244&#44;6245&#44;6246&#44;6247&#44;6249&#44;6251&#44;6252&#44;6254&#44;6255&#44;6256&#44;6257&#44;6259&#44;6260&#44;6261&#44;6262&#44;6265&#44;6267&#44;6269&#44;6270&#44;6275&#44;6302&#44;6304&#44;6305&#44;6307&#44;6308&#44;6309&#44;6310&#44;6311&#44;6312&#44;6313&#44;6314&#44;6315&#44;6317&#44;6319&#44;6320&#44;6321&#44;6322&#44;6324&#44;6325&#44;6326&#44;6327&#44;6328&#44;6329&#44;6330&#44;6331&#44;6332&#44;6333&#44;6334&#44;6335&#44;6336&#44;6338&#44;6339&#44;6341&#44;6342&#44;6343&#44;6344&#44;6345&#44;6347&#44;6348&#44;6349&#44;6350&#44;6351&#44;6352&#44;6353&#44;6354&#44;6355&#44;6356&#44;6357&#44;6358&#44;6359&#44;6360&#44;6361&#44;6363&#44;6364&#44;6365&#44;6366&#44;6367&#44;6368&#44;6369&#44;6371&#44;6372&#44;6373&#44;6375&#44;6376&#44;6377&#44;6378&#44;6379&#44;6380&#44;6381&#44;6382&#44;6383&#44;6384&#44;6385&#44;6386&#44;6387&#44;6388&#44;6401&#44;6402&#44;6403&#44;6404&#44;6405&#44;6406&#44;6407&#44;6408&#44;6409&#44;6410&#44;6412&#44;6413&#44;6414&#44;6415&#44;6417&#44;6418&#44;6419&#44;6420&#44;6421&#44;6422&#44;6423&#44;6424&#44;6425&#44;6426&#44;6427&#44;6428&#44;6429&#44;6430&#44;6431&#44;6432&#44;6433&#44;6434&#44;6435&#44;6436&#44;6437&#44;6439&#44;6440&#44;6441&#44;6443&#44;6444&#44;6445&#44;6448&#44;6449&#44;6450&#44;6452&#44;6453&#44;6454&#44;6455&#44;6456&#44;6457&#44;6458&#44;6460&#44;6461&#44;6462&#44;6463&#44;6464&#44;6471&#44;6472&#44;6474&#44;6479&#44;6482&#44;6485&#44;6487&#44;6489&#44;6501&#44;6502&#44;6503&#44;6505&#44;6506&#44;6507&#44;6509&#44;6510&#44;6512&#44;6514&#44;6517&#44;6518&#44;6520&#44;6521&#44;6524&#44;6527&#44;6528&#44;6533&#44;6535&#44;6536&#44;6539&#44;6540&#44;6543&#44;6547&#44;6549&#44;6556&#44;6562&#44;6565&#44;6567&#44;6568&#44;6569&#44;6570&#44;6571&#44;6572&#44;6573&#44;6575&#44;6581&#44;6582&#44;6604&#44;6605&#44;6606&#44;6608&#44;6609&#44;6610&#44;6612&#44;6613&#44;6614&#44;6615&#44;6616&#44;6617&#44;6619&#44;6620&#44;6621&#44;6622&#44;6624&#44;6626&#44;6628&#44;6630&#44;6631&#44;6632&#44;6633&#44;6634&#44;6635&#44;6636&#44;6637&#44;6643&#44;6644&#44;6646&#44;6650&#44;6651&#44;6652&#44;6653&#44;6655&#44;6657&#44;6658&#44;6659&#44;6660&#44;6661&#44;6662&#44;6663&#44;6664&#44;6666&#44;6667&#44;6670&#44;6671&#44;6672&#44;6673&#44;6674&#44;6675&#44;6676&#44;6677&#44;6678&#44;6679&#44;6680&#44;6682&#44;6683&#44;6684&#44;6685&#44;6686&#44;6689&#44;6690&#44;6692&#44;6693&#44;6779&#44;6781&#44;6867&#44;6976&#44;6979&#44;7189&#44;7658&#44;7676&#44;8102&#44;8104&#44;8106&#44;8107&#44;8111&#44;8112&#44;8114&#44;8115&#44;8116&#44;8117&#44;8119&#44;8120&#44;8123&#44;8125&#44;8126&#44;8128&#44;8129&#44;8130&#44;8132&#44;8133&#44;8134&#44;8135&#44;8136&#44;8138&#44;8139&#44;8141&#44;8142&#44;8144&#44;8145&#44;8146&#44;8147&#44;8149&#44;8150&#44;8151&#44;8152&#44;8153&#44;8155&#44;8156&#44;8157&#44;8158&#44;8160&#44;8161&#44;8162&#44;8163&#44;8164&#44;8165&#44;8166&#44;8167&#44;8168&#44;8169&#44;8172&#44;8173&#44;8174&#44;8175&#44;8176&#44;8177&#44;8180&#44;8181&#44;8182&#44;8183&#44;8184&#44;8185&#44;8186&#44;8188&#44;8189&#44;8190&#44;8191&#44;8192&#44;8193&#44;8194&#44;8196&#44;8197&#44;8201&#44;8202&#44;8203&#44;8205&#44;8207&#44;8208&#44;8209&#44;8210&#44;8211&#44;8213&#44;8215&#44;8218&#44;8219&#44;8220&#44;8221&#44;8222&#44;8223&#44;8224&#44;8225&#44;8226&#44;8227&#44;8228&#44;8236&#44;8237&#44;8238&#44;8239&#44;8241&#44;8242&#44;8243&#44;8244&#44;8245&#44;8246&#44;8247&#44;8248&#44;8250&#44;8251&#44;8252&#44;8253&#44;8254&#44;8256&#44;8257&#44;8259&#44;8261&#44;8262&#44;8263&#44;8264&#44;8265&#44;8266&#44;8267&#44;8268&#44;8269&#44;8270&#44;8271&#44;8272&#44;8273&#44;8274&#44;8275&#44;8276&#44;8277&#44;8278&#44;8279&#44;8280&#44;8281&#44;8282&#44;8283&#44;8284&#44;8285&#44;8286&#44;8287&#44;8288&#44;8289&#44;8290&#44;8291&#44;8292&#44;8293&#44;8294&#44;8295&#44;8296&#44;8297&#44;8298&#44;8299&#44;""",4/20/22,4/20/22,N
layouts,Coolers,42-2,,2021,4/18/22,1-NewFolderStructure/C042_Coolers/C42_Effective_04182022_Planogram_Updated_04072022/,_C42_Effective_04182022_Planogram_Updated_04072022.pdf,"""4109&#44;4702&#44;4703&#44;4704&#44;4707&#44;4709&#44;4710&#44;4711&#44;4712&#44;4713&#44;4718&#44;4720&#44;4721&#44;4722&#44;4724&#44;4728&#44;4729&#44;4730&#44;4731&#44;4732&#44;4735&#44;4736&#44;4738&#44;4739&#44;4740&#44;4741&#44;4742&#44;4743&#44;4745&#44;4749&#44;4750&#44;4755&#44;4761&#44;4763&#44;4764&#44;4767&#44;4768&#44;4769&#44;4770&#44;4771&#44;4772&#44;4774&#44;4775&#44;4776&#44;4777&#44;4778&#44;4780&#44;4782&#44;4783&#44;4784&#44;4785&#44;4786&#44;4787&#44;4789&#44;4790&#44;4791&#44;4794&#44;4795&#44;4797&#44;4798&#44;4799&#44;4801&#44;4802&#44;4804&#44;4805&#44;4808&#44;4815&#44;4816&#44;4817&#44;4818&#44;4819&#44;4820&#44;4822&#44;4824&#44;4825&#44;4828&#44;4829&#44;4830&#44;4831&#44;4836&#44;4837&#44;4839&#44;4840&#44;4843&#44;4846&#44;4847&#44;4850&#44;4851&#44;4852&#44;4853&#44;4855&#44;4857&#44;4859&#44;4860&#44;4861&#44;4866&#44;4870&#44;4871&#44;4872&#44;4873&#44;4874&#44;4875&#44;4876&#44;4878&#44;4879&#44;4901&#44;4905&#44;4906&#44;4908&#44;4911&#44;4914&#44;4915&#44;4917&#44;4920&#44;4925&#44;4926&#44;4930&#44;4933&#44;4936&#44;4938&#44;4939&#44;4942&#44;4946&#44;4947&#44;4948&#44;4950&#44;4952&#44;4955&#44;4958&#44;4961&#44;4962&#44;4963&#44;4969&#44;4972&#44;4973&#44;4974&#44;4983&#44;4985&#44;4987&#44;4989&#44;4990&#44;4991&#44;4992&#44;4994&#44;4996&#44;4998&#44;4999&#44;6181&#44;6188&#44;6189&#44;6201&#44;6202&#44;6203&#44;6204&#44;6205&#44;6212&#44;6213&#44;6216&#44;6217&#44;6218&#44;6219&#44;6220&#44;6225&#44;6228&#44;6235&#44;6236&#44;6238&#44;6239&#44;6240&#44;6242&#44;6244&#44;6245&#44;6246&#44;6247&#44;6249&#44;6251&#44;6252&#44;6254&#44;6255&#44;6256&#44;6257&#44;6259&#44;6260&#44;6261&#44;6262&#44;6265&#44;6267&#44;6269&#44;6270&#44;6275&#44;6302&#44;6304&#44;6305&#44;6307&#44;6308&#44;6309&#44;6310&#44;6311&#44;6312&#44;6314&#44;6315&#44;6317&#44;6319&#44;6320&#44;6321&#44;6322&#44;6324&#44;6325&#44;6326&#44;6327&#44;6328&#44;6329&#44;6330&#44;6331&#44;6332&#44;6333&#44;6334&#44;6335&#44;6336&#44;6338&#44;6339&#44;6341&#44;6342&#44;6343&#44;6344&#44;6345&#44;6347&#44;6348&#44;6349&#44;6350&#44;6351&#44;6352&#44;6353&#44;6354&#44;6355&#44;6356&#44;6357&#44;6358&#44;6359&#44;6360&#44;6361&#44;6363&#44;6364&#44;6365&#44;6366&#44;6367&#44;6368&#44;6369&#44;6371&#44;6372&#44;6373&#44;6375&#44;6376&#44;6377&#44;6378&#44;6379&#44;6380&#44;6381&#44;6382&#44;6383&#44;6384&#44;6385&#44;6386&#44;6387&#44;6388&#44;6401&#44;6402&#44;6403&#44;6404&#44;6405&#44;6406&#44;6407&#44;6408&#44;6409&#44;6410&#44;6413&#44;6414&#44;6415&#44;6417&#44;6418&#44;6420&#44;6421&#44;6422&#44;6423&#44;6424&#44;6425&#44;6426&#44;6427&#44;6428&#44;6430&#44;6431&#44;6432&#44;6433&#44;6434&#44;6435&#44;6436&#44;6437&#44;6439&#44;6440&#44;6441&#44;6443&#44;6444&#44;6445&#44;6448&#44;6449&#44;6450&#44;6452&#44;6453&#44;6454&#44;6455&#44;6456&#44;6457&#44;6458&#44;6460&#44;6461&#44;6462&#44;6463&#44;6464&#44;6471&#44;6472&#44;6474&#44;6479&#44;6482&#44;6485&#44;6487&#44;6489&#44;6501&#44;6502&#44;6503&#44;6505&#44;6506&#44;6507&#44;6509&#44;6510&#44;6512&#44;6514&#44;6517&#44;6518&#44;6520&#44;6521&#44;6524&#44;6527&#44;6528&#44;6533&#44;6535&#44;6536&#44;6539&#44;6540&#44;6543&#44;6547&#44;6549&#44;6556&#44;6562&#44;6565&#44;6567&#44;6568&#44;6569&#44;6570&#44;6571&#44;6572&#44;6573&#44;6575&#44;6581&#44;6582&#44;6604&#44;6605&#44;6606&#44;6608&#44;6609&#44;6610&#44;6612&#44;6613&#44;6614&#44;6615&#44;6616&#44;6617&#44;6619&#44;6620&#44;6621&#44;6622&#44;6624&#44;6626&#44;6628&#44;6630&#44;6631&#44;6632&#44;6633&#44;6634&#44;6635&#44;6636&#44;6637&#44;6643&#44;6644&#44;6646&#44;6650&#44;6651&#44;6652&#44;6653&#44;6655&#44;6657&#44;6659&#44;6670&#44;6671&#44;6672&#44;6673&#44;6674&#44;6675&#44;6676&#44;6677&#44;6678&#44;6679&#44;6680&#44;6682&#44;6683&#44;6684&#44;6685&#44;6686&#44;6689&#44;6690&#44;6692&#44;6693&#44;6779&#44;6781&#44;6867&#44;6976&#44;6979&#44;7189&#44;7658&#44;7676&#44;8102&#44;8104&#44;8106&#44;8107&#44;8111&#44;8112&#44;8114&#44;8115&#44;8116&#44;8117&#44;8119&#44;8120&#44;8123&#44;8125&#44;8126&#44;8128&#44;8129&#44;8130&#44;8132&#44;8133&#44;8134&#44;8135&#44;8136&#44;8138&#44;8141&#44;8142&#44;8144&#44;8145&#44;8146&#44;8147&#44;8149&#44;8150&#44;8151&#44;8152&#44;8153&#44;8155&#44;8156&#44;8157&#44;8158&#44;8160&#44;8161&#44;8162&#44;8163&#44;8164&#44;8165&#44;8166&#44;8167&#44;8168&#44;8169&#44;8172&#44;8173&#44;8174&#44;8175&#44;8176&#44;8177&#44;8180&#44;8181&#44;8182&#44;8183&#44;8184&#44;8185&#44;8186&#44;8188&#44;8189&#44;8190&#44;8191&#44;8192&#44;8193&#44;8194&#44;8196&#44;8197&#44;8201&#44;8202&#44;8203&#44;8205&#44;8207&#44;8208&#44;8209&#44;8210&#44;8211&#44;8213&#44;8215&#44;8218&#44;8219&#44;8220&#44;8221&#44;8222&#44;8223&#44;8224&#44;8225&#44;8226&#44;8227&#44;8228&#44;8236&#44;8237&#44;8238&#44;8239&#44;8241&#44;8242&#44;8243&#44;8244&#44;8245&#44;8246&#44;8247&#44;8248&#44;8250&#44;8251&#44;8252&#44;8253&#44;8254&#44;8256&#44;8257&#44;8259&#44;8261&#44;8262&#44;8263&#44;8264&#44;8265&#44;8266&#44;8267&#44;8268&#44;8269&#44;8270&#44;8271&#44;8272&#44;8273&#44;8274&#44;8275&#44;8276&#44;8277&#44;8278&#44;8279&#44;8280&#44;8281&#44;8282&#44;8283&#44;8284&#44;8285&#44;8286&#44;8287&#44;8288&#44;8289&#44;8290&#44;8292&#44;8293&#44;8294&#44;8295&#44;8296&#44;8297&#44;8298&#44;8299&#44;""",4/8/22,4/8/22,N
layouts,Coolers,42-2,,2022,4/18/22,1-NewFolderStructure/C042_Coolers/C42_6608_Effective_04182022_Planogram_Updated_04122022/,_C42_Effective_04182022_Planogram_Updated_04122022.pdf,"""6608&#44;""",6/2/22,4/12/22,N
layouts,Kitchen Electrics,15,,2022,4/18/22,https://sams-csp.cld.samsclub.com/clubs/,/planograms/15,"""4109&#44;4702&#44;4703&#44;4704&#44;4707&#44;4709&#44;4710&#44;4711&#44;4712&#44;4713&#44;4718&#44;4720&#44;4721&#44;4722&#44;4724&#44;4728&#44;4729&#44;4730&#44;4731&#44;4732&#44;4735&#44;4736&#44;4738&#44;4739&#44;4740&#44;4741&#44;4742&#44;4743&#44;4745&#44;4749&#44;4750&#44;4755&#44;4761&#44;4763&#44;4764&#44;4767&#44;4768&#44;4769&#44;4770&#44;4771&#44;4772&#44;4774&#44;4775&#44;4776&#44;4777&#44;4778&#44;4780&#44;4781&#44;4782&#44;4783&#44;4784&#44;4785&#44;4786&#44;4787&#44;4789&#44;4790&#44;4791&#44;4794&#44;4795&#44;4797&#44;4798&#44;4799&#44;4801&#44;4802&#44;4804&#44;4805&#44;4808&#44;4815&#44;4816&#44;4817&#44;4818&#44;4819&#44;4820&#44;4822&#44;4824&#44;4825&#44;4828&#44;4829&#44;4830&#44;4831&#44;4836&#44;4837&#44;4839&#44;4840&#44;4843&#44;4846&#44;4847&#44;4850&#44;4851&#44;4852&#44;4853&#44;4855&#44;4857&#44;4859&#44;4860&#44;4861&#44;4866&#44;4870&#44;4871&#44;4872&#44;4873&#44;4874&#44;4875&#44;4876&#44;4878&#44;4879&#44;4901&#44;4905&#44;4906&#44;4908&#44;4911&#44;4914&#44;4915&#44;4917&#44;4920&#44;4925&#44;4926&#44;4930&#44;4933&#44;4936&#44;4938&#44;4939&#44;4942&#44;4944&#44;4946&#44;4947&#44;4948&#44;4950&#44;4952&#44;4955&#44;4958&#44;4961&#44;4962&#44;4963&#44;4969&#44;4972&#44;4973&#44;4974&#44;4982&#44;4983&#44;4985&#44;4987&#44;4989&#44;4990&#44;4991&#44;4992&#44;4994&#44;4996&#44;4998&#44;4999&#44;6181&#44;6188&#44;6189&#44;6201&#44;6202&#44;6203&#44;6204&#44;6205&#44;6212&#44;6213&#44;6216&#44;6217&#44;6218&#44;6219&#44;6220&#44;6225&#44;6228&#44;6235&#44;6236&#44;6238&#44;6239&#44;6240&#44;6242&#44;6244&#44;6245&#44;6246&#44;6247&#44;6249&#44;6251&#44;6252&#44;6254&#44;6255&#44;6256&#44;6257&#44;6259&#44;6260&#44;6261&#44;6262&#44;6265&#44;6267&#44;6269&#44;6270&#44;6275&#44;6302&#44;6304&#44;6305&#44;6307&#44;6308&#44;6309&#44;6310&#44;6311&#44;6312&#44;6313&#44;6314&#44;6315&#44;6317&#44;6319&#44;6320&#44;6321&#44;6322&#44;6324&#44;6325&#44;6326&#44;6327&#44;6328&#44;6329&#44;6330&#44;6331&#44;6332&#44;6333&#44;6334&#44;6335&#44;6336&#44;6338&#44;6339&#44;6341&#44;6342&#44;6343&#44;6344&#44;6345&#44;6347&#44;6348&#44;6349&#44;6350&#44;6351&#44;6352&#44;6353&#44;6354&#44;6355&#44;6356&#44;6357&#44;6358&#44;6359&#44;6360&#44;6361&#44;6363&#44;6364&#44;6365&#44;6366&#44;6367&#44;6368&#44;6369&#44;6371&#44;6372&#44;6373&#44;6375&#44;6376&#44;6377&#44;6378&#44;6379&#44;6380&#44;6381&#44;6382&#44;6383&#44;6384&#44;6385&#44;6386&#44;6387&#44;6388&#44;6401&#44;6402&#44;6403&#44;6404&#44;6405&#44;6406&#44;6407&#44;6408&#44;6409&#44;6410&#44;6412&#44;6413&#44;6414&#44;6415&#44;6417&#44;6418&#44;6419&#44;6420&#44;6421&#44;6422&#44;6423&#44;6424&#44;6425&#44;6426&#44;6427&#44;6428&#44;6429&#44;6430&#44;6431&#44;6432&#44;6433&#44;6434&#44;6435&#44;6436&#44;6437&#44;6439&#44;6440&#44;6441&#44;6443&#44;6444&#44;6445&#44;6448&#44;6449&#44;6450&#44;6452&#44;6453&#44;6454&#44;6455&#44;6456&#44;6457&#44;6458&#44;6460&#44;6461&#44;6462&#44;6463&#44;6464&#44;6471&#44;6472&#44;6474&#44;6479&#44;6482&#44;6485&#44;6487&#44;6489&#44;6501&#44;6502&#44;6503&#44;6505&#44;6506&#44;6507&#44;6509&#44;6510&#44;6512&#44;6514&#44;6517&#44;6518&#44;6520&#44;6521&#44;6524&#44;6527&#44;6528&#44;6533&#44;6535&#44;6536&#44;6539&#44;6540&#44;6543&#44;6547&#44;6549&#44;6556&#44;6562&#44;6565&#44;6567&#44;6568&#44;6569&#44;6570&#44;6571&#44;6572&#44;6573&#44;6575&#44;6581&#44;6582&#44;6604&#44;6605&#44;6606&#44;6608&#44;6609&#44;6610&#44;6612&#44;6613&#44;6614&#44;6615&#44;6616&#44;6617&#44;6619&#44;6620&#44;6621&#44;6622&#44;6624&#44;6626&#44;6628&#44;6630&#44;6631&#44;6632&#44;6633&#44;6634&#44;6635&#44;6636&#44;6637&#44;6643&#44;6644&#44;6646&#44;6650&#44;6651&#44;6652&#44;6653&#44;6655&#44;6657&#44;6658&#44;6659&#44;6660&#44;6661&#44;6662&#44;6663&#44;6664&#44;6666&#44;6667&#44;6670&#44;6671&#44;6672&#44;6673&#44;6674&#44;6675&#44;6676&#44;6677&#44;6678&#44;6679&#44;6680&#44;6682&#44;6683&#44;6684&#44;6685&#44;6686&#44;6689&#44;6690&#44;6692&#44;6693&#44;6779&#44;6781&#44;6867&#44;6976&#44;6979&#44;7189&#44;7658&#44;7676&#44;8102&#44;8104&#44;8106&#44;8107&#44;8111&#44;8112&#44;8114&#44;8115&#44;8116&#44;8117&#44;8119&#44;8120&#44;8123&#44;8125&#44;8126&#44;8128&#44;8129&#44;8130&#44;8132&#44;8133&#44;8134&#44;8135&#44;8136&#44;8138&#44;8139&#44;8141&#44;8142&#44;8144&#44;8145&#44;8146&#44;8147&#44;8149&#44;8150&#44;8151&#44;8152&#44;8153&#44;8155&#44;8156&#44;8157&#44;8158&#44;8160&#44;8161&#44;8162&#44;8163&#44;8164&#44;8165&#44;8166&#44;8167&#44;8168&#44;8169&#44;8172&#44;8173&#44;8174&#44;8175&#44;8176&#44;8177&#44;8180&#44;8181&#44;8182&#44;8183&#44;8184&#44;8185&#44;8186&#44;8188&#44;8189&#44;8190&#44;8191&#44;8192&#44;8193&#44;8194&#44;8196&#44;8197&#44;8201&#44;8202&#44;8203&#44;8205&#44;8207&#44;8208&#44;8209&#44;8210&#44;8211&#44;8213&#44;8215&#44;8218&#44;8219&#44;8220&#44;8221&#44;8222&#44;8223&#44;8224&#44;8225&#44;8226&#44;8227&#44;8228&#44;8236&#44;8237&#44;8238&#44;8239&#44;8241&#44;8242&#44;8243&#44;8244&#44;8245&#44;8246&#44;8247&#44;8248&#44;8250&#44;8251&#44;8252&#44;8253&#44;8254&#44;8256&#44;8257&#44;8259&#44;8261&#44;8262&#44;8263&#44;8264&#44;8265&#44;8266&#44;8267&#44;8268&#44;8269&#44;8270&#44;8271&#44;8272&#44;8273&#44;8274&#44;8275&#44;8276&#44;8277&#44;8278&#44;8279&#44;8280&#44;8281&#44;8282&#44;8283&#44;8284&#44;8285&#44;8286&#44;8287&#44;8288&#44;8289&#44;8290&#44;8291&#44;8292&#44;8293&#44;8294&#44;8295&#44;8296&#44;8297&#44;8298&#44;8299&#44;""",4/13/22,4/13/22,N
layouts,Bakery Tables,"""37&#44;77""",,2022,4/18/22,1-NewFolderStructure/C037_C077_Bakery_Tables/C37_77_Bakery_Tables_Effective_04252022_Updated_04112022/,_C37_77_Bakery_Tables_Effective_04252022_Updated_04112022.pdf,"""6454&#44;6686&#44;8273&#44;6429&#44;6605&#44;6608&#44;6205&#44;6359&#44;4839&#44;4870&#44;4991&#44;4786&#44;4728&#44;4750&#44;4781&#44;""",4/13/22,4/13/22,N
layouts,Bakery Dessert,"""37-2&#44;77-2""",,2022,4/18/22,1-NewFolderStructure/C037_C077_Bakery_Dessert/C77_C37_Effective_04182022_Updated_04082022/,_C77_C37_Effective_04182022_Updated_04082022.pdf,"""6454&#44;6686&#44;8273&#44;6429&#44;6605&#44;6608&#44;6205&#44;6359&#44;4839&#44;4870&#44;4991&#44;4786&#44;4728&#44;4750&#44;4781&#44;""",4/13/22,4/13/22,N
layouts,Cake Case,"""37-3&#44;77-3""",,2022,4/18/22,1-NewFolderStructure/C037_C077_Cake_Case/C77_C37_Effective_04182022_Updated_04082022/,_C77_C37_Effective_04182022_Updated_04082022.pdf,"""6454&#44;6686&#44;8273&#44;6429&#44;6605&#44;6608&#44;6205&#44;6359&#44;4839&#44;4870&#44;4991&#44;4786&#44;4728&#44;4750&#44;4781&#44;""",4/13/22,4/13/22,N
layouts,Bakery Pallets,"""37-4&#44;77-4""",,2022,4/18/22,1-NewFolderStructure/C037_C077_Bakery_Pallets/C37_77_Bakery_Pallets_Effective_04252022_Updated_04112022/,_C37_77_Bakery_Pallets_Effective_04252022_Updated_04112022.pdf,"""6454&#44;6686&#44;8273&#44;6429&#44;6605&#44;6608&#44;6205&#44;6359&#44;4839&#44;4870&#44;4991&#44;4786&#44;4728&#44;4750&#44;4781&#44;""",4/13/22,4/13/22,N
layouts,Coolers,42-2,,2021,4/18/22,1-NewFolderStructure/C042_Coolers/C42_Effective_04182022_Planogram_Updated_040122022/,_C42_Effective_04182022_Planogram_Updated_040122022.pdf,"""6659&#44;6657&#44;4778&#44;6319&#44;6562&#44;6417&#44;""",4/13/22,4/13/22,N
layouts,Coolers,42-2,,2021,4/18/22,1-NewFolderStructure/C042_Coolers/C42__Effective_04182022_Planogram_Updated_04122022/,_C42_Effective_04182022_Planogram_Updated_04122022.pdf,"""6454&#44;6686&#44;8273&#44;6429&#44;6605&#44;6608&#44;6205&#44;6359&#44;4839&#44;4870&#44;4991&#44;4786&#44;4728&#44;4750&#44;4781&#44;""",4/13/22,4/13/22,N
layouts,Meat and Seafood,"""72&#44;76&#44;93""",,2022,4/18/22,1-NewFolderStructure/C076_C072_C093_Fresh_Meat_Seafood/C72_C76_C93_Effective_05042022_Planogram_Updated_04082022/,_C72_C76_C93_Effective_05042022_Planogram_Updated_04082022.pdf,"""6454&#44;6686&#44;8273&#44;6429&#44;6605&#44;6608&#44;6205&#44;6359&#44;4839&#44;4870&#44;4991&#44;4786&#44;4728&#44;4750&#44;4781&#44;""",4/13/22,4/13/22,N
layouts,Café Grab and Go,79-3,,2022,4/18/22,1-NewFolderStructure/C079_Cafe_Grab_n_Go/C79_Cafe_Grab_and_Go_Effective_04042022/,_C79_Cafe_Grab_and_Go_Effective_04042022.pdf,"""6454&#44;6686&#44;8273&#44;6429&#44;6605&#44;6608&#44;6205&#44;6359&#44;4839&#44;4870&#44;4991&#44;4786&#44;4728&#44;4750&#44;4781&#44;""",4/13/22,4/13/22,N
layouts,Coolers,42-2,,2021,4/18/22,1-NewFolderStructure/C042_Coolers/C42_Effective_04182022_Planogram_Updated_04182022/,_C42_Effective_04182022_Planogram_Updated_04182022.pdf,"""8291&#44;8174&#44;8111&#44;8139&#44;6667&#44;6666&#44;6663&#44;6664&#44;6661&#44;6662&#44;6660&#44;6658&#44;6659&#44;6562&#44;6657&#44;6454&#44;6429&#44;6424&#44;6419&#44;6412&#44;6417&#44;6359&#44;6319&#44;6315&#44;4778&#44;4781&#44;4944&#44;4982&#44;6427&#44;""",4/19/22,4/19/22,N
layouts,Coolers,42-2,,2021,4/18/22,1-NewFolderStructure/C042_Coolers/C42_Effective_04182022_Planogram_Updated_04252022/,_C42_Effective_04182022_Planogram_Updated_04252022.pdf,"""8296&#44;8278&#44;6455&#44;8126&#44;6267&#44;6181&#44;4819&#44;4933&#44;4985&#44;6328&#44;""",4/26/22,4/26/22,N
layouts,Coolers,42-2,,2022,4/18/22,1-NewFolderStructure/C042_Coolers/C42_Effective_04182022_Planogram_Updated_04292022/,_C42_Effective_04182022_Planogram_Updated_04292022.pdf,"""8273&#44;6686&#44;6608&#44;6454&#44;6429&#44;6359&#44;6205&#44;4991&#44;4870&#44;4839&#44;4786&#44;4781&#44;4750&#44;4728&#44;""",5/2/22,4/29/22,N
layouts,Bakery Tables,"""37&#44;77""",,2022,5/2/22,1-NewFolderStructure/C037_C077_Bakery_Tables/C37_77_Bakery_Tables_Effective_05022022_Updated_04222022/,_C37_77_Bakery_Tables_Effective_05022022_Updated_04222022.pdf,"""4109&#44;4702&#44;4703&#44;4704&#44;4707&#44;4709&#44;4710&#44;4711&#44;4712&#44;4713&#44;4718&#44;4720&#44;4721&#44;4722&#44;4724&#44;4728&#44;4729&#44;4730&#44;4731&#44;4732&#44;4735&#44;4736&#44;4738&#44;4739&#44;4740&#44;4741&#44;4742&#44;4743&#44;4745&#44;4749&#44;4750&#44;4755&#44;4761&#44;4763&#44;4764&#44;4767&#44;4768&#44;4769&#44;4770&#44;4771&#44;4772&#44;4774&#44;4775&#44;4776&#44;4777&#44;4778&#44;4780&#44;4781&#44;4782&#44;4783&#44;4784&#44;4785&#44;4786&#44;4787&#44;4789&#44;4790&#44;4791&#44;4794&#44;4795&#44;4797&#44;4798&#44;4799&#44;4801&#44;4802&#44;4804&#44;4805&#44;4808&#44;4815&#44;4816&#44;4817&#44;4818&#44;4819&#44;4820&#44;4822&#44;4824&#44;4825&#44;4828&#44;4829&#44;4830&#44;4831&#44;4836&#44;4837&#44;4839&#44;4840&#44;4843&#44;4846&#44;4847&#44;4850&#44;4851&#44;4852&#44;4853&#44;4855&#44;4857&#44;4859&#44;4860&#44;4861&#44;4866&#44;4870&#44;4871&#44;4872&#44;4873&#44;4874&#44;4875&#44;4876&#44;4878&#44;4879&#44;4901&#44;4905&#44;4906&#44;4908&#44;4911&#44;4914&#44;4915&#44;4917&#44;4920&#44;4925&#44;4926&#44;4933&#44;4936&#44;4938&#44;4939&#44;4942&#44;4944&#44;4946&#44;4947&#44;4948&#44;4950&#44;4952&#44;4955&#44;4958&#44;4961&#44;4962&#44;4963&#44;4969&#44;4972&#44;4973&#44;4974&#44;4982&#44;4983&#44;4985&#44;4987&#44;4989&#44;4990&#44;4991&#44;4992&#44;4994&#44;4996&#44;4998&#44;4999&#44;6181&#44;6188&#44;6189&#44;6201&#44;6202&#44;6203&#44;6204&#44;6205&#44;6212&#44;6213&#44;6216&#44;6217&#44;6218&#44;6219&#44;6220&#44;6225&#44;6228&#44;6235&#44;6236&#44;6238&#44;6239&#44;6240&#44;6242&#44;6244&#44;6245&#44;6246&#44;6247&#44;6249&#44;6251&#44;6252&#44;6254&#44;6255&#44;6256&#44;6257&#44;6259&#44;6260&#44;6261&#44;6262&#44;6265&#44;6267&#44;6269&#44;6270&#44;6275&#44;6302&#44;6304&#44;6305&#44;6307&#44;6308&#44;6309&#44;6310&#44;6311&#44;6312&#44;6313&#44;6314&#44;6315&#44;6317&#44;6319&#44;6320&#44;6321&#44;6322&#44;6324&#44;6325&#44;6326&#44;6327&#44;6328&#44;6329&#44;6330&#44;6331&#44;6332&#44;6333&#44;6334&#44;6335&#44;6336&#44;6338&#44;6339&#44;6341&#44;6342&#44;6343&#44;6344&#44;6345&#44;6347&#44;6348&#44;6349&#44;6350&#44;6351&#44;6352&#44;6353&#44;6354&#44;6355&#44;6356&#44;6357&#44;6358&#44;6359&#44;6360&#44;6361&#44;6363&#44;6364&#44;6365&#44;6366&#44;6367&#44;6368&#44;6369&#44;6371&#44;6372&#44;6373&#44;6375&#44;6376&#44;6378&#44;6379&#44;6380&#44;6381&#44;6382&#44;6383&#44;6384&#44;6385&#44;6386&#44;6387&#44;6388&#44;6401&#44;6402&#44;6403&#44;6404&#44;6405&#44;6406&#44;6407&#44;6408&#44;6409&#44;6410&#44;6412&#44;6413&#44;6414&#44;6415&#44;6417&#44;6418&#44;6419&#44;6420&#44;6421&#44;6422&#44;6423&#44;6424&#44;6425&#44;6426&#44;6427&#44;6428&#44;6429&#44;6430&#44;6431&#44;6432&#44;6433&#44;6434&#44;6435&#44;6436&#44;6437&#44;6439&#44;6440&#44;6441&#44;6443&#44;6444&#44;6445&#44;6448&#44;6449&#44;6450&#44;6452&#44;6453&#44;6454&#44;6455&#44;6456&#44;6457&#44;6458&#44;6460&#44;6461&#44;6462&#44;6463&#44;6464&#44;6471&#44;6472&#44;6474&#44;6479&#44;6482&#44;6485&#44;6487&#44;6489&#44;6501&#44;6502&#44;6503&#44;6505&#44;6506&#44;6507&#44;6509&#44;6510&#44;6512&#44;6514&#44;6517&#44;6518&#44;6520&#44;6521&#44;6524&#44;6527&#44;6528&#44;6535&#44;6536&#44;6539&#44;6540&#44;6543&#44;6547&#44;6549&#44;6556&#44;6562&#44;6565&#44;6567&#44;6568&#44;6569&#44;6570&#44;6571&#44;6572&#44;6573&#44;6575&#44;6581&#44;6582&#44;6604&#44;6605&#44;6606&#44;6608&#44;6609&#44;6610&#44;6612&#44;6613&#44;6614&#44;6615&#44;6616&#44;6617&#44;6619&#44;6620&#44;6621&#44;6622&#44;6624&#44;6626&#44;6628&#44;6630&#44;6631&#44;6632&#44;6633&#44;6634&#44;6635&#44;6636&#44;6637&#44;6643&#44;6644&#44;6646&#44;6650&#44;6651&#44;6652&#44;6653&#44;6655&#44;6657&#44;6658&#44;6659&#44;6660&#44;6661&#44;6662&#44;6663&#44;6664&#44;6666&#44;6667&#44;6670&#44;6671&#44;6672&#44;6673&#44;6674&#44;6675&#44;6676&#44;6677&#44;6678&#44;6679&#44;6680&#44;6682&#44;6683&#44;6684&#44;6685&#44;6686&#44;6689&#44;6690&#44;6692&#44;6693&#44;6779&#44;6781&#44;6867&#44;6976&#44;6979&#44;7189&#44;7658&#44;7676&#44;8102&#44;8104&#44;8106&#44;8107&#44;8111&#44;8112&#44;8114&#44;8115&#44;8116&#44;8117&#44;8119&#44;8120&#44;8123&#44;8125&#44;8126&#44;8128&#44;8129&#44;8130&#44;8132&#44;8133&#44;8134&#44;8135&#44;8136&#44;8138&#44;8139&#44;8141&#44;8142&#44;8144&#44;8145&#44;8146&#44;8147&#44;8149&#44;8150&#44;8151&#44;8152&#44;8153&#44;8155&#44;8156&#44;8157&#44;8158&#44;8160&#44;8161&#44;8162&#44;8163&#44;8164&#44;8165&#44;8166&#44;8167&#44;8168&#44;8169&#44;8172&#44;8173&#44;8174&#44;8175&#44;8176&#44;8177&#44;8180&#44;8181&#44;8182&#44;8183&#44;8184&#44;8185&#44;8186&#44;8188&#44;8189&#44;8190&#44;8191&#44;8192&#44;8193&#44;8194&#44;8196&#44;8197&#44;8201&#44;8202&#44;8203&#44;8205&#44;8207&#44;8208&#44;8209&#44;8210&#44;8211&#44;8213&#44;8215&#44;8218&#44;8219&#44;8220&#44;8221&#44;8222&#44;8223&#44;8224&#44;8225&#44;8226&#44;8227&#44;8228&#44;8236&#44;8237&#44;8238&#44;8239&#44;8241&#44;8242&#44;8243&#44;8244&#44;8245&#44;8246&#44;8247&#44;8248&#44;8250&#44;8251&#44;8252&#44;8253&#44;8254&#44;8256&#44;8257&#44;8259&#44;8261&#44;8262&#44;8263&#44;8264&#44;8265&#44;8266&#44;8267&#44;8268&#44;8269&#44;8270&#44;8271&#44;8272&#44;8273&#44;8274&#44;8275&#44;8276&#44;8277&#44;8278&#44;8279&#44;8280&#44;8281&#44;8282&#44;8283&#44;8284&#44;8285&#44;8286&#44;8287&#44;8288&#44;8289&#44;8290&#44;8291&#44;8292&#44;8293&#44;8294&#44;8295&#44;8296&#44;8297&#44;8298&#44;8299&#44;""",4/27/22,4/25/22,N
layouts,Bakery Dessert,"""37-2&#44;77-2""",,2022,5/2/22,1-NewFolderStructure/C037_C077_Bakery_Dessert/C77_C37_Effective_05022022_Updated_04222022/,_C77_C37_Effective_05022022_Updated_04222022.pdf,"""4109&#44;4702&#44;4703&#44;4704&#44;4707&#44;4709&#44;4710&#44;4711&#44;4712&#44;4713&#44;4718&#44;4720&#44;4721&#44;4722&#44;4724&#44;4728&#44;4729&#44;4730&#44;4731&#44;4732&#44;4735&#44;4736&#44;4738&#44;4739&#44;4740&#44;4741&#44;4742&#44;4743&#44;4745&#44;4749&#44;4750&#44;4755&#44;4761&#44;4763&#44;4764&#44;4767&#44;4768&#44;4769&#44;4770&#44;4771&#44;4772&#44;4774&#44;4775&#44;4776&#44;4777&#44;4778&#44;4780&#44;4781&#44;4782&#44;4783&#44;4784&#44;4785&#44;4786&#44;4787&#44;4789&#44;4790&#44;4791&#44;4794&#44;4795&#44;4797&#44;4798&#44;4799&#44;4801&#44;4802&#44;4804&#44;4805&#44;4808&#44;4815&#44;4816&#44;4817&#44;4818&#44;4819&#44;4820&#44;4822&#44;4824&#44;4825&#44;4828&#44;4829&#44;4830&#44;4831&#44;4836&#44;4837&#44;4839&#44;4840&#44;4843&#44;4846&#44;4847&#44;4850&#44;4851&#44;4852&#44;4853&#44;4855&#44;4857&#44;4859&#44;4860&#44;4861&#44;4866&#44;4870&#44;4871&#44;4872&#44;4873&#44;4874&#44;4875&#44;4876&#44;4878&#44;4879&#44;4901&#44;4905&#44;4906&#44;4908&#44;4911&#44;4914&#44;4915&#44;4917&#44;4920&#44;4925&#44;4926&#44;4933&#44;4936&#44;4938&#44;4939&#44;4942&#44;4944&#44;4946&#44;4947&#44;4948&#44;4950&#44;4952&#44;4955&#44;4958&#44;4961&#44;4962&#44;4963&#44;4969&#44;4972&#44;4973&#44;4974&#44;4982&#44;4983&#44;4985&#44;4987&#44;4989&#44;4990&#44;4991&#44;4992&#44;4994&#44;4996&#44;4998&#44;4999&#44;6181&#44;6188&#44;6189&#44;6201&#44;6202&#44;6203&#44;6204&#44;6205&#44;6212&#44;6213&#44;6216&#44;6217&#44;6218&#44;6219&#44;6220&#44;6225&#44;6228&#44;6235&#44;6236&#44;6238&#44;6239&#44;6240&#44;6242&#44;6244&#44;6245&#44;6246&#44;6247&#44;6249&#44;6251&#44;6252&#44;6254&#44;6255&#44;6256&#44;6257&#44;6259&#44;6260&#44;6261&#44;6262&#44;6265&#44;6267&#44;6269&#44;6270&#44;6275&#44;6302&#44;6304&#44;6305&#44;6307&#44;6308&#44;6309&#44;6310&#44;6311&#44;6312&#44;6313&#44;6314&#44;6315&#44;6317&#44;6319&#44;6320&#44;6321&#44;6322&#44;6324&#44;6325&#44;6326&#44;6327&#44;6328&#44;6329&#44;6330&#44;6331&#44;6332&#44;6333&#44;6334&#44;6335&#44;6336&#44;6338&#44;6339&#44;6341&#44;6342&#44;6343&#44;6344&#44;6345&#44;6347&#44;6348&#44;6349&#44;6350&#44;6351&#44;6352&#44;6353&#44;6354&#44;6355&#44;6356&#44;6357&#44;6358&#44;6359&#44;6360&#44;6361&#44;6363&#44;6364&#44;6365&#44;6366&#44;6367&#44;6368&#44;6369&#44;6371&#44;6372&#44;6373&#44;6375&#44;6376&#44;6377&#44;6378&#44;6379&#44;6380&#44;6381&#44;6382&#44;6383&#44;6384&#44;6385&#44;6386&#44;6387&#44;6388&#44;6401&#44;6402&#44;6403&#44;6404&#44;6405&#44;6406&#44;6407&#44;6408&#44;6409&#44;6410&#44;6412&#44;6413&#44;6414&#44;6415&#44;6417&#44;6418&#44;6419&#44;6420&#44;6421&#44;6422&#44;6423&#44;6424&#44;6425&#44;6426&#44;6427&#44;6428&#44;6429&#44;6430&#44;6431&#44;6432&#44;6433&#44;6434&#44;6435&#44;6436&#44;6437&#44;6439&#44;6440&#44;6441&#44;6443&#44;6444&#44;6445&#44;6448&#44;6449&#44;6450&#44;6452&#44;6453&#44;6454&#44;6455&#44;6456&#44;6457&#44;6458&#44;6460&#44;6461&#44;6462&#44;6463&#44;6464&#44;6471&#44;6472&#44;6474&#44;6479&#44;6482&#44;6485&#44;6487&#44;6489&#44;6501&#44;6502&#44;6503&#44;6505&#44;6506&#44;6507&#44;6509&#44;6510&#44;6512&#44;6514&#44;6517&#44;6518&#44;6520&#44;6521&#44;6524&#44;6527&#44;6528&#44;6535&#44;6536&#44;6539&#44;6540&#44;6543&#44;6547&#44;6549&#44;6556&#44;6562&#44;6565&#44;6567&#44;6568&#44;6569&#44;6570&#44;6571&#44;6572&#44;6573&#44;6575&#44;6581&#44;6582&#44;6604&#44;6605&#44;6606&#44;6608&#44;6609&#44;6610&#44;6612&#44;6613&#44;6614&#44;6615&#44;6616&#44;6617&#44;6619&#44;6620&#44;6621&#44;6622&#44;6624&#44;6626&#44;6628&#44;6630&#44;6631&#44;6632&#44;6633&#44;6634&#44;6635&#44;6636&#44;6637&#44;6643&#44;6644&#44;6646&#44;6650&#44;6651&#44;6652&#44;6653&#44;6655&#44;6657&#44;6658&#44;6659&#44;6660&#44;6661&#44;6662&#44;6663&#44;6664&#44;6666&#44;6667&#44;6670&#44;6671&#44;6672&#44;6673&#44;6674&#44;6675&#44;6676&#44;6677&#44;6678&#44;6679&#44;6680&#44;6682&#44;6683&#44;6684&#44;6685&#44;6686&#44;6689&#44;6690&#44;6692&#44;6693&#44;6779&#44;6781&#44;6867&#44;6976&#44;6979&#44;7189&#44;7658&#44;7676&#44;8102&#44;8104&#44;8106&#44;8107&#44;8111&#44;8112&#44;8114&#44;8115&#44;8116&#44;8117&#44;8119&#44;8120&#44;8123&#44;8125&#44;8126&#44;8128&#44;8129&#44;8130&#44;8132&#44;8133&#44;8134&#44;8135&#44;8136&#44;8138&#44;8139&#44;8141&#44;8142&#44;8144&#44;8145&#44;8146&#44;8147&#44;8149&#44;8150&#44;8151&#44;8152&#44;8153&#44;8155&#44;8156&#44;8157&#44;8158&#44;8160&#44;8161&#44;8162&#44;8163&#44;8164&#44;8165&#44;8166&#44;8167&#44;8168&#44;8169&#44;8172&#44;8173&#44;8174&#44;8175&#44;8176&#44;8177&#44;8180&#44;8181&#44;8182&#44;8183&#44;8184&#44;8185&#44;8186&#44;8188&#44;8189&#44;8190&#44;8191&#44;8192&#44;8193&#44;8194&#44;8196&#44;8197&#44;8201&#44;8202&#44;8203&#44;8205&#44;8207&#44;8208&#44;8209&#44;8210&#44;8211&#44;8213&#44;8215&#44;8218&#44;8219&#44;8220&#44;8221&#44;8222&#44;8223&#44;8224&#44;8225&#44;8226&#44;8227&#44;8228&#44;8236&#44;8237&#44;8238&#44;8239&#44;8241&#44;8242&#44;8243&#44;8244&#44;8245&#44;8246&#44;8247&#44;8248&#44;8250&#44;8251&#44;8252&#44;8253&#44;8254&#44;8256&#44;8257&#44;8259&#44;8261&#44;8262&#44;8263&#44;8264&#44;8265&#44;8266&#44;8267&#44;8268&#44;8269&#44;8270&#44;8271&#44;8272&#44;8273&#44;8274&#44;8275&#44;8276&#44;8277&#44;8278&#44;8279&#44;8280&#44;8281&#44;8282&#44;8283&#44;8284&#44;8285&#44;8286&#44;8287&#44;8288&#44;8289&#44;8290&#44;8291&#44;8292&#44;8293&#44;8294&#44;8295&#44;8296&#44;8297&#44;8298&#44;8299&#44;""",4/27/22,4/25/22,N
layouts,Cake Case,"""37-3&#44;77-3""",,2022,5/2/22,1-NewFolderStructure/C037_C077_Cake_Case/C77_C37_Effective_05022022_Updated_04222022/,_C77_C37_Effective_05022022_Updated_04222022.pdf,"""4109&#44;4702&#44;4703&#44;4704&#44;4707&#44;4709&#44;4710&#44;4711&#44;4712&#44;4713&#44;4718&#44;4720&#44;4721&#44;4722&#44;4724&#44;4728&#44;4729&#44;4730&#44;4731&#44;4732&#44;4735&#44;4736&#44;4738&#44;4739&#44;4740&#44;4741&#44;4742&#44;4743&#44;4745&#44;4749&#44;4750&#44;4755&#44;4761&#44;4763&#44;4764&#44;4767&#44;4768&#44;4769&#44;4770&#44;4771&#44;4772&#44;4774&#44;4775&#44;4776&#44;4777&#44;4778&#44;4780&#44;4781&#44;4782&#44;4783&#44;4784&#44;4785&#44;4786&#44;4787&#44;4789&#44;4790&#44;4791&#44;4794&#44;4795&#44;4797&#44;4798&#44;4799&#44;4801&#44;4802&#44;4804&#44;4805&#44;4808&#44;4815&#44;4816&#44;4817&#44;4818&#44;4819&#44;4820&#44;4822&#44;4824&#44;4825&#44;4828&#44;4829&#44;4830&#44;4831&#44;4836&#44;4837&#44;4839&#44;4840&#44;4843&#44;4846&#44;4847&#44;4850&#44;4851&#44;4852&#44;4853&#44;4855&#44;4857&#44;4859&#44;4860&#44;4861&#44;4866&#44;4870&#44;4871&#44;4872&#44;4873&#44;4874&#44;4875&#44;4876&#44;4878&#44;4879&#44;4901&#44;4905&#44;4906&#44;4908&#44;4911&#44;4914&#44;4915&#44;4917&#44;4920&#44;4925&#44;4926&#44;4933&#44;4936&#44;4938&#44;4939&#44;4942&#44;4944&#44;4946&#44;4947&#44;4948&#44;4950&#44;4952&#44;4955&#44;4958&#44;4961&#44;4962&#44;4963&#44;4969&#44;4972&#44;4973&#44;4974&#44;4982&#44;4983&#44;4985&#44;4987&#44;4989&#44;4990&#44;4991&#44;4992&#44;4994&#44;4996&#44;4998&#44;4999&#44;6181&#44;6188&#44;6189&#44;6201&#44;6202&#44;6203&#44;6204&#44;6205&#44;6212&#44;6213&#44;6216&#44;6217&#44;6218&#44;6219&#44;6220&#44;6225&#44;6228&#44;6235&#44;6236&#44;6238&#44;6239&#44;6240&#44;6242&#44;6244&#44;6245&#44;6246&#44;6247&#44;6249&#44;6251&#44;6252&#44;6254&#44;6255&#44;6256&#44;6257&#44;6259&#44;6260&#44;6261&#44;6262&#44;6265&#44;6267&#44;6269&#44;6270&#44;6275&#44;6302&#44;6304&#44;6305&#44;6307&#44;6308&#44;6309&#44;6310&#44;6311&#44;6312&#44;6313&#44;6314&#44;6315&#44;6317&#44;6319&#44;6320&#44;6321&#44;6322&#44;6324&#44;6325&#44;6326&#44;6327&#44;6328&#44;6329&#44;6330&#44;6331&#44;6332&#44;6333&#44;6334&#44;6335&#44;6336&#44;6338&#44;6339&#44;6341&#44;6342&#44;6343&#44;6344&#44;6345&#44;6347&#44;6348&#44;6349&#44;6350&#44;6351&#44;6352&#44;6353&#44;6354&#44;6355&#44;6356&#44;6357&#44;6358&#44;6359&#44;6360&#44;6361&#44;6363&#44;6364&#44;6365&#44;6366&#44;6367&#44;6368&#44;6369&#44;6371&#44;6372&#44;6373&#44;6375&#44;6376&#44;6377&#44;6378&#44;6379&#44;6380&#44;6381&#44;6382&#44;6383&#44;6384&#44;6385&#44;6386&#44;6387&#44;6388&#44;6401&#44;6402&#44;6403&#44;6404&#44;6405&#44;6406&#44;6407&#44;6408&#44;6409&#44;6410&#44;6412&#44;6413&#44;6414&#44;6415&#44;6417&#44;6418&#44;6419&#44;6420&#44;6421&#44;6422&#44;6423&#44;6424&#44;6425&#44;6426&#44;6427&#44;6428&#44;6429&#44;6430&#44;6431&#44;6432&#44;6433&#44;6434&#44;6435&#44;6436&#44;6437&#44;6439&#44;6440&#44;6441&#44;6443&#44;6444&#44;6445&#44;6448&#44;6449&#44;6450&#44;6452&#44;6453&#44;6454&#44;6455&#44;6456&#44;6457&#44;6458&#44;6460&#44;6461&#44;6462&#44;6463&#44;6464&#44;6471&#44;6472&#44;6474&#44;6479&#44;6482&#44;6485&#44;6487&#44;6489&#44;6501&#44;6502&#44;6503&#44;6505&#44;6506&#44;6507&#44;6509&#44;6510&#44;6512&#44;6514&#44;6517&#44;6518&#44;6520&#44;6521&#44;6524&#44;6527&#44;6528&#44;6535&#44;6536&#44;6539&#44;6540&#44;6543&#44;6547&#44;6549&#44;6556&#44;6562&#44;6565&#44;6567&#44;6568&#44;6569&#44;6570&#44;6571&#44;6572&#44;6573&#44;6575&#44;6581&#44;6582&#44;6604&#44;6605&#44;6606&#44;6608&#44;6609&#44;6610&#44;6612&#44;6613&#44;6614&#44;6615&#44;6616&#44;6617&#44;6619&#44;6620&#44;6621&#44;6622&#44;6624&#44;6626&#44;6628&#44;6630&#44;6631&#44;6632&#44;6633&#44;6634&#44;6635&#44;6636&#44;6637&#44;6643&#44;6644&#44;6646&#44;6650&#44;6651&#44;6652&#44;6653&#44;6655&#44;6657&#44;6658&#44;6659&#44;6660&#44;6661&#44;6662&#44;6663&#44;6664&#44;6666&#44;6667&#44;6670&#44;6671&#44;6672&#44;6673&#44;6674&#44;6675&#44;6676&#44;6677&#44;6678&#44;6679&#44;6680&#44;6682&#44;6683&#44;6684&#44;6685&#44;6686&#44;6689&#44;6690&#44;6692&#44;6693&#44;6779&#44;6781&#44;6867&#44;6976&#44;6979&#44;7189&#44;7658&#44;7676&#44;8102&#44;8104&#44;8106&#44;8107&#44;8111&#44;8112&#44;8114&#44;8115&#44;8116&#44;8117&#44;8119&#44;8120&#44;8123&#44;8125&#44;8126&#44;8128&#44;8129&#44;8130&#44;8132&#44;8133&#44;8134&#44;8135&#44;8136&#44;8138&#44;8139&#44;8141&#44;8142&#44;8144&#44;8145&#44;8146&#44;8147&#44;8149&#44;8150&#44;8151&#44;8152&#44;8153&#44;8155&#44;8156&#44;8157&#44;8158&#44;8160&#44;8161&#44;8162&#44;8163&#44;8164&#44;8165&#44;8166&#44;8167&#44;8168&#44;8169&#44;8172&#44;8173&#44;8174&#44;8175&#44;8176&#44;8177&#44;8180&#44;8181&#44;8182&#44;8183&#44;8184&#44;8185&#44;8186&#44;8188&#44;8189&#44;8190&#44;8191&#44;8192&#44;8193&#44;8194&#44;8196&#44;8197&#44;8201&#44;8202&#44;8203&#44;8205&#44;8207&#44;8208&#44;8209&#44;8210&#44;8211&#44;8213&#44;8215&#44;8218&#44;8219&#44;8220&#44;8221&#44;8222&#44;8223&#44;8224&#44;8225&#44;8226&#44;8227&#44;8228&#44;8236&#44;8237&#44;8238&#44;8239&#44;8241&#44;8242&#44;8243&#44;8244&#44;8245&#44;8246&#44;8247&#44;8248&#44;8250&#44;8251&#44;8252&#44;8253&#44;8254&#44;8256&#44;8257&#44;8259&#44;8261&#44;8262&#44;8263&#44;8264&#44;8265&#44;8266&#44;8267&#44;8268&#44;8269&#44;8270&#44;8271&#44;8272&#44;8273&#44;8274&#44;8275&#44;8276&#44;8277&#44;8278&#44;8279&#44;8280&#44;8281&#44;8282&#44;8283&#44;8284&#44;8285&#44;8286&#44;8287&#44;8288&#44;8289&#44;8290&#44;8291&#44;8292&#44;8293&#44;8294&#44;8295&#44;8296&#44;8297&#44;8298&#44;8299&#44;""",4/27/22,4/25/22,N
layouts,Bakery Pallets,"""37-4&#44;77-4""",,2022,5/2/22,1-NewFolderStructure/C037_C077_Bakery_Pallets/C37_77_Bakery_Pallets_Effective_05022022_Updated_04222022/,_C37_77_Bakery_Pallets_Effective_05022022_Updated_04222022.pdf,"""6690&#44;6689&#44;6410&#44;6680&#44;6543&#44;4755&#44;6270&#44;4866&#44;6225&#44;""",4/25/22,4/25/22,N
layouts,Deli,57,,2022,5/2/22,1-NewFolderStructure/C057_Deli/C57_Effective_05022022_Planogram_Update_04-26-2022/,_C57_Effective_05022022_Planogram_Update_04-26-2022.pdf,"""6328&#44;""",4/26/22,4/26/22,N
layouts,Café Grab and Go,79-3,,2022,5/2/22,1-NewFolderStructure/C079_Cafe_Grab_n_Go/C79_Cafe_Grab_and_Go_Effective_05022022/,_C79_Cafe_Grab_and_Go.pdf,"""4109&#44;4702&#44;4703&#44;4704&#44;4707&#44;4709&#44;4710&#44;4711&#44;4712&#44;4713&#44;4718&#44;4720&#44;4721&#44;4722&#44;4724&#44;4728&#44;4729&#44;4730&#44;4731&#44;4732&#44;4735&#44;4736&#44;4738&#44;4739&#44;4740&#44;4741&#44;4742&#44;4743&#44;4745&#44;4749&#44;4750&#44;4755&#44;4761&#44;4763&#44;4764&#44;4767&#44;4768&#44;4769&#44;4770&#44;4771&#44;4772&#44;4774&#44;4775&#44;4776&#44;4777&#44;4778&#44;4780&#44;4781&#44;4782&#44;4783&#44;4784&#44;4785&#44;4786&#44;4787&#44;4789&#44;4790&#44;4791&#44;4794&#44;4795&#44;4797&#44;4798&#44;4799&#44;4801&#44;4802&#44;4804&#44;4805&#44;4808&#44;4815&#44;4816&#44;4817&#44;4818&#44;4819&#44;4820&#44;4822&#44;4824&#44;4825&#44;4828&#44;4829&#44;4830&#44;4831&#44;4836&#44;4837&#44;4839&#44;4840&#44;4843&#44;4846&#44;4847&#44;4850&#44;4851&#44;4852&#44;4853&#44;4855&#44;4857&#44;4859&#44;4860&#44;4861&#44;4866&#44;4870&#44;4871&#44;4872&#44;4873&#44;4874&#44;4875&#44;4876&#44;4878&#44;4879&#44;4901&#44;4905&#44;4906&#44;4908&#44;4911&#44;4914&#44;4915&#44;4917&#44;4920&#44;4925&#44;4926&#44;4930&#44;4933&#44;4936&#44;4938&#44;4939&#44;4942&#44;4944&#44;4946&#44;4947&#44;4948&#44;4950&#44;4952&#44;4955&#44;4958&#44;4961&#44;4962&#44;4963&#44;4969&#44;4972&#44;4973&#44;4974&#44;4982&#44;4983&#44;4985&#44;4987&#44;4989&#44;4990&#44;4991&#44;4992&#44;4994&#44;4996&#44;4998&#44;4999&#44;6181&#44;6188&#44;6189&#44;6201&#44;6202&#44;6203&#44;6204&#44;6205&#44;6212&#44;6213&#44;6216&#44;6217&#44;6218&#44;6219&#44;6220&#44;6225&#44;6228&#44;6235&#44;6236&#44;6238&#44;6239&#44;6240&#44;6242&#44;6244&#44;6245&#44;6246&#44;6247&#44;6249&#44;6251&#44;6252&#44;6254&#44;6255&#44;6256&#44;6257&#44;6259&#44;6260&#44;6261&#44;6262&#44;6265&#44;6267&#44;6269&#44;6270&#44;6275&#44;6302&#44;6304&#44;6305&#44;6307&#44;6308&#44;6309&#44;6310&#44;6311&#44;6312&#44;6313&#44;6314&#44;6315&#44;6317&#44;6319&#44;6320&#44;6321&#44;6322&#44;6324&#44;6325&#44;6326&#44;6327&#44;6328&#44;6329&#44;6330&#44;6331&#44;6332&#44;6333&#44;6334&#44;6335&#44;6336&#44;6338&#44;6339&#44;6341&#44;6342&#44;6343&#44;6344&#44;6345&#44;6347&#44;6348&#44;6349&#44;6350&#44;6351&#44;6352&#44;6353&#44;6354&#44;6355&#44;6356&#44;6357&#44;6358&#44;6359&#44;6360&#44;6361&#44;6363&#44;6364&#44;6365&#44;6366&#44;6367&#44;6368&#44;6369&#44;6371&#44;6372&#44;6373&#44;6375&#44;6376&#44;6377&#44;6378&#44;6379&#44;6380&#44;6381&#44;6382&#44;6383&#44;6384&#44;6385&#44;6386&#44;6387&#44;6388&#44;6401&#44;6402&#44;6403&#44;6404&#44;6405&#44;6406&#44;6407&#44;6408&#44;6409&#44;6410&#44;6412&#44;6413&#44;6414&#44;6415&#44;6417&#44;6418&#44;6419&#44;6420&#44;6421&#44;6422&#44;6423&#44;6424&#44;6425&#44;6426&#44;6427&#44;6428&#44;6429&#44;6430&#44;6431&#44;6432&#44;6433&#44;6434&#44;6435&#44;6436&#44;6437&#44;6439&#44;6440&#44;6441&#44;6443&#44;6444&#44;6445&#44;6448&#44;6449&#44;6450&#44;6452&#44;6453&#44;6454&#44;6455&#44;6456&#44;6457&#44;6458&#44;6460&#44;6461&#44;6462&#44;6463&#44;6464&#44;6471&#44;6472&#44;6474&#44;6479&#44;6482&#44;6485&#44;6487&#44;6489&#44;6501&#44;6502&#44;6503&#44;6505&#44;6506&#44;6507&#44;6509&#44;6510&#44;6512&#44;6514&#44;6517&#44;6518&#44;6520&#44;6521&#44;6524&#44;6527&#44;6528&#44;6533&#44;6535&#44;6536&#44;6539&#44;6540&#44;6543&#44;6547&#44;6549&#44;6556&#44;6562&#44;6565&#44;6567&#44;6568&#44;6569&#44;6570&#44;6571&#44;6572&#44;6573&#44;6575&#44;6581&#44;6582&#44;6604&#44;6605&#44;6606&#44;6608&#44;6609&#44;6610&#44;6612&#44;6613&#44;6614&#44;6615&#44;6616&#44;6617&#44;6619&#44;6620&#44;6621&#44;6622&#44;6624&#44;6626&#44;6628&#44;6630&#44;6631&#44;6632&#44;6633&#44;6634&#44;6635&#44;6636&#44;6637&#44;6643&#44;6644&#44;6646&#44;6650&#44;6651&#44;6652&#44;6653&#44;6655&#44;6657&#44;6658&#44;6659&#44;6660&#44;6661&#44;6662&#44;6663&#44;6664&#44;6666&#44;6667&#44;6670&#44;6671&#44;6672&#44;6673&#44;6674&#44;6675&#44;6676&#44;6677&#44;6678&#44;6679&#44;6680&#44;6682&#44;6683&#44;6684&#44;6685&#44;6686&#44;6689&#44;6690&#44;6692&#44;6693&#44;6779&#44;6781&#44;6867&#44;6976&#44;6979&#44;7189&#44;7658&#44;7676&#44;8102&#44;8104&#44;8106&#44;8107&#44;8111&#44;8112&#44;8114&#44;8115&#44;8116&#44;8117&#44;8119&#44;8120&#44;8123&#44;8125&#44;8126&#44;8128&#44;8129&#44;8130&#44;8132&#44;8133&#44;8134&#44;8135&#44;8136&#44;8138&#44;8139&#44;8141&#44;8142&#44;8144&#44;8145&#44;8146&#44;8147&#44;8149&#44;8150&#44;8151&#44;8152&#44;8153&#44;8155&#44;8156&#44;8157&#44;8158&#44;8160&#44;8161&#44;8162&#44;8163&#44;8164&#44;8165&#44;8166&#44;8167&#44;8168&#44;8169&#44;8172&#44;8173&#44;8174&#44;8175&#44;8176&#44;8177&#44;8180&#44;8181&#44;8182&#44;8183&#44;8184&#44;8185&#44;8186&#44;8188&#44;8189&#44;8190&#44;8191&#44;8192&#44;8193&#44;8194&#44;8196&#44;8197&#44;8201&#44;8202&#44;8203&#44;8205&#44;8207&#44;8208&#44;8209&#44;8210&#44;8211&#44;8213&#44;8215&#44;8218&#44;8219&#44;8220&#44;8221&#44;8222&#44;8223&#44;8224&#44;8225&#44;8226&#44;8227&#44;8228&#44;8236&#44;8237&#44;8238&#44;8239&#44;8241&#44;8242&#44;8243&#44;8244&#44;8245&#44;8246&#44;8247&#44;8248&#44;8250&#44;8251&#44;8252&#44;8253&#44;8254&#44;8256&#44;8257&#44;8259&#44;8261&#44;8262&#44;8263&#44;8264&#44;8265&#44;8266&#44;8267&#44;8268&#44;8269&#44;8270&#44;8271&#44;8272&#44;8273&#44;8274&#44;8275&#44;8276&#44;8277&#44;8278&#44;8279&#44;8280&#44;8281&#44;8282&#44;8283&#44;8284&#44;8285&#44;8286&#44;8287&#44;8288&#44;8289&#44;8290&#44;8291&#44;8292&#44;8293&#44;8294&#44;8295&#44;8296&#44;8297&#44;8298&#44;8299&#44;""",4/27/22,4/27/22,N
layouts,HMS,79-2,,2022,5/2/22,1-NewFolderStructure/C079_HMS/C079_HMS_EFFECTIVE_05022022/,_C79_HMS_EFFECTIVE_5022022.pdf,"""4109&#44;4702&#44;4703&#44;4704&#44;4707&#44;4709&#44;4710&#44;4711&#44;4712&#44;4713&#44;4718&#44;4720&#44;4721&#44;4722&#44;4724&#44;4728&#44;4729&#44;4730&#44;4731&#44;4732&#44;4735&#44;4736&#44;4738&#44;4739&#44;4740&#44;4741&#44;4742&#44;4743&#44;4745&#44;4749&#44;4750&#44;4755&#44;4761&#44;4763&#44;4764&#44;4767&#44;4768&#44;4769&#44;4770&#44;4771&#44;4772&#44;4774&#44;4775&#44;4776&#44;4777&#44;4778&#44;4780&#44;4781&#44;4782&#44;4783&#44;4784&#44;4785&#44;4786&#44;4787&#44;4789&#44;4790&#44;4791&#44;4794&#44;4795&#44;4797&#44;4798&#44;4799&#44;4801&#44;4802&#44;4804&#44;4805&#44;4808&#44;4815&#44;4816&#44;4817&#44;4818&#44;4819&#44;4820&#44;4822&#44;4824&#44;4825&#44;4828&#44;4829&#44;4830&#44;4831&#44;4836&#44;4837&#44;4839&#44;4840&#44;4843&#44;4846&#44;4847&#44;4850&#44;4851&#44;4852&#44;4853&#44;4855&#44;4857&#44;4859&#44;4860&#44;4861&#44;4866&#44;4870&#44;4871&#44;4872&#44;4873&#44;4874&#44;4875&#44;4876&#44;4878&#44;4879&#44;4901&#44;4905&#44;4906&#44;4908&#44;4911&#44;4914&#44;4915&#44;4917&#44;4920&#44;4925&#44;4926&#44;4930&#44;4933&#44;4936&#44;4938&#44;4939&#44;4942&#44;4944&#44;4946&#44;4947&#44;4948&#44;4950&#44;4952&#44;4955&#44;4958&#44;4961&#44;4962&#44;4963&#44;4969&#44;4972&#44;4973&#44;4974&#44;4982&#44;4983&#44;4985&#44;4987&#44;4989&#44;4990&#44;4991&#44;4992&#44;4994&#44;4996&#44;4998&#44;4999&#44;6181&#44;6188&#44;6189&#44;6201&#44;6202&#44;6203&#44;6204&#44;6205&#44;6212&#44;6213&#44;6216&#44;6217&#44;6218&#44;6219&#44;6220&#44;6225&#44;6228&#44;6235&#44;6236&#44;6238&#44;6239&#44;6240&#44;6242&#44;6244&#44;6245&#44;6246&#44;6247&#44;6249&#44;6251&#44;6252&#44;6254&#44;6255&#44;6256&#44;6257&#44;6259&#44;6260&#44;6261&#44;6262&#44;6265&#44;6267&#44;6269&#44;6270&#44;6275&#44;6302&#44;6304&#44;6305&#44;6307&#44;6308&#44;6309&#44;6310&#44;6311&#44;6312&#44;6313&#44;6314&#44;6315&#44;6317&#44;6319&#44;6320&#44;6321&#44;6322&#44;6324&#44;6325&#44;6326&#44;6327&#44;6328&#44;6329&#44;6330&#44;6331&#44;6332&#44;6333&#44;6334&#44;6335&#44;6336&#44;6338&#44;6339&#44;6341&#44;6342&#44;6343&#44;6344&#44;6345&#44;6347&#44;6348&#44;6349&#44;6350&#44;6351&#44;6352&#44;6353&#44;6354&#44;6355&#44;6356&#44;6357&#44;6358&#44;6359&#44;6360&#44;6361&#44;6363&#44;6364&#44;6365&#44;6366&#44;6367&#44;6368&#44;6369&#44;6371&#44;6372&#44;6373&#44;6375&#44;6376&#44;6377&#44;6378&#44;6379&#44;6380&#44;6381&#44;6382&#44;6383&#44;6384&#44;6385&#44;6386&#44;6387&#44;6388&#44;6401&#44;6402&#44;6403&#44;6404&#44;6405&#44;6406&#44;6407&#44;6408&#44;6409&#44;6410&#44;6412&#44;6413&#44;6414&#44;6415&#44;6417&#44;6418&#44;6419&#44;6420&#44;6421&#44;6422&#44;6423&#44;6424&#44;6425&#44;6426&#44;6427&#44;6428&#44;6429&#44;6430&#44;6431&#44;6432&#44;6433&#44;6434&#44;6435&#44;6436&#44;6437&#44;6439&#44;6440&#44;6441&#44;6443&#44;6444&#44;6445&#44;6448&#44;6449&#44;6450&#44;6452&#44;6453&#44;6454&#44;6455&#44;6456&#44;6457&#44;6458&#44;6460&#44;6461&#44;6462&#44;6463&#44;6464&#44;6471&#44;6472&#44;6474&#44;6479&#44;6482&#44;6485&#44;6487&#44;6489&#44;6501&#44;6502&#44;6503&#44;6505&#44;6506&#44;6507&#44;6509&#44;6510&#44;6512&#44;6514&#44;6517&#44;6518&#44;6520&#44;6521&#44;6524&#44;6527&#44;6528&#44;6533&#44;6535&#44;6536&#44;6539&#44;6540&#44;6543&#44;6547&#44;6549&#44;6556&#44;6562&#44;6565&#44;6567&#44;6568&#44;6569&#44;6570&#44;6571&#44;6572&#44;6573&#44;6575&#44;6581&#44;6582&#44;6604&#44;6605&#44;6606&#44;6608&#44;6609&#44;6610&#44;6612&#44;6613&#44;6614&#44;6615&#44;6616&#44;6617&#44;6619&#44;6620&#44;6621&#44;6622&#44;6624&#44;6626&#44;6628&#44;6630&#44;6631&#44;6632&#44;6633&#44;6634&#44;6635&#44;6636&#44;6637&#44;6643&#44;6644&#44;6646&#44;6650&#44;6651&#44;6652&#44;6653&#44;6655&#44;6657&#44;6658&#44;6659&#44;6660&#44;6661&#44;6662&#44;6663&#44;6664&#44;6666&#44;6667&#44;6670&#44;6671&#44;6672&#44;6673&#44;6674&#44;6675&#44;6676&#44;6677&#44;6678&#44;6679&#44;6680&#44;6682&#44;6683&#44;6684&#44;6685&#44;6686&#44;6689&#44;6690&#44;6692&#44;6779&#44;6781&#44;6867&#44;6976&#44;6979&#44;7189&#44;7658&#44;7676&#44;8102&#44;8104&#44;8106&#44;8107&#44;8111&#44;8112&#44;8114&#44;8115&#44;8116&#44;8117&#44;8119&#44;8120&#44;8123&#44;8125&#44;8126&#44;8128&#44;8129&#44;8130&#44;8132&#44;8133&#44;8134&#44;8135&#44;8136&#44;8138&#44;8139&#44;8141&#44;8142&#44;8144&#44;8145&#44;8146&#44;8147&#44;8149&#44;8150&#44;8151&#44;8152&#44;8153&#44;8155&#44;8156&#44;8157&#44;8158&#44;8160&#44;8161&#44;8162&#44;8163&#44;8164&#44;8165&#44;8166&#44;8167&#44;8168&#44;8169&#44;8172&#44;8173&#44;8174&#44;8175&#44;8176&#44;8177&#44;8180&#44;8181&#44;8182&#44;8183&#44;8184&#44;8185&#44;8186&#44;8188&#44;8189&#44;8190&#44;8191&#44;8192&#44;8193&#44;8194&#44;8196&#44;8197&#44;8201&#44;8202&#44;8203&#44;8205&#44;8207&#44;8208&#44;8209&#44;8210&#44;8211&#44;8213&#44;8215&#44;8218&#44;8219&#44;8220&#44;8221&#44;8222&#44;8223&#44;8224&#44;8225&#44;8226&#44;8227&#44;8228&#44;8236&#44;8237&#44;8238&#44;8239&#44;8241&#44;8242&#44;8243&#44;8244&#44;8245&#44;8246&#44;8247&#44;8248&#44;8250&#44;8251&#44;8252&#44;8253&#44;8254&#44;8256&#44;8257&#44;8259&#44;8261&#44;8262&#44;8263&#44;8264&#44;8265&#44;8266&#44;8267&#44;8268&#44;8269&#44;8270&#44;8271&#44;8272&#44;8273&#44;8274&#44;8275&#44;8276&#44;8277&#44;8278&#44;8279&#44;8280&#44;8281&#44;8282&#44;8283&#44;8284&#44;8285&#44;8286&#44;8287&#44;8288&#44;8289&#44;8290&#44;8291&#44;8292&#44;8293&#44;8294&#44;8295&#44;8296&#44;8297&#44;8298&#44;8299&#44;""",4/29/22,4/28/22,N
layouts,Café Grab and Go,79-3,,2022,5/2/22,1-NewFolderStructure/C079_Cafe_Grab_n_Go/C79_Cafe_Grab_and_Go_Effective_05022022_Updated_05122022/,_C79_Cafe_Grab_and_Go_Effective_05022022_Updated_05122022.pdf,"""6410&#44;6408&#44;4713&#44;6262&#44;""",5/13/22,5/12/22,N
layouts,Cake Case,"""37-3&#44;77-3""",,2022,5/2/22,1-NewFolderStructure/C037_C077_Cake_Case/C77_37_Effective_05022022/,_C77_C37_Effective_05022022_Updated_05192022.pdf,"""4784&#44;""",5/19/22,5/19/22,N
layouts,Meat and Seafood,"""72&#44;76&#44;93""",,2022,5/4/22,1-NewFolderStructure/C076_C072_C093_Fresh_Meat_Seafood/C72_C76_C93_Effective_05042022_Planogram_Updated_04042022/,_C72_C76_C93_Effective_05042022_Planogram_Updated_04042022.pd.pdf,"""4109&#44;4702&#44;4703&#44;4704&#44;4707&#44;4709&#44;4710&#44;4711&#44;4712&#44;4713&#44;4718&#44;4720&#44;4721&#44;4722&#44;4724&#44;4728&#44;4729&#44;4730&#44;4731&#44;4732&#44;4735&#44;4736&#44;4738&#44;4739&#44;4740&#44;4741&#44;4742&#44;4743&#44;4745&#44;4749&#44;4750&#44;4755&#44;4761&#44;4763&#44;4764&#44;4767&#44;4768&#44;4769&#44;4770&#44;4771&#44;4772&#44;4774&#44;4775&#44;4776&#44;4777&#44;4778&#44;4780&#44;4781&#44;4782&#44;4783&#44;4784&#44;4785&#44;4786&#44;4787&#44;4789&#44;4790&#44;4791&#44;4794&#44;4795&#44;4797&#44;4798&#44;4799&#44;4801&#44;4802&#44;4804&#44;4805&#44;4808&#44;4815&#44;4816&#44;4817&#44;4818&#44;4819&#44;4820&#44;4822&#44;4824&#44;4825&#44;4828&#44;4829&#44;4830&#44;4831&#44;4836&#44;4837&#44;4839&#44;4840&#44;4843&#44;4846&#44;4847&#44;4850&#44;4851&#44;4852&#44;4853&#44;4855&#44;4857&#44;4859&#44;4860&#44;4861&#44;4866&#44;4870&#44;4871&#44;4872&#44;4873&#44;4874&#44;4875&#44;4876&#44;4878&#44;4879&#44;4901&#44;4905&#44;4906&#44;4908&#44;4911&#44;4914&#44;4915&#44;4917&#44;4920&#44;4925&#44;4926&#44;4930&#44;4933&#44;4936&#44;4938&#44;4939&#44;4942&#44;4944&#44;4946&#44;4947&#44;4948&#44;4950&#44;4952&#44;4955&#44;4958&#44;4961&#44;4962&#44;4963&#44;4969&#44;4972&#44;4973&#44;4974&#44;4982&#44;4983&#44;4985&#44;4987&#44;4989&#44;4990&#44;4991&#44;4992&#44;4994&#44;4996&#44;4998&#44;4999&#44;6181&#44;6188&#44;6189&#44;6201&#44;6202&#44;6203&#44;6204&#44;6205&#44;6212&#44;6213&#44;6216&#44;6217&#44;6218&#44;6219&#44;6220&#44;6225&#44;6228&#44;6235&#44;6236&#44;6238&#44;6239&#44;6240&#44;6242&#44;6244&#44;6245&#44;6246&#44;6247&#44;6249&#44;6251&#44;6252&#44;6254&#44;6255&#44;6256&#44;6257&#44;6259&#44;6260&#44;6261&#44;6262&#44;6265&#44;6267&#44;6269&#44;6270&#44;6275&#44;6302&#44;6304&#44;6305&#44;6307&#44;6308&#44;6309&#44;6310&#44;6311&#44;6312&#44;6313&#44;6314&#44;6315&#44;6317&#44;6319&#44;6320&#44;6321&#44;6322&#44;6324&#44;6325&#44;6326&#44;6327&#44;6328&#44;6329&#44;6330&#44;6331&#44;6332&#44;6333&#44;6334&#44;6335&#44;6336&#44;6338&#44;6339&#44;6341&#44;6342&#44;6343&#44;6344&#44;6345&#44;6347&#44;6348&#44;6349&#44;6350&#44;6351&#44;6352&#44;6353&#44;6354&#44;6355&#44;6356&#44;6357&#44;6358&#44;6359&#44;6360&#44;6361&#44;6363&#44;6364&#44;6365&#44;6366&#44;6367&#44;6368&#44;6369&#44;6371&#44;6372&#44;6373&#44;6375&#44;6376&#44;6377&#44;6378&#44;6379&#44;6380&#44;6381&#44;6382&#44;6383&#44;6384&#44;6385&#44;6386&#44;6387&#44;6388&#44;6401&#44;6402&#44;6403&#44;6404&#44;6405&#44;6406&#44;6407&#44;6408&#44;6409&#44;6410&#44;6412&#44;6413&#44;6414&#44;6415&#44;6417&#44;6418&#44;6419&#44;6420&#44;6421&#44;6422&#44;6423&#44;6424&#44;6425&#44;6426&#44;6427&#44;6428&#44;6429&#44;6430&#44;6431&#44;6432&#44;6433&#44;6434&#44;6435&#44;6436&#44;6437&#44;6439&#44;6440&#44;6441&#44;6443&#44;6444&#44;6445&#44;6448&#44;6449&#44;6450&#44;6452&#44;6453&#44;6454&#44;6455&#44;6456&#44;6457&#44;6458&#44;6460&#44;6461&#44;6462&#44;6463&#44;6464&#44;6471&#44;6472&#44;6474&#44;6479&#44;6482&#44;6485&#44;6487&#44;6489&#44;6501&#44;6502&#44;6503&#44;6505&#44;6506&#44;6507&#44;6509&#44;6510&#44;6512&#44;6514&#44;6517&#44;6518&#44;6520&#44;6521&#44;6524&#44;6527&#44;6528&#44;6533&#44;6535&#44;6536&#44;6539&#44;6540&#44;6543&#44;6547&#44;6549&#44;6556&#44;6562&#44;6565&#44;6567&#44;6568&#44;6569&#44;6570&#44;6571&#44;6572&#44;6573&#44;6575&#44;6581&#44;6582&#44;6604&#44;6605&#44;6606&#44;6608&#44;6609&#44;6610&#44;6612&#44;6613&#44;6614&#44;6615&#44;6616&#44;6617&#44;6619&#44;6620&#44;6621&#44;6622&#44;6624&#44;6626&#44;6628&#44;6630&#44;6631&#44;6632&#44;6633&#44;6634&#44;6635&#44;6636&#44;6637&#44;6643&#44;6644&#44;6646&#44;6650&#44;6651&#44;6652&#44;6653&#44;6655&#44;6657&#44;6658&#44;6659&#44;6660&#44;6661&#44;6662&#44;6663&#44;6664&#44;6666&#44;6667&#44;6670&#44;6671&#44;6672&#44;6673&#44;6674&#44;6675&#44;6676&#44;6677&#44;6678&#44;6679&#44;6680&#44;6682&#44;6683&#44;6684&#44;6685&#44;6686&#44;6689&#44;6690&#44;6692&#44;6693&#44;6779&#44;6781&#44;6867&#44;6976&#44;6979&#44;7189&#44;7658&#44;7676&#44;8102&#44;8104&#44;8106&#44;8107&#44;8111&#44;8112&#44;8114&#44;8115&#44;8116&#44;8117&#44;8119&#44;8120&#44;8123&#44;8125&#44;8126&#44;8128&#44;8129&#44;8130&#44;8132&#44;8133&#44;8134&#44;8135&#44;8136&#44;8138&#44;8139&#44;8141&#44;8142&#44;8144&#44;8145&#44;8146&#44;8147&#44;8149&#44;8150&#44;8151&#44;8152&#44;8153&#44;8155&#44;8156&#44;8157&#44;8158&#44;8160&#44;8161&#44;8162&#44;8163&#44;8164&#44;8165&#44;8166&#44;8167&#44;8168&#44;8169&#44;8172&#44;8173&#44;8174&#44;8175&#44;8176&#44;8177&#44;8180&#44;8181&#44;8182&#44;8183&#44;8184&#44;8185&#44;8186&#44;8188&#44;8189&#44;8190&#44;8191&#44;8192&#44;8193&#44;8194&#44;8196&#44;8197&#44;8201&#44;8202&#44;8203&#44;8205&#44;8207&#44;8208&#44;8209&#44;8210&#44;8211&#44;8213&#44;8215&#44;8218&#44;8219&#44;8220&#44;8221&#44;8222&#44;8223&#44;8224&#44;8225&#44;8226&#44;8227&#44;8228&#44;8236&#44;8237&#44;8238&#44;8239&#44;8241&#44;8242&#44;8243&#44;8244&#44;8245&#44;8246&#44;8247&#44;8248&#44;8250&#44;8251&#44;8252&#44;8253&#44;8254&#44;8256&#44;8257&#44;8259&#44;8261&#44;8262&#44;8263&#44;8264&#44;8265&#44;8266&#44;8267&#44;8268&#44;8269&#44;8270&#44;8271&#44;8272&#44;8273&#44;8274&#44;8275&#44;8276&#44;8277&#44;8278&#44;8279&#44;8280&#44;8281&#44;8282&#44;8283&#44;8284&#44;8285&#44;8286&#44;8287&#44;8288&#44;8289&#44;8290&#44;8291&#44;8292&#44;8293&#44;8294&#44;8295&#44;8296&#44;8297&#44;8298&#44;8299&#44;""",4/6/22,4/6/22,N
layouts,Meat and Seafood,"""72&#44;76&#44;93""",,2022,5/4/22,1-NewFolderStructure/C076_C072_C093_Fresh_Meat_Seafood/C72_C76_C93_Effective_05042022_Planogram_Updated_04212022/,_C72_C76_C93_Effective_05042022_Planogram_Updated_04212022.pdf,"""8265&#44;""",5/4/22,4/21/22,N
layouts,Meat and Seafood,"""72&#44;76&#44;93""",,2022,5/4/22,1-NewFolderStructure/C076_C072_C093_Fresh_Meat_Seafood/C72_C76_C93_Effective_05042022_Planogram_Updated_04282022/,_C72_C76_C93_Effective_05042022_Planogram_Updated_04282022.pdf,"""4704&#44;4709&#44;4710&#44;4711&#44;4718&#44;4722&#44;4728&#44;4730&#44;4732&#44;4735&#44;4740&#44;4741&#44;4750&#44;4767&#44;4768&#44;4771&#44;4774&#44;4784&#44;4786&#44;4797&#44;4798&#44;4799&#44;4805&#44;4808&#44;4819&#44;4822&#44;4824&#44;4829&#44;4830&#44;4831&#44;4846&#44;4847&#44;4851&#44;4855&#44;4860&#44;4875&#44;4876&#44;4878&#44;4908&#44;4915&#44;4917&#44;4925&#44;4926&#44;4930&#44;4936&#44;4946&#44;4947&#44;4952&#44;4955&#44;4962&#44;4963&#44;4969&#44;4974&#44;4983&#44;4992&#44;4994&#44;4996&#44;6201&#44;6205&#44;6213&#44;6216&#44;6235&#44;6236&#44;6239&#44;6240&#44;6242&#44;6246&#44;6249&#44;6251&#44;6252&#44;6256&#44;6257&#44;6260&#44;6261&#44;6302&#44;6304&#44;6305&#44;6307&#44;6308&#44;6314&#44;6317&#44;6322&#44;6325&#44;6326&#44;6327&#44;6328&#44;6330&#44;6332&#44;6333&#44;6334&#44;6343&#44;6348&#44;6351&#44;6352&#44;6353&#44;6354&#44;6355&#44;6356&#44;6357&#44;6365&#44;6366&#44;6368&#44;6369&#44;6371&#44;6373&#44;6375&#44;6377&#44;6378&#44;6380&#44;6382&#44;6383&#44;6386&#44;6402&#44;6404&#44;6405&#44;6406&#44;6407&#44;6414&#44;6428&#44;6431&#44;6433&#44;6437&#44;6440&#44;6443&#44;6449&#44;6450&#44;6452&#44;6455&#44;6456&#44;6457&#44;6458&#44;6462&#44;6474&#44;6479&#44;6501&#44;6502&#44;6505&#44;6507&#44;6512&#44;6517&#44;6518&#44;6524&#44;6528&#44;6533&#44;6536&#44;6539&#44;6540&#44;6547&#44;6556&#44;6567&#44;6569&#44;6570&#44;6571&#44;6573&#44;6575&#44;6581&#44;6604&#44;6605&#44;6606&#44;6608&#44;6609&#44;6610&#44;6612&#44;6613&#44;6614&#44;6615&#44;6616&#44;6617&#44;6619&#44;6620&#44;6621&#44;6622&#44;6624&#44;6626&#44;6628&#44;6636&#44;6650&#44;6651&#44;6652&#44;6653&#44;6655&#44;6670&#44;6671&#44;6673&#44;6674&#44;6675&#44;6676&#44;6677&#44;6678&#44;6679&#44;6682&#44;6683&#44;6684&#44;6685&#44;6686&#44;6692&#44;6693&#44;6976&#44;8111&#44;8123&#44;8125&#44;8129&#44;8132&#44;8133&#44;8135&#44;8136&#44;8144&#44;8145&#44;8152&#44;8153&#44;8160&#44;8161&#44;8163&#44;8168&#44;8169&#44;8175&#44;8177&#44;8180&#44;8182&#44;8186&#44;8188&#44;8189&#44;8191&#44;8193&#44;8197&#44;8205&#44;8209&#44;8218&#44;8219&#44;8220&#44;8222&#44;8223&#44;8228&#44;8251&#44;8257&#44;8276&#44;8280&#44;8285&#44;8292&#44;8294&#44;""",5/2/22,4/28/22,N
layouts,Meat and Seafood,"""72&#44;76&#44;93""",,2022,5/4/22,1-NewFolderStructure/C076_C072_C093_Fresh_Meat_Seafood/C72_C76_C93_Effective_05042022_Planogram_Updated_05062022/,_C72_C76_C93_Effective_05042022_Planogram_Updated_05062022.pdf,"""6471&#44;""",5/6/22,5/6/22,N
layouts,Meat and Seafood,"""72&#44;76&#44;93""",,2022,5/4/22,1-NewFolderStructure/C076_C072_C093_Fresh_Meat_Seafood/C76_C93_Effective_05042022_Planogram_Updated_05132022/,_C76_C93_Effective_05042022_Planogram_Updated_05132022.pdf,"""4109&#44;4702&#44;4703&#44;4704&#44;4707&#44;4709&#44;4710&#44;4711&#44;4712&#44;4713&#44;4718&#44;4720&#44;4721&#44;4722&#44;4724&#44;4728&#44;4729&#44;4730&#44;4731&#44;4732&#44;4735&#44;4736&#44;4738&#44;4739&#44;4740&#44;4741&#44;4742&#44;4743&#44;4745&#44;4749&#44;4750&#44;4761&#44;4763&#44;4764&#44;4767&#44;4768&#44;4769&#44;4770&#44;4771&#44;4772&#44;4774&#44;4775&#44;4776&#44;4777&#44;4778&#44;4780&#44;4781&#44;4782&#44;4783&#44;4784&#44;4785&#44;4786&#44;4787&#44;4789&#44;4790&#44;4791&#44;4794&#44;4795&#44;4797&#44;4798&#44;4799&#44;4801&#44;4802&#44;4804&#44;4805&#44;4808&#44;4815&#44;4816&#44;4817&#44;4818&#44;4819&#44;4820&#44;4822&#44;4824&#44;4825&#44;4828&#44;4829&#44;4830&#44;4831&#44;4836&#44;4837&#44;4839&#44;4840&#44;4843&#44;4846&#44;4847&#44;4850&#44;4851&#44;4852&#44;4853&#44;4855&#44;4857&#44;4859&#44;4860&#44;4861&#44;4870&#44;4871&#44;4872&#44;4873&#44;4874&#44;4875&#44;4876&#44;4878&#44;4879&#44;4901&#44;4905&#44;4906&#44;4908&#44;4911&#44;4914&#44;4915&#44;4917&#44;4920&#44;4925&#44;4926&#44;4930&#44;4933&#44;4936&#44;4938&#44;4939&#44;4942&#44;4944&#44;4946&#44;4947&#44;4948&#44;4950&#44;4952&#44;4955&#44;4958&#44;4961&#44;4962&#44;4963&#44;4969&#44;4972&#44;4973&#44;4974&#44;4982&#44;4983&#44;4985&#44;4987&#44;4989&#44;4990&#44;4991&#44;4992&#44;4994&#44;4996&#44;4998&#44;4999&#44;6181&#44;6188&#44;6189&#44;6201&#44;6202&#44;6203&#44;6204&#44;6205&#44;6212&#44;6213&#44;6216&#44;6217&#44;6218&#44;6219&#44;6220&#44;6228&#44;6235&#44;6236&#44;6238&#44;6239&#44;6240&#44;6242&#44;6244&#44;6245&#44;6246&#44;6247&#44;6249&#44;6251&#44;6252&#44;6254&#44;6255&#44;6256&#44;6257&#44;6259&#44;6260&#44;6261&#44;6262&#44;6265&#44;6267&#44;6269&#44;6275&#44;6302&#44;6304&#44;6305&#44;6307&#44;6308&#44;6309&#44;6310&#44;6311&#44;6312&#44;6313&#44;6314&#44;6315&#44;6317&#44;6319&#44;6320&#44;6321&#44;6322&#44;6324&#44;6325&#44;6326&#44;6327&#44;6328&#44;6329&#44;6330&#44;6331&#44;6332&#44;6333&#44;6334&#44;6335&#44;6336&#44;6338&#44;6339&#44;6341&#44;6342&#44;6343&#44;6344&#44;6345&#44;6347&#44;6348&#44;6349&#44;6350&#44;6351&#44;6352&#44;6353&#44;6354&#44;6355&#44;6356&#44;6357&#44;6358&#44;6359&#44;6360&#44;6361&#44;6363&#44;6364&#44;6365&#44;6366&#44;6367&#44;6368&#44;6369&#44;6371&#44;6372&#44;6373&#44;6375&#44;6376&#44;6377&#44;6378&#44;6379&#44;6380&#44;6381&#44;6382&#44;6383&#44;6384&#44;6385&#44;6386&#44;6387&#44;6388&#44;6401&#44;6402&#44;6403&#44;6404&#44;6405&#44;6406&#44;6407&#44;6408&#44;6409&#44;6412&#44;6413&#44;6414&#44;6415&#44;6417&#44;6418&#44;6419&#44;6420&#44;6421&#44;6422&#44;6423&#44;6424&#44;6425&#44;6426&#44;6427&#44;6428&#44;6429&#44;6430&#44;6431&#44;6432&#44;6433&#44;6434&#44;6435&#44;6436&#44;6437&#44;6439&#44;6440&#44;6441&#44;6443&#44;6444&#44;6445&#44;6448&#44;6449&#44;6450&#44;6452&#44;6453&#44;6454&#44;6455&#44;6456&#44;6457&#44;6458&#44;6460&#44;6461&#44;6462&#44;6463&#44;6464&#44;6471&#44;6472&#44;6474&#44;6479&#44;6482&#44;6485&#44;6487&#44;6489&#44;6501&#44;6502&#44;6503&#44;6505&#44;6506&#44;6507&#44;6509&#44;6510&#44;6512&#44;6514&#44;6517&#44;6518&#44;6520&#44;6521&#44;6524&#44;6527&#44;6528&#44;6533&#44;6535&#44;6536&#44;6539&#44;6540&#44;6547&#44;6549&#44;6556&#44;6562&#44;6565&#44;6567&#44;6568&#44;6569&#44;6570&#44;6571&#44;6572&#44;6573&#44;6575&#44;6581&#44;6582&#44;6604&#44;6605&#44;6606&#44;6608&#44;6609&#44;6610&#44;6612&#44;6613&#44;6614&#44;6615&#44;6616&#44;6617&#44;6619&#44;6620&#44;6621&#44;6622&#44;6624&#44;6626&#44;6628&#44;6630&#44;6631&#44;6632&#44;6633&#44;6634&#44;6635&#44;6636&#44;6637&#44;6643&#44;6644&#44;6646&#44;6650&#44;6651&#44;6652&#44;6653&#44;6655&#44;6657&#44;6658&#44;6659&#44;6660&#44;6661&#44;6662&#44;6663&#44;6664&#44;6666&#44;6667&#44;6670&#44;6671&#44;6672&#44;6673&#44;6674&#44;6675&#44;6676&#44;6677&#44;6678&#44;6679&#44;6682&#44;6683&#44;6684&#44;6685&#44;6686&#44;6692&#44;6693&#44;6779&#44;6781&#44;6867&#44;6976&#44;6979&#44;7189&#44;7658&#44;7676&#44;8102&#44;8104&#44;8106&#44;8107&#44;8111&#44;8112&#44;8114&#44;8115&#44;8116&#44;8117&#44;8119&#44;8120&#44;8123&#44;8125&#44;8126&#44;8128&#44;8129&#44;8130&#44;8132&#44;8133&#44;8134&#44;8135&#44;8136&#44;8138&#44;8139&#44;8141&#44;8142&#44;8144&#44;8145&#44;8146&#44;8147&#44;8149&#44;8150&#44;8151&#44;8152&#44;8153&#44;8155&#44;8156&#44;8157&#44;8158&#44;8160&#44;8161&#44;8162&#44;8163&#44;8164&#44;8165&#44;8166&#44;8167&#44;8168&#44;8169&#44;8172&#44;8173&#44;8174&#44;8175&#44;8176&#44;8177&#44;8180&#44;8181&#44;8182&#44;8183&#44;8184&#44;8185&#44;8186&#44;8188&#44;8189&#44;8190&#44;8191&#44;8192&#44;8193&#44;8194&#44;8196&#44;8197&#44;8201&#44;8202&#44;8203&#44;8205&#44;8207&#44;8208&#44;8209&#44;8210&#44;8211&#44;8213&#44;8215&#44;8218&#44;8219&#44;8220&#44;8221&#44;8222&#44;8223&#44;8224&#44;8225&#44;8226&#44;8227&#44;8228&#44;8236&#44;8237&#44;8238&#44;8239&#44;8241&#44;8242&#44;8243&#44;8244&#44;8245&#44;8246&#44;8247&#44;8248&#44;8250&#44;8251&#44;8252&#44;8253&#44;8254&#44;8256&#44;8257&#44;8259&#44;8261&#44;8262&#44;8263&#44;8264&#44;8265&#44;8266&#44;8267&#44;8268&#44;8269&#44;8270&#44;8271&#44;8272&#44;8273&#44;8274&#44;8275&#44;8276&#44;8277&#44;8278&#44;8279&#44;8280&#44;8281&#44;8282&#44;8283&#44;8284&#44;8285&#44;8286&#44;8287&#44;8288&#44;8289&#44;8290&#44;8291&#44;8292&#44;8293&#44;8294&#44;8295&#44;8296&#44;8297&#44;8298&#44;8299&#44;""",5/13/22,5/13/22,N
layouts,Meat and Seafood,"""72&#44;76&#44;93""",,2022,5/4/22,1-NewFolderStructure/C076_C072_C093_Fresh_Meat_Seafood/C76_C93_Effective_05042022_Planogram_Updated_05202022/,_C76_C93_Effective_05042022_Planogram_Updated_05202022.pdf,"""6359&#44;6605&#44;6608&#44;6686&#44;8136&#44;8273&#44;4728&#44;4750&#44;4781&#44;4991&#44;6205&#44;6429&#44;6454&#44;6487&#44;4786&#44;4839&#44;4870&#44;""",5/20/22,5/20/22,N
layouts,Bakery Tables,"""37&#44;77""",,2022,5/9/22,1-NewFolderStructure/C037_C077_Bakery_Tables/C37_77_Bakery_Tables_Effective_05092022_Updaed_05022022/,_C37_77_Bakery_Tables_Effective_05092022_Updated_05022022.pdf,"""4728&#44;4750&#44;4781&#44;483&#44;4870&#44;4991&#44;6205&#44;6359&#44;6429&#44;6454&#44;6683&#44;6686&#44;8273&#44;8281&#44;""",5/2/22,5/2/22,N
layouts,HMS,79-2,,2022,5/9/22,1-NewFolderStructure/C079_HMS/C079_HMS_EFFECTIVE_05092022/,_C79_HMS_EFFECTIVE_5022022.pdf,"""4109&#44;4702&#44;4703&#44;4704&#44;4707&#44;4709&#44;4710&#44;4711&#44;4712&#44;4713&#44;4718&#44;4720&#44;4721&#44;4722&#44;4724&#44;4728&#44;4729&#44;4730&#44;4731&#44;4732&#44;4735&#44;4736&#44;4738&#44;4739&#44;4740&#44;4741&#44;4742&#44;4743&#44;4745&#44;4749&#44;4750&#44;4755&#44;4761&#44;4763&#44;4764&#44;4767&#44;4768&#44;4769&#44;4770&#44;4771&#44;4772&#44;4774&#44;4775&#44;4776&#44;4777&#44;4778&#44;4780&#44;4781&#44;4782&#44;4783&#44;4784&#44;4785&#44;4786&#44;4787&#44;4789&#44;4790&#44;4791&#44;4794&#44;4795&#44;4797&#44;4798&#44;4799&#44;4801&#44;4802&#44;4804&#44;4805&#44;4808&#44;4815&#44;4816&#44;4817&#44;4818&#44;4819&#44;4820&#44;4822&#44;4824&#44;4825&#44;4828&#44;4829&#44;4830&#44;4831&#44;4836&#44;4837&#44;4839&#44;4840&#44;4843&#44;4846&#44;4847&#44;4850&#44;4851&#44;4852&#44;4853&#44;4855&#44;4857&#44;4859&#44;4860&#44;4861&#44;4866&#44;4870&#44;4871&#44;4872&#44;4873&#44;4874&#44;4875&#44;4876&#44;4878&#44;4879&#44;4901&#44;4905&#44;4906&#44;4908&#44;4911&#44;4914&#44;4915&#44;4917&#44;4920&#44;4925&#44;4926&#44;4930&#44;4933&#44;4936&#44;4938&#44;4939&#44;4942&#44;4944&#44;4946&#44;4947&#44;4948&#44;4950&#44;4952&#44;4955&#44;4958&#44;4961&#44;4962&#44;4963&#44;4969&#44;4972&#44;4973&#44;4974&#44;4982&#44;4983&#44;4985&#44;4987&#44;4989&#44;4990&#44;4991&#44;4992&#44;4994&#44;4996&#44;4998&#44;4999&#44;6181&#44;6188&#44;6189&#44;6201&#44;6202&#44;6203&#44;6204&#44;6205&#44;6212&#44;6213&#44;6216&#44;6217&#44;6218&#44;6219&#44;6220&#44;6225&#44;6228&#44;6235&#44;6236&#44;6238&#44;6239&#44;6240&#44;6242&#44;6244&#44;6245&#44;6246&#44;6247&#44;6249&#44;6251&#44;6252&#44;6254&#44;6255&#44;6256&#44;6257&#44;6259&#44;6260&#44;6261&#44;6262&#44;6265&#44;6267&#44;6269&#44;6270&#44;6275&#44;6302&#44;6304&#44;6305&#44;6307&#44;6308&#44;6309&#44;6310&#44;6311&#44;6312&#44;6313&#44;6314&#44;6315&#44;6317&#44;6319&#44;6320&#44;6321&#44;6322&#44;6324&#44;6325&#44;6326&#44;6327&#44;6328&#44;6329&#44;6330&#44;6331&#44;6332&#44;6333&#44;6334&#44;6335&#44;6336&#44;6338&#44;6339&#44;6341&#44;6342&#44;6343&#44;6344&#44;6345&#44;6347&#44;6348&#44;6349&#44;6350&#44;6351&#44;6352&#44;6353&#44;6354&#44;6355&#44;6356&#44;6357&#44;6358&#44;6359&#44;6360&#44;6361&#44;6363&#44;6364&#44;6365&#44;6366&#44;6367&#44;6368&#44;6369&#44;6371&#44;6372&#44;6373&#44;6375&#44;6376&#44;6377&#44;6378&#44;6379&#44;6380&#44;6381&#44;6382&#44;6383&#44;6384&#44;6385&#44;6386&#44;6387&#44;6388&#44;6401&#44;6402&#44;6403&#44;6404&#44;6405&#44;6406&#44;6407&#44;6408&#44;6409&#44;6410&#44;6412&#44;6413&#44;6414&#44;6415&#44;6417&#44;6418&#44;6419&#44;6420&#44;6421&#44;6422&#44;6423&#44;6424&#44;6425&#44;6426&#44;6427&#44;6428&#44;6429&#44;6430&#44;6431&#44;6432&#44;6433&#44;6434&#44;6435&#44;6436&#44;6437&#44;6439&#44;6440&#44;6441&#44;6443&#44;6444&#44;6445&#44;6448&#44;6449&#44;6450&#44;6452&#44;6453&#44;6454&#44;6455&#44;6456&#44;6457&#44;6458&#44;6460&#44;6461&#44;6462&#44;6463&#44;6464&#44;6471&#44;6472&#44;6474&#44;6479&#44;6482&#44;6485&#44;6487&#44;6489&#44;6501&#44;6502&#44;6503&#44;6505&#44;6506&#44;6507&#44;6509&#44;6510&#44;6512&#44;6514&#44;6517&#44;6518&#44;6520&#44;6521&#44;6524&#44;6527&#44;6528&#44;6533&#44;6535&#44;6536&#44;6539&#44;6540&#44;6543&#44;6547&#44;6549&#44;6556&#44;6562&#44;6565&#44;6567&#44;6568&#44;6569&#44;6570&#44;6571&#44;6572&#44;6573&#44;6575&#44;6581&#44;6582&#44;6604&#44;6605&#44;6606&#44;6608&#44;6609&#44;6610&#44;6612&#44;6613&#44;6614&#44;6615&#44;6616&#44;6617&#44;6619&#44;6620&#44;6621&#44;6622&#44;6624&#44;6626&#44;6628&#44;6630&#44;6631&#44;6632&#44;6633&#44;6634&#44;6635&#44;6636&#44;6637&#44;6643&#44;6644&#44;6646&#44;6650&#44;6651&#44;6652&#44;6653&#44;6655&#44;6657&#44;6658&#44;6659&#44;6660&#44;6661&#44;6662&#44;6663&#44;6664&#44;6666&#44;6667&#44;6670&#44;6671&#44;6672&#44;6673&#44;6674&#44;6675&#44;6676&#44;6677&#44;6678&#44;6679&#44;6680&#44;6682&#44;6683&#44;6684&#44;6685&#44;6686&#44;6689&#44;6690&#44;6692&#44;6693&#44;6779&#44;6781&#44;6867&#44;6976&#44;6979&#44;7189&#44;7658&#44;7676&#44;8102&#44;8104&#44;8106&#44;8107&#44;8111&#44;8112&#44;8114&#44;8115&#44;8116&#44;8117&#44;8119&#44;8120&#44;8123&#44;8125&#44;8126&#44;8128&#44;8129&#44;8130&#44;8132&#44;8133&#44;8134&#44;8135&#44;8136&#44;8138&#44;8139&#44;8141&#44;8142&#44;8144&#44;8145&#44;8146&#44;8147&#44;8149&#44;8150&#44;8151&#44;8152&#44;8153&#44;8155&#44;8156&#44;8157&#44;8158&#44;8160&#44;8161&#44;8162&#44;8163&#44;8164&#44;8165&#44;8166&#44;8167&#44;8168&#44;8169&#44;8172&#44;8173&#44;8174&#44;8175&#44;8176&#44;8177&#44;8180&#44;8181&#44;8182&#44;8183&#44;8184&#44;8185&#44;8186&#44;8188&#44;8189&#44;8190&#44;8191&#44;8192&#44;8193&#44;8194&#44;8196&#44;8197&#44;8201&#44;8202&#44;8203&#44;8205&#44;8207&#44;8208&#44;8209&#44;8210&#44;8211&#44;8213&#44;8215&#44;8218&#44;8219&#44;8220&#44;8221&#44;8222&#44;8223&#44;8224&#44;8225&#44;8226&#44;8227&#44;8228&#44;8236&#44;8237&#44;8238&#44;8239&#44;8241&#44;8242&#44;8243&#44;8244&#44;8245&#44;8246&#44;8247&#44;8248&#44;8250&#44;8251&#44;8252&#44;8253&#44;8254&#44;8256&#44;8257&#44;8259&#44;8261&#44;8262&#44;8263&#44;8264&#44;8265&#44;8266&#44;8267&#44;8268&#44;8269&#44;8270&#44;8271&#44;8272&#44;8273&#44;8274&#44;8275&#44;8276&#44;8277&#44;8278&#44;8279&#44;8280&#44;8281&#44;8282&#44;8283&#44;8284&#44;8285&#44;8286&#44;8287&#44;8288&#44;8289&#44;8290&#44;8291&#44;8292&#44;8293&#44;8294&#44;8295&#44;8296&#44;8297&#44;8298&#44;8299&#44;""",5/3/22,5/2/22,N
layouts,Bakery Tables,"""37&#44;77""",,2022,5/12/22,1-NewFolderStructure/C037_C077_Bakery_Tables/C37_77_Bakery_Tables_Effective_05122022_Updated_05122022/,_C37_77_Bakery_Tables_Effective_05122022_Updated_05122022.pdf,"""8290&#44;8144&#44;""",5/12/22,5/12/22,N
layouts,Bakery Pallets,"""37-4&#44;77-4""",,2022,5/12/22,1-NewFolderStructure/C037_C077_Bakery_Pallets/C37_77_Bakery_Pallets_Effective_05122022_Updated_05122022/,_C37_77_Bakery_Pallets_Effective_05122022_Updated_05122022.pdf,"""6568&#44;""",5/12/22,5/12/22,N
layouts,Deli,57,,2022,5/16/22,1-NewFolderStructure/C057_Deli/C57_Effective_05162022_Planogram_Update_04-20-2022/,_C57_Effective_05162022_Planogram_Update_04-20-2022.pdf,"""8274&#44;6412&#44;4996&#44;4846&#44;4958&#44;""",4/25/22,4/25/22,N
layouts,Deli,57,,2022,5/16/22,1-NewFolderStructure/C057_Deli/C57_Effective_05162022_Planogram_Update_04-26-2022/,_C57_Effective_05162022_Planogram_Update_04-29-2022.pdf,"""4109&#44;4702&#44;4703&#44;4704&#44;4707&#44;4709&#44;4710&#44;4711&#44;4712&#44;4713&#44;4718&#44;4720&#44;4721&#44;4722&#44;4724&#44;4728&#44;4729&#44;4730&#44;4731&#44;4732&#44;4735&#44;4736&#44;4738&#44;4739&#44;4740&#44;4741&#44;4742&#44;4743&#44;4745&#44;4749&#44;4750&#44;4755&#44;4761&#44;4763&#44;4764&#44;4767&#44;4768&#44;4769&#44;4770&#44;4771&#44;4772&#44;4774&#44;4775&#44;4776&#44;4777&#44;4778&#44;4780&#44;4781&#44;4782&#44;4783&#44;4784&#44;4785&#44;4786&#44;4787&#44;4789&#44;4790&#44;4791&#44;4794&#44;4795&#44;4797&#44;4798&#44;4799&#44;4801&#44;4802&#44;4804&#44;4805&#44;4808&#44;4815&#44;4816&#44;4817&#44;4818&#44;4819&#44;4820&#44;4822&#44;4824&#44;4825&#44;4828&#44;4829&#44;4830&#44;4831&#44;4836&#44;4837&#44;4839&#44;4840&#44;4843&#44;4846&#44;4847&#44;4850&#44;4851&#44;4852&#44;4853&#44;4855&#44;4857&#44;4859&#44;4860&#44;4861&#44;4866&#44;4870&#44;4871&#44;4872&#44;4873&#44;4874&#44;4875&#44;4876&#44;4878&#44;4879&#44;4901&#44;4905&#44;4906&#44;4908&#44;4911&#44;4914&#44;4915&#44;4917&#44;4920&#44;4925&#44;4926&#44;4930&#44;4933&#44;4936&#44;4938&#44;4939&#44;4942&#44;4944&#44;4946&#44;4947&#44;4948&#44;4950&#44;4952&#44;4955&#44;4958&#44;4961&#44;4962&#44;4963&#44;4969&#44;4972&#44;4973&#44;4974&#44;4982&#44;4983&#44;4985&#44;4987&#44;4989&#44;4990&#44;4991&#44;4992&#44;4994&#44;4996&#44;4998&#44;4999&#44;6181&#44;6188&#44;6189&#44;6201&#44;6202&#44;6203&#44;6204&#44;6205&#44;6212&#44;6213&#44;6216&#44;6217&#44;6218&#44;6219&#44;6220&#44;6225&#44;6228&#44;6235&#44;6236&#44;6238&#44;6239&#44;6240&#44;6242&#44;6244&#44;6245&#44;6246&#44;6247&#44;6249&#44;6251&#44;6252&#44;6254&#44;6255&#44;6256&#44;6257&#44;6259&#44;6260&#44;6261&#44;6262&#44;6265&#44;6267&#44;6269&#44;6270&#44;6275&#44;6302&#44;6304&#44;6305&#44;6307&#44;6308&#44;6309&#44;6310&#44;6311&#44;6312&#44;6313&#44;6314&#44;6315&#44;6317&#44;6319&#44;6320&#44;6321&#44;6322&#44;6324&#44;6325&#44;6326&#44;6327&#44;6328&#44;6329&#44;6330&#44;6331&#44;6332&#44;6333&#44;6334&#44;6335&#44;6336&#44;6338&#44;6339&#44;6341&#44;6342&#44;6343&#44;6344&#44;6345&#44;6347&#44;6348&#44;6349&#44;6350&#44;6351&#44;6352&#44;6353&#44;6354&#44;6355&#44;6356&#44;6357&#44;6358&#44;6359&#44;6360&#44;6361&#44;6363&#44;6364&#44;6365&#44;6366&#44;6367&#44;6368&#44;6369&#44;6371&#44;6372&#44;6373&#44;6375&#44;6376&#44;6377&#44;6378&#44;6379&#44;6380&#44;6381&#44;6382&#44;6383&#44;6384&#44;6385&#44;6386&#44;6387&#44;6388&#44;6401&#44;6402&#44;6403&#44;6404&#44;6405&#44;6406&#44;6407&#44;6408&#44;6409&#44;6410&#44;6412&#44;6413&#44;6414&#44;6415&#44;6417&#44;6418&#44;6419&#44;6420&#44;6421&#44;6422&#44;6423&#44;6424&#44;6425&#44;6426&#44;6427&#44;6428&#44;6429&#44;6430&#44;6431&#44;6432&#44;6433&#44;6434&#44;6435&#44;6436&#44;6437&#44;6439&#44;6440&#44;6441&#44;6443&#44;6444&#44;6445&#44;6448&#44;6449&#44;6450&#44;6452&#44;6453&#44;6454&#44;6455&#44;6456&#44;6457&#44;6458&#44;6460&#44;6461&#44;6462&#44;6463&#44;6464&#44;6471&#44;6472&#44;6474&#44;6479&#44;6482&#44;6485&#44;6487&#44;6489&#44;6501&#44;6502&#44;6503&#44;6505&#44;6506&#44;6507&#44;6509&#44;6510&#44;6512&#44;6514&#44;6517&#44;6518&#44;6520&#44;6521&#44;6524&#44;6527&#44;6528&#44;6533&#44;6535&#44;6536&#44;6539&#44;6540&#44;6543&#44;6547&#44;6549&#44;6556&#44;6562&#44;6565&#44;6567&#44;6568&#44;6569&#44;6570&#44;6571&#44;6572&#44;6573&#44;6575&#44;6581&#44;6582&#44;6604&#44;6605&#44;6606&#44;6608&#44;6609&#44;6610&#44;6612&#44;6613&#44;6614&#44;6615&#44;6616&#44;6617&#44;6619&#44;6620&#44;6621&#44;6622&#44;6624&#44;6626&#44;6628&#44;6630&#44;6631&#44;6632&#44;6633&#44;6634&#44;6635&#44;6636&#44;6637&#44;6643&#44;6644&#44;6646&#44;6650&#44;6651&#44;6652&#44;6653&#44;6655&#44;6657&#44;6658&#44;6659&#44;6660&#44;6661&#44;6662&#44;6663&#44;6664&#44;6666&#44;6667&#44;6670&#44;6671&#44;6672&#44;6673&#44;6674&#44;6675&#44;6676&#44;6677&#44;6678&#44;6679&#44;6680&#44;6682&#44;6683&#44;6684&#44;6685&#44;6686&#44;6689&#44;6690&#44;6692&#44;6693&#44;6779&#44;6781&#44;6867&#44;6976&#44;6979&#44;7189&#44;7658&#44;7676&#44;8102&#44;8104&#44;8106&#44;8107&#44;8111&#44;8112&#44;8114&#44;8115&#44;8116&#44;8117&#44;8119&#44;8120&#44;8123&#44;8125&#44;8126&#44;8128&#44;8129&#44;8130&#44;8132&#44;8133&#44;8134&#44;8135&#44;8136&#44;8138&#44;8139&#44;8141&#44;8142&#44;8144&#44;8145&#44;8146&#44;8147&#44;8149&#44;8150&#44;8151&#44;8152&#44;8153&#44;8155&#44;8156&#44;8157&#44;8158&#44;8160&#44;8161&#44;8162&#44;8163&#44;8164&#44;8165&#44;8166&#44;8167&#44;8168&#44;8169&#44;8172&#44;8173&#44;8174&#44;8175&#44;8176&#44;8177&#44;8180&#44;8181&#44;8182&#44;8183&#44;8184&#44;8185&#44;8186&#44;8188&#44;8189&#44;8190&#44;8191&#44;8192&#44;8193&#44;8194&#44;8196&#44;8197&#44;8201&#44;8202&#44;8203&#44;8205&#44;8207&#44;8208&#44;8209&#44;8210&#44;8211&#44;8213&#44;8215&#44;8218&#44;8219&#44;8220&#44;8221&#44;8222&#44;8223&#44;8224&#44;8225&#44;8226&#44;8227&#44;8228&#44;8236&#44;8237&#44;8238&#44;8239&#44;8241&#44;8242&#44;8243&#44;8244&#44;8245&#44;8246&#44;8247&#44;8248&#44;8250&#44;8251&#44;8252&#44;8253&#44;8254&#44;8256&#44;8257&#44;8259&#44;8261&#44;8262&#44;8263&#44;8264&#44;8265&#44;8266&#44;8267&#44;8268&#44;8269&#44;8270&#44;8271&#44;8272&#44;8273&#44;8274&#44;8275&#44;8276&#44;8277&#44;8278&#44;8279&#44;8280&#44;8281&#44;8282&#44;8283&#44;8284&#44;8285&#44;8286&#44;8287&#44;8288&#44;8289&#44;8290&#44;8291&#44;8292&#44;8293&#44;8294&#44;8295&#44;8296&#44;8297&#44;8298&#44;8299&#44;""",5/3/22,4/29/22,N
layouts,Deli,57,,2022,5/16/22,1-NewFolderStructure/C057_Deli/C57_Effective_05162022_Planogram_Update_05-06-2022/,_C57_Effective_05162022_Planogram_Update_05-06-2022.pdf,"""4730&#44;4989&#44;4996&#44;6302&#44;""",5/10/22,5/6/22,N
layouts,Deli,57,,2022,5/16/22,1-NewFolderStructure/C057_Deli/C57_Effective_05162022/,_C57_Effective_05162022_Planogram_Update_05-13-2022.pdf,"""8291&#44;4781&#44;4750&#44;""",5/18/22,5/16/22,N
layouts,Deli,57,,2022,5/16/22,1-NewFolderStructure/C057_Deli/C57_Effective_05162022_Updated_05242022/,_C57_Effective_05162022_Planogram_Update_05-24-2022.pdf,"""6205&#44;6359&#44;""",5/26/22,5/24/22,N
layouts,Seafood,72-1,,2022,5/18/22,1-NewFolderStructure/C072_Seafood/C72_Effective_05182022/,_C72_Effective_05182022_Planogram_Updated_05182022.pdf,"""4728&#44;4750&#44;4781&#44;4786&#44;4839&#44;4870&#44;4991&#44;6205&#44;6429&#44;6454&#44;6505&#44;6608&#44;6686&#44;8273&#44;8274&#44;""",5/18/22,5/18/22,N
layouts,Coolers,42-2,,2022,5/23/22,1-NewFolderStructure/C042_Coolers/C42_Effective_05232022_Planogram_Updated_05122022/,_C42_Effective_05232022_Planogram_Updated_05122022.pdf,"""4703&#44;4707&#44;4718&#44;4728&#44;4729&#44;4730&#44;4736&#44;4738&#44;4739&#44;4745&#44;4750&#44;4755&#44;4770&#44;4774&#44;4775&#44;4776&#44;4777&#44;4786&#44;4789&#44;4790&#44;4791&#44;4802&#44;4804&#44;4805&#44;4808&#44;4815&#44;4816&#44;4817&#44;4818&#44;4822&#44;4828&#44;4836&#44;4839&#44;4847&#44;4852&#44;4853&#44;4859&#44;4860&#44;4866&#44;4871&#44;4873&#44;4874&#44;4879&#44;4901&#44;4915&#44;4920&#44;4933&#44;4936&#44;4938&#44;4947&#44;4952&#44;4958&#44;4962&#44;4969&#44;4985&#44;4987&#44;4989&#44;4998&#44;6181&#44;6189&#44;6203&#44;6219&#44;6225&#44;6247&#44;6254&#44;6267&#44;6270&#44;6275&#44;6307&#44;6308&#44;6309&#44;6311&#44;6312&#44;6320&#44;6321&#44;6322&#44;6324&#44;6331&#44;6333&#44;6344&#44;6345&#44;6347&#44;6349&#44;6357&#44;6358&#44;6360&#44;6361&#44;6366&#44;6371&#44;6375&#44;6379&#44;6385&#44;6386&#44;6406&#44;6408&#44;6409&#44;6410&#44;6412&#44;6413&#44;6418&#44;6425&#44;6426&#44;6427&#44;6430&#44;6432&#44;6434&#44;6436&#44;6456&#44;6457&#44;6460&#44;6463&#44;6464&#44;6485&#44;6489&#44;6506&#44;6509&#44;6510&#44;6514&#44;6517&#44;6521&#44;6527&#44;6533&#44;6535&#44;6539&#44;6543&#44;6549&#44;6565&#44;6568&#44;6575&#44;6581&#44;6582&#44;6614&#44;6616&#44;6621&#44;6630&#44;6632&#44;6633&#44;6634&#44;6635&#44;6636&#44;6644&#44;6646&#44;6652&#44;6653&#44;6655&#44;6659&#44;6663&#44;6664&#44;6671&#44;6673&#44;6674&#44;6677&#44;6678&#44;6679&#44;6680&#44;6682&#44;6683&#44;6684&#44;6685&#44;6686&#44;6689&#44;6690&#44;6979&#44;7658&#44;8104&#44;8106&#44;8107&#44;8112&#44;8115&#44;8119&#44;8132&#44;8133&#44;8134&#44;8136&#44;8138&#44;8146&#44;8147&#44;8149&#44;8155&#44;8158&#44;8164&#44;8165&#44;8172&#44;8174&#44;8176&#44;8183&#44;8185&#44;8191&#44;8192&#44;8193&#44;8194&#44;8196&#44;8207&#44;8208&#44;8209&#44;8211&#44;8225&#44;8236&#44;8237&#44;8238&#44;8243&#44;8256&#44;8265&#44;8272&#44;8278&#44;8293&#44;8296&#44;8297&#44;""",5/19/22,5/12/22,N
layouts,Seafood,72-1,,2022,6/2/22,1-NewFolderStructure/C072_Seafood/C72_Effective_06022022_Planogram_Updated_06022022/,_C72_Effective_06022022_Planogram_Updated_06022022.pdf,"""6608&#44;""",6/1/22,6/2/22,N
layouts,Café Grab and Go,79-3,,2022,6/6/22,1-NewFolderStructure/C079_Cafe_Grab_n_Go/C79_Effective_06062022/,_C79_Cafe_Grab_and_Go.pdf,"""4109&#44;4702&#44;4703&#44;4704&#44;4707&#44;4709&#44;4710&#44;4711&#44;4712&#44;4713&#44;4718&#44;4720&#44;4721&#44;4722&#44;4724&#44;4728&#44;4729&#44;4730&#44;4731&#44;4732&#44;4735&#44;4736&#44;4738&#44;4739&#44;4740&#44;4741&#44;4742&#44;4743&#44;4745&#44;4749&#44;4750&#44;4755&#44;4761&#44;4763&#44;4764&#44;4767&#44;4768&#44;4769&#44;4770&#44;4771&#44;4772&#44;4774&#44;4775&#44;4776&#44;4777&#44;4778&#44;4780&#44;4781&#44;4782&#44;4783&#44;4784&#44;4785&#44;4786&#44;4787&#44;4789&#44;4790&#44;4791&#44;4794&#44;4795&#44;4797&#44;4798&#44;4799&#44;4801&#44;4802&#44;4804&#44;4805&#44;4808&#44;4815&#44;4816&#44;4817&#44;4818&#44;4819&#44;4820&#44;4822&#44;4824&#44;4825&#44;4828&#44;4829&#44;4830&#44;4831&#44;4836&#44;4837&#44;4839&#44;4840&#44;4843&#44;4846&#44;4847&#44;4850&#44;4851&#44;4852&#44;4853&#44;4855&#44;4857&#44;4859&#44;4860&#44;4861&#44;4870&#44;4871&#44;4872&#44;4873&#44;4874&#44;4875&#44;4876&#44;4878&#44;4879&#44;4901&#44;4905&#44;4906&#44;4908&#44;4911&#44;4914&#44;4915&#44;4917&#44;4920&#44;4925&#44;4926&#44;4930&#44;4933&#44;4936&#44;4938&#44;4939&#44;4942&#44;4944&#44;4946&#44;4947&#44;4948&#44;4950&#44;4952&#44;4955&#44;4958&#44;4961&#44;4962&#44;4963&#44;4969&#44;4972&#44;4973&#44;4974&#44;4982&#44;4983&#44;4985&#44;4987&#44;4989&#44;4990&#44;4991&#44;4992&#44;4994&#44;4996&#44;4998&#44;4999&#44;6181&#44;6188&#44;6189&#44;6201&#44;6202&#44;6203&#44;6204&#44;6205&#44;6212&#44;6213&#44;6216&#44;6217&#44;6218&#44;6219&#44;6220&#44;6228&#44;6235&#44;6236&#44;6238&#44;6239&#44;6240&#44;6242&#44;6244&#44;6245&#44;6246&#44;6247&#44;6249&#44;6251&#44;6252&#44;6254&#44;6255&#44;6256&#44;6257&#44;6259&#44;6260&#44;6261&#44;6262&#44;6265&#44;6267&#44;6269&#44;6275&#44;6302&#44;6304&#44;6305&#44;6307&#44;6308&#44;6309&#44;6310&#44;6311&#44;6312&#44;6313&#44;6314&#44;6315&#44;6317&#44;6319&#44;6320&#44;6321&#44;6322&#44;6324&#44;6325&#44;6326&#44;6327&#44;6328&#44;6329&#44;6330&#44;6331&#44;6332&#44;6333&#44;6334&#44;6335&#44;6336&#44;6338&#44;6339&#44;6341&#44;6342&#44;6343&#44;6344&#44;6345&#44;6347&#44;6348&#44;6349&#44;6350&#44;6351&#44;6352&#44;6353&#44;6354&#44;6355&#44;6356&#44;6357&#44;6358&#44;6359&#44;6360&#44;6361&#44;6363&#44;6364&#44;6365&#44;6366&#44;6367&#44;6368&#44;6369&#44;6371&#44;6372&#44;6373&#44;6375&#44;6376&#44;6377&#44;6379&#44;6380&#44;6381&#44;6382&#44;6383&#44;6384&#44;6385&#44;6386&#44;6387&#44;6388&#44;6401&#44;6402&#44;6403&#44;6405&#44;6406&#44;6407&#44;6408&#44;6409&#44;6410&#44;6412&#44;6413&#44;6414&#44;6415&#44;6417&#44;6418&#44;6419&#44;6420&#44;6421&#44;6422&#44;6423&#44;6424&#44;6426&#44;6427&#44;6428&#44;6429&#44;6430&#44;6431&#44;6432&#44;6433&#44;6434&#44;6435&#44;6436&#44;6437&#44;6439&#44;6440&#44;6441&#44;6443&#44;6444&#44;6445&#44;6448&#44;6450&#44;6452&#44;6453&#44;6454&#44;6456&#44;6457&#44;6458&#44;6460&#44;6461&#44;6462&#44;6463&#44;6464&#44;6471&#44;6472&#44;6474&#44;6482&#44;6485&#44;6487&#44;6489&#44;6501&#44;6502&#44;6503&#44;6505&#44;6506&#44;6507&#44;6509&#44;6510&#44;6512&#44;6514&#44;6517&#44;6518&#44;6520&#44;6521&#44;6524&#44;6527&#44;6528&#44;6533&#44;6535&#44;6536&#44;6539&#44;6540&#44;6547&#44;6549&#44;6556&#44;6562&#44;6565&#44;6567&#44;6568&#44;6569&#44;6570&#44;6571&#44;6572&#44;6573&#44;6575&#44;6581&#44;6582&#44;6604&#44;6605&#44;6606&#44;6608&#44;6609&#44;6610&#44;6612&#44;6613&#44;6614&#44;6615&#44;6616&#44;6617&#44;6619&#44;6620&#44;6621&#44;6622&#44;6624&#44;6626&#44;6628&#44;6630&#44;6631&#44;6632&#44;6633&#44;6634&#44;6635&#44;6636&#44;6637&#44;6643&#44;6644&#44;6646&#44;6650&#44;6651&#44;6652&#44;6653&#44;6655&#44;6657&#44;6658&#44;6659&#44;6660&#44;6661&#44;6662&#44;6663&#44;6664&#44;6666&#44;6667&#44;6670&#44;6671&#44;6672&#44;6673&#44;6674&#44;6675&#44;6676&#44;6677&#44;6678&#44;6679&#44;6682&#44;6683&#44;6684&#44;6685&#44;6686&#44;6692&#44;6693&#44;6779&#44;6781&#44;6867&#44;6976&#44;6979&#44;7189&#44;7658&#44;7676&#44;8102&#44;8104&#44;8106&#44;8107&#44;8111&#44;8112&#44;8114&#44;8115&#44;8116&#44;8117&#44;8119&#44;8120&#44;8123&#44;8125&#44;8126&#44;8128&#44;8129&#44;8130&#44;8132&#44;8133&#44;8134&#44;8135&#44;8136&#44;8138&#44;8139&#44;8141&#44;8142&#44;8144&#44;8145&#44;8146&#44;8147&#44;8149&#44;8150&#44;8151&#44;8152&#44;8153&#44;8155&#44;8156&#44;8157&#44;8158&#44;8160&#44;8161&#44;8162&#44;8163&#44;8164&#44;8165&#44;8166&#44;8167&#44;8168&#44;8169&#44;8172&#44;8173&#44;8174&#44;8175&#44;8176&#44;8177&#44;8180&#44;8181&#44;8182&#44;8183&#44;8184&#44;8185&#44;8186&#44;8188&#44;8189&#44;8190&#44;8191&#44;8192&#44;8193&#44;8194&#44;8196&#44;8197&#44;8201&#44;8202&#44;8203&#44;8205&#44;8207&#44;8208&#44;8209&#44;8210&#44;8211&#44;8213&#44;8215&#44;8218&#44;8219&#44;8220&#44;8221&#44;8222&#44;8223&#44;8224&#44;8225&#44;8226&#44;8227&#44;8228&#44;8236&#44;8237&#44;8238&#44;8239&#44;8241&#44;8242&#44;8243&#44;8244&#44;8245&#44;8246&#44;8247&#44;8248&#44;8250&#44;8251&#44;8252&#44;8253&#44;8254&#44;8256&#44;8257&#44;8259&#44;8261&#44;8262&#44;8263&#44;8264&#44;8265&#44;8266&#44;8267&#44;8268&#44;8269&#44;8270&#44;8271&#44;8272&#44;8273&#44;8274&#44;8275&#44;8276&#44;8277&#44;8278&#44;8279&#44;8280&#44;8281&#44;8282&#44;8283&#44;8284&#44;8285&#44;8286&#44;8287&#44;8288&#44;8289&#44;8290&#44;8291&#44;8292&#44;8293&#44;8294&#44;8295&#44;8296&#44;8297&#44;8298&#44;8299&#44;8287&#44;8288&#44;8289&#44;8290&#44;8291&#44;8292&#44;8293&#44;8294&#44;8295&#44;8296&#44;8297&#44;8298&#44;8299&#44;""",5/27/22,5/26/22,N
layouts,Bakery Tables,"""37&#44;77""",,2022,6/6/22,1-NewFolderStructure/C037_C077_Bakery_Tables/C37_77_Bakery_Tables_Effective_06062022_Updated_05272022/,_C37_77_Bakery_Tables_Effective_06062022_Updated_05272022.pdf,"""4109&#44;4702&#44;4703&#44;4704&#44;4707&#44;4709&#44;4710&#44;4711&#44;4712&#44;4713&#44;4718&#44;4720&#44;4721&#44;4722&#44;4724&#44;4728&#44;4729&#44;4730&#44;4731&#44;4732&#44;4735&#44;4736&#44;4738&#44;4739&#44;4740&#44;4741&#44;4742&#44;4743&#44;4745&#44;4749&#44;4750&#44;4755&#44;4761&#44;4763&#44;4764&#44;4767&#44;4768&#44;4769&#44;4770&#44;4771&#44;4772&#44;4774&#44;4775&#44;4776&#44;4777&#44;4778&#44;4780&#44;4781&#44;4782&#44;4783&#44;4784&#44;4785&#44;4786&#44;4787&#44;4789&#44;4790&#44;4791&#44;4794&#44;4795&#44;4797&#44;4798&#44;4799&#44;4801&#44;4802&#44;4804&#44;4805&#44;4808&#44;4815&#44;4816&#44;4817&#44;4818&#44;4819&#44;4820&#44;4822&#44;4824&#44;4825&#44;4828&#44;4829&#44;4830&#44;4831&#44;4836&#44;4837&#44;4839&#44;4840&#44;4843&#44;4846&#44;4847&#44;4850&#44;4851&#44;4852&#44;4853&#44;4855&#44;4857&#44;4859&#44;4860&#44;4861&#44;4866&#44;4870&#44;4871&#44;4872&#44;4873&#44;4874&#44;4875&#44;4876&#44;4878&#44;4879&#44;4901&#44;4905&#44;4906&#44;4911&#44;4914&#44;4915&#44;4917&#44;4920&#44;4925&#44;4926&#44;4933&#44;4936&#44;4938&#44;4939&#44;4942&#44;4944&#44;4946&#44;4947&#44;4948&#44;4950&#44;4952&#44;4955&#44;4958&#44;4961&#44;4962&#44;4963&#44;4969&#44;4972&#44;4973&#44;4974&#44;4982&#44;4983&#44;4985&#44;4987&#44;4989&#44;4990&#44;4991&#44;4992&#44;4994&#44;4996&#44;4998&#44;4999&#44;6181&#44;6188&#44;6189&#44;6201&#44;6202&#44;6203&#44;6204&#44;6205&#44;6212&#44;6213&#44;6216&#44;6217&#44;6218&#44;6219&#44;6220&#44;6225&#44;6228&#44;6235&#44;6236&#44;6238&#44;6239&#44;6240&#44;6242&#44;6244&#44;6245&#44;6246&#44;6247&#44;6249&#44;6251&#44;6252&#44;6254&#44;6255&#44;6256&#44;6257&#44;6259&#44;6260&#44;6261&#44;6262&#44;6265&#44;6267&#44;6269&#44;6270&#44;6275&#44;6302&#44;6304&#44;6305&#44;6307&#44;6308&#44;6309&#44;6310&#44;6311&#44;6312&#44;6313&#44;6314&#44;6315&#44;6317&#44;6319&#44;6320&#44;6321&#44;6322&#44;6324&#44;6325&#44;6326&#44;6327&#44;6328&#44;6329&#44;6330&#44;6331&#44;6332&#44;6333&#44;6334&#44;6335&#44;6336&#44;6338&#44;6339&#44;6341&#44;6342&#44;6343&#44;6344&#44;6345&#44;6347&#44;6348&#44;6349&#44;6350&#44;6351&#44;6352&#44;6353&#44;6354&#44;6355&#44;6356&#44;6357&#44;6358&#44;6359&#44;6360&#44;6361&#44;6363&#44;6364&#44;6365&#44;6366&#44;6367&#44;6368&#44;6369&#44;6371&#44;6372&#44;6373&#44;6375&#44;6376&#44;6378&#44;6379&#44;6380&#44;6381&#44;6382&#44;6383&#44;6384&#44;6385&#44;6386&#44;6387&#44;6388&#44;6401&#44;6402&#44;6403&#44;6404&#44;6405&#44;6406&#44;6407&#44;6408&#44;6409&#44;6410&#44;6412&#44;6413&#44;6414&#44;6415&#44;6418&#44;6419&#44;6420&#44;6421&#44;6422&#44;6423&#44;6425&#44;6426&#44;6427&#44;6428&#44;6429&#44;6430&#44;6431&#44;6432&#44;6433&#44;6434&#44;6435&#44;6436&#44;6437&#44;6439&#44;6440&#44;6441&#44;6443&#44;6444&#44;6445&#44;6448&#44;6449&#44;6450&#44;6452&#44;6453&#44;6454&#44;6455&#44;6456&#44;6457&#44;6458&#44;6460&#44;6462&#44;6463&#44;6464&#44;6471&#44;6472&#44;6474&#44;6479&#44;6482&#44;6485&#44;6487&#44;6489&#44;6501&#44;6502&#44;6503&#44;6505&#44;6506&#44;6507&#44;6509&#44;6510&#44;6512&#44;6514&#44;6517&#44;6518&#44;6520&#44;6521&#44;6524&#44;6527&#44;6528&#44;6535&#44;6536&#44;6539&#44;6540&#44;6543&#44;6547&#44;6549&#44;6562&#44;6565&#44;6568&#44;6569&#44;6570&#44;6571&#44;6572&#44;6573&#44;6575&#44;6581&#44;6582&#44;6604&#44;6605&#44;6606&#44;6608&#44;6609&#44;6610&#44;6612&#44;6613&#44;6614&#44;6615&#44;6616&#44;6617&#44;6619&#44;6620&#44;6621&#44;6622&#44;6624&#44;6626&#44;6628&#44;6630&#44;6631&#44;6632&#44;6633&#44;6634&#44;6635&#44;6636&#44;6637&#44;6643&#44;6644&#44;6646&#44;6650&#44;6651&#44;6652&#44;6653&#44;6655&#44;6657&#44;6658&#44;6659&#44;6660&#44;6661&#44;6662&#44;6663&#44;6664&#44;6666&#44;6667&#44;6670&#44;6671&#44;6672&#44;6673&#44;6674&#44;6675&#44;6676&#44;6677&#44;6678&#44;6679&#44;6680&#44;6682&#44;6683&#44;6684&#44;6685&#44;6686&#44;6689&#44;6690&#44;6692&#44;6693&#44;6779&#44;6781&#44;6867&#44;6976&#44;6979&#44;7189&#44;7658&#44;7676&#44;8102&#44;8104&#44;8106&#44;8107&#44;8111&#44;8112&#44;8114&#44;8115&#44;8116&#44;8117&#44;8119&#44;8120&#44;8123&#44;8125&#44;8126&#44;8128&#44;8129&#44;8130&#44;8132&#44;8133&#44;8134&#44;8135&#44;8136&#44;8138&#44;8139&#44;8141&#44;8142&#44;8144&#44;8145&#44;8146&#44;8147&#44;8149&#44;8150&#44;8151&#44;8152&#44;8153&#44;8155&#44;8156&#44;8157&#44;8158&#44;8160&#44;8161&#44;8162&#44;8163&#44;8164&#44;8165&#44;8166&#44;8167&#44;8168&#44;8169&#44;8172&#44;8173&#44;8174&#44;8175&#44;8176&#44;8177&#44;8181&#44;8182&#44;8183&#44;8184&#44;8185&#44;8186&#44;8188&#44;8189&#44;8190&#44;8191&#44;8192&#44;8193&#44;8194&#44;8196&#44;8197&#44;8201&#44;8202&#44;8203&#44;8205&#44;8207&#44;8208&#44;8209&#44;8210&#44;8211&#44;8213&#44;8215&#44;8218&#44;8219&#44;8220&#44;8221&#44;8222&#44;8223&#44;8224&#44;8225&#44;8226&#44;8227&#44;8228&#44;8236&#44;8237&#44;8238&#44;8239&#44;8241&#44;8242&#44;8243&#44;8244&#44;8245&#44;8246&#44;8247&#44;8248&#44;8250&#44;8251&#44;8252&#44;8253&#44;8254&#44;8256&#44;8257&#44;8259&#44;8261&#44;8262&#44;8263&#44;8264&#44;8265&#44;8266&#44;8267&#44;8268&#44;8269&#44;8270&#44;8271&#44;8272&#44;8273&#44;8274&#44;8275&#44;8276&#44;8277&#44;8278&#44;8279&#44;8280&#44;8281&#44;8282&#44;8283&#44;8284&#44;8285&#44;8286&#44;8287&#44;8288&#44;8289&#44;8290&#44;8291&#44;8292&#44;8293&#44;8294&#44;8295&#44;8296&#44;8297&#44;8298&#44;8299&#44;""",5/27/22,5/27/22,N
layouts,Bakery Dessert,"""37-2&#44;77-2""",,2022,6/6/22,1-NewFolderStructure/C037_C077_Bakery_Dessert/C037_077_Dessert_Effective 06062022/,_C77_C37_Effective_06062022_Updated_05272022.pdf,"""4109&#44;4702&#44;4703&#44;4704&#44;4707&#44;4709&#44;4710&#44;4711&#44;4712&#44;4713&#44;4718&#44;4720&#44;4721&#44;4722&#44;4724&#44;4728&#44;4729&#44;4730&#44;4731&#44;4732&#44;4735&#44;4736&#44;4738&#44;4739&#44;4740&#44;4741&#44;4742&#44;4743&#44;4745&#44;4749&#44;4750&#44;4755&#44;4761&#44;4763&#44;4764&#44;4767&#44;4768&#44;4769&#44;4770&#44;4771&#44;4772&#44;4774&#44;4775&#44;4776&#44;4777&#44;4778&#44;4780&#44;4781&#44;4782&#44;4783&#44;4784&#44;4785&#44;4786&#44;4787&#44;4789&#44;4790&#44;4791&#44;4794&#44;4795&#44;4797&#44;4798&#44;4799&#44;4801&#44;4802&#44;4804&#44;4805&#44;4808&#44;4815&#44;4816&#44;4817&#44;4818&#44;4819&#44;4820&#44;4822&#44;4824&#44;4825&#44;4828&#44;4829&#44;4830&#44;4831&#44;4836&#44;4837&#44;4839&#44;4840&#44;4843&#44;4846&#44;4847&#44;4850&#44;4851&#44;4852&#44;4853&#44;4855&#44;4857&#44;4859&#44;4860&#44;4861&#44;4866&#44;4870&#44;4871&#44;4872&#44;4873&#44;4874&#44;4875&#44;4876&#44;4878&#44;4879&#44;4901&#44;4905&#44;4906&#44;4911&#44;4914&#44;4915&#44;4917&#44;4920&#44;4925&#44;4926&#44;4933&#44;4936&#44;4938&#44;4939&#44;4942&#44;4944&#44;4946&#44;4947&#44;4948&#44;4950&#44;4952&#44;4955&#44;4958&#44;4961&#44;4962&#44;4963&#44;4969&#44;4972&#44;4973&#44;4974&#44;4982&#44;4983&#44;4985&#44;4987&#44;4989&#44;4990&#44;4991&#44;4992&#44;4994&#44;4996&#44;4998&#44;4999&#44;6181&#44;6188&#44;6189&#44;6201&#44;6202&#44;6203&#44;6204&#44;6205&#44;6212&#44;6213&#44;6216&#44;6217&#44;6218&#44;6219&#44;6220&#44;6225&#44;6228&#44;6235&#44;6236&#44;6238&#44;6239&#44;6240&#44;6242&#44;6244&#44;6245&#44;6246&#44;6247&#44;6249&#44;6251&#44;6252&#44;6254&#44;6255&#44;6256&#44;6257&#44;6259&#44;6260&#44;6261&#44;6262&#44;6265&#44;6267&#44;6269&#44;6270&#44;6275&#44;6302&#44;6304&#44;6305&#44;6307&#44;6308&#44;6309&#44;6310&#44;6311&#44;6312&#44;6313&#44;6314&#44;6315&#44;6317&#44;6319&#44;6320&#44;6321&#44;6322&#44;6324&#44;6325&#44;6326&#44;6327&#44;6328&#44;6329&#44;6330&#44;6331&#44;6332&#44;6333&#44;6334&#44;6335&#44;6336&#44;6338&#44;6339&#44;6341&#44;6342&#44;6343&#44;6344&#44;6345&#44;6347&#44;6348&#44;6349&#44;6350&#44;6351&#44;6352&#44;6353&#44;6354&#44;6355&#44;6356&#44;6357&#44;6358&#44;6359&#44;6360&#44;6361&#44;6363&#44;6364&#44;6365&#44;6366&#44;6367&#44;6368&#44;6369&#44;6371&#44;6372&#44;6373&#44;6375&#44;6376&#44;6378&#44;6379&#44;6380&#44;6381&#44;6382&#44;6383&#44;6384&#44;6385&#44;6386&#44;6387&#44;6388&#44;6401&#44;6402&#44;6403&#44;6404&#44;6405&#44;6406&#44;6407&#44;6408&#44;6409&#44;6410&#44;6412&#44;6413&#44;6414&#44;6415&#44;6418&#44;6419&#44;6420&#44;6421&#44;6422&#44;6423&#44;6425&#44;6426&#44;6427&#44;6428&#44;6429&#44;6430&#44;6431&#44;6432&#44;6433&#44;6434&#44;6435&#44;6436&#44;6437&#44;6439&#44;6440&#44;6441&#44;6443&#44;6444&#44;6445&#44;6448&#44;6449&#44;6450&#44;6452&#44;6453&#44;6454&#44;6455&#44;6456&#44;6457&#44;6458&#44;6460&#44;6462&#44;6463&#44;6464&#44;6471&#44;6472&#44;6474&#44;6479&#44;6482&#44;6485&#44;6487&#44;6489&#44;6501&#44;6502&#44;6503&#44;6505&#44;6506&#44;6507&#44;6509&#44;6510&#44;6512&#44;6514&#44;6517&#44;6518&#44;6520&#44;6521&#44;6524&#44;6527&#44;6528&#44;6535&#44;6536&#44;6539&#44;6543&#44;6547&#44;6549&#44;6562&#44;6565&#44;6568&#44;6569&#44;6570&#44;6571&#44;6572&#44;6573&#44;6575&#44;6581&#44;6582&#44;6604&#44;6605&#44;6606&#44;6608&#44;6609&#44;6610&#44;6612&#44;6613&#44;6614&#44;6615&#44;6616&#44;6617&#44;6619&#44;6620&#44;6621&#44;6622&#44;6624&#44;6626&#44;6628&#44;6630&#44;6631&#44;6632&#44;6633&#44;6634&#44;6635&#44;6636&#44;6637&#44;6643&#44;6644&#44;6646&#44;6650&#44;6651&#44;6652&#44;6653&#44;6655&#44;6657&#44;6658&#44;6659&#44;6660&#44;6661&#44;6662&#44;6663&#44;6664&#44;6666&#44;6667&#44;6670&#44;6671&#44;6672&#44;6673&#44;6674&#44;6675&#44;6676&#44;6677&#44;6678&#44;6679&#44;6680&#44;6682&#44;6683&#44;6684&#44;6685&#44;6686&#44;6689&#44;6690&#44;6692&#44;6693&#44;6779&#44;6781&#44;6867&#44;6976&#44;6979&#44;7189&#44;7658&#44;7676&#44;8102&#44;8104&#44;8106&#44;8107&#44;8111&#44;8112&#44;8114&#44;8115&#44;8116&#44;8117&#44;8119&#44;8120&#44;8123&#44;8125&#44;8126&#44;8128&#44;8129&#44;8130&#44;8132&#44;8133&#44;8134&#44;8135&#44;8136&#44;8138&#44;8139&#44;8141&#44;8142&#44;8144&#44;8145&#44;8146&#44;8147&#44;8149&#44;8150&#44;8151&#44;8152&#44;8153&#44;8155&#44;8156&#44;8157&#44;8158&#44;8160&#44;8161&#44;8162&#44;8163&#44;8164&#44;8165&#44;8166&#44;8167&#44;8168&#44;8169&#44;8172&#44;8173&#44;8174&#44;8175&#44;8176&#44;8177&#44;8181&#44;8182&#44;8183&#44;8184&#44;8185&#44;8186&#44;8188&#44;8190&#44;8191&#44;8192&#44;8193&#44;8194&#44;8196&#44;8197&#44;8201&#44;8202&#44;8203&#44;8205&#44;8207&#44;8208&#44;8209&#44;8210&#44;8211&#44;8213&#44;8215&#44;8218&#44;8219&#44;8220&#44;8221&#44;8222&#44;8223&#44;8224&#44;8225&#44;8226&#44;8227&#44;8228&#44;8236&#44;8237&#44;8238&#44;8239&#44;8241&#44;8242&#44;8243&#44;8244&#44;8245&#44;8246&#44;8247&#44;8248&#44;8250&#44;8251&#44;8252&#44;8253&#44;8254&#44;8256&#44;8257&#44;8259&#44;8261&#44;8262&#44;8263&#44;8264&#44;8265&#44;8266&#44;8267&#44;8268&#44;8269&#44;8270&#44;8271&#44;8272&#44;8273&#44;8274&#44;8275&#44;8276&#44;8277&#44;8278&#44;8279&#44;8280&#44;8281&#44;8282&#44;8283&#44;8284&#44;8285&#44;8286&#44;8287&#44;8288&#44;8289&#44;8290&#44;8291&#44;8292&#44;8293&#44;8294&#44;8295&#44;8296&#44;8297&#44;8298&#44;8299&#44;""",5/27/22,5/27/22,N
layouts,Cake Case,"""37-3&#44;77-3""",,2022,6/6/22,1-NewFolderStructure/C037_C077_Cake_Case/C037_077_Cake_ Effective 06062022/,_C77_C37_Effective_06062022_Updated_05272022.pdf,"""4109&#44;4702&#44;4703&#44;4704&#44;4707&#44;4709&#44;4710&#44;4711&#44;4712&#44;4713&#44;4718&#44;4720&#44;4721&#44;4722&#44;4724&#44;4728&#44;4729&#44;4730&#44;4731&#44;4732&#44;4735&#44;4736&#44;4738&#44;4739&#44;4740&#44;4741&#44;4742&#44;4743&#44;4745&#44;4749&#44;4750&#44;4755&#44;4761&#44;4763&#44;4764&#44;4767&#44;4768&#44;4769&#44;4770&#44;4771&#44;4772&#44;4774&#44;4775&#44;4776&#44;4777&#44;4778&#44;4780&#44;4781&#44;4782&#44;4783&#44;4784&#44;4785&#44;4786&#44;4787&#44;4789&#44;4790&#44;4791&#44;4794&#44;4795&#44;4797&#44;4798&#44;4799&#44;4801&#44;4802&#44;4804&#44;4805&#44;4808&#44;4815&#44;4816&#44;4817&#44;4818&#44;4819&#44;4820&#44;4822&#44;4824&#44;4825&#44;4828&#44;4829&#44;4830&#44;4831&#44;4836&#44;4837&#44;4839&#44;4840&#44;4843&#44;4846&#44;4847&#44;4850&#44;4851&#44;4852&#44;4853&#44;4855&#44;4857&#44;4859&#44;4860&#44;4861&#44;4866&#44;4870&#44;4871&#44;4872&#44;4873&#44;4874&#44;4875&#44;4876&#44;4878&#44;4879&#44;4901&#44;4905&#44;4906&#44;4911&#44;4914&#44;4915&#44;4917&#44;4920&#44;4925&#44;4926&#44;4933&#44;4936&#44;4938&#44;4939&#44;4942&#44;4944&#44;4946&#44;4947&#44;4948&#44;4950&#44;4952&#44;4955&#44;4958&#44;4961&#44;4962&#44;4963&#44;4969&#44;4972&#44;4973&#44;4974&#44;4982&#44;4983&#44;4985&#44;4987&#44;4989&#44;4990&#44;4991&#44;4992&#44;4994&#44;4996&#44;4998&#44;4999&#44;6181&#44;6188&#44;6189&#44;6201&#44;6202&#44;6203&#44;6204&#44;6205&#44;6212&#44;6213&#44;6216&#44;6217&#44;6218&#44;6219&#44;6220&#44;6225&#44;6228&#44;6235&#44;6236&#44;6238&#44;6239&#44;6240&#44;6242&#44;6244&#44;6245&#44;6246&#44;6247&#44;6249&#44;6251&#44;6252&#44;6254&#44;6255&#44;6256&#44;6257&#44;6259&#44;6260&#44;6261&#44;6262&#44;6265&#44;6267&#44;6269&#44;6270&#44;6275&#44;6302&#44;6304&#44;6305&#44;6307&#44;6308&#44;6309&#44;6310&#44;6311&#44;6312&#44;6313&#44;6314&#44;6315&#44;6317&#44;6319&#44;6320&#44;6321&#44;6322&#44;6324&#44;6325&#44;6326&#44;6327&#44;6328&#44;6329&#44;6330&#44;6331&#44;6332&#44;6333&#44;6334&#44;6335&#44;6336&#44;6338&#44;6339&#44;6341&#44;6342&#44;6343&#44;6344&#44;6345&#44;6347&#44;6348&#44;6349&#44;6350&#44;6351&#44;6352&#44;6353&#44;6354&#44;6355&#44;6356&#44;6357&#44;6358&#44;6359&#44;6360&#44;6361&#44;6363&#44;6364&#44;6365&#44;6366&#44;6367&#44;6368&#44;6369&#44;6371&#44;6372&#44;6373&#44;6375&#44;6376&#44;6378&#44;6379&#44;6380&#44;6381&#44;6382&#44;6383&#44;6384&#44;6385&#44;6386&#44;6387&#44;6388&#44;6401&#44;6402&#44;6403&#44;6404&#44;6405&#44;6406&#44;6407&#44;6408&#44;6409&#44;6410&#44;6412&#44;6413&#44;6414&#44;6415&#44;6418&#44;6419&#44;6420&#44;6421&#44;6422&#44;6423&#44;6425&#44;6426&#44;6427&#44;6428&#44;6429&#44;6430&#44;6431&#44;6432&#44;6433&#44;6434&#44;6435&#44;6436&#44;6437&#44;6439&#44;6440&#44;6441&#44;6443&#44;6444&#44;6445&#44;6448&#44;6449&#44;6450&#44;6452&#44;6453&#44;6454&#44;6455&#44;6456&#44;6457&#44;6458&#44;6460&#44;6462&#44;6463&#44;6464&#44;6471&#44;6472&#44;6474&#44;6479&#44;6482&#44;6485&#44;6487&#44;6489&#44;6501&#44;6502&#44;6503&#44;6505&#44;6506&#44;6507&#44;6509&#44;6510&#44;6512&#44;6514&#44;6517&#44;6518&#44;6520&#44;6521&#44;6524&#44;6527&#44;6528&#44;6535&#44;6536&#44;6539&#44;6540&#44;6543&#44;6547&#44;6549&#44;6562&#44;6565&#44;6568&#44;6569&#44;6570&#44;6571&#44;6572&#44;6573&#44;6575&#44;6581&#44;6582&#44;6604&#44;6605&#44;6606&#44;6608&#44;6609&#44;6610&#44;6612&#44;6613&#44;6614&#44;6615&#44;6616&#44;6617&#44;6619&#44;6620&#44;6621&#44;6622&#44;6624&#44;6626&#44;6628&#44;6630&#44;6631&#44;6632&#44;6633&#44;6634&#44;6635&#44;6636&#44;6637&#44;6643&#44;6644&#44;6646&#44;6650&#44;6651&#44;6652&#44;6653&#44;6655&#44;6657&#44;6658&#44;6659&#44;6660&#44;6661&#44;6662&#44;6663&#44;6664&#44;6666&#44;6667&#44;6670&#44;6671&#44;6672&#44;6673&#44;6674&#44;6675&#44;6676&#44;6677&#44;6678&#44;6679&#44;6680&#44;6682&#44;6683&#44;6684&#44;6685&#44;6686&#44;6689&#44;6690&#44;6692&#44;6693&#44;6779&#44;6781&#44;6867&#44;6976&#44;6979&#44;7189&#44;7658&#44;7676&#44;8102&#44;8104&#44;8106&#44;8107&#44;8111&#44;8112&#44;8114&#44;8115&#44;8116&#44;8117&#44;8119&#44;8120&#44;8123&#44;8125&#44;8126&#44;8128&#44;8129&#44;8130&#44;8132&#44;8133&#44;8134&#44;8135&#44;8136&#44;8138&#44;8139&#44;8141&#44;8142&#44;8144&#44;8145&#44;8146&#44;8147&#44;8149&#44;8150&#44;8151&#44;8152&#44;8153&#44;8155&#44;8156&#44;8157&#44;8158&#44;8160&#44;8161&#44;8162&#44;8163&#44;8164&#44;8165&#44;8166&#44;8167&#44;8168&#44;8169&#44;8172&#44;8173&#44;8174&#44;8175&#44;8176&#44;8177&#44;8181&#44;8182&#44;8183&#44;8184&#44;8185&#44;8186&#44;8188&#44;8190&#44;8191&#44;8192&#44;8193&#44;8194&#44;8196&#44;8197&#44;8201&#44;8202&#44;8203&#44;8205&#44;8207&#44;8208&#44;8209&#44;8210&#44;8211&#44;8213&#44;8215&#44;8218&#44;8219&#44;8220&#44;8221&#44;8222&#44;8223&#44;8224&#44;8225&#44;8226&#44;8227&#44;8228&#44;8236&#44;8237&#44;8238&#44;8239&#44;8241&#44;8242&#44;8243&#44;8244&#44;8245&#44;8246&#44;8247&#44;8248&#44;8250&#44;8251&#44;8252&#44;8253&#44;8254&#44;8256&#44;8257&#44;8259&#44;8261&#44;8262&#44;8263&#44;8264&#44;8265&#44;8266&#44;8267&#44;8268&#44;8269&#44;8270&#44;8271&#44;8272&#44;8273&#44;8274&#44;8275&#44;8276&#44;8277&#44;8278&#44;8279&#44;8280&#44;8281&#44;8282&#44;8283&#44;8284&#44;8285&#44;8286&#44;8287&#44;8288&#44;8289&#44;8290&#44;8291&#44;8292&#44;8293&#44;8294&#44;8295&#44;8296&#44;8297&#44;8298&#44;8299&#44;""",5/27/22,5/27/22,N
layouts,HMS,79-2,,2022,6/6/22,1-NewFolderStructure/C079_HMS/C79_HMS_EFFECTIVE_06062022/,_C79_HMS_EFFECTIVE_6062022.pdf,"""4109&#44;4702&#44;4703&#44;4704&#44;4707&#44;4709&#44;4710&#44;4711&#44;4712&#44;4713&#44;4718&#44;4720&#44;4721&#44;4722&#44;4724&#44;4728&#44;4729&#44;4730&#44;4731&#44;4732&#44;4735&#44;4736&#44;4738&#44;4739&#44;4740&#44;4741&#44;4742&#44;4743&#44;4745&#44;4749&#44;4750&#44;4755&#44;4761&#44;4763&#44;4764&#44;4767&#44;4768&#44;4769&#44;4770&#44;4771&#44;4772&#44;4774&#44;4775&#44;4776&#44;4777&#44;4778&#44;4780&#44;4781&#44;4782&#44;4783&#44;4784&#44;4785&#44;4786&#44;4787&#44;4789&#44;4790&#44;4791&#44;4794&#44;4795&#44;4797&#44;4798&#44;4799&#44;4801&#44;4802&#44;4804&#44;4805&#44;4808&#44;4815&#44;4816&#44;4817&#44;4818&#44;4819&#44;4820&#44;4822&#44;4824&#44;4825&#44;4828&#44;4829&#44;4830&#44;4831&#44;4836&#44;4837&#44;4839&#44;4840&#44;4843&#44;4846&#44;4847&#44;4850&#44;4851&#44;4852&#44;4853&#44;4855&#44;4857&#44;4859&#44;4860&#44;4861&#44;4866&#44;4870&#44;4871&#44;4872&#44;4873&#44;4874&#44;4875&#44;4876&#44;4878&#44;4879&#44;4901&#44;4905&#44;4906&#44;4908&#44;4911&#44;4914&#44;4915&#44;4917&#44;4920&#44;4925&#44;4926&#44;4930&#44;4933&#44;4936&#44;4938&#44;4939&#44;4942&#44;4944&#44;4946&#44;4947&#44;4948&#44;4950&#44;4952&#44;4955&#44;4958&#44;4961&#44;4962&#44;4963&#44;4969&#44;4972&#44;4973&#44;4974&#44;4982&#44;4983&#44;4985&#44;4987&#44;4989&#44;4990&#44;4991&#44;4992&#44;4994&#44;4996&#44;4998&#44;4999&#44;6181&#44;6188&#44;6189&#44;6201&#44;6202&#44;6203&#44;6204&#44;6205&#44;6212&#44;6213&#44;6216&#44;6217&#44;6218&#44;6219&#44;6220&#44;6225&#44;6228&#44;6235&#44;6236&#44;6238&#44;6239&#44;6240&#44;6242&#44;6244&#44;6245&#44;6246&#44;6247&#44;6249&#44;6251&#44;6252&#44;6254&#44;6255&#44;6256&#44;6257&#44;6259&#44;6260&#44;6261&#44;6262&#44;6265&#44;6267&#44;6269&#44;6270&#44;6275&#44;6302&#44;6304&#44;6305&#44;6307&#44;6308&#44;6309&#44;6310&#44;6311&#44;6312&#44;6313&#44;6314&#44;6315&#44;6317&#44;6319&#44;6320&#44;6321&#44;6322&#44;6324&#44;6325&#44;6326&#44;6327&#44;6328&#44;6329&#44;6330&#44;6331&#44;6332&#44;6333&#44;6334&#44;6335&#44;6336&#44;6338&#44;6339&#44;6341&#44;6342&#44;6343&#44;6344&#44;6345&#44;6347&#44;6348&#44;6349&#44;6350&#44;6351&#44;6352&#44;6353&#44;6354&#44;6355&#44;6356&#44;6357&#44;6358&#44;6359&#44;6360&#44;6361&#44;6363&#44;6364&#44;6365&#44;6366&#44;6367&#44;6368&#44;6369&#44;6371&#44;6372&#44;6373&#44;6375&#44;6376&#44;6377&#44;6378&#44;6379&#44;6380&#44;6381&#44;6382&#44;6383&#44;6384&#44;6385&#44;6386&#44;6387&#44;6388&#44;6401&#44;6402&#44;6403&#44;6404&#44;6405&#44;6406&#44;6407&#44;6408&#44;6409&#44;6410&#44;6412&#44;6413&#44;6414&#44;6415&#44;6417&#44;6418&#44;6419&#44;6420&#44;6421&#44;6422&#44;6423&#44;6424&#44;6425&#44;6426&#44;6427&#44;6428&#44;6429&#44;6430&#44;6431&#44;6432&#44;6433&#44;6434&#44;6435&#44;6436&#44;6437&#44;6439&#44;6440&#44;6441&#44;6443&#44;6444&#44;6445&#44;6448&#44;6449&#44;6450&#44;6452&#44;6453&#44;6454&#44;6455&#44;6456&#44;6457&#44;6458&#44;6460&#44;6461&#44;6462&#44;6463&#44;6464&#44;6471&#44;6472&#44;6474&#44;6479&#44;6482&#44;6485&#44;6487&#44;6489&#44;6501&#44;6502&#44;6503&#44;6505&#44;6506&#44;6507&#44;6509&#44;6510&#44;6512&#44;6514&#44;6517&#44;6518&#44;6520&#44;6521&#44;6524&#44;6527&#44;6528&#44;6533&#44;6535&#44;6536&#44;6539&#44;6540&#44;6543&#44;6547&#44;6549&#44;6556&#44;6562&#44;6565&#44;6567&#44;6568&#44;6569&#44;6570&#44;6571&#44;6572&#44;6573&#44;6575&#44;6581&#44;6582&#44;6604&#44;6605&#44;6606&#44;6608&#44;6609&#44;6610&#44;6612&#44;6613&#44;6614&#44;6615&#44;6616&#44;6617&#44;6619&#44;6620&#44;6621&#44;6622&#44;6624&#44;6626&#44;6628&#44;6630&#44;6631&#44;6632&#44;6633&#44;6634&#44;6635&#44;6636&#44;6637&#44;6643&#44;6644&#44;6646&#44;6650&#44;6651&#44;6652&#44;6653&#44;6655&#44;6657&#44;6658&#44;6659&#44;6660&#44;6661&#44;6662&#44;6663&#44;6664&#44;6666&#44;6667&#44;6670&#44;6671&#44;6672&#44;6673&#44;6674&#44;6675&#44;6676&#44;6677&#44;6678&#44;6679&#44;6680&#44;6682&#44;6683&#44;6684&#44;6685&#44;6686&#44;6689&#44;6690&#44;6692&#44;6693&#44;6779&#44;6781&#44;6867&#44;6976&#44;6979&#44;7189&#44;7658&#44;7676&#44;8102&#44;8104&#44;8106&#44;8107&#44;8111&#44;8112&#44;8114&#44;8115&#44;8116&#44;8117&#44;8119&#44;8120&#44;8123&#44;8125&#44;8126&#44;8128&#44;8129&#44;8130&#44;8132&#44;8133&#44;8134&#44;8135&#44;8136&#44;8138&#44;8139&#44;8141&#44;8142&#44;8144&#44;8145&#44;8146&#44;8147&#44;8149&#44;8150&#44;8151&#44;8152&#44;8153&#44;8155&#44;8156&#44;8157&#44;8158&#44;8160&#44;8161&#44;8162&#44;8163&#44;8164&#44;8165&#44;8166&#44;8167&#44;8168&#44;8169&#44;8172&#44;8173&#44;8174&#44;8175&#44;8176&#44;8177&#44;8180&#44;8181&#44;8182&#44;8183&#44;8184&#44;8185&#44;8186&#44;8188&#44;8189&#44;8190&#44;8191&#44;8192&#44;8193&#44;8194&#44;8196&#44;8197&#44;8201&#44;8202&#44;8203&#44;8205&#44;8207&#44;8208&#44;8209&#44;8210&#44;8211&#44;8213&#44;8215&#44;8218&#44;8219&#44;8220&#44;8221&#44;8222&#44;8223&#44;8224&#44;8225&#44;8226&#44;8227&#44;8228&#44;8236&#44;8237&#44;8238&#44;8239&#44;8241&#44;8242&#44;8243&#44;8244&#44;8245&#44;8246&#44;8247&#44;8248&#44;8250&#44;8251&#44;8252&#44;8253&#44;8254&#44;8256&#44;8257&#44;8259&#44;8261&#44;8262&#44;8263&#44;8264&#44;8265&#44;8266&#44;8267&#44;8268&#44;8269&#44;8270&#44;8271&#44;8272&#44;8273&#44;8274&#44;8275&#44;8276&#44;8277&#44;8278&#44;8279&#44;8280&#44;8281&#44;8282&#44;8283&#44;8284&#44;8285&#44;8286&#44;8287&#44;8288&#44;8289&#44;8290&#44;8291&#44;8292&#44;8293&#44;8294&#44;8295&#44;8296&#44;8297&#44;8298&#44;8299&#44;""",6/2/22,6/1/22,N
layouts,Coolers,42-2,,2022,6/7/22,1-NewFolderStructure/C042_Coolers/C42_Effective_06072022_Updated_05312022/,_C42_Effective_06072022_Planogram_Updated_05312022.pdf,"""6267&#44;""",6/1/22,5/31/22,N
layouts,Seafood,72-1,,2022,6/9/22,1-NewFolderStructure/C072_Seafood/C72_Seafood_Effective_06092022/,_C72_Seafood_Effective_06092022.pdf,"""4109&#44;4702&#44;4703&#44;4704&#44;4707&#44;4709&#44;4710&#44;4711&#44;4712&#44;4713&#44;4718&#44;4720&#44;4721&#44;4722&#44;4724&#44;4728&#44;4729&#44;4730&#44;4731&#44;4732&#44;4735&#44;4736&#44;4738&#44;4739&#44;4740&#44;4741&#44;4742&#44;4743&#44;4745&#44;4749&#44;4750&#44;4755&#44;4761&#44;4763&#44;4764&#44;4767&#44;4768&#44;4769&#44;4770&#44;4771&#44;4772&#44;4774&#44;4775&#44;4776&#44;4777&#44;4778&#44;4780&#44;4781&#44;4782&#44;4783&#44;4784&#44;4785&#44;4786&#44;4787&#44;4789&#44;4790&#44;4791&#44;4794&#44;4795&#44;4797&#44;4798&#44;4799&#44;4801&#44;4802&#44;4804&#44;4805&#44;4808&#44;4815&#44;4816&#44;4817&#44;4818&#44;4819&#44;4820&#44;4822&#44;4824&#44;4825&#44;4828&#44;4829&#44;4830&#44;4831&#44;4836&#44;4837&#44;4839&#44;4840&#44;4843&#44;4847&#44;4850&#44;4851&#44;4852&#44;4853&#44;4855&#44;4857&#44;4859&#44;4860&#44;4861&#44;4866&#44;4870&#44;4871&#44;4872&#44;4873&#44;4874&#44;4875&#44;4876&#44;4878&#44;4879&#44;4901&#44;4905&#44;4906&#44;4908&#44;4911&#44;4914&#44;4915&#44;4917&#44;4920&#44;4925&#44;4926&#44;4930&#44;4933&#44;4936&#44;4938&#44;4939&#44;4942&#44;4944&#44;4946&#44;4947&#44;4948&#44;4950&#44;4952&#44;4955&#44;4958&#44;4961&#44;4962&#44;4963&#44;4969&#44;4972&#44;4973&#44;4974&#44;4982&#44;4983&#44;4985&#44;4987&#44;4989&#44;4990&#44;4991&#44;4992&#44;4994&#44;4996&#44;4998&#44;4999&#44;6181&#44;6188&#44;6189&#44;6201&#44;6202&#44;6203&#44;6204&#44;6205&#44;6212&#44;6213&#44;6216&#44;6217&#44;6218&#44;6219&#44;6220&#44;6225&#44;6228&#44;6235&#44;6236&#44;6238&#44;6239&#44;6240&#44;6242&#44;6244&#44;6245&#44;6246&#44;6247&#44;6249&#44;6251&#44;6252&#44;6254&#44;6255&#44;6256&#44;6257&#44;6259&#44;6260&#44;6261&#44;6262&#44;6265&#44;6267&#44;6269&#44;6270&#44;6275&#44;6302&#44;6304&#44;6305&#44;6307&#44;6308&#44;6309&#44;6310&#44;6311&#44;6312&#44;6313&#44;6314&#44;6315&#44;6317&#44;6319&#44;6320&#44;6321&#44;6322&#44;6324&#44;6325&#44;6326&#44;6327&#44;6328&#44;6329&#44;6330&#44;6331&#44;6332&#44;6333&#44;6334&#44;6335&#44;6336&#44;6338&#44;6339&#44;6341&#44;6342&#44;6343&#44;6344&#44;6345&#44;6347&#44;6348&#44;6349&#44;6350&#44;6351&#44;6352&#44;6353&#44;6354&#44;6355&#44;6356&#44;6357&#44;6358&#44;6359&#44;6360&#44;6361&#44;6363&#44;6364&#44;6365&#44;6366&#44;6367&#44;6368&#44;6369&#44;6371&#44;6372&#44;6373&#44;6375&#44;6376&#44;6377&#44;6378&#44;6379&#44;6380&#44;6381&#44;6382&#44;6383&#44;6384&#44;6385&#44;6386&#44;6387&#44;6388&#44;6401&#44;6402&#44;6403&#44;6404&#44;6405&#44;6406&#44;6407&#44;6408&#44;6409&#44;6410&#44;6412&#44;6413&#44;6414&#44;6415&#44;6417&#44;6418&#44;6419&#44;6420&#44;6421&#44;6422&#44;6423&#44;6424&#44;6425&#44;6426&#44;6427&#44;6428&#44;6429&#44;6430&#44;6431&#44;6432&#44;6433&#44;6434&#44;6435&#44;6436&#44;6437&#44;6439&#44;6440&#44;6441&#44;6443&#44;6444&#44;6445&#44;6448&#44;6449&#44;6450&#44;6452&#44;6453&#44;6454&#44;6455&#44;6456&#44;6457&#44;6458&#44;6460&#44;6461&#44;6462&#44;6463&#44;6464&#44;6471&#44;6472&#44;6474&#44;6479&#44;6482&#44;6485&#44;6487&#44;6489&#44;6501&#44;6502&#44;6503&#44;6505&#44;6506&#44;6507&#44;6509&#44;6510&#44;6512&#44;6514&#44;6517&#44;6518&#44;6520&#44;6521&#44;6524&#44;6527&#44;6528&#44;6533&#44;6535&#44;6536&#44;6539&#44;6540&#44;6543&#44;6547&#44;6549&#44;6556&#44;6562&#44;6565&#44;6567&#44;6568&#44;6569&#44;6570&#44;6571&#44;6572&#44;6573&#44;6575&#44;6581&#44;6582&#44;6604&#44;6605&#44;6606&#44;6608&#44;6609&#44;6610&#44;6612&#44;6613&#44;6614&#44;6615&#44;6616&#44;6617&#44;6619&#44;6620&#44;6621&#44;6622&#44;6624&#44;6626&#44;6628&#44;6630&#44;6631&#44;6632&#44;6633&#44;6634&#44;6635&#44;6636&#44;6637&#44;6643&#44;6644&#44;6646&#44;6650&#44;6651&#44;6652&#44;6653&#44;6655&#44;6657&#44;6658&#44;6659&#44;6660&#44;6661&#44;6662&#44;6663&#44;6664&#44;6666&#44;6667&#44;6670&#44;6671&#44;6672&#44;6673&#44;6674&#44;6675&#44;6676&#44;6677&#44;6678&#44;6679&#44;6680&#44;6682&#44;6683&#44;6684&#44;6685&#44;6686&#44;6689&#44;6690&#44;6692&#44;6693&#44;6779&#44;6781&#44;6867&#44;6976&#44;6979&#44;7189&#44;7658&#44;7676&#44;8102&#44;8104&#44;8106&#44;8107&#44;8111&#44;8112&#44;8114&#44;8115&#44;8116&#44;8117&#44;8119&#44;8120&#44;8123&#44;8125&#44;8126&#44;8128&#44;8129&#44;8130&#44;8132&#44;8133&#44;8134&#44;8135&#44;8136&#44;8138&#44;8139&#44;8141&#44;8142&#44;8144&#44;8145&#44;8146&#44;8147&#44;8149&#44;8150&#44;8151&#44;8152&#44;8153&#44;8155&#44;8156&#44;8157&#44;8158&#44;8160&#44;8161&#44;8162&#44;8163&#44;8164&#44;8165&#44;8166&#44;8167&#44;8168&#44;8169&#44;8172&#44;8173&#44;8174&#44;8175&#44;8176&#44;8177&#44;8180&#44;8181&#44;8182&#44;8183&#44;8184&#44;8185&#44;8186&#44;8189&#44;8190&#44;8191&#44;8192&#44;8193&#44;8194&#44;8196&#44;8197&#44;8201&#44;8202&#44;8203&#44;8205&#44;8207&#44;8208&#44;8209&#44;8210&#44;8211&#44;8213&#44;8215&#44;8218&#44;8219&#44;8220&#44;8221&#44;8222&#44;8223&#44;8224&#44;8225&#44;8226&#44;8227&#44;8228&#44;8236&#44;8237&#44;8238&#44;8239&#44;8241&#44;8242&#44;8243&#44;8244&#44;8245&#44;8246&#44;8247&#44;8248&#44;8250&#44;8251&#44;8252&#44;8253&#44;8254&#44;8256&#44;8257&#44;8259&#44;8261&#44;8262&#44;8263&#44;8264&#44;8265&#44;8266&#44;8267&#44;8268&#44;8269&#44;8270&#44;8271&#44;8272&#44;8273&#44;8274&#44;8275&#44;8276&#44;8277&#44;8278&#44;8279&#44;8280&#44;8281&#44;8282&#44;8283&#44;8285&#44;8286&#44;8287&#44;8288&#44;8289&#44;8290&#44;8291&#44;8292&#44;8293&#44;8294&#44;8295&#44;8296&#44;8297&#44;8298&#44;8299&#44;""",6/10/22,6/9/22,N
layouts,Seafood Island,72-2,,2022,6/9/22,1-NewFolderStructure/C072_Seafood_Island/C72_SeafoodIsland_Effective_06092022/,_C72_SeafoodIsland_Effective_06092022.pdf,"""4707&#44;4711&#44;4713&#44;4740&#44;4742&#44;4775&#44;4783&#44;4790&#44;4804&#44;4808&#44;4855&#44;4905&#44;4925&#44;4969&#44;4983&#44;4985&#44;4998&#44;6239&#44;6242&#44;6249&#44;6251&#44;6254&#44;6262&#44;6265&#44;6309&#44;6312&#44;6317&#44;6320&#44;6344&#44;6348&#44;6354&#44;6360&#44;6361&#44;6414&#44;6457&#44;6520&#44;6565&#44;6604&#44;6619&#44;6636&#44;6644&#44;6653&#44;6662&#44;6666&#44;6674&#44;6692&#44;8106&#44;8114&#44;8115&#44;8123&#44;8139&#44;8149&#44;8165&#44;8168&#44;8181&#44;8183&#44;8201&#44;8209&#44;8225&#44;8236&#44;8238&#44;8246&#44;""",6/10/22,6/9/22,N
layouts,Deli,57,,2022,6/20/22,1-NewFolderStructure/C057_Deli/C57_Effective_06202022_Planogram_Update_05182022/,_C57_Effective_06202022_Planogram_Update_05-18-2022.pdf,"""4109&#44;4702&#44;4703&#44;4704&#44;4707&#44;4709&#44;4710&#44;4711&#44;4712&#44;4713&#44;4718&#44;4720&#44;4721&#44;4722&#44;4724&#44;4728&#44;4729&#44;4730&#44;4731&#44;4732&#44;4735&#44;4736&#44;4738&#44;4739&#44;4740&#44;4741&#44;4742&#44;4743&#44;4745&#44;4749&#44;4750&#44;4755&#44;4761&#44;4763&#44;4764&#44;4767&#44;4768&#44;4769&#44;4770&#44;4771&#44;4772&#44;4774&#44;4775&#44;4776&#44;4777&#44;4778&#44;4780&#44;4781&#44;4782&#44;4783&#44;4784&#44;4785&#44;4786&#44;4787&#44;4789&#44;4790&#44;4791&#44;4794&#44;4795&#44;4797&#44;4798&#44;4799&#44;4801&#44;4802&#44;4804&#44;4805&#44;4808&#44;4815&#44;4816&#44;4817&#44;4818&#44;4819&#44;4820&#44;4822&#44;4824&#44;4825&#44;4828&#44;4829&#44;4830&#44;4831&#44;4836&#44;4837&#44;4839&#44;4840&#44;4843&#44;4846&#44;4847&#44;4850&#44;4851&#44;4852&#44;4853&#44;4855&#44;4857&#44;4859&#44;4860&#44;4861&#44;4866&#44;4870&#44;4871&#44;4872&#44;4873&#44;4874&#44;4875&#44;4876&#44;4878&#44;4879&#44;4901&#44;4905&#44;4906&#44;4908&#44;4911&#44;4914&#44;4915&#44;4917&#44;4920&#44;4925&#44;4926&#44;4930&#44;4933&#44;4936&#44;4938&#44;4939&#44;4942&#44;4944&#44;4946&#44;4947&#44;4948&#44;4950&#44;4952&#44;4955&#44;4958&#44;4961&#44;4962&#44;4963&#44;4969&#44;4972&#44;4973&#44;4974&#44;4982&#44;4983&#44;4985&#44;4987&#44;4989&#44;4990&#44;4991&#44;4992&#44;4994&#44;4996&#44;4998&#44;4999&#44;6181&#44;6188&#44;6189&#44;6201&#44;6202&#44;6203&#44;6204&#44;6205&#44;6212&#44;6213&#44;6216&#44;6217&#44;6218&#44;6219&#44;6220&#44;6225&#44;6228&#44;6235&#44;6236&#44;6238&#44;6239&#44;6240&#44;6242&#44;6244&#44;6245&#44;6246&#44;6247&#44;6249&#44;6251&#44;6252&#44;6254&#44;6255&#44;6256&#44;6257&#44;6259&#44;6260&#44;6261&#44;6262&#44;6265&#44;6267&#44;6269&#44;6270&#44;6275&#44;6302&#44;6304&#44;6305&#44;6307&#44;6308&#44;6309&#44;6310&#44;6311&#44;6312&#44;6313&#44;6314&#44;6315&#44;6317&#44;6319&#44;6320&#44;6321&#44;6322&#44;6324&#44;6325&#44;6326&#44;6327&#44;6328&#44;6329&#44;6330&#44;6331&#44;6332&#44;6333&#44;6334&#44;6335&#44;6336&#44;6338&#44;6339&#44;6341&#44;6342&#44;6343&#44;6344&#44;6345&#44;6347&#44;6348&#44;6349&#44;6350&#44;6351&#44;6352&#44;6353&#44;6354&#44;6355&#44;6356&#44;6357&#44;6358&#44;6359&#44;6360&#44;6361&#44;6363&#44;6364&#44;6365&#44;6366&#44;6367&#44;6368&#44;6369&#44;6371&#44;6372&#44;6373&#44;6375&#44;6376&#44;6377&#44;6378&#44;6379&#44;6380&#44;6381&#44;6382&#44;6383&#44;6384&#44;6385&#44;6386&#44;6387&#44;6388&#44;6401&#44;6402&#44;6403&#44;6404&#44;6405&#44;6406&#44;6407&#44;6408&#44;6409&#44;6410&#44;6412&#44;6413&#44;6414&#44;6415&#44;6417&#44;6418&#44;6419&#44;6420&#44;6421&#44;6422&#44;6423&#44;6424&#44;6425&#44;6426&#44;6427&#44;6428&#44;6429&#44;6430&#44;6431&#44;6432&#44;6433&#44;6434&#44;6435&#44;6436&#44;6437&#44;6439&#44;6440&#44;6441&#44;6443&#44;6444&#44;6445&#44;6448&#44;6449&#44;6450&#44;6452&#44;6453&#44;6454&#44;6455&#44;6456&#44;6457&#44;6458&#44;6460&#44;6461&#44;6462&#44;6463&#44;6464&#44;6471&#44;6472&#44;6474&#44;6479&#44;6482&#44;6485&#44;6487&#44;6489&#44;6501&#44;6502&#44;6503&#44;6505&#44;6506&#44;6507&#44;6509&#44;6510&#44;6512&#44;6514&#44;6517&#44;6518&#44;6520&#44;6521&#44;6524&#44;6527&#44;6528&#44;6533&#44;6535&#44;6536&#44;6539&#44;6540&#44;6543&#44;6547&#44;6549&#44;6556&#44;6562&#44;6565&#44;6567&#44;6568&#44;6569&#44;6570&#44;6571&#44;6572&#44;6573&#44;6575&#44;6581&#44;6582&#44;6604&#44;6605&#44;6606&#44;6608&#44;6609&#44;6610&#44;6612&#44;6613&#44;6614&#44;6615&#44;6616&#44;6617&#44;6619&#44;6620&#44;6621&#44;6622&#44;6624&#44;6626&#44;6628&#44;6630&#44;6631&#44;6632&#44;6633&#44;6634&#44;6635&#44;6636&#44;6637&#44;6643&#44;6644&#44;6646&#44;6650&#44;6651&#44;6652&#44;6653&#44;6655&#44;6657&#44;6658&#44;6659&#44;6660&#44;6661&#44;6662&#44;6663&#44;6664&#44;6666&#44;6667&#44;6670&#44;6671&#44;6672&#44;6673&#44;6674&#44;6675&#44;6676&#44;6677&#44;6678&#44;6679&#44;6680&#44;6682&#44;6683&#44;6684&#44;6685&#44;6686&#44;6689&#44;6690&#44;6692&#44;6693&#44;6779&#44;6781&#44;6867&#44;6976&#44;6979&#44;7189&#44;7658&#44;7676&#44;8102&#44;8104&#44;8106&#44;8107&#44;8111&#44;8112&#44;8114&#44;8115&#44;8116&#44;8117&#44;8119&#44;8120&#44;8123&#44;8125&#44;8126&#44;8128&#44;8129&#44;8130&#44;8132&#44;8133&#44;8134&#44;8135&#44;8136&#44;8138&#44;8139&#44;8141&#44;8142&#44;8144&#44;8145&#44;8146&#44;8147&#44;8149&#44;8150&#44;8151&#44;8152&#44;8153&#44;8155&#44;8156&#44;8157&#44;8158&#44;8160&#44;8161&#44;8162&#44;8163&#44;8164&#44;8165&#44;8166&#44;8167&#44;8168&#44;8169&#44;8172&#44;8173&#44;8174&#44;8175&#44;8176&#44;8177&#44;8180&#44;8181&#44;8182&#44;8183&#44;8184&#44;8185&#44;8186&#44;8188&#44;8189&#44;8190&#44;8191&#44;8192&#44;8193&#44;8194&#44;8196&#44;8197&#44;8201&#44;8202&#44;8203&#44;8205&#44;8207&#44;8208&#44;8209&#44;8210&#44;8211&#44;8213&#44;8215&#44;8218&#44;8219&#44;8220&#44;8221&#44;8222&#44;8223&#44;8224&#44;8225&#44;8226&#44;8227&#44;8228&#44;8236&#44;8237&#44;8238&#44;8239&#44;8241&#44;8242&#44;8243&#44;8244&#44;8245&#44;8246&#44;8247&#44;8248&#44;8250&#44;8251&#44;8252&#44;8253&#44;8254&#44;8256&#44;8257&#44;8259&#44;8261&#44;8262&#44;8263&#44;8264&#44;8265&#44;8266&#44;8267&#44;8268&#44;8269&#44;8270&#44;8271&#44;8272&#44;8273&#44;8274&#44;8275&#44;8276&#44;8277&#44;8278&#44;8279&#44;8280&#44;8281&#44;8282&#44;8283&#44;8284&#44;8285&#44;8286&#44;8287&#44;8288&#44;8289&#44;8290&#44;8291&#44;8292&#44;8293&#44;8294&#44;8295&#44;8296&#44;8297&#44;8298&#44;8299&#44;""",5/19/22,5/18/22,N
layouts,Meat and Seafood,"""72&#44;76&#44;93""",,2022,6/20/22,1-NewFolderStructure/C076_C072_C093_Fresh_Meat_Seafood/C76_C93 June Minor Effective 6_20_2022/,_C76_C93_Effective_06202022_Planogram_Updated_06032022.pdf,"""4109&#44;4702&#44;4703&#44;4704&#44;4707&#44;4709&#44;4710&#44;4711&#44;4712&#44;4713&#44;4718&#44;4720&#44;4721&#44;4722&#44;4724&#44;4728&#44;4729&#44;4730&#44;4731&#44;4732&#44;4735&#44;4736&#44;4738&#44;4739&#44;4740&#44;4741&#44;4742&#44;4743&#44;4745&#44;4749&#44;4750&#44;4755&#44;4761&#44;4763&#44;4764&#44;4767&#44;4768&#44;4769&#44;4770&#44;4771&#44;4772&#44;4774&#44;4775&#44;4776&#44;4777&#44;4778&#44;4780&#44;4781&#44;4782&#44;4783&#44;4784&#44;4785&#44;4786&#44;4787&#44;4789&#44;4790&#44;4791&#44;4794&#44;4795&#44;4797&#44;4798&#44;4799&#44;4801&#44;4802&#44;4804&#44;4805&#44;4808&#44;4815&#44;4816&#44;4817&#44;4818&#44;4819&#44;4820&#44;4822&#44;4824&#44;4825&#44;4828&#44;4829&#44;4830&#44;4831&#44;4836&#44;4837&#44;4839&#44;4840&#44;4843&#44;4846&#44;4847&#44;4850&#44;4851&#44;4852&#44;4853&#44;4855&#44;4857&#44;4859&#44;4860&#44;4861&#44;4866&#44;4870&#44;4871&#44;4872&#44;4873&#44;4874&#44;4875&#44;4876&#44;4878&#44;4879&#44;4901&#44;4905&#44;4906&#44;4908&#44;4911&#44;4914&#44;4915&#44;4917&#44;4920&#44;4925&#44;4926&#44;4930&#44;4933&#44;4936&#44;4938&#44;4939&#44;4942&#44;4944&#44;4946&#44;4947&#44;4948&#44;4950&#44;4952&#44;4955&#44;4958&#44;4961&#44;4962&#44;4963&#44;4969&#44;4972&#44;4973&#44;4974&#44;4982&#44;4983&#44;4985&#44;4987&#44;4989&#44;4990&#44;4991&#44;4992&#44;4994&#44;4996&#44;4998&#44;4999&#44;6181&#44;6188&#44;6189&#44;6201&#44;6202&#44;6203&#44;6204&#44;6205&#44;6212&#44;6213&#44;6216&#44;6217&#44;6218&#44;6219&#44;6220&#44;6225&#44;6228&#44;6235&#44;6236&#44;6238&#44;6239&#44;6240&#44;6242&#44;6244&#44;6245&#44;6246&#44;6247&#44;6249&#44;6251&#44;6252&#44;6254&#44;6255&#44;6256&#44;6257&#44;6259&#44;6260&#44;6261&#44;6262&#44;6265&#44;6267&#44;6269&#44;6270&#44;6275&#44;6302&#44;6304&#44;6305&#44;6307&#44;6308&#44;6309&#44;6310&#44;6311&#44;6312&#44;6313&#44;6314&#44;6315&#44;6317&#44;6319&#44;6320&#44;6321&#44;6322&#44;6324&#44;6325&#44;6326&#44;6327&#44;6328&#44;6329&#44;6330&#44;6331&#44;6332&#44;6333&#44;6334&#44;6335&#44;6336&#44;6338&#44;6339&#44;6341&#44;6342&#44;6343&#44;6344&#44;6345&#44;6347&#44;6348&#44;6349&#44;6350&#44;6351&#44;6352&#44;6353&#44;6354&#44;6355&#44;6356&#44;6357&#44;6358&#44;6359&#44;6360&#44;6361&#44;6363&#44;6364&#44;6365&#44;6366&#44;6367&#44;6368&#44;6369&#44;6371&#44;6372&#44;6373&#44;6375&#44;6376&#44;6377&#44;6378&#44;6379&#44;6380&#44;6381&#44;6382&#44;6383&#44;6384&#44;6385&#44;6386&#44;6387&#44;6388&#44;6401&#44;6402&#44;6403&#44;6404&#44;6405&#44;6406&#44;6407&#44;6408&#44;6409&#44;6410&#44;6412&#44;6413&#44;6414&#44;6415&#44;6417&#44;6418&#44;6419&#44;6420&#44;6421&#44;6422&#44;6423&#44;6424&#44;6425&#44;6426&#44;6427&#44;6428&#44;6429&#44;6430&#44;6431&#44;6432&#44;6433&#44;6434&#44;6435&#44;6436&#44;6437&#44;6439&#44;6440&#44;6441&#44;6443&#44;6444&#44;6445&#44;6448&#44;6449&#44;6450&#44;6452&#44;6453&#44;6454&#44;6455&#44;6456&#44;6457&#44;6458&#44;6460&#44;6461&#44;6462&#44;6463&#44;6464&#44;6471&#44;6472&#44;6474&#44;6479&#44;6482&#44;6485&#44;6487&#44;6489&#44;6501&#44;6502&#44;6503&#44;6505&#44;6506&#44;6507&#44;6509&#44;6510&#44;6512&#44;6514&#44;6517&#44;6518&#44;6520&#44;6521&#44;6524&#44;6527&#44;6528&#44;6533&#44;6535&#44;6536&#44;6539&#44;6540&#44;6543&#44;6547&#44;6549&#44;6556&#44;6562&#44;6565&#44;6567&#44;6568&#44;6569&#44;6570&#44;6571&#44;6572&#44;6573&#44;6575&#44;6581&#44;6582&#44;6604&#44;6605&#44;6606&#44;6608&#44;6609&#44;6610&#44;6612&#44;6613&#44;6614&#44;6615&#44;6616&#44;6617&#44;6619&#44;6620&#44;6621&#44;6622&#44;6624&#44;6626&#44;6628&#44;6630&#44;6631&#44;6632&#44;6633&#44;6634&#44;6635&#44;6636&#44;6637&#44;6643&#44;6644&#44;6646&#44;6650&#44;6651&#44;6652&#44;6653&#44;6655&#44;6657&#44;6658&#44;6659&#44;6660&#44;6661&#44;6662&#44;6663&#44;6664&#44;6666&#44;6667&#44;6670&#44;6671&#44;6672&#44;6673&#44;6674&#44;6675&#44;6676&#44;6677&#44;6678&#44;6679&#44;6680&#44;6682&#44;6683&#44;6684&#44;6685&#44;6686&#44;6689&#44;6690&#44;6692&#44;6693&#44;6779&#44;6781&#44;6867&#44;6976&#44;6979&#44;7189&#44;7658&#44;7676&#44;8102&#44;8104&#44;8106&#44;8107&#44;8111&#44;8112&#44;8114&#44;8115&#44;8116&#44;8117&#44;8119&#44;8120&#44;8123&#44;8125&#44;8126&#44;8128&#44;8129&#44;8130&#44;8132&#44;8133&#44;8134&#44;8135&#44;8136&#44;8138&#44;8139&#44;8141&#44;8142&#44;8144&#44;8145&#44;8146&#44;8147&#44;8149&#44;8150&#44;8151&#44;8152&#44;8153&#44;8155&#44;8156&#44;8157&#44;8158&#44;8160&#44;8161&#44;8162&#44;8163&#44;8164&#44;8165&#44;8166&#44;8167&#44;8168&#44;8169&#44;8172&#44;8173&#44;8174&#44;8175&#44;8176&#44;8177&#44;8180&#44;8181&#44;8182&#44;8183&#44;8184&#44;8185&#44;8186&#44;8188&#44;8189&#44;8190&#44;8191&#44;8192&#44;8193&#44;8194&#44;8196&#44;8197&#44;8201&#44;8202&#44;8203&#44;8205&#44;8207&#44;8208&#44;8209&#44;8210&#44;8211&#44;8213&#44;8215&#44;8218&#44;8219&#44;8220&#44;8221&#44;8222&#44;8223&#44;8224&#44;8225&#44;8226&#44;8227&#44;8228&#44;8236&#44;8237&#44;8238&#44;8239&#44;8241&#44;8242&#44;8243&#44;8244&#44;8245&#44;8246&#44;8247&#44;8248&#44;8250&#44;8251&#44;8252&#44;8253&#44;8254&#44;8256&#44;8257&#44;8259&#44;8261&#44;8262&#44;8263&#44;8264&#44;8265&#44;8266&#44;8267&#44;8268&#44;8269&#44;8270&#44;8271&#44;8272&#44;8273&#44;8274&#44;8275&#44;8276&#44;8277&#44;8278&#44;8279&#44;8280&#44;8281&#44;8282&#44;8283&#44;8284&#44;8285&#44;8286&#44;8287&#44;8288&#44;8289&#44;8290&#44;8291&#44;8292&#44;8293&#44;8294&#44;8295&#44;8296&#44;8297&#44;8298&#44;8299&#44;""",6/9/22,6/3/22,N
layouts,Meat and Seafood,"""72&#44;76&#44;93""",,2022,6/20/22,1-NewFolderStructure/C076_C072_C093_Fresh_Meat_Seafood/C76_C93_Effective_06202022_Planogram_Updated_06032022/,_C76_C93_Effective_06202022_Planogram_Updated_06032022.pdf,"""4749&#44;4808&#44;4839&#44;4915&#44;6254&#44;6275&#44;6405&#44;6619&#44;6684&#44;8209&#44;8266&#44;""",6/28/22,6/3/22,N
layouts,Deli,57,,2022,6/20/22,1-NewFolderStructure/C057_Deli/C57_Effective_06202022_Planogram_Update_062022/,_C57_Effective_06202022_Planogram_Update_06-20-2022.pdf,"""8284&#44;6527&#44;8153&#44;6521&#44;6336&#44;4775&#44;4786&#44;""",6/27/22,6/20/22,N
layouts,Seafood,72-1,,2022,6/20/22,1-NewFolderStructure/C072_Seafood/C72_Seafood_Effective_6202022/,_C72_Seafood_Effective_6202022.pdf,"""4768&#44;""",7/7/22,6/20/22,N
layouts,Seafood,72-1,,2022,6/22/22,1-NewFolderStructure/C072_Seafood/C72_Effective_06222022_Updated_06212022/,_C72_Seafood_Effective_06222022.pdf,"""4843&#44;""",6/23/22,6/21/22,N
layouts,Seafood,72-1,,2022,6/24/22,1-NewFolderStructure/C072_Seafood/C72_Seafood_Effective_06242022/,_C72_Seafood_Effective_06242022.pdf,"""4843&#44;""",6/27/22,6/23/22,N
layouts,Bakery Tables,"""37&#44;77""",,2022,7/4/22,1-NewFolderStructure/C037_C077_Bakery_Tables/C37_77_Bakery_Tables_Effective_07042022_Updated_06242022/,_C37_77_Bakery_Tables_Effective_07042022_Updated_06242022.pdf,"""4707&#44;4710&#44;4711&#44;4722&#44;4724&#44;4729&#44;4736&#44;4738&#44;4739&#44;4740&#44;4749&#44;4771&#44;4772&#44;4774&#44;4775&#44;4776&#44;4778&#44;4780&#44;4782&#44;4785&#44;4787&#44;4789&#44;4790&#44;4791&#44;4794&#44;4797&#44;4798&#44;4801&#44;4802&#44;4804&#44;4815&#44;4817&#44;4818&#44;4820&#44;4828&#44;4831&#44;4836&#44;4837&#44;4840&#44;4846&#44;4847&#44;4855&#44;4857&#44;4859&#44;4860&#44;4861&#44;4866&#44;4871&#44;4872&#44;4873&#44;4874&#44;4879&#44;4901&#44;4917&#44;4920&#44;4933&#44;4936&#44;4942&#44;4944&#44;4946&#44;4950&#44;4952&#44;4962&#44;4963&#44;4972&#44;4973&#44;4985&#44;4989&#44;4990&#44;4991&#44;4994&#44;4996&#44;4998&#44;4999&#44;6181&#44;6189&#44;6201&#44;6203&#44;6204&#44;6212&#44;6216&#44;6217&#44;6218&#44;6220&#44;6225&#44;6228&#44;6236&#44;6238&#44;6239&#44;6242&#44;6247&#44;6249&#44;6251&#44;6254&#44;6256&#44;6260&#44;6267&#44;6270&#44;6275&#44;6302&#44;6305&#44;6307&#44;6308&#44;6309&#44;6310&#44;6311&#44;6312&#44;6313&#44;6314&#44;6315&#44;6317&#44;6320&#44;6321&#44;6322&#44;6324&#44;6326&#44;6327&#44;6328&#44;6329&#44;6330&#44;6331&#44;6332&#44;6333&#44;6335&#44;6339&#44;6341&#44;6342&#44;6343&#44;6344&#44;6348&#44;6349&#44;6351&#44;6352&#44;6353&#44;6354&#44;6355&#44;6356&#44;6357&#44;6358&#44;6361&#44;6363&#44;6364&#44;6365&#44;6366&#44;6368&#44;6369&#44;6371&#44;6373&#44;6375&#44;6380&#44;6383&#44;6384&#44;6385&#44;6386&#44;6387&#44;6388&#44;6401&#44;6402&#44;6403&#44;6404&#44;6406&#44;6407&#44;6409&#44;6412&#44;6413&#44;6414&#44;6415&#44;6417&#44;6418&#44;6419&#44;6420&#44;6423&#44;6427&#44;6428&#44;6431&#44;6432&#44;6434&#44;6435&#44;6436&#44;6440&#44;6441&#44;6443&#44;6444&#44;6445&#44;6448&#44;6450&#44;6452&#44;6456&#44;6457&#44;6458&#44;6460&#44;6462&#44;6463&#44;6464&#44;6472&#44;6487&#44;6501&#44;6503&#44;6506&#44;6507&#44;6509&#44;6510&#44;6512&#44;6514&#44;6517&#44;6518&#44;6520&#44;6521&#44;6524&#44;6527&#44;6528&#44;6535&#44;6536&#44;6539&#44;6540&#44;6543&#44;6547&#44;6562&#44;6568&#44;6569&#44;6570&#44;6571&#44;6572&#44;6573&#44;6575&#44;6581&#44;6582&#44;6636&#44;6637&#44;6643&#44;6644&#44;6646&#44;6650&#44;6651&#44;6652&#44;6653&#44;6655&#44;6657&#44;6659&#44;6660&#44;6661&#44;6662&#44;6663&#44;6664&#44;6666&#44;6667&#44;6670&#44;6671&#44;6673&#44;6674&#44;6675&#44;6676&#44;6677&#44;6678&#44;6679&#44;6680&#44;6689&#44;6690&#44;6693&#44;6976&#44;6979&#44;7658&#44;8102&#44;8104&#44;8106&#44;8107&#44;8112&#44;8114&#44;8115&#44;8116&#44;8119&#44;8120&#44;8128&#44;8129&#44;8130&#44;8132&#44;8133&#44;8134&#44;8136&#44;8138&#44;8139&#44;8141&#44;8142&#44;8144&#44;8145&#44;8146&#44;8149&#44;8150&#44;8152&#44;8155&#44;8157&#44;8158&#44;8160&#44;8161&#44;8162&#44;8164&#44;8165&#44;8166&#44;8167&#44;8172&#44;8173&#44;8175&#44;8176&#44;8181&#44;8183&#44;8184&#44;8185&#44;8186&#44;8188&#44;8191&#44;8192&#44;8193&#44;8194&#44;8196&#44;8201&#44;8202&#44;8203&#44;8207&#44;8208&#44;8211&#44;8213&#44;8215&#44;8218&#44;8219&#44;8220&#44;8221&#44;8222&#44;8223&#44;8225&#44;8228&#44;8236&#44;8237&#44;8238&#44;8243&#44;8247&#44;8252&#44;8253&#44;8254&#44;8256&#44;8257&#44;8261&#44;8263&#44;8266&#44;8271&#44;8278&#44;8283&#44;8287&#44;8290&#44;8291&#44;8292&#44;8293&#44;8294&#44;8296&#44;8297&#44;8298&#44;""",6/28/22,6/24/22,N
layouts,Cake Case,"""37-3&#44;77-3""",,2022,7/4/22,1-NewFolderStructure/C037_C077_Cake_Case/C77_C37_Cake_Effective_07042022_Updated_06242022/,_C77_C37_Effective_07042022_Updated_06242022.pdf,"""4710&#44;4722&#44;4724&#44;4729&#44;4736&#44;4743&#44;4755&#44;4761&#44;4771&#44;4776&#44;4778&#44;4794&#44;4795&#44;4797&#44;4798&#44;4815&#44;4817&#44;4820&#44;4825&#44;4831&#44;4836&#44;4840&#44;4847&#44;4851&#44;4857&#44;4859&#44;4872&#44;4875&#44;4876&#44;4878&#44;4879&#44;4901&#44;4917&#44;4920&#44;4926&#44;4936&#44;4944&#44;4946&#44;4948&#44;4950&#44;4952&#44;4961&#44;4962&#44;4963&#44;4972&#44;4973&#44;4989&#44;4992&#44;4994&#44;4996&#44;4999&#44;6201&#44;6203&#44;6204&#44;6213&#44;6216&#44;6219&#44;6228&#44;6236&#44;6238&#44;6247&#44;6256&#44;6260&#44;6270&#44;6275&#44;6304&#44;6305&#44;6307&#44;6308&#44;6315&#44;6322&#44;6324&#44;6325&#44;6326&#44;6327&#44;6328&#44;6330&#44;6331&#44;6332&#44;6333&#44;6334&#44;6335&#44;6338&#44;6339&#44;6341&#44;6342&#44;6343&#44;6349&#44;6352&#44;6353&#44;6355&#44;6357&#44;6358&#44;6363&#44;6364&#44;6365&#44;6366&#44;6368&#44;6371&#44;6378&#44;6383&#44;6384&#44;6386&#44;6387&#44;6401&#44;6402&#44;6403&#44;6405&#44;6407&#44;6409&#44;6410&#44;6413&#44;6419&#44;6420&#44;6422&#44;6423&#44;6426&#44;6431&#44;6432&#44;6433&#44;6434&#44;6435&#44;6437&#44;6439&#44;6441&#44;6443&#44;6444&#44;6448&#44;6449&#44;6450&#44;6452&#44;6455&#44;6456&#44;6458&#44;6460&#44;6462&#44;6463&#44;6464&#44;6472&#44;6479&#44;6501&#44;6505&#44;6506&#44;6509&#44;6512&#44;6517&#44;6518&#44;6520&#44;6524&#44;6528&#44;6536&#44;6539&#44;6540&#44;6543&#44;6547&#44;6562&#44;6568&#44;6569&#44;6570&#44;6571&#44;6572&#44;6573&#44;6581&#44;6606&#44;6613&#44;6621&#44;6630&#44;6646&#44;6651&#44;6652&#44;6660&#44;6661&#44;6663&#44;6664&#44;6673&#44;6675&#44;6676&#44;6677&#44;6678&#44;6679&#44;6680&#44;6682&#44;6690&#44;6693&#44;6976&#44;7676&#44;8102&#44;8107&#44;8111&#44;8112&#44;8116&#44;8117&#44;8125&#44;8129&#44;8130&#44;8132&#44;8134&#44;8135&#44;8136&#44;8142&#44;8144&#44;8150&#44;8151&#44;8152&#44;8155&#44;8157&#44;8160&#44;8161&#44;8162&#44;8163&#44;8164&#44;8166&#44;8167&#44;8169&#44;8173&#44;8175&#44;8176&#44;8182&#44;8183&#44;8186&#44;8188&#44;8191&#44;8192&#44;8193&#44;8194&#44;8202&#44;8205&#44;8207&#44;8208&#44;8215&#44;8218&#44;8219&#44;8220&#44;8221&#44;8222&#44;8223&#44;8224&#44;8226&#44;8228&#44;8237&#44;8241&#44;8242&#44;8243&#44;8247&#44;8250&#44;8251&#44;8252&#44;8253&#44;8254&#44;8256&#44;8257&#44;8261&#44;8262&#44;8263&#44;8265&#44;8267&#44;8270&#44;8271&#44;8275&#44;8280&#44;8283&#44;8285&#44;8287&#44;8288&#44;8289&#44;8290&#44;8292&#44;8294&#44;8295&#44;8298&#44;""",6/28/22,6/24/22,N
layouts,Cake Case,"""37-3&#44;77-3""",,2022,7/4/22,1-NewFolderStructure/C037_C077_Cake_Case/C77_C37_Effective_07042022_Updated_06242022/,_C77_C37_Effective_07042022_Updated_06242022.pdf,"""4109&#44;4702&#44;4703&#44;4704&#44;4707&#44;4709&#44;4711&#44;4712&#44;4713&#44;4718&#44;4720&#44;4721&#44;4728&#44;4730&#44;4731&#44;4732&#44;4735&#44;4738&#44;4739&#44;4740&#44;4741&#44;4742&#44;4745&#44;4749&#44;4750&#44;4763&#44;4764&#44;4767&#44;4768&#44;4769&#44;4770&#44;4772&#44;4774&#44;4775&#44;4777&#44;4780&#44;4781&#44;4782&#44;4783&#44;4784&#44;4785&#44;4786&#44;4787&#44;4789&#44;4790&#44;4791&#44;4799&#44;4801&#44;4802&#44;4804&#44;4805&#44;4808&#44;4816&#44;4818&#44;4819&#44;4822&#44;4824&#44;4828&#44;4829&#44;4830&#44;4837&#44;4839&#44;4843&#44;4846&#44;4850&#44;4852&#44;4853&#44;4855&#44;4860&#44;4861&#44;4866&#44;4870&#44;4871&#44;4873&#44;4874&#44;4905&#44;4906&#44;4911&#44;4914&#44;4915&#44;4925&#44;4933&#44;4938&#44;4939&#44;4942&#44;4947&#44;4955&#44;4958&#44;4969&#44;4974&#44;4982&#44;4983&#44;4985&#44;4987&#44;4990&#44;4991&#44;4998&#44;6181&#44;6188&#44;6189&#44;6202&#44;6205&#44;6212&#44;6217&#44;6218&#44;6220&#44;6225&#44;6235&#44;6239&#44;6240&#44;6242&#44;6244&#44;6245&#44;6246&#44;6249&#44;6251&#44;6252&#44;6254&#44;6255&#44;6257&#44;6259&#44;6261&#44;6262&#44;6265&#44;6267&#44;6269&#44;6302&#44;6309&#44;6310&#44;6311&#44;6312&#44;6313&#44;6314&#44;6317&#44;6319&#44;6320&#44;6321&#44;6329&#44;6336&#44;6344&#44;6345&#44;6347&#44;6348&#44;6350&#44;6351&#44;6354&#44;6356&#44;6359&#44;6360&#44;6361&#44;6367&#44;6369&#44;6372&#44;6373&#44;6375&#44;6376&#44;6379&#44;6380&#44;6381&#44;6382&#44;6385&#44;6388&#44;6404&#44;6406&#44;6408&#44;6412&#44;6414&#44;6415&#44;6417&#44;6418&#44;6421&#44;6425&#44;6427&#44;6428&#44;6429&#44;6430&#44;6436&#44;6440&#44;6445&#44;6453&#44;6454&#44;6457&#44;6471&#44;6474&#44;6482&#44;6485&#44;6487&#44;6489&#44;6502&#44;6503&#44;6507&#44;6510&#44;6514&#44;6521&#44;6527&#44;6535&#44;6549&#44;6565&#44;6575&#44;6582&#44;6604&#44;6605&#44;6608&#44;6609&#44;6610&#44;6612&#44;6614&#44;6615&#44;6616&#44;6617&#44;6619&#44;6620&#44;6622&#44;6624&#44;6626&#44;6628&#44;6631&#44;6632&#44;6633&#44;6634&#44;6635&#44;6636&#44;6637&#44;6643&#44;6644&#44;6650&#44;6653&#44;6655&#44;6657&#44;6658&#44;6659&#44;6662&#44;6666&#44;6667&#44;6670&#44;6671&#44;6672&#44;6674&#44;6683&#44;6684&#44;6685&#44;6686&#44;6689&#44;6692&#44;6779&#44;6781&#44;6867&#44;6979&#44;7189&#44;7658&#44;8104&#44;8106&#44;8114&#44;8115&#44;8119&#44;8120&#44;8123&#44;8126&#44;8128&#44;8133&#44;8138&#44;8139&#44;8141&#44;8145&#44;8146&#44;8147&#44;8149&#44;8153&#44;8156&#44;8158&#44;8165&#44;8168&#44;8172&#44;8174&#44;8177&#44;8181&#44;8184&#44;8185&#44;8190&#44;8196&#44;8197&#44;8201&#44;8203&#44;8209&#44;8210&#44;8211&#44;8213&#44;8225&#44;8227&#44;8236&#44;8238&#44;8239&#44;8244&#44;8245&#44;8246&#44;8248&#44;8259&#44;8264&#44;8266&#44;8268&#44;8269&#44;8272&#44;8273&#44;8274&#44;8276&#44;8277&#44;8278&#44;8279&#44;8281&#44;8282&#44;8284&#44;8286&#44;8291&#44;8293&#44;8296&#44;8297&#44;8299&#44;""",7/13/22,6/24/22,N
layouts,Bakery Pallets,"""37-4&#44;77-4""",,2022,7/4/22,1-NewFolderStructure/C037_C077_Bakery_Pallets/C37_77_Bakery_Pallets_Effective_07042022_Updated_06242022/,_C37_77_Bakery_Pallets_Effective_07042022_Updated_06242022.pdf,"""4707&#44;4710&#44;4711&#44;4722&#44;4724&#44;4729&#44;4736&#44;4738&#44;4739&#44;4740&#44;4749&#44;4771&#44;4772&#44;4774&#44;4775&#44;4776&#44;4778&#44;4780&#44;4782&#44;4785&#44;4787&#44;4789&#44;4790&#44;4791&#44;4794&#44;4797&#44;4798&#44;4801&#44;4802&#44;4804&#44;4815&#44;4817&#44;4818&#44;4820&#44;4828&#44;4831&#44;4836&#44;4837&#44;4840&#44;4846&#44;4847&#44;4855&#44;4857&#44;4859&#44;4860&#44;4861&#44;4866&#44;4871&#44;4872&#44;4873&#44;4874&#44;4879&#44;4901&#44;4917&#44;4920&#44;4930&#44;4933&#44;4936&#44;4942&#44;4944&#44;4946&#44;4950&#44;4952&#44;4962&#44;4963&#44;4972&#44;4973&#44;4985&#44;4989&#44;4990&#44;4991&#44;4994&#44;4996&#44;4998&#44;4999&#44;6181&#44;6189&#44;6201&#44;6203&#44;6204&#44;6212&#44;6216&#44;6217&#44;6218&#44;6220&#44;6225&#44;6228&#44;6236&#44;6238&#44;6239&#44;6242&#44;6247&#44;6249&#44;6251&#44;6254&#44;6256&#44;6260&#44;6267&#44;6270&#44;6275&#44;6302&#44;6305&#44;6307&#44;6308&#44;6309&#44;6310&#44;6311&#44;6312&#44;6313&#44;6314&#44;6315&#44;6317&#44;6320&#44;6321&#44;6322&#44;6326&#44;6327&#44;6328&#44;6329&#44;6330&#44;6331&#44;6332&#44;6333&#44;6335&#44;6339&#44;6341&#44;6342&#44;6343&#44;6344&#44;6348&#44;6349&#44;6351&#44;6352&#44;6353&#44;6354&#44;6355&#44;6356&#44;6357&#44;6358&#44;6361&#44;6363&#44;6364&#44;6365&#44;6366&#44;6368&#44;6369&#44;6371&#44;6373&#44;6375&#44;6380&#44;6383&#44;6384&#44;6385&#44;6386&#44;6387&#44;6388&#44;6401&#44;6402&#44;6403&#44;6404&#44;6406&#44;6407&#44;6409&#44;6413&#44;6414&#44;6415&#44;6418&#44;6419&#44;6420&#44;6423&#44;6427&#44;6428&#44;6431&#44;6432&#44;6434&#44;6435&#44;6436&#44;6440&#44;6441&#44;6443&#44;6444&#44;6445&#44;6448&#44;6450&#44;6452&#44;6456&#44;6457&#44;6458&#44;6460&#44;6462&#44;6463&#44;6464&#44;6472&#44;6487&#44;6501&#44;6503&#44;6506&#44;6507&#44;6509&#44;6510&#44;6512&#44;6514&#44;6517&#44;6518&#44;6520&#44;6521&#44;6524&#44;6527&#44;6528&#44;6535&#44;6536&#44;6539&#44;6540&#44;6543&#44;6547&#44;6562&#44;6568&#44;6569&#44;6570&#44;6571&#44;6572&#44;6573&#44;6575&#44;6581&#44;6582&#44;6636&#44;6637&#44;6643&#44;6644&#44;6646&#44;6650&#44;6651&#44;6652&#44;6653&#44;6655&#44;6657&#44;6659&#44;6660&#44;6661&#44;6662&#44;6663&#44;6664&#44;6666&#44;6667&#44;6670&#44;6671&#44;6673&#44;6674&#44;6675&#44;6676&#44;6677&#44;6678&#44;6679&#44;6680&#44;6689&#44;6690&#44;6693&#44;6976&#44;6979&#44;7658&#44;8102&#44;8104&#44;8106&#44;8107&#44;8112&#44;8114&#44;8115&#44;8116&#44;8119&#44;8120&#44;8128&#44;8129&#44;8130&#44;8132&#44;8133&#44;8134&#44;8136&#44;8138&#44;8139&#44;8141&#44;8142&#44;8144&#44;8145&#44;8146&#44;8149&#44;8150&#44;8152&#44;8155&#44;8157&#44;8158&#44;8160&#44;8161&#44;8162&#44;8164&#44;8165&#44;8166&#44;8167&#44;8172&#44;8173&#44;8175&#44;8176&#44;8181&#44;8183&#44;8184&#44;8185&#44;8186&#44;8188&#44;8191&#44;8192&#44;8193&#44;8194&#44;8196&#44;8201&#44;8202&#44;8203&#44;8207&#44;8208&#44;8211&#44;8213&#44;8215&#44;8218&#44;8219&#44;8220&#44;8221&#44;8222&#44;8223&#44;8225&#44;8228&#44;8236&#44;8237&#44;8238&#44;8243&#44;8247&#44;8252&#44;8253&#44;8254&#44;8256&#44;8257&#44;8261&#44;8263&#44;8266&#44;8271&#44;8278&#44;8283&#44;8287&#44;8290&#44;8291&#44;8292&#44;8293&#44;8294&#44;8296&#44;8297&#44;8298&#44;""",6/28/22,6/24/22,N
layouts,Bakery Dessert,"""37-2&#44;77-2""",,2022,7/4/22,1-NewFolderStructure/C037_C077_Bakery_Dessert/C77_C37_Dessert_Case_Effective_07042022_Updated_06272022/,_C77_C37_Dessert_Case_Effective_07042022_Updated_06272022.pdf,"""4710&#44;4722&#44;4724&#44;4729&#44;4736&#44;4743&#44;4755&#44;4761&#44;4771&#44;4776&#44;4778&#44;4794&#44;4795&#44;4797&#44;4798&#44;4815&#44;4817&#44;4820&#44;4825&#44;4831&#44;4836&#44;4840&#44;4847&#44;4851&#44;4857&#44;4859&#44;4872&#44;4875&#44;4876&#44;4878&#44;4879&#44;4901&#44;4917&#44;4920&#44;4926&#44;4936&#44;4944&#44;4946&#44;4948&#44;4950&#44;4952&#44;4961&#44;4962&#44;4963&#44;4972&#44;4973&#44;4989&#44;4992&#44;4994&#44;4996&#44;4999&#44;6201&#44;6203&#44;6204&#44;6213&#44;6216&#44;6219&#44;6228&#44;6236&#44;6238&#44;6247&#44;6256&#44;6260&#44;6270&#44;6275&#44;6304&#44;6305&#44;6307&#44;6308&#44;6315&#44;6322&#44;6324&#44;6325&#44;6326&#44;6327&#44;6328&#44;6330&#44;6331&#44;6332&#44;6333&#44;6334&#44;6335&#44;6338&#44;6339&#44;6341&#44;6342&#44;6343&#44;6349&#44;6352&#44;6353&#44;6355&#44;6357&#44;6358&#44;6363&#44;6364&#44;6365&#44;6366&#44;6368&#44;6371&#44;6378&#44;6383&#44;6384&#44;6386&#44;6387&#44;6401&#44;6402&#44;6403&#44;6405&#44;6407&#44;6409&#44;6410&#44;6413&#44;6419&#44;6420&#44;6422&#44;6423&#44;6426&#44;6431&#44;6432&#44;6433&#44;6434&#44;6435&#44;6437&#44;6439&#44;6441&#44;6443&#44;6444&#44;6448&#44;6449&#44;6450&#44;6452&#44;6455&#44;6456&#44;6458&#44;6460&#44;6462&#44;6463&#44;6464&#44;6472&#44;6479&#44;6501&#44;6505&#44;6506&#44;6509&#44;6512&#44;6517&#44;6518&#44;6520&#44;6524&#44;6528&#44;6536&#44;6539&#44;6543&#44;6547&#44;6562&#44;6568&#44;6569&#44;6570&#44;6571&#44;6572&#44;6573&#44;6581&#44;6606&#44;6613&#44;6621&#44;6630&#44;6646&#44;6651&#44;6652&#44;6660&#44;6661&#44;6663&#44;6664&#44;6673&#44;6675&#44;6676&#44;6677&#44;6678&#44;6679&#44;6680&#44;6682&#44;6690&#44;6693&#44;6976&#44;7676&#44;8102&#44;8107&#44;8111&#44;8112&#44;8116&#44;8117&#44;8125&#44;8129&#44;8130&#44;8132&#44;8134&#44;8135&#44;8136&#44;8142&#44;8144&#44;8150&#44;8151&#44;8152&#44;8155&#44;8157&#44;8160&#44;8161&#44;8162&#44;8163&#44;8164&#44;8166&#44;8167&#44;8169&#44;8173&#44;8175&#44;8176&#44;8182&#44;8183&#44;8186&#44;8188&#44;8191&#44;8192&#44;8193&#44;8194&#44;8202&#44;8205&#44;8207&#44;8208&#44;8215&#44;8218&#44;8219&#44;8220&#44;8221&#44;8222&#44;8223&#44;8224&#44;8226&#44;8228&#44;8237&#44;8241&#44;8242&#44;8243&#44;8247&#44;8250&#44;8251&#44;8252&#44;8253&#44;8254&#44;8256&#44;8257&#44;8261&#44;8262&#44;8263&#44;8265&#44;8267&#44;8270&#44;8271&#44;8275&#44;8280&#44;8283&#44;8285&#44;8287&#44;8288&#44;8289&#44;8290&#44;8292&#44;8294&#44;8295&#44;8298&#44;""",6/28/22,6/27/22,N
layouts,HMS,79-2,,2022,7/4/22,1-NewFolderStructure/C079_HMS/C79_HMS_EFFECTIVE_7042022/,_C79_HMS_EFFECTIVE_7042022.pdf,"""4109&#44;4702&#44;4703&#44;4704&#44;4707&#44;4709&#44;4710&#44;4711&#44;4712&#44;4713&#44;4718&#44;4720&#44;4721&#44;4722&#44;4724&#44;4728&#44;4729&#44;4730&#44;4731&#44;4732&#44;4735&#44;4736&#44;4738&#44;4739&#44;4740&#44;4741&#44;4742&#44;4743&#44;4745&#44;4749&#44;4750&#44;4755&#44;4761&#44;4763&#44;4764&#44;4767&#44;4768&#44;4769&#44;4770&#44;4771&#44;4772&#44;4774&#44;4775&#44;4776&#44;4777&#44;4778&#44;4780&#44;4781&#44;4782&#44;4783&#44;4784&#44;4785&#44;4786&#44;4787&#44;4789&#44;4790&#44;4791&#44;4794&#44;4795&#44;4797&#44;4798&#44;4799&#44;4801&#44;4802&#44;4804&#44;4805&#44;4808&#44;4815&#44;4816&#44;4817&#44;4818&#44;4819&#44;4820&#44;4822&#44;4824&#44;4825&#44;4828&#44;4829&#44;4830&#44;4831&#44;4836&#44;4837&#44;4839&#44;4840&#44;4843&#44;4846&#44;4847&#44;4850&#44;4851&#44;4852&#44;4853&#44;4855&#44;4857&#44;4859&#44;4860&#44;4861&#44;4866&#44;4870&#44;4871&#44;4872&#44;4873&#44;4874&#44;4875&#44;4876&#44;4878&#44;4879&#44;4901&#44;4905&#44;4906&#44;4908&#44;4911&#44;4914&#44;4915&#44;4917&#44;4920&#44;4925&#44;4926&#44;4930&#44;4933&#44;4936&#44;4938&#44;4939&#44;4942&#44;4944&#44;4946&#44;4947&#44;4948&#44;4950&#44;4952&#44;4955&#44;4958&#44;4961&#44;4962&#44;4963&#44;4969&#44;4972&#44;4973&#44;4974&#44;4982&#44;4983&#44;4985&#44;4987&#44;4989&#44;4990&#44;4991&#44;4992&#44;4994&#44;4996&#44;4998&#44;4999&#44;6181&#44;6188&#44;6189&#44;6201&#44;6202&#44;6203&#44;6204&#44;6205&#44;6212&#44;6213&#44;6216&#44;6217&#44;6218&#44;6219&#44;6220&#44;6225&#44;6228&#44;6235&#44;6236&#44;6238&#44;6239&#44;6240&#44;6242&#44;6244&#44;6245&#44;6246&#44;6247&#44;6249&#44;6251&#44;6252&#44;6254&#44;6255&#44;6256&#44;6257&#44;6259&#44;6260&#44;6261&#44;6262&#44;6265&#44;6267&#44;6269&#44;6270&#44;6275&#44;6302&#44;6304&#44;6305&#44;6307&#44;6308&#44;6309&#44;6310&#44;6311&#44;6312&#44;6313&#44;6314&#44;6315&#44;6317&#44;6319&#44;6320&#44;6321&#44;6322&#44;6324&#44;6325&#44;6326&#44;6327&#44;6328&#44;6329&#44;6330&#44;6331&#44;6332&#44;6333&#44;6334&#44;6335&#44;6336&#44;6338&#44;6339&#44;6341&#44;6342&#44;6343&#44;6344&#44;6345&#44;6347&#44;6348&#44;6349&#44;6350&#44;6351&#44;6352&#44;6353&#44;6354&#44;6355&#44;6356&#44;6357&#44;6358&#44;6359&#44;6360&#44;6361&#44;6363&#44;6364&#44;6365&#44;6366&#44;6367&#44;6368&#44;6369&#44;6371&#44;6372&#44;6373&#44;6375&#44;6376&#44;6377&#44;6378&#44;6379&#44;6380&#44;6381&#44;6382&#44;6383&#44;6384&#44;6385&#44;6386&#44;6387&#44;6388&#44;6401&#44;6402&#44;6403&#44;6404&#44;6405&#44;6406&#44;6407&#44;6408&#44;6409&#44;6410&#44;6412&#44;6413&#44;6414&#44;6415&#44;6417&#44;6418&#44;6419&#44;6420&#44;6421&#44;6422&#44;6423&#44;6424&#44;6425&#44;6426&#44;6427&#44;6428&#44;6429&#44;6430&#44;6431&#44;6432&#44;6433&#44;6434&#44;6435&#44;6436&#44;6437&#44;6439&#44;6440&#44;6441&#44;6443&#44;6444&#44;6445&#44;6448&#44;6449&#44;6450&#44;6452&#44;6453&#44;6454&#44;6455&#44;6456&#44;6457&#44;6458&#44;6460&#44;6461&#44;6462&#44;6463&#44;6464&#44;6471&#44;6472&#44;6474&#44;6479&#44;6482&#44;6485&#44;6487&#44;6489&#44;6501&#44;6502&#44;6503&#44;6505&#44;6506&#44;6507&#44;6509&#44;6510&#44;6512&#44;6514&#44;6517&#44;6518&#44;6520&#44;6521&#44;6524&#44;6527&#44;6528&#44;6533&#44;6535&#44;6536&#44;6539&#44;6540&#44;6543&#44;6547&#44;6549&#44;6556&#44;6562&#44;6565&#44;6567&#44;6568&#44;6569&#44;6570&#44;6571&#44;6572&#44;6573&#44;6575&#44;6581&#44;6582&#44;6604&#44;6605&#44;6606&#44;6608&#44;6609&#44;6610&#44;6612&#44;6613&#44;6614&#44;6615&#44;6616&#44;6617&#44;6619&#44;6620&#44;6621&#44;6622&#44;6624&#44;6626&#44;6628&#44;6630&#44;6631&#44;6632&#44;6633&#44;6634&#44;6635&#44;6636&#44;6637&#44;6643&#44;6644&#44;6646&#44;6650&#44;6651&#44;6652&#44;6653&#44;6655&#44;6657&#44;6658&#44;6659&#44;6660&#44;6661&#44;6662&#44;6663&#44;6664&#44;6666&#44;6667&#44;6670&#44;6671&#44;6672&#44;6673&#44;6674&#44;6675&#44;6676&#44;6677&#44;6678&#44;6679&#44;6680&#44;6682&#44;6683&#44;6684&#44;6685&#44;6686&#44;6689&#44;6690&#44;6692&#44;6779&#44;6781&#44;6867&#44;6976&#44;6979&#44;7189&#44;7658&#44;7676&#44;8102&#44;8104&#44;8106&#44;8107&#44;8111&#44;8112&#44;8114&#44;8115&#44;8116&#44;8117&#44;8119&#44;8120&#44;8123&#44;8125&#44;8126&#44;8128&#44;8129&#44;8130&#44;8132&#44;8133&#44;8134&#44;8135&#44;8136&#44;8138&#44;8139&#44;8141&#44;8142&#44;8144&#44;8145&#44;8146&#44;8147&#44;8149&#44;8150&#44;8151&#44;8152&#44;8153&#44;8155&#44;8156&#44;8157&#44;8158&#44;8160&#44;8161&#44;8162&#44;8163&#44;8164&#44;8165&#44;8166&#44;8167&#44;8168&#44;8169&#44;8172&#44;8173&#44;8174&#44;8175&#44;8176&#44;8177&#44;8180&#44;8181&#44;8182&#44;8183&#44;8184&#44;8185&#44;8186&#44;8188&#44;8189&#44;8190&#44;8191&#44;8192&#44;8193&#44;8194&#44;8196&#44;8197&#44;8201&#44;8202&#44;8203&#44;8205&#44;8207&#44;8208&#44;8209&#44;8210&#44;8211&#44;8213&#44;8215&#44;8218&#44;8219&#44;8220&#44;8221&#44;8222&#44;8223&#44;8224&#44;8225&#44;8226&#44;8227&#44;8228&#44;8236&#44;8237&#44;8238&#44;8239&#44;8241&#44;8242&#44;8243&#44;8244&#44;8245&#44;8246&#44;8247&#44;8248&#44;8250&#44;8251&#44;8252&#44;8253&#44;8254&#44;8256&#44;8257&#44;8259&#44;8261&#44;8262&#44;8263&#44;8264&#44;8265&#44;8266&#44;8267&#44;8268&#44;8269&#44;8270&#44;8271&#44;8272&#44;8273&#44;8274&#44;8275&#44;8276&#44;8277&#44;8278&#44;8279&#44;8280&#44;8281&#44;8282&#44;8283&#44;8284&#44;8285&#44;8286&#44;8287&#44;8288&#44;8289&#44;8290&#44;8291&#44;8292&#44;8293&#44;8294&#44;8295&#44;8296&#44;8297&#44;8298&#44;8299&#44;""",7/1/22,6/30/22,N
layouts,Seafood,72-1,,2022,7/4/22,1-NewFolderStructure/C072_Seafood/C72_Seafood_Effective_07042022/,_C72_Seafood_Effective_07042022.pdf,"""4109&#44;4702&#44;4703&#44;4704&#44;4707&#44;4709&#44;4710&#44;4711&#44;4712&#44;4713&#44;4718&#44;4720&#44;4721&#44;4722&#44;4724&#44;4728&#44;4729&#44;4730&#44;4731&#44;4732&#44;4735&#44;4736&#44;4738&#44;4739&#44;4740&#44;4741&#44;4742&#44;4743&#44;4745&#44;4749&#44;4750&#44;4761&#44;4763&#44;4764&#44;4767&#44;4768&#44;4769&#44;4770&#44;4771&#44;4772&#44;4774&#44;4775&#44;4776&#44;4777&#44;4778&#44;4780&#44;4781&#44;4782&#44;4783&#44;4784&#44;4785&#44;4786&#44;4787&#44;4789&#44;4790&#44;4791&#44;4794&#44;4795&#44;4797&#44;4798&#44;4799&#44;4801&#44;4802&#44;4804&#44;4805&#44;4808&#44;4815&#44;4816&#44;4817&#44;4818&#44;4819&#44;4820&#44;4822&#44;4824&#44;4825&#44;4828&#44;4829&#44;4830&#44;4831&#44;4836&#44;4837&#44;4839&#44;4840&#44;4843&#44;4846&#44;4847&#44;4850&#44;4851&#44;4852&#44;4853&#44;4855&#44;4857&#44;4859&#44;4860&#44;4861&#44;4870&#44;4871&#44;4872&#44;4873&#44;4874&#44;4875&#44;4876&#44;4878&#44;4879&#44;4901&#44;4905&#44;4906&#44;4908&#44;4911&#44;4914&#44;4915&#44;4917&#44;4920&#44;4925&#44;4926&#44;4930&#44;4933&#44;4936&#44;4938&#44;4939&#44;4942&#44;4944&#44;4946&#44;4947&#44;4948&#44;4950&#44;4952&#44;4955&#44;4958&#44;4961&#44;4962&#44;4963&#44;4969&#44;4972&#44;4973&#44;4974&#44;4982&#44;4983&#44;4985&#44;4987&#44;4989&#44;4990&#44;4991&#44;4992&#44;4994&#44;4996&#44;4998&#44;4999&#44;6181&#44;6188&#44;6189&#44;6201&#44;6202&#44;6203&#44;6204&#44;6205&#44;6212&#44;6213&#44;6216&#44;6217&#44;6218&#44;6219&#44;6220&#44;6228&#44;6235&#44;6236&#44;6238&#44;6239&#44;6240&#44;6242&#44;6244&#44;6245&#44;6246&#44;6247&#44;6249&#44;6251&#44;6252&#44;6254&#44;6255&#44;6256&#44;6257&#44;6259&#44;6260&#44;6261&#44;6262&#44;6265&#44;6267&#44;6269&#44;6275&#44;6302&#44;6304&#44;6305&#44;6307&#44;6308&#44;6309&#44;6310&#44;6311&#44;6312&#44;6313&#44;6314&#44;6315&#44;6317&#44;6319&#44;6320&#44;6321&#44;6322&#44;6324&#44;6325&#44;6326&#44;6327&#44;6328&#44;6329&#44;6330&#44;6331&#44;6332&#44;6333&#44;6334&#44;6335&#44;6336&#44;6338&#44;6339&#44;6341&#44;6342&#44;6343&#44;6344&#44;6345&#44;6347&#44;6348&#44;6349&#44;6350&#44;6351&#44;6352&#44;6353&#44;6354&#44;6355&#44;6356&#44;6357&#44;6358&#44;6359&#44;6360&#44;6361&#44;6363&#44;6364&#44;6365&#44;6366&#44;6367&#44;6368&#44;6369&#44;6371&#44;6372&#44;6373&#44;6375&#44;6376&#44;6377&#44;6378&#44;6379&#44;6380&#44;6381&#44;6382&#44;6383&#44;6384&#44;6385&#44;6386&#44;6387&#44;6388&#44;6401&#44;6402&#44;6403&#44;6404&#44;6405&#44;6406&#44;6407&#44;6408&#44;6409&#44;6412&#44;6413&#44;6414&#44;6415&#44;6417&#44;6418&#44;6419&#44;6420&#44;6421&#44;6422&#44;6423&#44;6424&#44;6425&#44;6426&#44;6427&#44;6428&#44;6429&#44;6430&#44;6431&#44;6432&#44;6433&#44;6434&#44;6435&#44;6436&#44;6437&#44;6439&#44;6440&#44;6441&#44;6443&#44;6444&#44;6445&#44;6448&#44;6449&#44;6450&#44;6452&#44;6453&#44;6454&#44;6455&#44;6456&#44;6457&#44;6458&#44;6460&#44;6461&#44;6462&#44;6463&#44;6464&#44;6471&#44;6472&#44;6474&#44;6479&#44;6482&#44;6485&#44;6487&#44;6489&#44;6501&#44;6502&#44;6503&#44;6505&#44;6506&#44;6507&#44;6509&#44;6510&#44;6512&#44;6514&#44;6517&#44;6518&#44;6520&#44;6521&#44;6524&#44;6527&#44;6528&#44;6533&#44;6535&#44;6536&#44;6539&#44;6540&#44;6547&#44;6549&#44;6556&#44;6562&#44;6565&#44;6567&#44;6568&#44;6569&#44;6570&#44;6571&#44;6572&#44;6573&#44;6575&#44;6581&#44;6582&#44;6604&#44;6605&#44;6606&#44;6608&#44;6609&#44;6610&#44;6612&#44;6613&#44;6614&#44;6615&#44;6616&#44;6617&#44;6619&#44;6620&#44;6621&#44;6622&#44;6624&#44;6626&#44;6628&#44;6630&#44;6631&#44;6632&#44;6633&#44;6634&#44;6635&#44;6636&#44;6637&#44;6643&#44;6644&#44;6646&#44;6650&#44;6651&#44;6652&#44;6653&#44;6655&#44;6657&#44;6658&#44;6659&#44;6660&#44;6661&#44;6662&#44;6663&#44;6664&#44;6666&#44;6667&#44;6670&#44;6671&#44;6672&#44;6673&#44;6674&#44;6675&#44;6676&#44;6677&#44;6678&#44;6679&#44;6682&#44;6683&#44;6684&#44;6685&#44;6686&#44;6692&#44;6693&#44;6779&#44;6781&#44;6867&#44;6976&#44;6979&#44;7189&#44;7658&#44;7676&#44;8102&#44;8104&#44;8106&#44;8107&#44;8111&#44;8112&#44;8114&#44;8115&#44;8116&#44;8117&#44;8119&#44;8120&#44;8123&#44;8125&#44;8126&#44;8128&#44;8129&#44;8130&#44;8132&#44;8133&#44;8134&#44;8135&#44;8136&#44;8138&#44;8139&#44;8141&#44;8142&#44;8144&#44;8145&#44;8146&#44;8147&#44;8149&#44;8150&#44;8151&#44;8152&#44;8153&#44;8155&#44;8156&#44;8157&#44;8158&#44;8160&#44;8161&#44;8162&#44;8163&#44;8164&#44;8165&#44;8166&#44;8167&#44;8168&#44;8169&#44;8172&#44;8173&#44;8174&#44;8175&#44;8176&#44;8177&#44;8180&#44;8181&#44;8182&#44;8183&#44;8184&#44;8185&#44;8186&#44;8188&#44;8189&#44;8190&#44;8191&#44;8192&#44;8193&#44;8194&#44;8196&#44;8197&#44;8201&#44;8202&#44;8203&#44;8205&#44;8207&#44;8208&#44;8209&#44;8210&#44;8211&#44;8213&#44;8215&#44;8218&#44;8219&#44;8220&#44;8221&#44;8222&#44;8223&#44;8224&#44;8225&#44;8226&#44;8227&#44;8228&#44;8236&#44;8237&#44;8238&#44;8239&#44;8241&#44;8242&#44;8243&#44;8244&#44;8245&#44;8246&#44;8247&#44;8248&#44;8250&#44;8251&#44;8252&#44;8253&#44;8254&#44;8256&#44;8257&#44;8259&#44;8261&#44;8262&#44;8263&#44;8264&#44;8265&#44;8266&#44;8267&#44;8268&#44;8269&#44;8270&#44;8271&#44;8272&#44;8273&#44;8274&#44;8275&#44;8276&#44;8277&#44;8278&#44;8279&#44;8280&#44;8281&#44;8282&#44;8283&#44;8284&#44;8285&#44;8286&#44;8287&#44;8288&#44;8289&#44;8290&#44;8291&#44;8292&#44;8293&#44;8294&#44;8295&#44;8296&#44;8297&#44;8298&#44;8299&#44;""",7/13/22,7/7/22,N
layouts,Seafood Island,72-2,,2022,7/4/22,1-NewFolderStructure/C072_Seafood_Island/C72_SeafoodIsland_Effective_07042022/,_C72_SeafoodIsland_Effective_07042022.pdf,"""4707&#44;4711&#44;4713&#44;4740&#44;4742&#44;4775&#44;4783&#44;4790&#44;4804&#44;4808&#44;4855&#44;4905&#44;4925&#44;4969&#44;4983&#44;4985&#44;4998&#44;6239&#44;6242&#44;6249&#44;6251&#44;6254&#44;6262&#44;6265&#44;6309&#44;6312&#44;6317&#44;6320&#44;6344&#44;6348&#44;6354&#44;6360&#44;6361&#44;6414&#44;6415&#44;6457&#44;6520&#44;6565&#44;6604&#44;6619&#44;6636&#44;6644&#44;6653&#44;6662&#44;6666&#44;6674&#44;6692&#44;8106&#44;8114&#44;8115&#44;8123&#44;8139&#44;8149&#44;8165&#44;8168&#44;8181&#44;8183&#44;8201&#44;8209&#44;8225&#44;8236&#44;8238&#44;8246&#44;8269&#44;8299&#44;""",7/13/22,7/7/22,N
layouts,Cake Case,"""37-3&#44;77-3""",,2022,7/4/22,1-NewFolderStructure/C037_C077_Cake_Case/C77_C37_Effective_07082022_Updated_07082022/,_C77_C37_Effective_07082022_Updated_07082022.pdf,"""4109&#44;4702&#44;4703&#44;4707&#44;4711&#44;4712&#44;4713&#44;4720&#44;4721&#44;4731&#44;4742&#44;4745&#44;4749&#44;4763&#44;4764&#44;4769&#44;4770&#44;4777&#44;4783&#44;4791&#44;4805&#44;4808&#44;4816&#44;4828&#44;4839&#44;4843&#44;4850&#44;4853&#44;4855&#44;4870&#44;4873&#44;4905&#44;4906&#44;4911&#44;4914&#44;4925&#44;4938&#44;4939&#44;4958&#44;4969&#44;4985&#44;4987&#44;6181&#44;6188&#44;6202&#44;6239&#44;6244&#44;6245&#44;6246&#44;6251&#44;6255&#44;6259&#44;6262&#44;6265&#44;6267&#44;6269&#44;6317&#44;6336&#44;6345&#44;6347&#44;6348&#44;6350&#44;6351&#44;6354&#44;6356&#44;6360&#44;6367&#44;6372&#44;6376&#44;6379&#44;6381&#44;6408&#44;6414&#44;6415&#44;6418&#44;6421&#44;6425&#44;6430&#44;6453&#44;6471&#44;6482&#44;6485&#44;6489&#44;6502&#44;6540&#44;6549&#44;6565&#44;6631&#44;6632&#44;6633&#44;6634&#44;6635&#44;6637&#44;6650&#44;6670&#44;6672&#44;6779&#44;6781&#44;6867&#44;7189&#44;8104&#44;8115&#44;8126&#44;8145&#44;8147&#44;8153&#44;8156&#44;8174&#44;8190&#44;8209&#44;8210&#44;8227&#44;8239&#44;8244&#44;8245&#44;8246&#44;8248&#44;8259&#44;8264&#44;8266&#44;8268&#44;8269&#44;8272&#44;8273&#44;8274&#44;8277&#44;8279&#44;8281&#44;8282&#44;8284&#44;8286&#44;8293&#44;8296&#44;8299&#44;""",7/13/22,7/8/22,N
layouts,Bakery Dessert,"""37-2&#44;77-2""",,2022,7/8/22,1-NewFolderStructure/C037_C077_Bakery_Dessert/C77_C37_Dessert_Case_Effective_07082022_Updated_07082022/,_C77_C37_Dessert_Case_Effective_07082022_Updated_07082022.pdf,"""4710&#44;4722&#44;4743&#44;4761&#44;4771&#44;4795&#44;4797&#44;4798&#44;4825&#44;4831&#44;4851&#44;4857&#44;4917&#44;4920&#44;4946&#44;4948&#44;4950&#44;4961&#44;4994&#44;4996&#44;6201&#44;6203&#44;6216&#44;6219&#44;6236&#44;6238&#44;6247&#44;6260&#44;6275&#44;6304&#44;6330&#44;6332&#44;6333&#44;6338&#44;6342&#44;6343&#44;6352&#44;6353&#44;6355&#44;6365&#44;6368&#44;6383&#44;6387&#44;6402&#44;6413&#44;6420&#44;6422&#44;6426&#44;6437&#44;6439&#44;6443&#44;6452&#44;6458&#44;6505&#44;6506&#44;6512&#44;6518&#44;6524&#44;6536&#44;6547&#44;6570&#44;6571&#44;6573&#44;6581&#44;6630&#44;6651&#44;6660&#44;6664&#44;6673&#44;6676&#44;6680&#44;6693&#44;6976&#44;7676&#44;8117&#44;8129&#44;8134&#44;8144&#44;8151&#44;8160&#44;8161&#44;8166&#44;8169&#44;8175&#44;8176&#44;8191&#44;8194&#44;8207&#44;8208&#44;8218&#44;8219&#44;8220&#44;8222&#44;8223&#44;8224&#44;8226&#44;8228&#44;8241&#44;8242&#44;8243&#44;8250&#44;8254&#44;8256&#44;8261&#44;8262&#44;8263&#44;8265&#44;8267&#44;8270&#44;8280&#44;8283&#44;8288&#44;8289&#44;8295&#44;""",7/13/22,7/8/22,N
layouts,Seafood,72-1,,2022,7/8/22,1-NewFolderStructure/C072_Seafood/C72_Seafood_Effective_7082022/,_C72_Seafood_Effective_7082022.pdf,"""6570&#44;8223&#44;""",7/27/22,7/20/22,N
layouts,HMS,79-2,,2022,7/11/22,1-NewFolderStructure/C079_HMS/C79_HMS_EFFECTIVE_7112022/,_C79_HMS_EFFECTIVE_7112022.pdf,"""4704&#44;4707&#44;4709&#44;4710&#44;4711&#44;4712&#44;4713&#44;4718&#44;4720&#44;4721&#44;4722&#44;4724&#44;4728&#44;4729&#44;4730&#44;4731&#44;4732&#44;4735&#44;4736&#44;4739&#44;4741&#44;4742&#44;4743&#44;4750&#44;4755&#44;4761&#44;4763&#44;4764&#44;4767&#44;4768&#44;4769&#44;4770&#44;4771&#44;4772&#44;4774&#44;4775&#44;4776&#44;4777&#44;4778&#44;4780&#44;4781&#44;4782&#44;4783&#44;4784&#44;4786&#44;4787&#44;4789&#44;4790&#44;4791&#44;4794&#44;4795&#44;4797&#44;4798&#44;4805&#44;4808&#44;4816&#44;4817&#44;4818&#44;4819&#44;4820&#44;4822&#44;4824&#44;4825&#44;4828&#44;4829&#44;4830&#44;4831&#44;4836&#44;4839&#44;4843&#44;4846&#44;4847&#44;4851&#44;4852&#44;4853&#44;4855&#44;4857&#44;4859&#44;4860&#44;4861&#44;4866&#44;4870&#44;4871&#44;4872&#44;4873&#44;4874&#44;4875&#44;4876&#44;4878&#44;4879&#44;4901&#44;4905&#44;4906&#44;4908&#44;4911&#44;4914&#44;4915&#44;4917&#44;4920&#44;4925&#44;4930&#44;4933&#44;4936&#44;4938&#44;4944&#44;4946&#44;4947&#44;4948&#44;4950&#44;4952&#44;4955&#44;4958&#44;4961&#44;4962&#44;4963&#44;4969&#44;4972&#44;4973&#44;4974&#44;4982&#44;4983&#44;4985&#44;4987&#44;4989&#44;4990&#44;4991&#44;4992&#44;4996&#44;4998&#44;4999&#44;6181&#44;6188&#44;6189&#44;6201&#44;6202&#44;6203&#44;6212&#44;6216&#44;6217&#44;6218&#44;6219&#44;6220&#44;6225&#44;6235&#44;6236&#44;6238&#44;6239&#44;6240&#44;6242&#44;6246&#44;6247&#44;6249&#44;6251&#44;6252&#44;6254&#44;6255&#44;6256&#44;6257&#44;6259&#44;6260&#44;6261&#44;6262&#44;6265&#44;6267&#44;6270&#44;6275&#44;6302&#44;6304&#44;6305&#44;6307&#44;6308&#44;6309&#44;6311&#44;6312&#44;6313&#44;6317&#44;6319&#44;6321&#44;6322&#44;6324&#44;6325&#44;6326&#44;""",6/20/22,6/20/22,N
layouts,Coolers,42-2,,2022,7/11/22,https://sams-csp.cld.samsclub.com/clubs/,/planograms/42,"""4109&#44;4702&#44;4703&#44;4704&#44;4707&#44;4709&#44;4710&#44;4711&#44;4712&#44;4713&#44;4718&#44;4720&#44;4721&#44;4722&#44;4724&#44;4728&#44;4729&#44;4730&#44;4731&#44;4732&#44;4735&#44;4736&#44;4738&#44;4739&#44;4740&#44;4741&#44;4742&#44;4743&#44;4745&#44;4749&#44;4750&#44;4755&#44;4761&#44;4763&#44;4764&#44;4767&#44;4768&#44;4769&#44;4770&#44;4771&#44;4772&#44;4774&#44;4775&#44;4776&#44;4777&#44;4778&#44;4780&#44;4781&#44;4782&#44;4783&#44;4784&#44;4785&#44;4786&#44;4787&#44;4789&#44;4790&#44;4791&#44;4794&#44;4795&#44;4797&#44;4798&#44;4799&#44;4801&#44;4802&#44;4804&#44;4805&#44;4808&#44;4815&#44;4816&#44;4817&#44;4818&#44;4819&#44;4820&#44;4822&#44;4824&#44;4825&#44;4828&#44;4829&#44;4830&#44;4831&#44;4836&#44;4837&#44;4839&#44;4840&#44;4843&#44;4846&#44;4847&#44;4850&#44;4851&#44;4852&#44;4853&#44;4855&#44;4857&#44;4859&#44;4860&#44;4861&#44;4866&#44;4870&#44;4871&#44;4872&#44;4873&#44;4874&#44;4875&#44;4876&#44;4878&#44;4879&#44;4901&#44;4905&#44;4906&#44;4908&#44;4911&#44;4914&#44;4915&#44;4917&#44;4920&#44;4925&#44;4926&#44;4930&#44;4933&#44;4936&#44;4938&#44;4939&#44;4942&#44;4944&#44;4946&#44;4947&#44;4948&#44;4950&#44;4952&#44;4955&#44;4958&#44;4961&#44;4962&#44;4963&#44;4969&#44;4972&#44;4973&#44;4974&#44;4982&#44;4983&#44;4985&#44;4987&#44;4989&#44;4990&#44;4991&#44;4992&#44;4994&#44;4996&#44;4998&#44;4999&#44;6181&#44;6188&#44;6189&#44;6201&#44;6202&#44;6203&#44;6204&#44;6205&#44;6212&#44;6213&#44;6216&#44;6217&#44;6218&#44;6219&#44;6220&#44;6225&#44;6228&#44;6235&#44;6236&#44;6238&#44;6239&#44;6240&#44;6242&#44;6244&#44;6245&#44;6246&#44;6247&#44;6249&#44;6251&#44;6252&#44;6254&#44;6255&#44;6256&#44;6257&#44;6259&#44;6260&#44;6261&#44;6262&#44;6265&#44;6267&#44;6269&#44;6270&#44;6275&#44;6302&#44;6304&#44;6305&#44;6307&#44;6308&#44;6309&#44;6310&#44;6311&#44;6312&#44;6313&#44;6314&#44;6315&#44;6317&#44;6319&#44;6320&#44;6321&#44;6322&#44;6324&#44;6325&#44;6326&#44;6327&#44;6328&#44;6329&#44;6330&#44;6331&#44;6332&#44;6333&#44;6334&#44;6335&#44;6336&#44;6338&#44;6339&#44;6341&#44;6342&#44;6343&#44;6344&#44;6345&#44;6347&#44;6348&#44;6349&#44;6350&#44;6351&#44;6352&#44;6353&#44;6354&#44;6355&#44;6356&#44;6357&#44;6358&#44;6359&#44;6360&#44;6361&#44;6363&#44;6364&#44;6365&#44;6366&#44;6367&#44;6368&#44;6369&#44;6371&#44;6372&#44;6373&#44;6375&#44;6376&#44;6377&#44;6378&#44;6379&#44;6380&#44;6381&#44;6382&#44;6383&#44;6384&#44;6385&#44;6386&#44;6387&#44;6388&#44;6401&#44;6402&#44;6403&#44;6404&#44;6405&#44;6406&#44;6407&#44;6408&#44;6409&#44;6410&#44;6412&#44;6413&#44;6414&#44;6415&#44;6417&#44;6418&#44;6419&#44;6420&#44;6421&#44;6422&#44;6423&#44;6424&#44;6425&#44;6426&#44;6427&#44;6428&#44;6429&#44;6430&#44;6431&#44;6432&#44;6433&#44;6434&#44;6435&#44;6436&#44;6437&#44;6439&#44;6440&#44;6441&#44;6443&#44;6444&#44;6445&#44;6448&#44;6449&#44;6450&#44;6452&#44;6453&#44;6454&#44;6455&#44;6456&#44;6457&#44;6458&#44;6460&#44;6461&#44;6462&#44;6463&#44;6464&#44;6471&#44;6472&#44;6474&#44;6479&#44;6482&#44;6485&#44;6487&#44;6489&#44;6501&#44;6502&#44;6503&#44;6505&#44;6506&#44;6507&#44;6509&#44;6510&#44;6512&#44;6514&#44;6517&#44;6518&#44;6520&#44;6521&#44;6524&#44;6527&#44;6528&#44;6533&#44;6535&#44;6536&#44;6539&#44;6540&#44;6543&#44;6547&#44;6549&#44;6556&#44;6562&#44;6565&#44;6567&#44;6568&#44;6569&#44;6570&#44;6571&#44;6572&#44;6573&#44;6575&#44;6581&#44;6582&#44;6604&#44;6605&#44;6606&#44;6608&#44;6609&#44;6610&#44;6612&#44;6613&#44;6614&#44;6615&#44;6616&#44;6617&#44;6619&#44;6620&#44;6621&#44;6622&#44;6624&#44;6626&#44;6628&#44;6630&#44;6631&#44;6632&#44;6633&#44;6634&#44;6635&#44;6636&#44;6637&#44;6643&#44;6644&#44;6646&#44;6650&#44;6651&#44;6652&#44;6653&#44;6655&#44;6657&#44;6658&#44;6659&#44;6660&#44;6661&#44;6662&#44;6663&#44;6664&#44;6666&#44;6667&#44;6670&#44;6671&#44;6672&#44;6673&#44;6674&#44;6675&#44;6676&#44;6677&#44;6678&#44;6679&#44;6680&#44;6682&#44;6683&#44;6684&#44;6685&#44;6686&#44;6689&#44;6690&#44;6692&#44;6693&#44;6779&#44;6781&#44;6867&#44;6976&#44;6979&#44;7189&#44;7658&#44;7676&#44;8102&#44;8104&#44;8106&#44;8107&#44;8111&#44;8112&#44;8114&#44;8115&#44;8116&#44;8117&#44;8119&#44;8120&#44;8123&#44;8125&#44;8126&#44;8128&#44;8129&#44;8130&#44;8132&#44;8133&#44;8134&#44;8135&#44;8136&#44;8138&#44;8139&#44;8141&#44;8142&#44;8144&#44;8145&#44;8146&#44;8147&#44;8149&#44;8150&#44;8151&#44;8152&#44;8153&#44;8155&#44;8156&#44;8157&#44;8158&#44;8160&#44;8161&#44;8162&#44;8163&#44;8164&#44;8165&#44;8166&#44;8167&#44;8168&#44;8169&#44;8172&#44;8173&#44;8174&#44;8175&#44;8176&#44;8177&#44;8180&#44;8181&#44;8182&#44;8183&#44;8184&#44;8185&#44;8186&#44;8188&#44;8189&#44;8190&#44;8191&#44;8192&#44;8193&#44;8194&#44;8196&#44;8197&#44;8201&#44;8202&#44;8203&#44;8205&#44;8207&#44;8208&#44;8209&#44;8210&#44;8211&#44;8213&#44;8215&#44;8218&#44;8219&#44;8220&#44;8221&#44;8222&#44;8223&#44;8224&#44;8225&#44;8226&#44;8227&#44;8228&#44;8236&#44;8237&#44;8238&#44;8239&#44;8241&#44;8242&#44;8243&#44;8244&#44;8245&#44;8246&#44;8247&#44;8248&#44;8250&#44;8251&#44;8252&#44;8253&#44;8254&#44;8256&#44;8257&#44;8259&#44;8261&#44;8262&#44;8263&#44;8264&#44;8265&#44;8266&#44;8267&#44;8268&#44;8269&#44;8270&#44;8271&#44;8272&#44;8273&#44;8274&#44;8275&#44;8276&#44;8277&#44;8278&#44;8279&#44;8280&#44;8281&#44;8282&#44;8283&#44;8284&#44;8285&#44;8286&#44;8287&#44;8288&#44;8289&#44;8290&#44;8291&#44;8292&#44;8293&#44;8294&#44;8295&#44;8296&#44;8297&#44;8298&#44;8299&#44;""",7/2/22,7/2/22,N
layouts,Bakery Tables,"""37&#44;77""",,2022,7/11/22,1-NewFolderStructure/C037_C077_Bakery_Tables/C37_77_Bakery_Tables_Effective_07112022_Updated_07112022/,_C37_77_Bakery_Tables_Effective_07112022_Updated_07112022.pdf,"""6505&#44;""",7/27/22,7/11/22,N
layouts,Deli,57,,2022,7/13/22,1-NewFolderStructure/C057_Deli/C57_Effective_07132022_Planogram_Update_07132022/,_C57_Effective_07132022_Planogram_Update_07132022.pdf,"""6646&#44;8192&#44;""",7/27/22,7/13/22,N
layouts,Meat and Seafood,"""72&#44;76&#44;93""",,2022,7/18/22,1-NewFolderStructure/C076_C072_C093_Fresh_Meat_Seafood/C76_C93_Effective_07182022/,_C76_C93_Effective_07182022_Planogram_Updated_07012022.pdf,"""4109&#44;4702&#44;4703&#44;4704&#44;4707&#44;4709&#44;4710&#44;4711&#44;4712&#44;4713&#44;4718&#44;4720&#44;4721&#44;4722&#44;4724&#44;4728&#44;4729&#44;4730&#44;4731&#44;4732&#44;4735&#44;4736&#44;4738&#44;4739&#44;4740&#44;4741&#44;4742&#44;4743&#44;4745&#44;4749&#44;4750&#44;4755&#44;4761&#44;4763&#44;4764&#44;4767&#44;4768&#44;4769&#44;4770&#44;4771&#44;4772&#44;4774&#44;4775&#44;4776&#44;4777&#44;4778&#44;4780&#44;4781&#44;4782&#44;4783&#44;4784&#44;4785&#44;4786&#44;4787&#44;4789&#44;4790&#44;4791&#44;4794&#44;4795&#44;4797&#44;4798&#44;4799&#44;4801&#44;4802&#44;4804&#44;4805&#44;4808&#44;4815&#44;4816&#44;4817&#44;4818&#44;4819&#44;4820&#44;4822&#44;4824&#44;4825&#44;4828&#44;4829&#44;4830&#44;4831&#44;4836&#44;4837&#44;4839&#44;4840&#44;4843&#44;4846&#44;4847&#44;4850&#44;4851&#44;4852&#44;4853&#44;4855&#44;4857&#44;4859&#44;4860&#44;4861&#44;4866&#44;4870&#44;4871&#44;4872&#44;4873&#44;4874&#44;4875&#44;4876&#44;4878&#44;4879&#44;4901&#44;4905&#44;4906&#44;4908&#44;4911&#44;4914&#44;4915&#44;4917&#44;4920&#44;4925&#44;4926&#44;4930&#44;4933&#44;4936&#44;4938&#44;4939&#44;4942&#44;4944&#44;4946&#44;4948&#44;4950&#44;4952&#44;4955&#44;4958&#44;4961&#44;4962&#44;4963&#44;4969&#44;4972&#44;4973&#44;4974&#44;4983&#44;4985&#44;4987&#44;4989&#44;4990&#44;4991&#44;4992&#44;4994&#44;4996&#44;4998&#44;4999&#44;6181&#44;6188&#44;6189&#44;6201&#44;6202&#44;6203&#44;6204&#44;6205&#44;6212&#44;6213&#44;6216&#44;6217&#44;6218&#44;6219&#44;6220&#44;6225&#44;6228&#44;6235&#44;6236&#44;6238&#44;6239&#44;6240&#44;6242&#44;6244&#44;6245&#44;6246&#44;6247&#44;6249&#44;6251&#44;6252&#44;6254&#44;6255&#44;6256&#44;6257&#44;6259&#44;6260&#44;6261&#44;6262&#44;6265&#44;6267&#44;6269&#44;6270&#44;6275&#44;6302&#44;6304&#44;6305&#44;6307&#44;6308&#44;6309&#44;6310&#44;6311&#44;6312&#44;6313&#44;6314&#44;6315&#44;6317&#44;6320&#44;6321&#44;6322&#44;6324&#44;6325&#44;6326&#44;6327&#44;6328&#44;6329&#44;6330&#44;6331&#44;6332&#44;6333&#44;6334&#44;6335&#44;6336&#44;6338&#44;6339&#44;6341&#44;6342&#44;6343&#44;6344&#44;6345&#44;6347&#44;6348&#44;6349&#44;6350&#44;6351&#44;6352&#44;6353&#44;6354&#44;6355&#44;6356&#44;6357&#44;6358&#44;6359&#44;6360&#44;6361&#44;6364&#44;6365&#44;6366&#44;6367&#44;6368&#44;6369&#44;6371&#44;6372&#44;6373&#44;6376&#44;6377&#44;6378&#44;6379&#44;6380&#44;6381&#44;6382&#44;6383&#44;6384&#44;6385&#44;6386&#44;6387&#44;6388&#44;6401&#44;6402&#44;6403&#44;6404&#44;6405&#44;6406&#44;6407&#44;6408&#44;6409&#44;6410&#44;6412&#44;6413&#44;6414&#44;6415&#44;6418&#44;6419&#44;6420&#44;6421&#44;6422&#44;6423&#44;6424&#44;6425&#44;6426&#44;6427&#44;6428&#44;6429&#44;6430&#44;6431&#44;6432&#44;6433&#44;6434&#44;6435&#44;6436&#44;6437&#44;6439&#44;6440&#44;6441&#44;6443&#44;6444&#44;6445&#44;6448&#44;6449&#44;6450&#44;6452&#44;6454&#44;6455&#44;6456&#44;6457&#44;6458&#44;6460&#44;6461&#44;6462&#44;6463&#44;6464&#44;6471&#44;6472&#44;6474&#44;6479&#44;6482&#44;6485&#44;6487&#44;6489&#44;6501&#44;6503&#44;6505&#44;6506&#44;6507&#44;6509&#44;6510&#44;6512&#44;6514&#44;6517&#44;6518&#44;6520&#44;6521&#44;6524&#44;6527&#44;6528&#44;6533&#44;6535&#44;6536&#44;6539&#44;6540&#44;6543&#44;6547&#44;6549&#44;6556&#44;6562&#44;6565&#44;6567&#44;6568&#44;6569&#44;6570&#44;6571&#44;6572&#44;6573&#44;6575&#44;6581&#44;6582&#44;6604&#44;6605&#44;6606&#44;6608&#44;6609&#44;6610&#44;6612&#44;6613&#44;6614&#44;6615&#44;6616&#44;6617&#44;6619&#44;6620&#44;6621&#44;6622&#44;6624&#44;6626&#44;6628&#44;6630&#44;6631&#44;6632&#44;6633&#44;6634&#44;6635&#44;6636&#44;6637&#44;6643&#44;6644&#44;6646&#44;6650&#44;6651&#44;6652&#44;6653&#44;6655&#44;6657&#44;6659&#44;6660&#44;6661&#44;6662&#44;6663&#44;6664&#44;6666&#44;6667&#44;6670&#44;6671&#44;6672&#44;6673&#44;6674&#44;6675&#44;6676&#44;6677&#44;6678&#44;6679&#44;6680&#44;6682&#44;6683&#44;6684&#44;6685&#44;6686&#44;6689&#44;6690&#44;6692&#44;6693&#44;6779&#44;6781&#44;6867&#44;6976&#44;6979&#44;7189&#44;7658&#44;7676&#44;8102&#44;8104&#44;8106&#44;8107&#44;8111&#44;8112&#44;8114&#44;8115&#44;8116&#44;8117&#44;8119&#44;8120&#44;8123&#44;8125&#44;8126&#44;8128&#44;8129&#44;8130&#44;8132&#44;8133&#44;8134&#44;8135&#44;8136&#44;8138&#44;8139&#44;8141&#44;8142&#44;8144&#44;8145&#44;8146&#44;8147&#44;8149&#44;8150&#44;8151&#44;8152&#44;8153&#44;8155&#44;8156&#44;8157&#44;8158&#44;8160&#44;8161&#44;8162&#44;8163&#44;8164&#44;8165&#44;8166&#44;8167&#44;8168&#44;8169&#44;8172&#44;8173&#44;8174&#44;8175&#44;8176&#44;8177&#44;8180&#44;8181&#44;8182&#44;8183&#44;8184&#44;8185&#44;8186&#44;8188&#44;8189&#44;8190&#44;8191&#44;8192&#44;8193&#44;8194&#44;8196&#44;8197&#44;8201&#44;8202&#44;8203&#44;8205&#44;8207&#44;8208&#44;8209&#44;8210&#44;8211&#44;8213&#44;8215&#44;8218&#44;8219&#44;8220&#44;8221&#44;8222&#44;8223&#44;8224&#44;8225&#44;8226&#44;8227&#44;8228&#44;8236&#44;8237&#44;8238&#44;8239&#44;8241&#44;8242&#44;8243&#44;8244&#44;8245&#44;8246&#44;8247&#44;8248&#44;8250&#44;8251&#44;8252&#44;8253&#44;8254&#44;8256&#44;8257&#44;8259&#44;8261&#44;8262&#44;8263&#44;8264&#44;8265&#44;8266&#44;8267&#44;8268&#44;8269&#44;8270&#44;8271&#44;8272&#44;8273&#44;8274&#44;8275&#44;8276&#44;8277&#44;8278&#44;8279&#44;8280&#44;8281&#44;8282&#44;8283&#44;8284&#44;8285&#44;8286&#44;8287&#44;8288&#44;8289&#44;8290&#44;8291&#44;8292&#44;8293&#44;8294&#44;8295&#44;8296&#44;8297&#44;8298&#44;8299&#44;4947&#44;4982&#44;6319&#44;6363&#44;6375&#44;6417&#44;6453&#44;6502&#44;6658&#44;""",7/13/22,7/1/22,N
layouts,Bakery Dessert,"""37-2&#44;77-2""",,2022,7/18/22,1-NewFolderStructure/C037_C077_Bakery_Dessert/C77_C37_Dessert_Case_Effective_07182022_Updated_07112022/,_C77_C37_Dessert_Case_Effective_07182022_Updated_07112022.pdf,"""6410&#44;""",7/19/22,7/11/22,N
layouts,Cake Case,"""37-3&#44;77-3""",,2022,7/18/22,1-NewFolderStructure/C037_C077_Cake_Case/C77_C37_Cake_Cooler_ Effective_07182022_Updated_07112022/,_C77_C37_Cake_Cooler_ Effective_07182022_Updated_07112022.pdf,"""4944&#44;6213&#44;6238&#44;6327&#44;6334&#44;6335&#44;6410&#44;6419&#44;6424&#44;8242&#44;8250&#44;""",7/19/22,7/11/22,N
layouts,Bakery Tables,"""37&#44;77""",,2022,8/1/22,1-NewFolderStructure/C037_C077_Bakery_Tables/C37_77_Bakery_Tables_Effective_08012022_Updated_07222022/,_C37_77_Bakery_Tables_Effective_08012022_Updated_07222022.pdf,"""4109&#44;4702&#44;4703&#44;4704&#44;4707&#44;4709&#44;4710&#44;4711&#44;4712&#44;4713&#44;4718&#44;4720&#44;4721&#44;4722&#44;4724&#44;4728&#44;4729&#44;4730&#44;4731&#44;4732&#44;4735&#44;4736&#44;4738&#44;4739&#44;4740&#44;4741&#44;4742&#44;4743&#44;4745&#44;4749&#44;4750&#44;4755&#44;4761&#44;4763&#44;4764&#44;4767&#44;4768&#44;4769&#44;4770&#44;4771&#44;4772&#44;4774&#44;4775&#44;4776&#44;4777&#44;4778&#44;4780&#44;4781&#44;4782&#44;4783&#44;4784&#44;4785&#44;4786&#44;4787&#44;4789&#44;4790&#44;4791&#44;4794&#44;4795&#44;4797&#44;4798&#44;4799&#44;4801&#44;4802&#44;4804&#44;4805&#44;4808&#44;4815&#44;4816&#44;4817&#44;4818&#44;4819&#44;4820&#44;4822&#44;4824&#44;4825&#44;4828&#44;4829&#44;4830&#44;4831&#44;4836&#44;4837&#44;4839&#44;4840&#44;4843&#44;4846&#44;4847&#44;4850&#44;4851&#44;4852&#44;4853&#44;4855&#44;4857&#44;4859&#44;4860&#44;4861&#44;4866&#44;4870&#44;4871&#44;4872&#44;4873&#44;4874&#44;4875&#44;4876&#44;4878&#44;4879&#44;4901&#44;4905&#44;4906&#44;4911&#44;4914&#44;4915&#44;4917&#44;4920&#44;4925&#44;4926&#44;4933&#44;4936&#44;4938&#44;4939&#44;4942&#44;4944&#44;4946&#44;4947&#44;4948&#44;4950&#44;4952&#44;4955&#44;4958&#44;4961&#44;4962&#44;4963&#44;4969&#44;4972&#44;4973&#44;4974&#44;4982&#44;4983&#44;4985&#44;4987&#44;4989&#44;4990&#44;4991&#44;4992&#44;4994&#44;4996&#44;4998&#44;4999&#44;6181&#44;6188&#44;6189&#44;6201&#44;6202&#44;6203&#44;6204&#44;6205&#44;6212&#44;6213&#44;6216&#44;6217&#44;6218&#44;6219&#44;6220&#44;6225&#44;6228&#44;6235&#44;6236&#44;6238&#44;6239&#44;6240&#44;6242&#44;6244&#44;6245&#44;6246&#44;6247&#44;6249&#44;6251&#44;6252&#44;6254&#44;6255&#44;6256&#44;6257&#44;6259&#44;6260&#44;6261&#44;6262&#44;6265&#44;6267&#44;6269&#44;6270&#44;6275&#44;6302&#44;6304&#44;6305&#44;6307&#44;6308&#44;6309&#44;6310&#44;6311&#44;6312&#44;6313&#44;6314&#44;6315&#44;6317&#44;6319&#44;6320&#44;6321&#44;6322&#44;6324&#44;6325&#44;6326&#44;6327&#44;6328&#44;6329&#44;6330&#44;6331&#44;6332&#44;6333&#44;6334&#44;6335&#44;6336&#44;6338&#44;6339&#44;6341&#44;6342&#44;6343&#44;6344&#44;6345&#44;6347&#44;6348&#44;6349&#44;6350&#44;6351&#44;6352&#44;6353&#44;6354&#44;6355&#44;6356&#44;6357&#44;6358&#44;6359&#44;6360&#44;6361&#44;6363&#44;6364&#44;6365&#44;6366&#44;6367&#44;6368&#44;6369&#44;6371&#44;6372&#44;6373&#44;6375&#44;6376&#44;6378&#44;6379&#44;6380&#44;6381&#44;6382&#44;6383&#44;6384&#44;6385&#44;6386&#44;6387&#44;6388&#44;6401&#44;6402&#44;6403&#44;6404&#44;6405&#44;6406&#44;6407&#44;6408&#44;6409&#44;6410&#44;6412&#44;6413&#44;6414&#44;6415&#44;6417&#44;6418&#44;6419&#44;6420&#44;6421&#44;6422&#44;6423&#44;6425&#44;6426&#44;6427&#44;6428&#44;6429&#44;6430&#44;6431&#44;6432&#44;6433&#44;6434&#44;6435&#44;6436&#44;6437&#44;6439&#44;6440&#44;6441&#44;6443&#44;6444&#44;6445&#44;6448&#44;6449&#44;6450&#44;6452&#44;6453&#44;6454&#44;6455&#44;6456&#44;6457&#44;6458&#44;6460&#44;6462&#44;6463&#44;6464&#44;6471&#44;6472&#44;6474&#44;6479&#44;6482&#44;6485&#44;6487&#44;6489&#44;6501&#44;6502&#44;6503&#44;6505&#44;6506&#44;6507&#44;6509&#44;6510&#44;6512&#44;6514&#44;6517&#44;6518&#44;6520&#44;6521&#44;6524&#44;6527&#44;6528&#44;6535&#44;6536&#44;6539&#44;6540&#44;6543&#44;6547&#44;6549&#44;6562&#44;6565&#44;6568&#44;6569&#44;6570&#44;6571&#44;6572&#44;6573&#44;6575&#44;6581&#44;6582&#44;6604&#44;6605&#44;6606&#44;6608&#44;6609&#44;6610&#44;6612&#44;6613&#44;6614&#44;6615&#44;6616&#44;6617&#44;6619&#44;6620&#44;6621&#44;6622&#44;6624&#44;6626&#44;6628&#44;6630&#44;6631&#44;6632&#44;6633&#44;6634&#44;6635&#44;6636&#44;6637&#44;6643&#44;6644&#44;6646&#44;6650&#44;6651&#44;6652&#44;6653&#44;6655&#44;6657&#44;6658&#44;6659&#44;6660&#44;6661&#44;6662&#44;6663&#44;6664&#44;6666&#44;6667&#44;6670&#44;6671&#44;6672&#44;6673&#44;6674&#44;6675&#44;6676&#44;6677&#44;6678&#44;6679&#44;6680&#44;6682&#44;6683&#44;6684&#44;6685&#44;6686&#44;6689&#44;6690&#44;6692&#44;6693&#44;6779&#44;6781&#44;6867&#44;6976&#44;6979&#44;7189&#44;7658&#44;7676&#44;8102&#44;8104&#44;8106&#44;8107&#44;8111&#44;8112&#44;8114&#44;8115&#44;8116&#44;8117&#44;8119&#44;8120&#44;8123&#44;8125&#44;8126&#44;8128&#44;8129&#44;8130&#44;8132&#44;8133&#44;8134&#44;8135&#44;8136&#44;8138&#44;8139&#44;8141&#44;8142&#44;8144&#44;8145&#44;8146&#44;8147&#44;8149&#44;8150&#44;8151&#44;8152&#44;8153&#44;8155&#44;8156&#44;8157&#44;8158&#44;8160&#44;8161&#44;8162&#44;8163&#44;8164&#44;8165&#44;8166&#44;8167&#44;8168&#44;8169&#44;8172&#44;8173&#44;8174&#44;8175&#44;8176&#44;8177&#44;8181&#44;8182&#44;8183&#44;8184&#44;8185&#44;8186&#44;8188&#44;8189&#44;8190&#44;8191&#44;8192&#44;8193&#44;8194&#44;8196&#44;8197&#44;8201&#44;8202&#44;8203&#44;8205&#44;8207&#44;8208&#44;8209&#44;8210&#44;8211&#44;8213&#44;8215&#44;8218&#44;8219&#44;8220&#44;8221&#44;8222&#44;8223&#44;8224&#44;8225&#44;8226&#44;8227&#44;8228&#44;8236&#44;8237&#44;8238&#44;8239&#44;8241&#44;8242&#44;8243&#44;8244&#44;8245&#44;8246&#44;8247&#44;8248&#44;8250&#44;8251&#44;8252&#44;8253&#44;8254&#44;8256&#44;8257&#44;8259&#44;8261&#44;8262&#44;8263&#44;8264&#44;8265&#44;8266&#44;8267&#44;8268&#44;8269&#44;8270&#44;8271&#44;8272&#44;8273&#44;8274&#44;8275&#44;8276&#44;8277&#44;8278&#44;8279&#44;8280&#44;8281&#44;8282&#44;8283&#44;8284&#44;8285&#44;8286&#44;8287&#44;8288&#44;8289&#44;8290&#44;8291&#44;8292&#44;8293&#44;8294&#44;8295&#44;8296&#44;8297&#44;8298&#44;8299&#44;""",7/28/22,7/22/22,N
layouts,Bakery Dessert,"""37-2&#44;77-2""",,2022,8/1/22,1-NewFolderStructure/C037_C077_Bakery_Dessert/C37_77_Dessert_Case_Effective_08012022_Updated_07222022/,_C37_77_Dessert_Case_Effective_08012022_Updated_07222022.pdf,"""4710&#44;4722&#44;4724&#44;4729&#44;4736&#44;4743&#44;4755&#44;4761&#44;4771&#44;4776&#44;4778&#44;4794&#44;4795&#44;4797&#44;4798&#44;4815&#44;4817&#44;4820&#44;4825&#44;4831&#44;4836&#44;4840&#44;4847&#44;4851&#44;4857&#44;4859&#44;4872&#44;4875&#44;4876&#44;4878&#44;4879&#44;4901&#44;4917&#44;4920&#44;4926&#44;4936&#44;4946&#44;4948&#44;4950&#44;4952&#44;4961&#44;4962&#44;4963&#44;4972&#44;4973&#44;4989&#44;4992&#44;4994&#44;4996&#44;4999&#44;6201&#44;6203&#44;6204&#44;6216&#44;6219&#44;6228&#44;6236&#44;6247&#44;6256&#44;6260&#44;6270&#44;6275&#44;6304&#44;6305&#44;6307&#44;6308&#44;6315&#44;6322&#44;6324&#44;6325&#44;6326&#44;6328&#44;6330&#44;6331&#44;6332&#44;6333&#44;6338&#44;6339&#44;6341&#44;6342&#44;6343&#44;6349&#44;6352&#44;6353&#44;6355&#44;6357&#44;6358&#44;6363&#44;6364&#44;6365&#44;6366&#44;6368&#44;6371&#44;6378&#44;6383&#44;6384&#44;6386&#44;6387&#44;6401&#44;6402&#44;6403&#44;6405&#44;6407&#44;6409&#44;6410&#44;6413&#44;6420&#44;6422&#44;6423&#44;6426&#44;6431&#44;6432&#44;6433&#44;6434&#44;6435&#44;6437&#44;6439&#44;6441&#44;6443&#44;6444&#44;6448&#44;6449&#44;6450&#44;6452&#44;6455&#44;6456&#44;6458&#44;6460&#44;6462&#44;6463&#44;6464&#44;6472&#44;6479&#44;6501&#44;6505&#44;6506&#44;6509&#44;6512&#44;6517&#44;6518&#44;6520&#44;6524&#44;6528&#44;6536&#44;6539&#44;6543&#44;6547&#44;6562&#44;6569&#44;6570&#44;6571&#44;6572&#44;6573&#44;6581&#44;6606&#44;6613&#44;6630&#44;6646&#44;6651&#44;6652&#44;6660&#44;6661&#44;6663&#44;6664&#44;6673&#44;6675&#44;6676&#44;6677&#44;6678&#44;6679&#44;6680&#44;6682&#44;6690&#44;6693&#44;6976&#44;7676&#44;8102&#44;8107&#44;8111&#44;8112&#44;8116&#44;8117&#44;8125&#44;8129&#44;8130&#44;8132&#44;8134&#44;8135&#44;8136&#44;8142&#44;8144&#44;8150&#44;8151&#44;8152&#44;8155&#44;8157&#44;8160&#44;8161&#44;8162&#44;8163&#44;8164&#44;8166&#44;8167&#44;8169&#44;8173&#44;8175&#44;8176&#44;8182&#44;8183&#44;8186&#44;8188&#44;8191&#44;8192&#44;8193&#44;8194&#44;8202&#44;8205&#44;8207&#44;8208&#44;8215&#44;8218&#44;8219&#44;8220&#44;8221&#44;8222&#44;8223&#44;8224&#44;8226&#44;8228&#44;8237&#44;8241&#44;8243&#44;8247&#44;8251&#44;8252&#44;8253&#44;8254&#44;8256&#44;8257&#44;8261&#44;8262&#44;8263&#44;8265&#44;8267&#44;8270&#44;8271&#44;8275&#44;8280&#44;8283&#44;8285&#44;8287&#44;8288&#44;8289&#44;8290&#44;8292&#44;8294&#44;8295&#44;8298&#44;""",7/27/22,7/22/22,N
layouts,Cake Case,"""37-3&#44;77-3""",,2022,8/1/22,1-NewFolderStructure/C037_C077_Cake_Case/C37_77_Cake_Cooler_Effective_08012022_Updated_07222022/,_C37_77_Cake_Cooler_Effective_08012022_Updated_07222022.pdf,"""4109&#44;4702&#44;4703&#44;4704&#44;4707&#44;4709&#44;4710&#44;4711&#44;4712&#44;4713&#44;4718&#44;4720&#44;4721&#44;4722&#44;4724&#44;4728&#44;4729&#44;4730&#44;4731&#44;4732&#44;4735&#44;4736&#44;4738&#44;4739&#44;4740&#44;4741&#44;4742&#44;4743&#44;4745&#44;4749&#44;4750&#44;4755&#44;4761&#44;4763&#44;4764&#44;4767&#44;4768&#44;4769&#44;4770&#44;4771&#44;4772&#44;4774&#44;4775&#44;4776&#44;4777&#44;4778&#44;4780&#44;4781&#44;4782&#44;4783&#44;4784&#44;4785&#44;4786&#44;4787&#44;4789&#44;4790&#44;4791&#44;4794&#44;4795&#44;4797&#44;4798&#44;4799&#44;4801&#44;4802&#44;4804&#44;4805&#44;4808&#44;4815&#44;4816&#44;4817&#44;4818&#44;4819&#44;4820&#44;4822&#44;4824&#44;4825&#44;4828&#44;4829&#44;4830&#44;4831&#44;4836&#44;4837&#44;4839&#44;4840&#44;4843&#44;4846&#44;4847&#44;4850&#44;4851&#44;4852&#44;4853&#44;4855&#44;4857&#44;4859&#44;4860&#44;4861&#44;4866&#44;4870&#44;4871&#44;4872&#44;4873&#44;4874&#44;4875&#44;4876&#44;4878&#44;4879&#44;4901&#44;4905&#44;4906&#44;4911&#44;4914&#44;4915&#44;4917&#44;4920&#44;4925&#44;4926&#44;4933&#44;4936&#44;4938&#44;4939&#44;4942&#44;4944&#44;4946&#44;4947&#44;4948&#44;4950&#44;4952&#44;4955&#44;4958&#44;4961&#44;4962&#44;4963&#44;4969&#44;4972&#44;4973&#44;4974&#44;4982&#44;4983&#44;4985&#44;4987&#44;4989&#44;4990&#44;4991&#44;4992&#44;4994&#44;4996&#44;4998&#44;4999&#44;6181&#44;6188&#44;6189&#44;6201&#44;6202&#44;6203&#44;6204&#44;6205&#44;6212&#44;6213&#44;6216&#44;6217&#44;6218&#44;6219&#44;6220&#44;6225&#44;6228&#44;6235&#44;6236&#44;6238&#44;6239&#44;6240&#44;6242&#44;6244&#44;6245&#44;6246&#44;6247&#44;6249&#44;6251&#44;6252&#44;6254&#44;6255&#44;6256&#44;6257&#44;6259&#44;6260&#44;6261&#44;6262&#44;6265&#44;6267&#44;6269&#44;6270&#44;6275&#44;6302&#44;6304&#44;6305&#44;6307&#44;6308&#44;6309&#44;6310&#44;6311&#44;6312&#44;6313&#44;6314&#44;6315&#44;6317&#44;6319&#44;6320&#44;6321&#44;6322&#44;6324&#44;6325&#44;6326&#44;6327&#44;6328&#44;6329&#44;6330&#44;6331&#44;6332&#44;6333&#44;6334&#44;6335&#44;6336&#44;6338&#44;6339&#44;6341&#44;6342&#44;6343&#44;6344&#44;6345&#44;6347&#44;6348&#44;6349&#44;6350&#44;6351&#44;6352&#44;6353&#44;6354&#44;6355&#44;6356&#44;6357&#44;6358&#44;6359&#44;6360&#44;6361&#44;6363&#44;6364&#44;6365&#44;6366&#44;6367&#44;6368&#44;6369&#44;6371&#44;6372&#44;6373&#44;6375&#44;6376&#44;6378&#44;6379&#44;6380&#44;6381&#44;6382&#44;6383&#44;6384&#44;6385&#44;6386&#44;6387&#44;6388&#44;6401&#44;6402&#44;6403&#44;6404&#44;6405&#44;6406&#44;6407&#44;6408&#44;6409&#44;6410&#44;6412&#44;6413&#44;6414&#44;6415&#44;6417&#44;6418&#44;6419&#44;6420&#44;6421&#44;6422&#44;6423&#44;6424&#44;6425&#44;6426&#44;6427&#44;6428&#44;6429&#44;6430&#44;6431&#44;6432&#44;6433&#44;6434&#44;6435&#44;6436&#44;6437&#44;6439&#44;6440&#44;6441&#44;6443&#44;6444&#44;6445&#44;6448&#44;6449&#44;6450&#44;6452&#44;6453&#44;6454&#44;6455&#44;6456&#44;6457&#44;6458&#44;6460&#44;6462&#44;6463&#44;6464&#44;6471&#44;6472&#44;6474&#44;6479&#44;6482&#44;6485&#44;6487&#44;6489&#44;6501&#44;6502&#44;6503&#44;6505&#44;6506&#44;6507&#44;6509&#44;6510&#44;6512&#44;6514&#44;6517&#44;6518&#44;6520&#44;6521&#44;6524&#44;6527&#44;6528&#44;6535&#44;6536&#44;6539&#44;6540&#44;6543&#44;6547&#44;6549&#44;6562&#44;6565&#44;6568&#44;6569&#44;6570&#44;6571&#44;6572&#44;6573&#44;6575&#44;6581&#44;6582&#44;6604&#44;6605&#44;6606&#44;6608&#44;6609&#44;6610&#44;6612&#44;6613&#44;6614&#44;6615&#44;6616&#44;6617&#44;6619&#44;6620&#44;6621&#44;6622&#44;6624&#44;6626&#44;6628&#44;6630&#44;6631&#44;6632&#44;6633&#44;6634&#44;6635&#44;6636&#44;6637&#44;6643&#44;6644&#44;6646&#44;6650&#44;6651&#44;6652&#44;6653&#44;6655&#44;6657&#44;6658&#44;6659&#44;6660&#44;6661&#44;6662&#44;6663&#44;6664&#44;6666&#44;6667&#44;6670&#44;6671&#44;6672&#44;6673&#44;6674&#44;6675&#44;6676&#44;6677&#44;6678&#44;6679&#44;6680&#44;6682&#44;6683&#44;6684&#44;6685&#44;6686&#44;6689&#44;6690&#44;6692&#44;6693&#44;6779&#44;6781&#44;6867&#44;6976&#44;6979&#44;7189&#44;7658&#44;7676&#44;8102&#44;8104&#44;8106&#44;8107&#44;8111&#44;8112&#44;8114&#44;8115&#44;8116&#44;8117&#44;8119&#44;8120&#44;8123&#44;8125&#44;8126&#44;8128&#44;8129&#44;8130&#44;8132&#44;8133&#44;8134&#44;8135&#44;8136&#44;8138&#44;8139&#44;8141&#44;8142&#44;8144&#44;8145&#44;8146&#44;8147&#44;8149&#44;8150&#44;8151&#44;8152&#44;8153&#44;8155&#44;8156&#44;8157&#44;8158&#44;8160&#44;8161&#44;8162&#44;8163&#44;8164&#44;8165&#44;8166&#44;8167&#44;8168&#44;8169&#44;8172&#44;8173&#44;8174&#44;8175&#44;8176&#44;8177&#44;8181&#44;8182&#44;8183&#44;8184&#44;8185&#44;8186&#44;8188&#44;8190&#44;8191&#44;8192&#44;8193&#44;8194&#44;8196&#44;8197&#44;8201&#44;8202&#44;8203&#44;8205&#44;8207&#44;8208&#44;8209&#44;8210&#44;8211&#44;8213&#44;8215&#44;8218&#44;8219&#44;8220&#44;8221&#44;8222&#44;8223&#44;8224&#44;8225&#44;8226&#44;8227&#44;8228&#44;8236&#44;8237&#44;8238&#44;8239&#44;8241&#44;8242&#44;8243&#44;8244&#44;8245&#44;8246&#44;8247&#44;8248&#44;8250&#44;8251&#44;8252&#44;8253&#44;8254&#44;8256&#44;8257&#44;8259&#44;8261&#44;8262&#44;8263&#44;8264&#44;8265&#44;8266&#44;8267&#44;8268&#44;8269&#44;8270&#44;8271&#44;8272&#44;8273&#44;8274&#44;8275&#44;8276&#44;8277&#44;8278&#44;8279&#44;8280&#44;8281&#44;8282&#44;8283&#44;8284&#44;8285&#44;8286&#44;8287&#44;8288&#44;8289&#44;8290&#44;8291&#44;8292&#44;8293&#44;8294&#44;8295&#44;8296&#44;8297&#44;8298&#44;8299&#44;""",7/27/22,7/22/22,N
layouts,Bakery Pallets,"""37-4&#44;77-4""",,2022,8/1/22,1-NewFolderStructure/C037_C077_Bakery_Pallets/C37_77_Bakery_Pallets_Effective_08012022_Updated_07222022/,_C37_77_Bakery_Pallets_Effective_08012022_Updated_07222022.pdf,"""4109&#44;4702&#44;4703&#44;4704&#44;4707&#44;4709&#44;4710&#44;4711&#44;4712&#44;4713&#44;4718&#44;4720&#44;4721&#44;4722&#44;4724&#44;4728&#44;4729&#44;4730&#44;4731&#44;4732&#44;4735&#44;4736&#44;4738&#44;4739&#44;4740&#44;4741&#44;4742&#44;4743&#44;4745&#44;4749&#44;4755&#44;4761&#44;4763&#44;4764&#44;4767&#44;4768&#44;4769&#44;4770&#44;4771&#44;4772&#44;4774&#44;4775&#44;4776&#44;4777&#44;4778&#44;4780&#44;4781&#44;4782&#44;4783&#44;4784&#44;4785&#44;4786&#44;4787&#44;4789&#44;4790&#44;4791&#44;4794&#44;4795&#44;4797&#44;4798&#44;4799&#44;4801&#44;4802&#44;4804&#44;4805&#44;4815&#44;4816&#44;4817&#44;4818&#44;4819&#44;4820&#44;4822&#44;4824&#44;4825&#44;4828&#44;4829&#44;4830&#44;4831&#44;4836&#44;4837&#44;4839&#44;4840&#44;4843&#44;4846&#44;4847&#44;4850&#44;4851&#44;4852&#44;4853&#44;4855&#44;4857&#44;4859&#44;4860&#44;4861&#44;4866&#44;4870&#44;4871&#44;4872&#44;4873&#44;4874&#44;4875&#44;4876&#44;4878&#44;4879&#44;4901&#44;4905&#44;4906&#44;4908&#44;4911&#44;4914&#44;4915&#44;4917&#44;4920&#44;4926&#44;4930&#44;4933&#44;4936&#44;4938&#44;4939&#44;4942&#44;4946&#44;4948&#44;4950&#44;4952&#44;4955&#44;4958&#44;4961&#44;4962&#44;4963&#44;4972&#44;4973&#44;4974&#44;4983&#44;4985&#44;4987&#44;4989&#44;4990&#44;4991&#44;4992&#44;4994&#44;4996&#44;4998&#44;4999&#44;6181&#44;6188&#44;6189&#44;6201&#44;6202&#44;6203&#44;6204&#44;6212&#44;6216&#44;6217&#44;6218&#44;6219&#44;6220&#44;6225&#44;6228&#44;6235&#44;6236&#44;6239&#44;6240&#44;6242&#44;6244&#44;6245&#44;6246&#44;6247&#44;6249&#44;6251&#44;6252&#44;6254&#44;6255&#44;6256&#44;6257&#44;6259&#44;6260&#44;6261&#44;6262&#44;6265&#44;6267&#44;6269&#44;6270&#44;6275&#44;6302&#44;6304&#44;6305&#44;6307&#44;6308&#44;6309&#44;6310&#44;6311&#44;6312&#44;6313&#44;6314&#44;6315&#44;6317&#44;6320&#44;6321&#44;6322&#44;6325&#44;6326&#44;6328&#44;6329&#44;6330&#44;6331&#44;6332&#44;6333&#44;6336&#44;6338&#44;6339&#44;6341&#44;6342&#44;6343&#44;6344&#44;6345&#44;6347&#44;6348&#44;6349&#44;6350&#44;6351&#44;6352&#44;6353&#44;6354&#44;6355&#44;6356&#44;6357&#44;6358&#44;6360&#44;6361&#44;6363&#44;6364&#44;6365&#44;6366&#44;6367&#44;6368&#44;6369&#44;6371&#44;6372&#44;6373&#44;6375&#44;6376&#44;6377&#44;6378&#44;6379&#44;6380&#44;6381&#44;6382&#44;6383&#44;6384&#44;6385&#44;6386&#44;6387&#44;6388&#44;6401&#44;6402&#44;6403&#44;6404&#44;6405&#44;6406&#44;6407&#44;6408&#44;6409&#44;6410&#44;6413&#44;6414&#44;6415&#44;6418&#44;6420&#44;6421&#44;6422&#44;6423&#44;6425&#44;6426&#44;6427&#44;6428&#44;6430&#44;6431&#44;6432&#44;6433&#44;6434&#44;6435&#44;6436&#44;6437&#44;6439&#44;6440&#44;6441&#44;6443&#44;6444&#44;6445&#44;6448&#44;6449&#44;6450&#44;6452&#44;6455&#44;6456&#44;6457&#44;6458&#44;6460&#44;6461&#44;6462&#44;6463&#44;6464&#44;6471&#44;6472&#44;6474&#44;6479&#44;6482&#44;6485&#44;6487&#44;6489&#44;6501&#44;6502&#44;6503&#44;6505&#44;6506&#44;6507&#44;6509&#44;6510&#44;6512&#44;6514&#44;6517&#44;6518&#44;6520&#44;6521&#44;6524&#44;6527&#44;6528&#44;6533&#44;6535&#44;6536&#44;6539&#44;6540&#44;6543&#44;6547&#44;6549&#44;6556&#44;6562&#44;6565&#44;6567&#44;6568&#44;6569&#44;6570&#44;6571&#44;6572&#44;6573&#44;6575&#44;6581&#44;6582&#44;6604&#44;6605&#44;6606&#44;6608&#44;6609&#44;6610&#44;6612&#44;6613&#44;6614&#44;6615&#44;6616&#44;6617&#44;6619&#44;6620&#44;6621&#44;6622&#44;6624&#44;6626&#44;6628&#44;6630&#44;6631&#44;6632&#44;6633&#44;6634&#44;6635&#44;6636&#44;6637&#44;6643&#44;6644&#44;6646&#44;6650&#44;6651&#44;6652&#44;6653&#44;6655&#44;6657&#44;6659&#44;6660&#44;6661&#44;6662&#44;6663&#44;6664&#44;6666&#44;6667&#44;6670&#44;6671&#44;6672&#44;6673&#44;6674&#44;6675&#44;6676&#44;6677&#44;6678&#44;6679&#44;6680&#44;6682&#44;6683&#44;6684&#44;6685&#44;6689&#44;6690&#44;6692&#44;6693&#44;6779&#44;6781&#44;6867&#44;6976&#44;6979&#44;7189&#44;7658&#44;7676&#44;8102&#44;8104&#44;8106&#44;8107&#44;8111&#44;8112&#44;8114&#44;8115&#44;8116&#44;8117&#44;8119&#44;8120&#44;8123&#44;8125&#44;8126&#44;8128&#44;8129&#44;8130&#44;8132&#44;8133&#44;8134&#44;8135&#44;8136&#44;8138&#44;8139&#44;8141&#44;8142&#44;8144&#44;8145&#44;8146&#44;8147&#44;8149&#44;8150&#44;8151&#44;8152&#44;8153&#44;8155&#44;8156&#44;8157&#44;8158&#44;8160&#44;8161&#44;8162&#44;8163&#44;8164&#44;8165&#44;8166&#44;8167&#44;8168&#44;8169&#44;8172&#44;8173&#44;8174&#44;8175&#44;8176&#44;8177&#44;8180&#44;8181&#44;8182&#44;8183&#44;8184&#44;8185&#44;8186&#44;8188&#44;8189&#44;8190&#44;8191&#44;8192&#44;8193&#44;8194&#44;8196&#44;8197&#44;8201&#44;8202&#44;8203&#44;8205&#44;8207&#44;8208&#44;8210&#44;8211&#44;8213&#44;8215&#44;8218&#44;8219&#44;8220&#44;8221&#44;8222&#44;8223&#44;8224&#44;8225&#44;8226&#44;8227&#44;8228&#44;8236&#44;8237&#44;8238&#44;8239&#44;8241&#44;8243&#44;8244&#44;8245&#44;8246&#44;8247&#44;8248&#44;8251&#44;8252&#44;8253&#44;8254&#44;8256&#44;8257&#44;8259&#44;8261&#44;8262&#44;8263&#44;8264&#44;8265&#44;8266&#44;8267&#44;8268&#44;8269&#44;8270&#44;8271&#44;8272&#44;8274&#44;8275&#44;8276&#44;8277&#44;8278&#44;8279&#44;8280&#44;8281&#44;8282&#44;8283&#44;8284&#44;8285&#44;8286&#44;8287&#44;8288&#44;8289&#44;8290&#44;8291&#44;8292&#44;8293&#44;8294&#44;8295&#44;8296&#44;8297&#44;8298&#44;8299&#44;""",7/28/22,7/22/22,N
layouts,Café Grab and Go,79-3,,2022,8/1/22,1-NewFolderStructure/C079_Cafe_Grab_n_Go/C79_Cafe_Grab_and_Go_Effective_08012022/,_C79_Cafe_Grab_and_Go_Effective_08012022.pdf,"""4702&#44;4704&#44;4709&#44;4712&#44;4713&#44;4720&#44;4721&#44;4735&#44;4739&#44;4763&#44;4764&#44;4767&#44;4769&#44;4780&#44;4789&#44;4799&#44;4802&#44;4804&#44;4819&#44;4822&#44;4824&#44;4843&#44;4850&#44;4914&#44;4925&#44;4939&#44;4958&#44;6188&#44;6202&#44;6235&#44;6240&#44;6245&#44;6246&#44;6259&#44;6262&#44;6269&#44;6336&#44;6338&#44;6367&#44;6405&#44;6409&#44;6421&#44;6422&#44;6433&#44;6453&#44;6471&#44;6482&#44;6502&#44;6506&#44;6509&#44;6609&#44;6610&#44;6612&#44;6613&#44;6614&#44;6615&#44;6616&#44;6617&#44;6619&#44;6620&#44;6621&#44;6622&#44;6624&#44;6626&#44;6628&#44;6643&#44;6644&#44;6646&#44;6867&#44;8115&#44;8126&#44;8153&#44;8156&#44;8158&#44;8166&#44;8190&#44;8194&#44;8203&#44;8211&#44;8213&#44;8225&#44;8227&#44;8245&#44;8246&#44;8250&#44;8259&#44;8262&#44;8264&#44;8267&#44;8274&#44;8280&#44;8284&#44;8286&#44;8287&#44;""",7/27/22,7/22/22,N
layouts,HMS,79-2,,2022,8/1/22,1-NewFolderStructure/C079_HMS/C79_HMS_EFFECTIVE_8012022/,_C79_HMS_EFFECTIVE_8012022.pdf,"""4702&#44;4703&#44;4704&#44;4707&#44;4709&#44;4710&#44;4711&#44;4712&#44;4713&#44;4718&#44;4720&#44;4721&#44;4722&#44;4724&#44;4728&#44;4729&#44;4730&#44;4731&#44;4732&#44;4735&#44;4736&#44;4738&#44;4739&#44;4740&#44;4741&#44;4742&#44;4743&#44;4745&#44;4749&#44;4750&#44;4755&#44;4761&#44;4763&#44;4764&#44;4767&#44;4768&#44;4769&#44;4770&#44;4771&#44;4772&#44;4774&#44;4775&#44;4776&#44;4777&#44;4778&#44;4780&#44;4781&#44;4782&#44;4783&#44;4784&#44;4785&#44;4786&#44;4787&#44;4789&#44;4790&#44;4791&#44;4794&#44;4795&#44;4797&#44;4798&#44;4799&#44;4801&#44;4802&#44;4804&#44;4805&#44;4808&#44;4815&#44;4816&#44;4817&#44;4818&#44;4819&#44;4820&#44;4822&#44;4824&#44;4825&#44;4828&#44;4829&#44;4830&#44;4831&#44;4836&#44;4837&#44;4839&#44;4840&#44;4843&#44;4846&#44;4847&#44;4850&#44;4851&#44;4852&#44;4853&#44;4855&#44;4857&#44;4859&#44;4860&#44;4861&#44;4866&#44;4870&#44;4871&#44;4872&#44;4873&#44;4874&#44;4875&#44;4876&#44;4878&#44;4879&#44;4901&#44;4905&#44;4906&#44;4908&#44;4911&#44;4914&#44;4915&#44;4917&#44;4920&#44;4925&#44;4926&#44;4930&#44;4933&#44;4936&#44;4938&#44;4939&#44;4942&#44;4944&#44;4946&#44;4948&#44;4950&#44;4952&#44;4955&#44;4958&#44;4961&#44;4962&#44;4963&#44;4969&#44;4972&#44;4973&#44;4974&#44;4983&#44;4985&#44;4987&#44;4989&#44;4990&#44;4991&#44;4992&#44;4994&#44;4996&#44;4998&#44;4999&#44;6181&#44;6188&#44;6189&#44;6201&#44;6203&#44;6204&#44;6205&#44;6212&#44;6213&#44;6216&#44;6217&#44;6218&#44;6219&#44;6220&#44;6225&#44;6228&#44;6235&#44;6236&#44;6238&#44;6239&#44;6240&#44;6242&#44;6244&#44;6245&#44;6246&#44;6247&#44;6249&#44;6251&#44;6252&#44;6254&#44;6255&#44;6256&#44;6257&#44;6259&#44;6260&#44;6261&#44;6262&#44;6265&#44;6267&#44;6269&#44;6270&#44;6275&#44;6302&#44;6304&#44;6305&#44;6307&#44;6308&#44;6309&#44;6310&#44;6311&#44;6312&#44;6313&#44;6314&#44;6315&#44;6317&#44;6320&#44;6321&#44;6322&#44;6324&#44;6325&#44;6326&#44;6327&#44;6328&#44;6329&#44;6330&#44;6331&#44;6332&#44;6333&#44;6334&#44;6335&#44;6336&#44;6338&#44;6339&#44;6341&#44;6342&#44;6343&#44;6344&#44;6345&#44;6347&#44;6348&#44;6349&#44;6350&#44;6351&#44;6352&#44;6353&#44;6354&#44;6355&#44;6356&#44;6357&#44;6358&#44;6359&#44;6360&#44;6361&#44;6363&#44;6364&#44;6365&#44;6366&#44;6367&#44;6368&#44;6369&#44;6371&#44;6372&#44;6373&#44;6376&#44;6377&#44;6378&#44;6379&#44;6380&#44;6381&#44;6382&#44;6383&#44;6385&#44;6386&#44;6387&#44;6388&#44;6401&#44;6402&#44;6403&#44;6404&#44;6405&#44;6406&#44;6407&#44;6408&#44;6409&#44;6410&#44;6412&#44;6413&#44;6414&#44;6415&#44;6417&#44;6418&#44;6419&#44;6420&#44;6421&#44;6422&#44;6423&#44;6424&#44;6425&#44;6426&#44;6427&#44;6428&#44;6429&#44;6430&#44;6431&#44;6432&#44;6433&#44;6434&#44;6435&#44;6436&#44;6437&#44;6439&#44;6440&#44;6441&#44;6443&#44;6444&#44;6445&#44;6448&#44;6449&#44;6450&#44;6452&#44;6454&#44;6455&#44;6456&#44;6457&#44;6458&#44;6460&#44;6461&#44;6462&#44;6463&#44;6464&#44;6472&#44;6474&#44;6479&#44;6482&#44;6485&#44;6487&#44;6489&#44;6501&#44;6502&#44;6503&#44;6505&#44;6506&#44;6507&#44;6509&#44;6510&#44;6512&#44;6514&#44;6517&#44;6518&#44;6520&#44;6521&#44;6524&#44;6527&#44;6528&#44;6533&#44;6535&#44;6536&#44;6539&#44;6540&#44;6543&#44;6547&#44;6549&#44;6556&#44;6562&#44;6565&#44;6567&#44;6568&#44;6569&#44;6570&#44;6571&#44;6572&#44;6573&#44;6575&#44;6581&#44;6582&#44;6604&#44;6605&#44;6606&#44;6608&#44;6609&#44;6610&#44;6612&#44;6613&#44;6614&#44;6615&#44;6616&#44;6617&#44;6619&#44;6620&#44;6621&#44;6622&#44;6624&#44;6626&#44;6628&#44;6630&#44;6631&#44;6632&#44;6633&#44;6634&#44;6635&#44;6636&#44;6637&#44;6643&#44;6644&#44;6646&#44;6650&#44;6651&#44;6652&#44;6653&#44;6655&#44;6657&#44;6659&#44;6660&#44;6661&#44;6662&#44;6663&#44;6664&#44;6666&#44;6667&#44;6670&#44;6671&#44;6672&#44;6673&#44;6674&#44;6675&#44;6676&#44;6677&#44;6678&#44;6679&#44;6680&#44;6682&#44;6683&#44;6684&#44;6685&#44;6686&#44;6689&#44;6690&#44;6692&#44;6779&#44;6781&#44;6867&#44;6976&#44;6979&#44;7189&#44;7658&#44;7676&#44;8102&#44;8104&#44;8106&#44;8107&#44;8111&#44;8112&#44;8114&#44;8115&#44;8116&#44;8117&#44;8119&#44;8120&#44;8123&#44;8125&#44;8126&#44;8128&#44;8129&#44;8130&#44;8132&#44;8133&#44;8134&#44;8135&#44;8136&#44;8138&#44;8139&#44;8141&#44;8142&#44;8144&#44;8145&#44;8146&#44;8147&#44;8149&#44;8150&#44;8151&#44;8152&#44;8153&#44;8155&#44;8156&#44;8157&#44;8158&#44;8160&#44;8161&#44;8162&#44;8163&#44;8164&#44;8165&#44;8166&#44;8167&#44;8168&#44;8169&#44;8172&#44;8173&#44;8174&#44;8175&#44;8176&#44;8177&#44;8180&#44;8181&#44;8182&#44;8183&#44;8184&#44;8185&#44;8186&#44;8188&#44;8189&#44;8190&#44;8191&#44;8192&#44;8193&#44;8194&#44;8196&#44;8197&#44;8201&#44;8202&#44;8203&#44;8205&#44;8207&#44;8208&#44;8209&#44;8210&#44;8211&#44;8213&#44;8215&#44;8218&#44;8219&#44;8220&#44;8221&#44;8222&#44;8223&#44;8224&#44;8225&#44;8226&#44;8227&#44;8228&#44;8236&#44;8237&#44;8238&#44;8239&#44;8241&#44;8242&#44;8243&#44;8244&#44;8245&#44;8246&#44;8247&#44;8248&#44;8250&#44;8251&#44;8252&#44;8253&#44;8254&#44;8256&#44;8257&#44;8259&#44;8261&#44;8262&#44;8263&#44;8264&#44;8265&#44;8266&#44;8267&#44;8268&#44;8269&#44;8270&#44;8271&#44;8272&#44;8273&#44;8274&#44;8275&#44;8276&#44;8277&#44;8278&#44;8279&#44;8280&#44;8281&#44;8282&#44;8283&#44;8284&#44;8285&#44;8286&#44;8287&#44;8288&#44;8289&#44;8290&#44;8291&#44;8292&#44;8293&#44;8294&#44;8295&#44;8296&#44;8297&#44;8298&#44;8299&#44;""",8/5/22,7/29/22,N
layouts,Bakery Tables,"""37&#44;77""",,2022,8/1/22,1-NewFolderStructure/C037_C077_Bakery_Tables/C37_77_Bakery_Tables_Effective_08012022_Updated_08012022/,_C37_77_Bakery_Tables_Effective_08012022_Updated_08012022.pdf,"""6422&#44;""",8/1/22,8/1/22,N
layouts,Floral,56-3,,2022,8/1/22,1-NewFolderStructure/C056_Floral/C56_Floral_Effective_08012022_Planogram_Updated_07292022/,_C56_Floral_Effective_08012022_Planogram_Updated_07292022.pdf,"""4109&#44;4702&#44;4704&#44;4718&#44;4720&#44;4722&#44;4724&#44;4728&#44;4729&#44;4730&#44;4839&#44;4843&#44;""",8/5/22,8/1/22,N
layouts,Floral,56-3,,2022,8/1/22,1-NewFolderStructure/C056_Floral/C56_Floral_Effective_08012022_Planogram_Updated_07292022/,_C56_Floral_Effective_08012022_Planogram_Updated_07292022.pdf,"""4109&#44;4702&#44;4703&#44;4704&#44;4710&#44;4718&#44;4720&#44;4722&#44;4724&#44;4728&#44;4729&#44;4730&#44;4732&#44;4771&#44;4772&#44;4775&#44;4776&#44;4801&#44;4802&#44;4805&#44;4815&#44;4816&#44;4817&#44;4818&#44;4819&#44;4829&#44;4830&#44;4836&#44;4837&#44;4839&#44;4843&#44;4846&#44;4847&#44;4851&#44;4852&#44;4853&#44;4855&#44;4857&#44;4859&#44;4861&#44;4870&#44;4872&#44;4873&#44;4874&#44;4875&#44;4876&#44;4878&#44;4879&#44;4901&#44;4905&#44;4906&#44;4914&#44;4917&#44;4933&#44;4938&#44;4939&#44;4942&#44;4948&#44;4950&#44;4952&#44;4955&#44;4958&#44;4961&#44;4972&#44;4974&#44;4987&#44;4989&#44;4990&#44;4991&#44;4994&#44;4996&#44;4999&#44;6181&#44;6188&#44;6189&#44;6201&#44;6202&#44;6203&#44;6204&#44;6205&#44;6213&#44;6216&#44;6217&#44;6218&#44;6219&#44;6220&#44;6228&#44;6235&#44;6236&#44;6238&#44;6245&#44;6246&#44;6247&#44;6256&#44;6257&#44;6259&#44;6260&#44;6261&#44;6267&#44;6269&#44;6275&#44;6302&#44;6304&#44;6305&#44;6307&#44;6308&#44;6313&#44;6314&#44;6315&#44;6319&#44;6321&#44;6322&#44;6324&#44;6325&#44;6326&#44;6327&#44;6328&#44;6329&#44;6330&#44;6331&#44;6332&#44;6333&#44;6335&#44;6336&#44;6341&#44;6343&#44;6347&#44;6349&#44;6350&#44;6351&#44;6352&#44;6353&#44;6355&#44;6357&#44;6358&#44;6359&#44;6360&#44;6361&#44;6363&#44;6364&#44;6365&#44;6366&#44;6368&#44;6369&#44;6371&#44;6378&#44;6384&#44;6386&#44;6388&#44;6401&#44;6402&#44;6403&#44;6404&#44;6406&#44;6407&#44;6409&#44;6412&#44;6415&#44;6418&#44;6419&#44;6420&#44;6421&#44;6423&#44;6424&#44;6425&#44;6427&#44;6431&#44;6433&#44;6434&#44;6435&#44;6437&#44;6439&#44;6440&#44;6441&#44;6443&#44;6445&#44;6448&#44;6449&#44;6452&#44;6454&#44;6455&#44;6458&#44;6460&#44;6462&#44;6463&#44;6464&#44;6471&#44;6472&#44;6479&#44;6485&#44;6487&#44;6489&#44;6501&#44;6502&#44;6503&#44;6505&#44;6506&#44;6510&#44;6512&#44;6514&#44;6518&#44;6520&#44;6524&#44;6527&#44;6535&#44;6540&#44;6547&#44;6549&#44;6562&#44;6565&#44;6567&#44;6570&#44;6571&#44;6572&#44;6575&#44;6581&#44;6582&#44;6605&#44;6606&#44;6608&#44;6610&#44;6612&#44;6613&#44;6614&#44;6615&#44;6616&#44;6617&#44;6620&#44;6621&#44;6622&#44;6624&#44;6626&#44;6628&#44;6630&#44;6632&#44;6633&#44;6635&#44;6636&#44;6637&#44;6643&#44;6644&#44;6646&#44;6650&#44;6651&#44;6652&#44;6653&#44;6655&#44;6658&#44;6659&#44;6660&#44;6661&#44;6663&#44;6664&#44;6667&#44;6670&#44;6672&#44;6675&#44;6677&#44;6678&#44;6679&#44;6682&#44;6683&#44;6684&#44;6685&#44;6686&#44;6693&#44;6779&#44;6867&#44;6976&#44;6979&#44;7189&#44;7658&#44;7676&#44;8102&#44;8104&#44;8106&#44;8112&#44;8114&#44;8116&#44;8119&#44;8120&#44;8123&#44;8125&#44;8126&#44;8128&#44;8130&#44;8133&#44;8136&#44;8139&#44;8141&#44;8144&#44;8145&#44;8150&#44;8151&#44;8152&#44;8155&#44;8157&#44;8158&#44;8162&#44;8163&#44;8164&#44;8166&#44;8167&#44;8172&#44;8173&#44;8174&#44;8175&#44;8176&#44;8177&#44;8180&#44;8181&#44;8184&#44;8185&#44;8186&#44;8188&#44;8190&#44;8191&#44;8192&#44;8193&#44;8197&#44;8201&#44;8202&#44;8203&#44;8205&#44;8207&#44;8210&#44;8213&#44;8215&#44;8218&#44;8219&#44;8220&#44;8222&#44;8223&#44;8224&#44;8225&#44;8226&#44;8228&#44;8236&#44;8237&#44;8241&#44;8243&#44;8247&#44;8251&#44;8253&#44;8254&#44;8256&#44;8257&#44;8261&#44;8265&#44;8270&#44;8271&#44;8272&#44;8275&#44;8278&#44;8286&#44;8287&#44;8288&#44;8289&#44;8290&#44;8291&#44;8292&#44;8294&#44;8295&#44;8297&#44;8298&#44;""",8/16/22,8/5/22,N
layouts,Bakery Pallets,"""37-4&#44;77-4""",,2022,8/5/22,1-NewFolderStructure/C037_C077_Bakery_Pallets/C37_77_Bakery_Pallets_Effective_08052022_Updated_08052022/,_C37_77_Bakery_Pallets_Effective_08052022_Updated_08052022.pdf,"""4955&#44;""",8/8/22,8/5/22,N
layouts,Produce,56-1,,2022,8/15/22,https://sams-csp.cld.samsclub.com/clubs/,/planograms/56,"""4109&#44;4702&#44;4703&#44;4704&#44;4707&#44;4709&#44;4710&#44;4711&#44;4712&#44;4713&#44;4718&#44;4720&#44;4721&#44;4722&#44;4724&#44;4728&#44;4729&#44;4730&#44;4731&#44;4732&#44;4735&#44;4736&#44;4738&#44;4739&#44;4740&#44;4741&#44;4742&#44;4743&#44;4745&#44;4749&#44;4750&#44;4755&#44;4761&#44;4763&#44;4764&#44;4767&#44;4768&#44;4769&#44;4770&#44;4771&#44;4772&#44;4774&#44;4775&#44;4776&#44;4777&#44;4778&#44;4780&#44;4781&#44;4782&#44;4783&#44;4784&#44;4785&#44;4786&#44;4787&#44;4789&#44;4790&#44;4791&#44;4794&#44;4795&#44;4797&#44;4798&#44;4799&#44;4801&#44;4802&#44;4804&#44;4805&#44;4808&#44;4815&#44;4816&#44;4817&#44;4818&#44;4819&#44;4820&#44;4822&#44;4824&#44;4825&#44;4828&#44;4829&#44;4830&#44;4831&#44;4836&#44;4837&#44;4839&#44;4840&#44;4843&#44;4846&#44;4847&#44;4850&#44;4851&#44;4852&#44;4853&#44;4855&#44;4857&#44;4859&#44;4860&#44;4861&#44;4866&#44;4870&#44;4871&#44;4872&#44;4873&#44;4874&#44;4875&#44;4876&#44;4878&#44;4879&#44;4901&#44;4905&#44;4906&#44;4908&#44;4911&#44;4914&#44;4915&#44;4917&#44;4920&#44;4925&#44;4926&#44;4930&#44;4933&#44;4936&#44;4938&#44;4939&#44;4942&#44;4944&#44;4946&#44;4947&#44;4948&#44;4950&#44;4952&#44;4955&#44;4958&#44;4961&#44;4962&#44;4963&#44;4969&#44;4972&#44;4973&#44;4974&#44;4982&#44;4983&#44;4985&#44;4987&#44;4989&#44;4990&#44;4991&#44;4992&#44;4994&#44;4996&#44;4998&#44;4999&#44;6181&#44;6188&#44;6189&#44;6201&#44;6202&#44;6203&#44;6204&#44;6205&#44;6212&#44;6213&#44;6216&#44;6217&#44;6218&#44;6219&#44;6220&#44;6225&#44;6228&#44;6235&#44;6236&#44;6238&#44;6239&#44;6240&#44;6242&#44;6244&#44;6245&#44;6246&#44;6247&#44;6249&#44;6251&#44;6252&#44;6254&#44;6255&#44;6256&#44;6257&#44;6259&#44;6260&#44;6261&#44;6262&#44;6265&#44;6267&#44;6269&#44;6270&#44;6275&#44;6302&#44;6304&#44;6305&#44;6307&#44;6308&#44;6309&#44;6310&#44;6311&#44;6312&#44;6313&#44;6314&#44;6315&#44;6317&#44;6319&#44;6320&#44;6321&#44;6322&#44;6324&#44;6325&#44;6326&#44;6327&#44;6328&#44;6329&#44;6330&#44;6331&#44;6332&#44;6333&#44;6334&#44;6335&#44;6336&#44;6338&#44;6339&#44;6341&#44;6342&#44;6343&#44;6344&#44;6345&#44;6347&#44;6348&#44;6349&#44;6350&#44;6351&#44;6352&#44;6353&#44;6354&#44;6355&#44;6356&#44;6357&#44;6358&#44;6359&#44;6360&#44;6361&#44;6363&#44;6364&#44;6365&#44;6366&#44;6367&#44;6368&#44;6369&#44;6371&#44;6372&#44;6373&#44;6375&#44;6376&#44;6377&#44;6378&#44;6379&#44;6380&#44;6381&#44;6382&#44;6383&#44;6384&#44;6385&#44;6386&#44;6387&#44;6388&#44;6401&#44;6402&#44;6403&#44;6404&#44;6405&#44;6406&#44;6407&#44;6408&#44;6409&#44;6410&#44;6412&#44;6413&#44;6414&#44;6415&#44;6417&#44;6418&#44;6419&#44;6420&#44;6421&#44;6422&#44;6423&#44;6424&#44;6425&#44;6426&#44;6427&#44;6428&#44;6429&#44;6430&#44;6431&#44;6432&#44;6433&#44;6434&#44;6435&#44;6436&#44;6437&#44;6439&#44;6440&#44;6441&#44;6443&#44;6444&#44;6445&#44;6448&#44;6449&#44;6450&#44;6452&#44;6453&#44;6454&#44;6455&#44;6456&#44;6457&#44;6458&#44;6460&#44;6461&#44;6462&#44;6463&#44;6464&#44;6471&#44;6472&#44;6474&#44;6479&#44;6482&#44;6485&#44;6487&#44;6489&#44;6501&#44;6502&#44;6503&#44;6505&#44;6506&#44;6507&#44;6509&#44;6510&#44;6512&#44;6514&#44;6517&#44;6518&#44;6520&#44;6521&#44;6524&#44;6527&#44;6528&#44;6533&#44;6535&#44;6536&#44;6539&#44;6540&#44;6543&#44;6547&#44;6549&#44;6556&#44;6562&#44;6565&#44;6567&#44;6568&#44;6569&#44;6570&#44;6571&#44;6572&#44;6573&#44;6575&#44;6581&#44;6582&#44;6604&#44;6605&#44;6606&#44;6608&#44;6609&#44;6610&#44;6612&#44;6613&#44;6614&#44;6615&#44;6616&#44;6617&#44;6619&#44;6620&#44;6621&#44;6622&#44;6624&#44;6626&#44;6628&#44;6630&#44;6631&#44;6632&#44;6633&#44;6634&#44;6635&#44;6636&#44;6637&#44;6643&#44;6644&#44;6646&#44;6650&#44;6651&#44;6652&#44;6653&#44;6655&#44;6657&#44;6658&#44;6659&#44;6660&#44;6661&#44;6662&#44;6663&#44;6664&#44;6666&#44;6667&#44;6670&#44;6671&#44;6672&#44;6673&#44;6674&#44;6675&#44;6676&#44;6677&#44;6678&#44;6679&#44;6680&#44;6682&#44;6683&#44;6684&#44;6685&#44;6686&#44;6689&#44;6690&#44;6692&#44;6693&#44;6779&#44;6781&#44;6867&#44;6976&#44;6979&#44;7189&#44;7658&#44;7676&#44;8102&#44;8104&#44;8106&#44;8107&#44;8111&#44;8112&#44;8114&#44;8115&#44;8116&#44;8117&#44;8119&#44;8120&#44;8123&#44;8125&#44;8126&#44;8128&#44;8129&#44;8130&#44;8132&#44;8133&#44;8134&#44;8135&#44;8136&#44;8138&#44;8139&#44;8141&#44;8142&#44;8144&#44;8145&#44;8146&#44;8147&#44;8149&#44;8150&#44;8151&#44;8152&#44;8153&#44;8155&#44;8156&#44;8157&#44;8158&#44;8160&#44;8161&#44;8162&#44;8163&#44;8164&#44;8165&#44;8166&#44;8167&#44;8168&#44;8169&#44;8172&#44;8173&#44;8174&#44;8175&#44;8176&#44;8177&#44;8180&#44;8181&#44;8182&#44;8183&#44;8184&#44;8185&#44;8186&#44;8188&#44;8189&#44;8190&#44;8191&#44;8192&#44;8193&#44;8194&#44;8196&#44;8197&#44;8201&#44;8202&#44;8203&#44;8205&#44;8207&#44;8208&#44;8209&#44;8210&#44;8211&#44;8213&#44;8215&#44;8218&#44;8219&#44;8220&#44;8221&#44;8222&#44;8223&#44;8224&#44;8225&#44;8226&#44;8227&#44;8228&#44;8236&#44;8237&#44;8238&#44;8239&#44;8241&#44;8242&#44;8243&#44;8244&#44;8245&#44;8246&#44;8247&#44;8248&#44;8250&#44;8251&#44;8252&#44;8253&#44;8254&#44;8256&#44;8257&#44;8259&#44;8261&#44;8262&#44;8263&#44;8264&#44;8265&#44;8266&#44;8267&#44;8268&#44;8269&#44;8270&#44;8271&#44;8272&#44;8273&#44;8274&#44;8275&#44;8276&#44;8277&#44;8278&#44;8279&#44;8280&#44;8281&#44;8282&#44;8283&#44;8284&#44;8285&#44;8286&#44;8287&#44;8288&#44;8289&#44;8290&#44;8291&#44;8292&#44;8293&#44;8294&#44;8295&#44;8296&#44;8297&#44;8298&#44;8299&#44;""",8/9/22,8/9/22,N
layouts,Bakery Tables,"""37&#44;77""",,2022,8/15/22,1-NewFolderStructure/C037_C077_Bakery_Tables/C37_77_Bakery_Tables_Effective_08152022_Updated_08112022/,_C37_77_Bakery_Tables_Effective_08152022_Updated_08112022.pdf,"""6315&#44;6378&#44;6404&#44;6405&#44;6433&#44;6455&#44;6472&#44;6606&#44;6613&#44;6660&#44;6661&#44;6682&#44;8150&#44;8169&#44;""",8/11/22,8/11/22,N
layouts,Bakery Dessert,"""37-2&#44;77-2""",,2022,8/15/22,1-NewFolderStructure/C037_C077_Bakery_Dessert/C77_C37_Dessert_Case_Effective_08152022_Updated_08112022/,_C77_C37_Dessert_Case_Effective_08152022_Updated_08112022.pdf,"""6405&#44;""",8/11/22,8/11/22,N
layouts,Cake Case,"""37-3&#44;77-3""",,2022,8/15/22,1-NewFolderStructure/C037_C077_Cake_Case/C77_C37_Effective_08152022_Updated_08112022/,_C77_C37_Effective_08152022_Updated_08112022.pdf,6315.6377.6378.6404.6405.6433.6455.6472.6606.6613.6660.6661.6682.8150.8169.,8/11/22,8/11/22,N
layouts,Bakery Bread Pods,"""37-5&#44;77-5""",,2022,8/15/22,1-NewFolderStructure/C037_C077_Bakery_Bread_Pods/C37_77_Bread_Pod_Effective_08152022_Updated_08112022/,_C37_77_Bread_Pod_Effective_08152022_Updated_08112022.pdf,"""6315&#44;6378&#44;6404&#44;6405&#44;6433&#44;6455&#44;6472&#44;6606&#44;6613&#44;6660&#44;6661&#44;6682&#44;8150&#44;8169&#44;""",8/11/22,8/11/22,N
layouts,Floral,56-3,,2022,8/15/22,1-NewFolderStructure/C056_Floral/C56_Floral_Effective_08152022_Planogram_Updated_07292022/,_C56_Floral_Effective_08152022_Planogram_Updated_07292022.pdf,"""6315&#44;6472&#44;6562&#44;6606&#44;6613&#44;6660&#44;6661&#44;6682&#44;8150&#44;""",8/12/22,8/11/22,N
layouts,Meat and Seafood,"""72&#44;76&#44;93""",,2022,8/15/22,1-NewFolderStructure/C076_C072_C093_Fresh_Meat_Seafood/C76_C93_Effective_08152022_Planogram_Updated_08112022/,_C76_C93_Effective_08152022_Planogram_Updated_08112022.pdf,"""6315&#44;6377&#44;6378&#44;6404&#44;6405&#44;6433&#44;6455&#44;6472&#44;6606&#44;6613&#44;6660&#44;6661&#44;6682&#44;8150&#44;8169&#44;""",8/11/22,8/11/22,N
layouts,Bakery Pallets,"""37-4&#44;77-4""",,2022,8/15/22,1-NewFolderStructure/C037_C077_Bakery_Pallets/C37_77_Bakery_Pallets_Effective_08152022_Updated_08122022/,_C37_77_Bakery_Pallets_Effective_08152022_Updated_08122022.pdf,"""6315&#44;6378&#44;6404&#44;6433&#44;6455&#44;6472&#44;6606&#44;6613&#44;6660&#44;6661&#44;6682&#44;8150&#44;8169&#44;""",8/12/22,8/12/22,N
layouts,Bakery Tables,"""37&#44;77""",,2022,8/15/22,1-NewFolderStructure/C037_C077_Bakery_Tables/C37_77_Bakery_Tables_Effective_08152022_Updated_08152022/,_C37_77_Bakery_Tables_Effective_08152022_Updated_08152022.pdf,"""4947&#44;4948&#44;4950&#44;4952&#44;4955&#44;4958&#44;4961&#44;4962&#44;4963&#44;4972&#44;4973&#44;4974&#44;4982&#44;4983&#44;4985&#44;4987&#44;4989&#44;4990&#44;4991&#44;4992&#44;4994&#44;4998&#44;4999&#44;6181&#44;6188&#44;6189&#44;6202&#44;6203&#44;6204&#44;6205&#44;6212&#44;6213&#44;6216&#44;6217&#44;6218&#44;6219&#44;6220&#44;6225&#44;6228&#44;6235&#44;6236&#44;6239&#44;6240&#44;6242&#44;6245&#44;6246&#44;6247&#44;6249&#44;6251&#44;6252&#44;6254&#44;6255&#44;6256&#44;6257&#44;6259&#44;6260&#44;6261&#44;6262&#44;6265&#44;6267&#44;6269&#44;6270&#44;6275&#44;6302&#44;6304&#44;6305&#44;6307&#44;6308&#44;6309&#44;6310&#44;6311&#44;6312&#44;6313&#44;6314&#44;6315&#44;6319&#44;6320&#44;6321&#44;6322&#44;6324&#44;6325&#44;6326&#44;6327&#44;6328&#44;6329&#44;6331&#44;6332&#44;6333&#44;6335&#44;6336&#44;6338&#44;6339&#44;6341&#44;6342&#44;6343&#44;6344&#44;6345&#44;6347&#44;6348&#44;6349&#44;6350&#44;6351&#44;6352&#44;6353&#44;6354&#44;6355&#44;6356&#44;6357&#44;6358&#44;6360&#44;6361&#44;6363&#44;6364&#44;6365&#44;6367&#44;6368&#44;6369&#44;6371&#44;6372&#44;6373&#44;6375&#44;6376&#44;6378&#44;6379&#44;6380&#44;6381&#44;6382&#44;6383&#44;6384&#44;6387&#44;6388&#44;6401&#44;6402&#44;6403&#44;6405&#44;6407&#44;6408&#44;6409&#44;6410&#44;6412&#44;6413&#44;6414&#44;6415&#44;6417&#44;6418&#44;6419&#44;6420&#44;""",8/17/22,8/15/22,N
layouts,Bakery Pallets,"""37-4&#44;77-4""",,2022,8/15/22,1-NewFolderStructure/C037_C077_Bakery_Pallets/C37_77_Bakery_Pallets_Effective_08152022_Updated_08152022/,_C37_77_Bakery_Pallets_Effective_08152022_Updated_08152022.pdf,"""4947&#44;4948&#44;4950&#44;4952&#44;4955&#44;4958&#44;4961&#44;4962&#44;4963&#44;4972&#44;4973&#44;4974&#44;4983&#44;4985&#44;4987&#44;4989&#44;4990&#44;4991&#44;4992&#44;4994&#44;4998&#44;4999&#44;6181&#44;6188&#44;6189&#44;6202&#44;6203&#44;6204&#44;6205&#44;6212&#44;6213&#44;6216&#44;6217&#44;6218&#44;6219&#44;6220&#44;6225&#44;6228&#44;6235&#44;6236&#44;6239&#44;6240&#44;6242&#44;6245&#44;6246&#44;6247&#44;6249&#44;6251&#44;6252&#44;6254&#44;6255&#44;6256&#44;6257&#44;6259&#44;6260&#44;6261&#44;6262&#44;6265&#44;6267&#44;6269&#44;6270&#44;6275&#44;6302&#44;6304&#44;6305&#44;6308&#44;6309&#44;6310&#44;6311&#44;6312&#44;6313&#44;6314&#44;6315&#44;6320&#44;6321&#44;6322&#44;6325&#44;6326&#44;6327&#44;6328&#44;6329&#44;6332&#44;6333&#44;6335&#44;6336&#44;6338&#44;6339&#44;6341&#44;6342&#44;6343&#44;6344&#44;6345&#44;6347&#44;6348&#44;6349&#44;6350&#44;6351&#44;6352&#44;6353&#44;6354&#44;6355&#44;6356&#44;6357&#44;6358&#44;6360&#44;6361&#44;6363&#44;6364&#44;6365&#44;6367&#44;6368&#44;6369&#44;6371&#44;6372&#44;6373&#44;6376&#44;6378&#44;6379&#44;6380&#44;6381&#44;6382&#44;6383&#44;6384&#44;6387&#44;6388&#44;6401&#44;6402&#44;6403&#44;6408&#44;6409&#44;6410&#44;6413&#44;6414&#44;6415&#44;6417&#44;6418&#44;6419&#44;6420&#44;""",8/17/22,8/15/22,N
layouts,Bakery Bread Pods,"""37-5&#44;77-5""",,2022,8/15/22,1-NewFolderStructure/C037_C077_Bakery_Bread_Pods/C37_77_Bread_Pod_Effective_08152022_Updated_08152022/,_C37_77_Bread_Pod_Effective_08152022_Updated_08152022.pdf,"""4947&#44;4948&#44;4950&#44;4952&#44;4955&#44;4958&#44;4961&#44;4962&#44;4963&#44;4972&#44;4973&#44;4974&#44;4982&#44;4983&#44;4985&#44;4987&#44;4989&#44;4990&#44;4991&#44;4992&#44;4994&#44;4998&#44;4999&#44;6181&#44;6188&#44;6189&#44;6202&#44;6203&#44;6204&#44;6205&#44;6212&#44;6213&#44;6216&#44;6217&#44;6218&#44;6219&#44;6220&#44;6225&#44;6228&#44;6235&#44;6236&#44;6239&#44;6240&#44;6242&#44;6245&#44;6246&#44;6247&#44;6249&#44;6251&#44;6252&#44;6254&#44;6255&#44;6256&#44;6257&#44;6259&#44;6260&#44;6261&#44;6262&#44;6265&#44;6267&#44;6269&#44;6270&#44;6275&#44;6302&#44;6304&#44;6305&#44;6307&#44;6308&#44;6309&#44;6310&#44;6311&#44;6312&#44;6313&#44;6314&#44;6315&#44;6319&#44;6320&#44;6321&#44;6322&#44;6324&#44;6325&#44;6326&#44;6327&#44;6328&#44;6329&#44;6331&#44;6332&#44;6333&#44;6335&#44;6336&#44;6338&#44;6339&#44;6341&#44;6342&#44;6343&#44;6344&#44;6345&#44;6347&#44;6348&#44;6349&#44;6350&#44;6351&#44;6352&#44;6353&#44;6354&#44;6355&#44;6356&#44;6357&#44;6358&#44;6360&#44;6361&#44;6363&#44;6364&#44;6365&#44;6367&#44;6368&#44;6369&#44;6371&#44;6372&#44;6373&#44;6375&#44;6376&#44;6378&#44;6379&#44;6380&#44;6381&#44;6382&#44;6383&#44;6384&#44;6387&#44;6388&#44;6401&#44;6402&#44;6403&#44;6405&#44;6407&#44;6408&#44;6409&#44;6410&#44;6412&#44;6413&#44;6414&#44;6415&#44;6417&#44;6418&#44;6419&#44;6420&#44;""",8/17/22,8/15/22,N
layouts,Bakery Tables,"""37&#44;77""",,2022,8/18/22,1-NewFolderStructure/C037_C077_Bakery_Tables/C37_77_Bakery_Tables_Effective_08182022_Updated_08182022/,_C37_77_Bakery_Tables_Effective_08182022_Updated_08182022.pdf,"""4771&#44;""",8/25/22,8/18/22,N
layouts,Bakery Pallets,"""37-4&#44;77-4""",,2022,8/18/22,1-NewFolderStructure/C037_C077_Bakery_Pallets/C37_77_Bakery_Pallets_Effective_08182022_Updated_08182022/,_C37_77_Bakery_Pallets_Effective_08182022_Updated_08182022.pdf,"""4771&#44;""",8/25/22,8/18/22,N
layouts,Bakery Bread Pods,"""37-5&#44;77-5""",,2022,8/18/22,1-NewFolderStructure/C037_C077_Bakery_Bread_Pods/C37_77_Bread_POD_Effective_08182022_Updated_08182022/,_C37_77_Bread_POD_Effective_08182022_Updated_08182022.pdf,"""4771&#44;""",8/25/22,8/18/22,N
layouts,Meat and Seafood,"""72&#44;76&#44;93""",,2022,8/22/22,1-NewFolderStructure/C076_C072_C093_Fresh_Meat_Seafood/C76_C93_Effective_08222022_Planogram_Updated_08102022/,_C76_C93_Effective_08222022_Planogram_Updated_08102022.pdf,"""4109&#44;4702&#44;4703&#44;4704&#44;4707&#44;4709&#44;4710&#44;4711&#44;4712&#44;4713&#44;4718&#44;4720&#44;4721&#44;4722&#44;4724&#44;4728&#44;4729&#44;4730&#44;4731&#44;4732&#44;4735&#44;4736&#44;4738&#44;4739&#44;4740&#44;4741&#44;4742&#44;4743&#44;4745&#44;4749&#44;4750&#44;4755&#44;4761&#44;4763&#44;4764&#44;4767&#44;4768&#44;4769&#44;4770&#44;4771&#44;4772&#44;4774&#44;4775&#44;4776&#44;4777&#44;4778&#44;4780&#44;4781&#44;4782&#44;4783&#44;4784&#44;4785&#44;4786&#44;4787&#44;4789&#44;4790&#44;4791&#44;4794&#44;4795&#44;4797&#44;4798&#44;4799&#44;4801&#44;4802&#44;4804&#44;4805&#44;4808&#44;4815&#44;4816&#44;4817&#44;4818&#44;4819&#44;4820&#44;4822&#44;4824&#44;4825&#44;4828&#44;4829&#44;4830&#44;4831&#44;4836&#44;4837&#44;4839&#44;4840&#44;4843&#44;4846&#44;4847&#44;4850&#44;4851&#44;4852&#44;4853&#44;4855&#44;4857&#44;4859&#44;4860&#44;4861&#44;4866&#44;4870&#44;4871&#44;4872&#44;4873&#44;4874&#44;4875&#44;4876&#44;4878&#44;4879&#44;4901&#44;4905&#44;4906&#44;4908&#44;4911&#44;4914&#44;4915&#44;4917&#44;4920&#44;4925&#44;4926&#44;4930&#44;4933&#44;4936&#44;4938&#44;4939&#44;4942&#44;4944&#44;4946&#44;4947&#44;4948&#44;4950&#44;4952&#44;4955&#44;4958&#44;4961&#44;4962&#44;4963&#44;4969&#44;4972&#44;4973&#44;4974&#44;4982&#44;4983&#44;4985&#44;4987&#44;4989&#44;4990&#44;4991&#44;4992&#44;4994&#44;4996&#44;4998&#44;4999&#44;6181&#44;6188&#44;6189&#44;6201&#44;6202&#44;6203&#44;6204&#44;6205&#44;6212&#44;6213&#44;6216&#44;6217&#44;6218&#44;6219&#44;6220&#44;6225&#44;6228&#44;6235&#44;6236&#44;6238&#44;6239&#44;6240&#44;6242&#44;6244&#44;6245&#44;6246&#44;6247&#44;6249&#44;6251&#44;6252&#44;6254&#44;6255&#44;6256&#44;6257&#44;6259&#44;6260&#44;6261&#44;6262&#44;6265&#44;6267&#44;6269&#44;6270&#44;6275&#44;6302&#44;6304&#44;6305&#44;6307&#44;6308&#44;6309&#44;6310&#44;6311&#44;6312&#44;6313&#44;6314&#44;6315&#44;6317&#44;6319&#44;6320&#44;6321&#44;6322&#44;6324&#44;6325&#44;6326&#44;6327&#44;6328&#44;6329&#44;6330&#44;6331&#44;6332&#44;6333&#44;6334&#44;6335&#44;6336&#44;6338&#44;6339&#44;6341&#44;6342&#44;6343&#44;6344&#44;6345&#44;6347&#44;6348&#44;6349&#44;6350&#44;6351&#44;6352&#44;6353&#44;6354&#44;6355&#44;6356&#44;6357&#44;6358&#44;6359&#44;6360&#44;6361&#44;6363&#44;6364&#44;6365&#44;6366&#44;6367&#44;6368&#44;6369&#44;6371&#44;6372&#44;6373&#44;6375&#44;6376&#44;6377&#44;6378&#44;6379&#44;6380&#44;6381&#44;6382&#44;6383&#44;6384&#44;6385&#44;6386&#44;6387&#44;6388&#44;6401&#44;6402&#44;6403&#44;6404&#44;6405&#44;6406&#44;6407&#44;6408&#44;6409&#44;6410&#44;6412&#44;6413&#44;6414&#44;6415&#44;6417&#44;6418&#44;6419&#44;6420&#44;6421&#44;6422&#44;6423&#44;6424&#44;6425&#44;6426&#44;6427&#44;6428&#44;6429&#44;6430&#44;6431&#44;6432&#44;6433&#44;6434&#44;6435&#44;6436&#44;6437&#44;6439&#44;6440&#44;6441&#44;6443&#44;6444&#44;6445&#44;6448&#44;6449&#44;6450&#44;6452&#44;6453&#44;6454&#44;6455&#44;6456&#44;6457&#44;6458&#44;6460&#44;6461&#44;6462&#44;6463&#44;6464&#44;6471&#44;6472&#44;6474&#44;6479&#44;6482&#44;6485&#44;6487&#44;6489&#44;6501&#44;6502&#44;6503&#44;6505&#44;6506&#44;6507&#44;6509&#44;6510&#44;6512&#44;6514&#44;6517&#44;6518&#44;6520&#44;6521&#44;6524&#44;6527&#44;6528&#44;6533&#44;6535&#44;6536&#44;6539&#44;6540&#44;6543&#44;6547&#44;6549&#44;6556&#44;6562&#44;6565&#44;6567&#44;6568&#44;6569&#44;6570&#44;6571&#44;6572&#44;6573&#44;6575&#44;6581&#44;6582&#44;6604&#44;6605&#44;6606&#44;6608&#44;6609&#44;6610&#44;6612&#44;6613&#44;6614&#44;6615&#44;6616&#44;6617&#44;6619&#44;6620&#44;6621&#44;6622&#44;6624&#44;6626&#44;6628&#44;6630&#44;6631&#44;6632&#44;6633&#44;6634&#44;6635&#44;6636&#44;6637&#44;6643&#44;6644&#44;6646&#44;6650&#44;6651&#44;6652&#44;6653&#44;6655&#44;6657&#44;6658&#44;6659&#44;6660&#44;6661&#44;6662&#44;6663&#44;6664&#44;6666&#44;6667&#44;6670&#44;6671&#44;6672&#44;6673&#44;6674&#44;6675&#44;6676&#44;6677&#44;6678&#44;6679&#44;6680&#44;6682&#44;6683&#44;6684&#44;6685&#44;6686&#44;6689&#44;6690&#44;6692&#44;6693&#44;6779&#44;6781&#44;6867&#44;6976&#44;6979&#44;7189&#44;7658&#44;7676&#44;8102&#44;8104&#44;8106&#44;8107&#44;8111&#44;8112&#44;8114&#44;8115&#44;8116&#44;8117&#44;8119&#44;8120&#44;8123&#44;8125&#44;8126&#44;8128&#44;8129&#44;8130&#44;8132&#44;8133&#44;8134&#44;8135&#44;8136&#44;8138&#44;8139&#44;8141&#44;8142&#44;8144&#44;8145&#44;8146&#44;8147&#44;8149&#44;8150&#44;8151&#44;8152&#44;8153&#44;8155&#44;8156&#44;8157&#44;8158&#44;8160&#44;8161&#44;8162&#44;8163&#44;8164&#44;8165&#44;8166&#44;8167&#44;8168&#44;8169&#44;8172&#44;8173&#44;8174&#44;8175&#44;8176&#44;8177&#44;8180&#44;8181&#44;8182&#44;8183&#44;8184&#44;8185&#44;8186&#44;8188&#44;8189&#44;8190&#44;8191&#44;8192&#44;8193&#44;8194&#44;8196&#44;8197&#44;8201&#44;8202&#44;8203&#44;8205&#44;8207&#44;8208&#44;8209&#44;8210&#44;8211&#44;8213&#44;8215&#44;8218&#44;8219&#44;8220&#44;8221&#44;8222&#44;8223&#44;8224&#44;8225&#44;8226&#44;8227&#44;8228&#44;8236&#44;8237&#44;8238&#44;8239&#44;8241&#44;8242&#44;8243&#44;8244&#44;8245&#44;8246&#44;8247&#44;8248&#44;8250&#44;8251&#44;8252&#44;8253&#44;8254&#44;8256&#44;8257&#44;8259&#44;8261&#44;8262&#44;8263&#44;8264&#44;8265&#44;8266&#44;8267&#44;8268&#44;8269&#44;8270&#44;8271&#44;8272&#44;8273&#44;8274&#44;8275&#44;8276&#44;8277&#44;8278&#44;8279&#44;8280&#44;8281&#44;8282&#44;8283&#44;8284&#44;8285&#44;8286&#44;8287&#44;8288&#44;8289&#44;8290&#44;8291&#44;8292&#44;8293&#44;8294&#44;8295&#44;8296&#44;8297&#44;8298&#44;8299&#44;""",8/11/22,8/11/22,N
layouts,Sweet Baked Goods,78,,2022,8/22/22,https://sams-csp.cld.samsclub.com/clubs/,/planograms/78,"""4109&#44;4702&#44;4703&#44;4704&#44;4707&#44;4709&#44;4710&#44;4711&#44;4712&#44;4713&#44;4718&#44;4720&#44;4721&#44;4722&#44;4724&#44;4728&#44;4729&#44;4730&#44;4731&#44;4732&#44;4735&#44;4736&#44;4738&#44;4739&#44;4740&#44;4741&#44;4742&#44;4743&#44;4745&#44;4749&#44;4750&#44;4755&#44;4761&#44;4763&#44;4764&#44;4767&#44;4768&#44;4769&#44;4770&#44;4771&#44;4772&#44;4774&#44;4775&#44;4776&#44;4777&#44;4778&#44;4780&#44;4781&#44;4782&#44;4783&#44;4784&#44;4785&#44;4786&#44;4787&#44;4789&#44;4790&#44;4791&#44;4794&#44;4795&#44;4797&#44;4798&#44;4799&#44;4801&#44;4802&#44;4804&#44;4805&#44;4808&#44;4815&#44;4816&#44;4817&#44;4818&#44;4819&#44;4820&#44;4822&#44;4824&#44;4825&#44;4828&#44;4829&#44;4830&#44;4831&#44;4836&#44;4837&#44;4839&#44;4840&#44;4843&#44;4846&#44;4847&#44;4850&#44;4851&#44;4852&#44;4853&#44;4855&#44;4857&#44;4859&#44;4860&#44;4861&#44;4866&#44;4870&#44;4871&#44;4872&#44;4873&#44;4874&#44;4875&#44;4876&#44;4878&#44;4879&#44;4901&#44;4905&#44;4906&#44;4908&#44;4911&#44;4914&#44;4915&#44;4917&#44;4920&#44;4925&#44;4926&#44;4930&#44;4933&#44;4936&#44;4938&#44;4939&#44;4942&#44;4944&#44;4946&#44;4947&#44;4948&#44;4950&#44;4952&#44;4955&#44;4958&#44;4961&#44;4962&#44;4963&#44;4969&#44;4972&#44;4973&#44;4974&#44;4982&#44;4983&#44;4985&#44;4987&#44;4989&#44;4990&#44;4991&#44;4992&#44;4994&#44;4996&#44;4998&#44;4999&#44;6181&#44;6188&#44;6189&#44;6201&#44;6202&#44;6203&#44;6204&#44;6205&#44;6212&#44;6213&#44;6216&#44;6217&#44;6218&#44;6219&#44;6220&#44;6225&#44;6228&#44;6235&#44;6236&#44;6238&#44;6239&#44;6240&#44;6242&#44;6244&#44;6245&#44;6246&#44;6247&#44;6249&#44;6251&#44;6252&#44;6254&#44;6255&#44;6256&#44;6257&#44;6259&#44;6260&#44;6261&#44;6262&#44;6265&#44;6267&#44;6269&#44;6270&#44;6275&#44;6302&#44;6304&#44;6305&#44;6307&#44;6308&#44;6309&#44;6310&#44;6311&#44;6312&#44;6313&#44;6314&#44;6315&#44;6317&#44;6319&#44;6320&#44;6321&#44;6322&#44;6324&#44;6325&#44;6326&#44;6327&#44;6328&#44;6329&#44;6330&#44;6331&#44;6332&#44;6333&#44;6334&#44;6335&#44;6336&#44;6338&#44;6339&#44;6341&#44;6342&#44;6343&#44;6344&#44;6345&#44;6347&#44;6348&#44;6349&#44;6350&#44;6351&#44;6352&#44;6353&#44;6354&#44;6355&#44;6356&#44;6357&#44;6358&#44;6359&#44;6360&#44;6361&#44;6363&#44;6364&#44;6365&#44;6366&#44;6367&#44;6368&#44;6369&#44;6371&#44;6372&#44;6373&#44;6375&#44;6376&#44;6377&#44;6378&#44;6379&#44;6380&#44;6381&#44;6382&#44;6383&#44;6384&#44;6385&#44;6386&#44;6387&#44;6388&#44;6401&#44;6402&#44;6403&#44;6404&#44;6405&#44;6406&#44;6407&#44;6408&#44;6409&#44;6410&#44;6412&#44;6413&#44;6414&#44;6415&#44;6417&#44;6418&#44;6419&#44;6420&#44;6421&#44;6422&#44;6423&#44;6424&#44;6425&#44;6426&#44;6427&#44;6428&#44;6429&#44;6430&#44;6431&#44;6432&#44;6433&#44;6434&#44;6435&#44;6436&#44;6437&#44;6439&#44;6440&#44;6441&#44;6443&#44;6444&#44;6445&#44;6448&#44;6449&#44;6450&#44;6452&#44;6453&#44;6454&#44;6455&#44;6456&#44;6457&#44;6458&#44;6460&#44;6461&#44;6462&#44;6463&#44;6464&#44;6471&#44;6472&#44;6474&#44;6479&#44;6482&#44;6485&#44;6487&#44;6489&#44;6501&#44;6502&#44;6503&#44;6505&#44;6506&#44;6507&#44;6509&#44;6510&#44;6512&#44;6514&#44;6517&#44;6518&#44;6520&#44;6521&#44;6524&#44;6527&#44;6528&#44;6533&#44;6535&#44;6536&#44;6539&#44;6540&#44;6543&#44;6547&#44;6549&#44;6556&#44;6562&#44;6565&#44;6567&#44;6568&#44;6569&#44;6570&#44;6571&#44;6572&#44;6573&#44;6575&#44;6581&#44;6582&#44;6604&#44;6605&#44;6606&#44;6608&#44;6609&#44;6610&#44;6612&#44;6613&#44;6614&#44;6615&#44;6616&#44;6617&#44;6619&#44;6620&#44;6621&#44;6622&#44;6624&#44;6626&#44;6628&#44;6630&#44;6631&#44;6632&#44;6633&#44;6634&#44;6635&#44;6636&#44;6637&#44;6643&#44;6644&#44;6646&#44;6650&#44;6651&#44;6652&#44;6653&#44;6655&#44;6657&#44;6658&#44;6659&#44;6660&#44;6661&#44;6662&#44;6663&#44;6664&#44;6666&#44;6667&#44;6670&#44;6671&#44;6672&#44;6673&#44;6674&#44;6675&#44;6676&#44;6677&#44;6678&#44;6679&#44;6680&#44;6682&#44;6683&#44;6684&#44;6685&#44;6686&#44;6689&#44;6690&#44;6692&#44;6693&#44;6779&#44;6781&#44;6867&#44;6976&#44;6979&#44;7189&#44;7658&#44;7676&#44;8102&#44;8104&#44;8106&#44;8107&#44;8111&#44;8112&#44;8114&#44;8115&#44;8116&#44;8117&#44;8119&#44;8120&#44;8123&#44;8125&#44;8126&#44;8128&#44;8129&#44;8130&#44;8132&#44;8133&#44;8134&#44;8135&#44;8136&#44;8138&#44;8139&#44;8141&#44;8142&#44;8144&#44;8145&#44;8146&#44;8147&#44;8149&#44;8150&#44;8151&#44;8152&#44;8153&#44;8155&#44;8156&#44;8157&#44;8158&#44;8160&#44;8161&#44;8162&#44;8163&#44;8164&#44;8165&#44;8166&#44;8167&#44;8168&#44;8169&#44;8172&#44;8173&#44;8174&#44;8175&#44;8176&#44;8177&#44;8180&#44;8181&#44;8182&#44;8183&#44;8184&#44;8185&#44;8186&#44;8188&#44;8189&#44;8190&#44;8191&#44;8192&#44;8193&#44;8194&#44;8196&#44;8197&#44;8201&#44;8202&#44;8203&#44;8205&#44;8207&#44;8208&#44;8209&#44;8210&#44;8211&#44;8213&#44;8215&#44;8218&#44;8219&#44;8220&#44;8221&#44;8222&#44;8223&#44;8224&#44;8225&#44;8226&#44;8227&#44;8228&#44;8236&#44;8237&#44;8238&#44;8239&#44;8241&#44;8242&#44;8243&#44;8244&#44;8245&#44;8246&#44;8247&#44;8248&#44;8250&#44;8251&#44;8252&#44;8253&#44;8254&#44;8256&#44;8257&#44;8259&#44;8261&#44;8262&#44;8263&#44;8264&#44;8265&#44;8266&#44;8267&#44;8268&#44;8269&#44;8270&#44;8271&#44;8272&#44;8273&#44;8274&#44;8275&#44;8276&#44;8277&#44;8278&#44;8279&#44;8280&#44;8281&#44;8282&#44;8283&#44;8284&#44;8285&#44;8286&#44;8287&#44;8288&#44;8289&#44;8290&#44;8291&#44;8292&#44;8293&#44;8294&#44;8295&#44;8296&#44;8297&#44;8298&#44;8299&#44;""",8/14/22,8/14/22,N
layouts,Bakery Tables,"""37&#44;77""",,2022,8/24/22,1-NewFolderStructure/C037_C077_Bakery_Tables/C37_77_Bakery_Tables_Effective_08242022_Updated_08242022/,_C37_77_Bakery_Tables_Effective_08242022_Updated_08242022.pdf,"""6359&#44;""",8/24/22,8/24/22,N
layouts,Bakery Bread Pods,"""37-5&#44;77-5""",,2022,8/24/22,1-NewFolderStructure/C037_C077_Bakery_Bread_Pods/C37_77_Bread_POD_Effective_08242022_Updated_08242022/,_C37_77_Bread_POD_Effective_08242022_Updated_08242022.pdf,"""6359&#44;""",8/24/22,8/24/22,N
layouts,Deli,57,,2022,8/25/22,1-NewFolderStructure/C057_Deli/C57_Effective_07262022_Planogram_Update_07-26-2022/,_C57_Effective_07262022_Planogram_Update_07-26-2022.pdf,"""4728&#44;4839&#44;4901&#44;4947&#44;4991&#44;6401&#44;6509&#44;6536&#44;6571&#44;6605&#44;6686&#44;8141&#44;8273&#44;""",8/25/22,7/26/22,N
layouts,Bakery Tables,"""37&#44;77""",,2022,8/26/22,1-NewFolderStructure/C037_C077_Bakery_Tables/C37_77_Bakery_Tables_Effective_08262022_Updated_08262022/,_C37_77_Bakery_Tables_Effective_08262022_Updated_08262022.pdf,"""6421&#44;6422&#44;6423&#44;6425&#44;6427&#44;6428&#44;6429&#44;6430&#44;6431&#44;6432&#44;6433&#44;6434&#44;6435&#44;6436&#44;6437&#44;6439&#44;6440&#44;6441&#44;6443&#44;6444&#44;6445&#44;6448&#44;6449&#44;6450&#44;6452&#44;6453&#44;6454&#44;6455&#44;6456&#44;6457&#44;6458&#44;6460&#44;6462&#44;6463&#44;6464&#44;6471&#44;6474&#44;6479&#44;6482&#44;6485&#44;6487&#44;6489&#44;6501&#44;6502&#44;6505&#44;6506&#44;6507&#44;6509&#44;6510&#44;6512&#44;6514&#44;6517&#44;6518&#44;6520&#44;6521&#44;6524&#44;6527&#44;6528&#44;6535&#44;6536&#44;6539&#44;6540&#44;6543&#44;6547&#44;6549&#44;6562&#44;6565&#44;6568&#44;6569&#44;6570&#44;6571&#44;6572&#44;6573&#44;6575&#44;6581&#44;6582&#44;6604&#44;6605&#44;6606&#44;6608&#44;6609&#44;6610&#44;6612&#44;6613&#44;6614&#44;6615&#44;6616&#44;6617&#44;6619&#44;6620&#44;6621&#44;6622&#44;6624&#44;6626&#44;6628&#44;6630&#44;6631&#44;6633&#44;6634&#44;6635&#44;6636&#44;6637&#44;6643&#44;6644&#44;6646&#44;6650&#44;6651&#44;6652&#44;6653&#44;6655&#44;6657&#44;6658&#44;6659&#44;6660&#44;6661&#44;6662&#44;6663&#44;6664&#44;6666&#44;6667&#44;6670&#44;6671&#44;6672&#44;6673&#44;6674&#44;6675&#44;6676&#44;6677&#44;6678&#44;6679&#44;6680&#44;6682&#44;""",9/5/22,8/26/22,N
layouts,Bakery Pallets,"""37-4&#44;77-4""",,2022,8/26/22,1-NewFolderStructure/C037_C077_Bakery_Pallets/C37_77_Bakery_Pallets_Effective_08262022_Updated_08262022/,_C37_77_Bakery_Pallets_Effective_08262022_Updated_08262022.pdf,"""6421&#44;6422&#44;6423&#44;6425&#44;6427&#44;6428&#44;6429&#44;6430&#44;6431&#44;6432&#44;6433&#44;6434&#44;6435&#44;6436&#44;6437&#44;6439&#44;6440&#44;6441&#44;6443&#44;6444&#44;6445&#44;6448&#44;6449&#44;6452&#44;6453&#44;6454&#44;6455&#44;6456&#44;6457&#44;6458&#44;6460&#44;6462&#44;6463&#44;6464&#44;6471&#44;6474&#44;6479&#44;6482&#44;6485&#44;6487&#44;6489&#44;6501&#44;6502&#44;6505&#44;6506&#44;6507&#44;6509&#44;6510&#44;6512&#44;6514&#44;6517&#44;6518&#44;6520&#44;6521&#44;6524&#44;6527&#44;6528&#44;6536&#44;6539&#44;6540&#44;6543&#44;6547&#44;6549&#44;6565&#44;6568&#44;6570&#44;6571&#44;6572&#44;6573&#44;6575&#44;6581&#44;6582&#44;6604&#44;6605&#44;6606&#44;6608&#44;6609&#44;6610&#44;6613&#44;6614&#44;6615&#44;6616&#44;6617&#44;6619&#44;6620&#44;6621&#44;6622&#44;6624&#44;6626&#44;6628&#44;6630&#44;6631&#44;6633&#44;6634&#44;6635&#44;6636&#44;6637&#44;6643&#44;6644&#44;6646&#44;6650&#44;6651&#44;6652&#44;6653&#44;6655&#44;6657&#44;6658&#44;6659&#44;6660&#44;6661&#44;6662&#44;6663&#44;6664&#44;6666&#44;6667&#44;6670&#44;6671&#44;6672&#44;6673&#44;6674&#44;6675&#44;6676&#44;6677&#44;6678&#44;6679&#44;6680&#44;6682&#44;""",9/5/22,8/26/22,N
layouts,Bakery Bread Pods,"""37-5&#44;77-5""",,2022,8/26/22,1-NewFolderStructure/C037_C077_Bakery_Bread_Pods/C37_77_Bread_POD_Effective_08262022_Updated_08262022/,_C37_77_Bread_POD_Effective_08262022_Updated_08262022.pdf,"""6421&#44;6422&#44;6423&#44;6425&#44;6427&#44;6428&#44;6429&#44;6430&#44;6431&#44;6432&#44;6433&#44;6434&#44;6435&#44;6436&#44;6437&#44;6439&#44;6440&#44;6441&#44;6443&#44;6444&#44;6445&#44;6448&#44;6449&#44;6450&#44;6452&#44;6453&#44;6454&#44;6455&#44;6456&#44;6457&#44;6458&#44;6460&#44;6462&#44;6463&#44;6464&#44;6471&#44;6474&#44;6479&#44;6482&#44;6485&#44;6487&#44;6489&#44;6501&#44;6502&#44;6503&#44;6505&#44;6506&#44;6507&#44;6509&#44;6510&#44;6512&#44;6514&#44;6517&#44;6518&#44;6520&#44;6521&#44;6524&#44;6527&#44;6528&#44;6535&#44;6536&#44;6539&#44;6540&#44;6543&#44;6547&#44;6549&#44;6562&#44;6565&#44;6568&#44;6569&#44;6570&#44;6571&#44;6572&#44;6573&#44;6575&#44;6581&#44;6582&#44;6604&#44;6605&#44;6606&#44;6608&#44;6609&#44;6610&#44;6612&#44;6613&#44;6614&#44;6615&#44;6616&#44;6617&#44;6619&#44;6620&#44;6621&#44;6622&#44;6624&#44;6626&#44;6628&#44;6630&#44;6631&#44;6633&#44;6634&#44;6635&#44;6636&#44;6637&#44;6643&#44;6644&#44;6646&#44;6650&#44;6651&#44;6652&#44;6653&#44;6655&#44;6657&#44;6658&#44;6659&#44;6660&#44;6661&#44;6662&#44;6663&#44;6664&#44;6666&#44;6667&#44;6670&#44;6671&#44;6672&#44;6673&#44;6674&#44;6675&#44;6676&#44;6677&#44;6678&#44;6679&#44;6680&#44;6682&#44;""",9/5/22,8/26/22,N
layouts,Frozen Seafood,39,,2022,8/29/22,https://sams-csp.cld.samsclub.com/clubs/,/planograms/39,"""4109&#44;4702&#44;4703&#44;4704&#44;4707&#44;4709&#44;4710&#44;4711&#44;4712&#44;4713&#44;4718&#44;4720&#44;4721&#44;4722&#44;4724&#44;4728&#44;4729&#44;4730&#44;4731&#44;4732&#44;4735&#44;4736&#44;4738&#44;4739&#44;4740&#44;4741&#44;4742&#44;4743&#44;4745&#44;4749&#44;4750&#44;4755&#44;4761&#44;4763&#44;4764&#44;4767&#44;4768&#44;4769&#44;4770&#44;4771&#44;4772&#44;4774&#44;4775&#44;4776&#44;4777&#44;4778&#44;4780&#44;4781&#44;4782&#44;4783&#44;4784&#44;4785&#44;4786&#44;4787&#44;4789&#44;4790&#44;4791&#44;4794&#44;4795&#44;4797&#44;4798&#44;4799&#44;4801&#44;4802&#44;4804&#44;4805&#44;4808&#44;4815&#44;4816&#44;4817&#44;4818&#44;4819&#44;4820&#44;4822&#44;4824&#44;4825&#44;4828&#44;4829&#44;4830&#44;4831&#44;4836&#44;4837&#44;4839&#44;4840&#44;4843&#44;4846&#44;4847&#44;4850&#44;4851&#44;4852&#44;4853&#44;4855&#44;4857&#44;4859&#44;4860&#44;4861&#44;4866&#44;4870&#44;4871&#44;4872&#44;4873&#44;4874&#44;4875&#44;4876&#44;4878&#44;4879&#44;4901&#44;4905&#44;4906&#44;4908&#44;4911&#44;4914&#44;4915&#44;4917&#44;4920&#44;4925&#44;4926&#44;4930&#44;4933&#44;4936&#44;4938&#44;4939&#44;4942&#44;4944&#44;4946&#44;4947&#44;4948&#44;4950&#44;4952&#44;4955&#44;4958&#44;4961&#44;4962&#44;4963&#44;4969&#44;4972&#44;4973&#44;4974&#44;4982&#44;4983&#44;4985&#44;4987&#44;4989&#44;4990&#44;4991&#44;4992&#44;4994&#44;4996&#44;4998&#44;4999&#44;6181&#44;6188&#44;6189&#44;6201&#44;6202&#44;6203&#44;6204&#44;6205&#44;6212&#44;6213&#44;6216&#44;6217&#44;6218&#44;6219&#44;6220&#44;6225&#44;6228&#44;6235&#44;6236&#44;6238&#44;6239&#44;6240&#44;6242&#44;6244&#44;6245&#44;6246&#44;6247&#44;6249&#44;6251&#44;6252&#44;6254&#44;6255&#44;6256&#44;6257&#44;6259&#44;6260&#44;6261&#44;6262&#44;6265&#44;6267&#44;6269&#44;6270&#44;6275&#44;6302&#44;6304&#44;6305&#44;6307&#44;6308&#44;6309&#44;6310&#44;6311&#44;6312&#44;6313&#44;6314&#44;6315&#44;6317&#44;6319&#44;6320&#44;6321&#44;6322&#44;6324&#44;6325&#44;6326&#44;6327&#44;6328&#44;6329&#44;6330&#44;6331&#44;6332&#44;6333&#44;6334&#44;6335&#44;6336&#44;6338&#44;6339&#44;6341&#44;6342&#44;6343&#44;6344&#44;6345&#44;6347&#44;6348&#44;6349&#44;6350&#44;6351&#44;6352&#44;6353&#44;6354&#44;6355&#44;6356&#44;6357&#44;6358&#44;6359&#44;6360&#44;6361&#44;6363&#44;6364&#44;6365&#44;6366&#44;6367&#44;6368&#44;6369&#44;6371&#44;6372&#44;6373&#44;6375&#44;6376&#44;6377&#44;6378&#44;6379&#44;6380&#44;6381&#44;6382&#44;6383&#44;6384&#44;6385&#44;6386&#44;6387&#44;6388&#44;6401&#44;6402&#44;6403&#44;6404&#44;6405&#44;6406&#44;6407&#44;6408&#44;6409&#44;6410&#44;6412&#44;6413&#44;6414&#44;6415&#44;6417&#44;6418&#44;6419&#44;6420&#44;6421&#44;6422&#44;6423&#44;6424&#44;6425&#44;6426&#44;6427&#44;6428&#44;6429&#44;6430&#44;6431&#44;6432&#44;6433&#44;6434&#44;6435&#44;6436&#44;6437&#44;6439&#44;6440&#44;6441&#44;6443&#44;6444&#44;6445&#44;6448&#44;6449&#44;6450&#44;6452&#44;6453&#44;6454&#44;6455&#44;6456&#44;6457&#44;6458&#44;6460&#44;6461&#44;6462&#44;6463&#44;6464&#44;6471&#44;6472&#44;6474&#44;6479&#44;6482&#44;6485&#44;6487&#44;6489&#44;6501&#44;6502&#44;6503&#44;6505&#44;6506&#44;6507&#44;6509&#44;6510&#44;6512&#44;6514&#44;6517&#44;6518&#44;6520&#44;6521&#44;6524&#44;6527&#44;6528&#44;6533&#44;6535&#44;6536&#44;6539&#44;6540&#44;6543&#44;6547&#44;6549&#44;6556&#44;6562&#44;6565&#44;6567&#44;6568&#44;6569&#44;6570&#44;6571&#44;6572&#44;6573&#44;6575&#44;6581&#44;6582&#44;6604&#44;6605&#44;6606&#44;6608&#44;6609&#44;6610&#44;6612&#44;6613&#44;6614&#44;6615&#44;6616&#44;6617&#44;6619&#44;6620&#44;6621&#44;6622&#44;6624&#44;6626&#44;6628&#44;6630&#44;6631&#44;6632&#44;6633&#44;6634&#44;6635&#44;6636&#44;6637&#44;6643&#44;6644&#44;6646&#44;6650&#44;6651&#44;6652&#44;6653&#44;6655&#44;6657&#44;6658&#44;6659&#44;6660&#44;6661&#44;6662&#44;6663&#44;6664&#44;6666&#44;6667&#44;6670&#44;6671&#44;6672&#44;6673&#44;6674&#44;6675&#44;6676&#44;6677&#44;6678&#44;6679&#44;6680&#44;6682&#44;6683&#44;6684&#44;6685&#44;6686&#44;6689&#44;6690&#44;6692&#44;6693&#44;6779&#44;6781&#44;6867&#44;6976&#44;6979&#44;7189&#44;7658&#44;7676&#44;8102&#44;8104&#44;8106&#44;8107&#44;8111&#44;8112&#44;8114&#44;8115&#44;8116&#44;8117&#44;8119&#44;8120&#44;8123&#44;8125&#44;8126&#44;8128&#44;8129&#44;8130&#44;8132&#44;8133&#44;8134&#44;8135&#44;8136&#44;8138&#44;8139&#44;8141&#44;8142&#44;8144&#44;8145&#44;8146&#44;8147&#44;8149&#44;8150&#44;8151&#44;8152&#44;8153&#44;8155&#44;8156&#44;8157&#44;8158&#44;8160&#44;8161&#44;8162&#44;8163&#44;8164&#44;8165&#44;8166&#44;8167&#44;8168&#44;8169&#44;8172&#44;8173&#44;8174&#44;8175&#44;8176&#44;8177&#44;8180&#44;8181&#44;8182&#44;8183&#44;8184&#44;8185&#44;8186&#44;8188&#44;8189&#44;8190&#44;8191&#44;8192&#44;8193&#44;8194&#44;8196&#44;8197&#44;8201&#44;8202&#44;8203&#44;8205&#44;8207&#44;8208&#44;8209&#44;8210&#44;8211&#44;8213&#44;8215&#44;8218&#44;8219&#44;8220&#44;8221&#44;8222&#44;8223&#44;8224&#44;8225&#44;8226&#44;8227&#44;8228&#44;8236&#44;8237&#44;8238&#44;8239&#44;8241&#44;8242&#44;8243&#44;8244&#44;8245&#44;8246&#44;8247&#44;8248&#44;8250&#44;8251&#44;8252&#44;8253&#44;8254&#44;8256&#44;8257&#44;8259&#44;8261&#44;8262&#44;8263&#44;8264&#44;8265&#44;8266&#44;8267&#44;8268&#44;8269&#44;8270&#44;8271&#44;8272&#44;8273&#44;8274&#44;8275&#44;8276&#44;8277&#44;8278&#44;8279&#44;8280&#44;8281&#44;8282&#44;8283&#44;8284&#44;8285&#44;8286&#44;8287&#44;8288&#44;8289&#44;8290&#44;8291&#44;8292&#44;8293&#44;8294&#44;8295&#44;8296&#44;8297&#44;8298&#44;8299&#44;""",8/26/22,8/26/22,N
layouts,Frozen Meat,96,,2022,8/29/22,https://sams-csp.cld.samsclub.com/clubs/,/planograms/96,"""4109&#44;4702&#44;4703&#44;4704&#44;4707&#44;4709&#44;4710&#44;4711&#44;4712&#44;4713&#44;4718&#44;4720&#44;4721&#44;4722&#44;4724&#44;4728&#44;4729&#44;4730&#44;4731&#44;4732&#44;4735&#44;4736&#44;4738&#44;4739&#44;4740&#44;4741&#44;4742&#44;4743&#44;4745&#44;4749&#44;4750&#44;4755&#44;4761&#44;4763&#44;4764&#44;4767&#44;4768&#44;4769&#44;4770&#44;4771&#44;4772&#44;4774&#44;4775&#44;4776&#44;4777&#44;4778&#44;4780&#44;4781&#44;4782&#44;4783&#44;4784&#44;4785&#44;4786&#44;4787&#44;4789&#44;4790&#44;4791&#44;4794&#44;4795&#44;4797&#44;4798&#44;4799&#44;4801&#44;4802&#44;4804&#44;4805&#44;4808&#44;4815&#44;4816&#44;4817&#44;4818&#44;4819&#44;4820&#44;4822&#44;4824&#44;4825&#44;4828&#44;4829&#44;4830&#44;4831&#44;4836&#44;4837&#44;4839&#44;4840&#44;4843&#44;4846&#44;4847&#44;4850&#44;4851&#44;4852&#44;4853&#44;4855&#44;4857&#44;4859&#44;4860&#44;4861&#44;4866&#44;4870&#44;4871&#44;4872&#44;4873&#44;4874&#44;4875&#44;4876&#44;4878&#44;4879&#44;4901&#44;4905&#44;4906&#44;4908&#44;4911&#44;4914&#44;4915&#44;4917&#44;4920&#44;4925&#44;4926&#44;4930&#44;4933&#44;4936&#44;4938&#44;4939&#44;4942&#44;4944&#44;4946&#44;4947&#44;4948&#44;4950&#44;4952&#44;4955&#44;4958&#44;4961&#44;4962&#44;4963&#44;4969&#44;4972&#44;4973&#44;4974&#44;4982&#44;4983&#44;4985&#44;4987&#44;4989&#44;4990&#44;4991&#44;4992&#44;4994&#44;4996&#44;4998&#44;4999&#44;6181&#44;6188&#44;6189&#44;6201&#44;6202&#44;6203&#44;6204&#44;6205&#44;6212&#44;6213&#44;6216&#44;6217&#44;6218&#44;6219&#44;6220&#44;6225&#44;6228&#44;6235&#44;6236&#44;6238&#44;6239&#44;6240&#44;6242&#44;6244&#44;6245&#44;6246&#44;6247&#44;6249&#44;6251&#44;6252&#44;6254&#44;6255&#44;6256&#44;6257&#44;6259&#44;6260&#44;6261&#44;6262&#44;6265&#44;6267&#44;6269&#44;6270&#44;6275&#44;6302&#44;6304&#44;6305&#44;6307&#44;6308&#44;6309&#44;6310&#44;6311&#44;6312&#44;6313&#44;6314&#44;6315&#44;6317&#44;6319&#44;6320&#44;6321&#44;6322&#44;6324&#44;6325&#44;6326&#44;6327&#44;6328&#44;6329&#44;6330&#44;6331&#44;6332&#44;6333&#44;6334&#44;6335&#44;6336&#44;6338&#44;6339&#44;6341&#44;6342&#44;6343&#44;6344&#44;6345&#44;6347&#44;6348&#44;6349&#44;6350&#44;6351&#44;6352&#44;6353&#44;6354&#44;6355&#44;6356&#44;6357&#44;6358&#44;6359&#44;6360&#44;6361&#44;6363&#44;6364&#44;6365&#44;6366&#44;6367&#44;6368&#44;6369&#44;6371&#44;6372&#44;6373&#44;6375&#44;6376&#44;6377&#44;6378&#44;6379&#44;6380&#44;6381&#44;6382&#44;6383&#44;6384&#44;6385&#44;6386&#44;6387&#44;6388&#44;6401&#44;6402&#44;6403&#44;6404&#44;6405&#44;6406&#44;6407&#44;6408&#44;6409&#44;6410&#44;6412&#44;6413&#44;6414&#44;6415&#44;6417&#44;6418&#44;6419&#44;6420&#44;6421&#44;6422&#44;6423&#44;6424&#44;6425&#44;6426&#44;6427&#44;6428&#44;6429&#44;6430&#44;6431&#44;6432&#44;6433&#44;6434&#44;6435&#44;6436&#44;6437&#44;6439&#44;6440&#44;6441&#44;6443&#44;6444&#44;6445&#44;6448&#44;6449&#44;6450&#44;6452&#44;6453&#44;6454&#44;6455&#44;6456&#44;6457&#44;6458&#44;6460&#44;6461&#44;6462&#44;6463&#44;6464&#44;6471&#44;6472&#44;6474&#44;6479&#44;6482&#44;6485&#44;6487&#44;6489&#44;6501&#44;6502&#44;6503&#44;6505&#44;6506&#44;6507&#44;6509&#44;6510&#44;6512&#44;6514&#44;6517&#44;6518&#44;6520&#44;6521&#44;6524&#44;6527&#44;6528&#44;6533&#44;6535&#44;6536&#44;6539&#44;6540&#44;6543&#44;6547&#44;6549&#44;6556&#44;6562&#44;6565&#44;6567&#44;6568&#44;6569&#44;6570&#44;6571&#44;6572&#44;6573&#44;6575&#44;6581&#44;6582&#44;6604&#44;6605&#44;6606&#44;6608&#44;6609&#44;6610&#44;6612&#44;6613&#44;6614&#44;6615&#44;6616&#44;6617&#44;6619&#44;6620&#44;6621&#44;6622&#44;6624&#44;6626&#44;6628&#44;6630&#44;6631&#44;6632&#44;6633&#44;6634&#44;6635&#44;6636&#44;6637&#44;6643&#44;6644&#44;6646&#44;6650&#44;6651&#44;6652&#44;6653&#44;6655&#44;6657&#44;6658&#44;6659&#44;6660&#44;6661&#44;6662&#44;6663&#44;6664&#44;6666&#44;6667&#44;6670&#44;6671&#44;6672&#44;6673&#44;6674&#44;6675&#44;6676&#44;6677&#44;6678&#44;6679&#44;6680&#44;6682&#44;6683&#44;6684&#44;6685&#44;6686&#44;6689&#44;6690&#44;6692&#44;6693&#44;6779&#44;6781&#44;6867&#44;6976&#44;6979&#44;7189&#44;7658&#44;7676&#44;8102&#44;8104&#44;8106&#44;8107&#44;8111&#44;8112&#44;8114&#44;8115&#44;8116&#44;8117&#44;8119&#44;8120&#44;8123&#44;8125&#44;8126&#44;8128&#44;8129&#44;8130&#44;8132&#44;8133&#44;8134&#44;8135&#44;8136&#44;8138&#44;8139&#44;8141&#44;8142&#44;8144&#44;8145&#44;8146&#44;8147&#44;8149&#44;8150&#44;8151&#44;8152&#44;8153&#44;8155&#44;8156&#44;8157&#44;8158&#44;8160&#44;8161&#44;8162&#44;8163&#44;8164&#44;8165&#44;8166&#44;8167&#44;8168&#44;8169&#44;8172&#44;8173&#44;8174&#44;8175&#44;8176&#44;8177&#44;8180&#44;8181&#44;8182&#44;8183&#44;8184&#44;8185&#44;8186&#44;8188&#44;8189&#44;8190&#44;8191&#44;8192&#44;8193&#44;8194&#44;8196&#44;8197&#44;8201&#44;8202&#44;8203&#44;8205&#44;8207&#44;8208&#44;8209&#44;8210&#44;8211&#44;8213&#44;8215&#44;8218&#44;8219&#44;8220&#44;8221&#44;8222&#44;8223&#44;8224&#44;8225&#44;8226&#44;8227&#44;8228&#44;8236&#44;8237&#44;8238&#44;8239&#44;8241&#44;8242&#44;8243&#44;8244&#44;8245&#44;8246&#44;8247&#44;8248&#44;8250&#44;8251&#44;8252&#44;8253&#44;8254&#44;8256&#44;8257&#44;8259&#44;8261&#44;8262&#44;8263&#44;8264&#44;8265&#44;8266&#44;8267&#44;8268&#44;8269&#44;8270&#44;8271&#44;8272&#44;8273&#44;8274&#44;8275&#44;8276&#44;8277&#44;8278&#44;8279&#44;8280&#44;8281&#44;8282&#44;8283&#44;8284&#44;8285&#44;8286&#44;8287&#44;8288&#44;8289&#44;8290&#44;8291&#44;8292&#44;8293&#44;8294&#44;8295&#44;8296&#44;8297&#44;8298&#44;8299&#44;""",8/26/22,8/26/22,N
layouts,Freezer,44-1,,2022,8/29/22,https://sams-csp.cld.samsclub.com/clubs/,/planograms/44,"""4109&#44;4702&#44;4703&#44;4704&#44;4707&#44;4709&#44;4710&#44;4711&#44;4712&#44;4713&#44;4718&#44;4720&#44;4721&#44;4722&#44;4724&#44;4728&#44;4729&#44;4730&#44;4731&#44;4732&#44;4735&#44;4736&#44;4738&#44;4739&#44;4740&#44;4741&#44;4742&#44;4743&#44;4745&#44;4749&#44;4750&#44;4755&#44;4761&#44;4763&#44;4764&#44;4767&#44;4768&#44;4769&#44;4770&#44;4771&#44;4772&#44;4774&#44;4775&#44;4776&#44;4777&#44;4778&#44;4780&#44;4781&#44;4782&#44;4783&#44;4784&#44;4785&#44;4786&#44;4787&#44;4789&#44;4790&#44;4791&#44;4794&#44;4795&#44;4797&#44;4798&#44;4799&#44;4801&#44;4802&#44;4804&#44;4805&#44;4808&#44;4815&#44;4816&#44;4817&#44;4818&#44;4819&#44;4820&#44;4822&#44;4824&#44;4825&#44;4828&#44;4829&#44;4830&#44;4831&#44;4836&#44;4837&#44;4839&#44;4840&#44;4843&#44;4846&#44;4847&#44;4850&#44;4851&#44;4852&#44;4853&#44;4855&#44;4857&#44;4859&#44;4860&#44;4861&#44;4866&#44;4870&#44;4871&#44;4872&#44;4873&#44;4874&#44;4875&#44;4876&#44;4878&#44;4879&#44;4901&#44;4905&#44;4906&#44;4908&#44;4911&#44;4914&#44;4915&#44;4917&#44;4920&#44;4925&#44;4926&#44;4930&#44;4933&#44;4936&#44;4938&#44;4939&#44;4942&#44;4944&#44;4946&#44;4947&#44;4948&#44;4950&#44;4952&#44;4955&#44;4958&#44;4961&#44;4962&#44;4963&#44;4969&#44;4972&#44;4973&#44;4974&#44;4982&#44;4983&#44;4985&#44;4987&#44;4989&#44;4990&#44;4991&#44;4992&#44;4994&#44;4996&#44;4998&#44;4999&#44;6181&#44;6188&#44;6189&#44;6201&#44;6202&#44;6203&#44;6204&#44;6205&#44;6212&#44;6213&#44;6216&#44;6217&#44;6218&#44;6219&#44;6220&#44;6225&#44;6228&#44;6235&#44;6236&#44;6238&#44;6239&#44;6240&#44;6242&#44;6244&#44;6245&#44;6246&#44;6247&#44;6249&#44;6251&#44;6252&#44;6254&#44;6255&#44;6256&#44;6257&#44;6259&#44;6260&#44;6261&#44;6262&#44;6265&#44;6267&#44;6269&#44;6270&#44;6275&#44;6302&#44;6304&#44;6305&#44;6307&#44;6308&#44;6309&#44;6310&#44;6311&#44;6312&#44;6313&#44;6314&#44;6315&#44;6317&#44;6319&#44;6320&#44;6321&#44;6322&#44;6324&#44;6325&#44;6326&#44;6327&#44;6328&#44;6329&#44;6330&#44;6331&#44;6332&#44;6333&#44;6334&#44;6335&#44;6336&#44;6338&#44;6339&#44;6341&#44;6342&#44;6343&#44;6344&#44;6345&#44;6347&#44;6348&#44;6349&#44;6350&#44;6351&#44;6352&#44;6353&#44;6354&#44;6355&#44;6356&#44;6357&#44;6358&#44;6359&#44;6360&#44;6361&#44;6363&#44;6364&#44;6365&#44;6366&#44;6367&#44;6368&#44;6369&#44;6371&#44;6372&#44;6373&#44;6375&#44;6376&#44;6377&#44;6378&#44;6379&#44;6380&#44;6381&#44;6382&#44;6383&#44;6384&#44;6385&#44;6386&#44;6387&#44;6388&#44;6401&#44;6402&#44;6403&#44;6404&#44;6405&#44;6406&#44;6407&#44;6408&#44;6409&#44;6410&#44;6412&#44;6413&#44;6414&#44;6415&#44;6417&#44;6418&#44;6419&#44;6420&#44;6421&#44;6422&#44;6423&#44;6424&#44;6425&#44;6426&#44;6427&#44;6428&#44;6429&#44;6430&#44;6431&#44;6432&#44;6433&#44;6434&#44;6435&#44;6436&#44;6437&#44;6439&#44;6440&#44;6441&#44;6443&#44;6444&#44;6445&#44;6448&#44;6449&#44;6450&#44;6452&#44;6453&#44;6454&#44;6455&#44;6456&#44;6457&#44;6458&#44;6460&#44;6461&#44;6462&#44;6463&#44;6464&#44;6471&#44;6472&#44;6474&#44;6479&#44;6482&#44;6485&#44;6487&#44;6489&#44;6501&#44;6502&#44;6503&#44;6505&#44;6506&#44;6507&#44;6509&#44;6510&#44;6512&#44;6514&#44;6517&#44;6518&#44;6520&#44;6521&#44;6524&#44;6527&#44;6528&#44;6533&#44;6535&#44;6536&#44;6539&#44;6540&#44;6543&#44;6547&#44;6549&#44;6556&#44;6562&#44;6565&#44;6567&#44;6568&#44;6569&#44;6570&#44;6571&#44;6572&#44;6573&#44;6575&#44;6581&#44;6582&#44;6604&#44;6605&#44;6606&#44;6608&#44;6609&#44;6610&#44;6612&#44;6613&#44;6614&#44;6615&#44;6616&#44;6617&#44;6619&#44;6620&#44;6621&#44;6622&#44;6624&#44;6626&#44;6628&#44;6630&#44;6631&#44;6632&#44;6633&#44;6634&#44;6635&#44;6636&#44;6637&#44;6643&#44;6644&#44;6646&#44;6650&#44;6651&#44;6652&#44;6653&#44;6655&#44;6657&#44;6658&#44;6659&#44;6660&#44;6661&#44;6662&#44;6663&#44;6664&#44;6666&#44;6667&#44;6670&#44;6671&#44;6672&#44;6673&#44;6674&#44;6675&#44;6676&#44;6677&#44;6678&#44;6679&#44;6680&#44;6682&#44;6683&#44;6684&#44;6685&#44;6686&#44;6689&#44;6690&#44;6692&#44;6693&#44;6779&#44;6781&#44;6867&#44;6976&#44;6979&#44;7189&#44;7658&#44;7676&#44;8102&#44;8104&#44;8106&#44;8107&#44;8111&#44;8112&#44;8114&#44;8115&#44;8116&#44;8117&#44;8119&#44;8120&#44;8123&#44;8125&#44;8126&#44;8128&#44;8129&#44;8130&#44;8132&#44;8133&#44;8134&#44;8135&#44;8136&#44;8138&#44;8139&#44;8141&#44;8142&#44;8144&#44;8145&#44;8146&#44;8147&#44;8149&#44;8150&#44;8151&#44;8152&#44;8153&#44;8155&#44;8156&#44;8157&#44;8158&#44;8160&#44;8161&#44;8162&#44;8163&#44;8164&#44;8165&#44;8166&#44;8167&#44;8168&#44;8169&#44;8172&#44;8173&#44;8174&#44;8175&#44;8176&#44;8177&#44;8180&#44;8181&#44;8182&#44;8183&#44;8184&#44;8185&#44;8186&#44;8188&#44;8189&#44;8190&#44;8191&#44;8192&#44;8193&#44;8194&#44;8196&#44;8197&#44;8201&#44;8202&#44;8203&#44;8205&#44;8207&#44;8208&#44;8209&#44;8210&#44;8211&#44;8213&#44;8215&#44;8218&#44;8219&#44;8220&#44;8221&#44;8222&#44;8223&#44;8224&#44;8225&#44;8226&#44;8227&#44;8228&#44;8236&#44;8237&#44;8238&#44;8239&#44;8241&#44;8242&#44;8243&#44;8244&#44;8245&#44;8246&#44;8247&#44;8248&#44;8250&#44;8251&#44;8252&#44;8253&#44;8254&#44;8256&#44;8257&#44;8259&#44;8261&#44;8262&#44;8263&#44;8264&#44;8265&#44;8266&#44;8267&#44;8268&#44;8269&#44;8270&#44;8271&#44;8272&#44;8273&#44;8274&#44;8275&#44;8276&#44;8277&#44;8278&#44;8279&#44;8280&#44;8281&#44;8282&#44;8283&#44;8284&#44;8285&#44;8286&#44;8287&#44;8288&#44;8289&#44;8290&#44;8291&#44;8292&#44;8293&#44;8294&#44;8295&#44;8296&#44;8297&#44;8298&#44;8299&#44;""",8/26/22,8/26/22,N
layouts,Bakery Tables,"""37&#44;77""",,2022,8/29/22,1-NewFolderStructure/C037_C077_Bakery_Tables/C37_77_Bakery_Tables_Effective_08292022_Updated_08292022/,_C37_77_Bakery_Tables_Effective_08292022_Updated_08292022.pdf,"""4798&#44;""",9/13/22,8/29/22,N
layouts,Bakery Pallets,"""37-4&#44;77-4""",,2022,8/29/22,1-NewFolderStructure/C037_C077_Bakery_Pallets/C37_77_Bakery_Pallets_Effective_08292022_Updated_08292022/,_C37_77_Bakery_Pallets_Effective_08292022_Updated_08292022.pdf,"""4798&#44;""",9/13/22,8/29/22,N
layouts,Bakery Tables,"""37&#44;77""",,2022,9/2/22,1-NewFolderStructure/C037_C077_Bakery_Tables/C37_77_Bakery_Tables_Effective_09022022_Updated_09022022/,_C37_77_Bakery_Tables_Effective_09022022_Updated_09022022.pdf,"""4774&#44;4996&#44;6201&#44;6366&#44;6386&#44;6406&#44;6683&#44;6684&#44;6685&#44;6686&#44;6689&#44;6690&#44;6693&#44;6779&#44;6781&#44;6867&#44;6976&#44;6979&#44;7189&#44;7658&#44;7676&#44;8102&#44;8104&#44;8106&#44;8107&#44;8111&#44;8112&#44;8114&#44;8115&#44;8116&#44;8117&#44;8119&#44;8120&#44;8123&#44;8125&#44;8126&#44;8128&#44;8129&#44;8130&#44;8133&#44;8134&#44;8135&#44;8136&#44;8138&#44;8139&#44;8141&#44;8142&#44;8144&#44;8145&#44;8146&#44;8147&#44;8149&#44;8151&#44;8152&#44;8153&#44;8155&#44;8156&#44;8157&#44;8158&#44;8160&#44;8161&#44;8162&#44;8163&#44;8164&#44;8165&#44;8166&#44;8167&#44;8168&#44;8172&#44;8173&#44;8174&#44;8175&#44;8176&#44;8177&#44;8181&#44;8182&#44;8183&#44;8184&#44;8185&#44;&#44;&#44;&#44;&#44;&#44;&#44;&#44;&#44;&#44;&#44;&#44;&#44;&#44;&#44;&#44;&#44;&#44;&#44;&#44;&#44;&#44;&#44;&#44;&#44;&#44;&#44;&#44;&#44;&#44;&#44;&#44;&#44;&#44;&#44;&#44;&#44;&#44;&#44;&#44;&#44;&#44;&#44;&#44;&#44;&#44;&#44;&#44;&#44;&#44;&#44;&#44;&#44;&#44;&#44;&#44;&#44;&#44;&#44;&#44;&#44;&#44;&#44;&#44;&#44;&#44;&#44;&#44;&#44;&#44;&#44;&#44;&#44;&#44;&#44;&#44;&#44;&#44;&#44;&#44;&#44;&#44;&#44;&#44;&#44;&#44;&#44;&#44;&#44;&#44;&#44;&#44;&#44;&#44;&#44;&#44;&#44;&#44;&#44;&#44;&#44;&#44;&#44;&#44;&#44;&#44;&#44;&#44;&#44;&#44;&#44;&#44;&#44;&#44;&#44;&#44;&#44;&#44;&#44;&#44;&#44;&#44;&#44;&#44;&#44;&#44;&#44;&#44;&#44;&#44;&#44;&#44;&#44;&#44;&#44;&#44;&#44;&#44;&#44;&#44;&#44;&#44;&#44;&#44;&#44;&#44;&#44;&#44;&#44;&#44;&#44;&#44;&#44;&#44;&#44;&#44;&#44;&#44;&#44;&#44;&#44;&#44;&#44;&#44;&#44;&#44;&#44;&#44;&#44;&#44;&#44;&#44;&#44;&#44;&#44;&#44;&#44;&#44;&#44;&#44;&#44;&#44;&#44;&#44;&#44;&#44;&#44;&#44;&#44;&#44;&#44;&#44;&#44;&#44;&#44;&#44;&#44;&#44;&#44;&#44;&#44;&#44;&#44;&#44;&#44;&#44;&#44;&#44;&#44;&#44;&#44;&#44;&#44;&#44;&#44;&#44;&#44;&#44;&#44;&#44;&#44;&#44;&#44;&#44;&#44;&#44;&#44;&#44;&#44;&#44;&#44;&#44;&#44;&#44;&#44;&#44;&#44;&#44;&#44;&#44;&#44;&#44;&#44;&#44;&#44;&#44;&#44;&#44;&#44;&#44;&#44;&#44;&#44;&#44;&#44;&#44;&#44;&#44;&#44;&#44;&#44;&#44;&#44;&#44;&#44;&#44;&#44;&#44;&#44;&#44;&#44;&#44;&#44;&#44;&#44;&#44;&#44;&#44;&#44;&#44;&#44;&#44;&#44;&#44;&#44;&#44;&#44;&#44;&#44;&#44;&#44;&#44;&#44;&#44;&#44;&#44;&#44;&#44;&#44;&#44;&#44;&#44;&#44;&#44;&#44;&#44;&#44;&#44;&#44;&#44;&#44;&#44;&#44;&#44;&#44;&#44;&#44;&#44;&#44;&#44;&#44;&#44;&#44;&#44;&#44;&#44;&#44;&#44;&#44;&#44;&#44;&#44;&#44;&#44;&#44;&#44;&#44;&#44;&#44;&#44;&#44;&#44;&#44;&#44;&#44;&#44;&#44;&#44;&#44;&#44;&#44;&#44;&#44;&#44;&#44;&#44;&#44;&#44;&#44;&#44;&#44;&#44;&#44;&#44;&#44;&#44;&#44;&#44;&#44;&#44;&#44;&#44;&#44;&#44;&#44;&#44;&#44;&#44;&#44;&#44;&#44;&#44;&#44;&#44;&#44;&#44;&#44;&#44;&#44;&#44;&#44;&#44;&#44;&#44;&#44;&#44;&#44;&#44;&#44;&#44;&#44;&#44;&#44;&#44;&#44;&#44;&#44;&#44;&#44;&#44;&#44;&#44;&#44;&#44;&#44;&#44;&#44;&#44;&#44;&#44;&#44;&#44;&#44;&#44;&#44;&#44;&#44;&#44;&#44;&#44;&#44;&#44;&#44;&#44;&#44;&#44;&#44;&#44;&#44;&#44;&#44;&#44;&#44;&#44;&#44;&#44;&#44;&#44;&#44;&#44;&#44;&#44;&#44;&#44;&#44;&#44;&#44;&#44;&#44;&#44;&#44;&#44;&#44;&#44;&#44;&#44;&#44;&#44;&#44;&#44;&#44;&#44;&#44;&#44;&#44;&#44;&#44;&#44;&#44;&#44;&#44;&#44;&#44;&#44;&#44;&#44;&#44;&#44;&#44;&#44;&#44;&#44;&#44;&#44;&#44;&#44;&#44;&#44;&#44;&#44;&#44;&#44;&#44;&#44;&#44;&#44;&#44;&#44;&#44;&#44;&#44;""",9/13/22,9/2/22,N
layouts,Bakery Pallets,"""37-4&#44;77-4""",,2022,9/2/22,1-NewFolderStructure/C037_C077_Bakery_Pallets/C37_77_Bakery_Pallets_Effective_09022022_Updated_09022022/,_C37_77_Bakery_Pallets_Effective_09022022_Updated_09022022.pdf,"""4996&#44;6201&#44;6366&#44;6386&#44;6683&#44;6684&#44;6685&#44;6686&#44;6689&#44;6690&#44;6693&#44;6779&#44;6781&#44;6867&#44;6976&#44;6979&#44;7189&#44;7658&#44;7676&#44;8102&#44;8104&#44;8106&#44;8107&#44;8111&#44;8112&#44;8114&#44;8115&#44;8116&#44;8117&#44;8120&#44;8123&#44;8125&#44;8126&#44;8128&#44;8129&#44;8130&#44;8133&#44;8134&#44;8135&#44;8136&#44;8138&#44;8139&#44;8141&#44;8142&#44;8144&#44;8145&#44;8146&#44;8147&#44;8149&#44;8151&#44;8152&#44;8153&#44;8155&#44;8156&#44;8157&#44;8158&#44;8160&#44;8161&#44;8162&#44;8163&#44;8164&#44;8165&#44;8166&#44;8167&#44;8168&#44;8172&#44;8173&#44;8174&#44;8175&#44;8176&#44;8181&#44;8182&#44;8183&#44;8184&#44;&#44;&#44;&#44;&#44;&#44;&#44;&#44;&#44;&#44;&#44;&#44;&#44;&#44;&#44;&#44;&#44;&#44;&#44;&#44;&#44;&#44;&#44;&#44;&#44;&#44;&#44;&#44;&#44;&#44;&#44;&#44;&#44;&#44;&#44;&#44;&#44;&#44;&#44;&#44;&#44;&#44;&#44;&#44;&#44;&#44;&#44;&#44;&#44;&#44;&#44;&#44;&#44;&#44;&#44;&#44;&#44;&#44;&#44;&#44;&#44;&#44;&#44;&#44;&#44;&#44;&#44;&#44;&#44;&#44;&#44;&#44;&#44;&#44;&#44;&#44;&#44;&#44;&#44;&#44;&#44;&#44;&#44;&#44;&#44;&#44;&#44;&#44;&#44;&#44;&#44;&#44;&#44;&#44;&#44;&#44;&#44;&#44;&#44;&#44;&#44;&#44;&#44;&#44;&#44;&#44;&#44;&#44;&#44;&#44;&#44;&#44;&#44;&#44;&#44;&#44;&#44;&#44;&#44;&#44;&#44;&#44;&#44;&#44;&#44;&#44;&#44;&#44;&#44;&#44;&#44;&#44;&#44;&#44;&#44;&#44;&#44;&#44;&#44;&#44;&#44;&#44;&#44;&#44;&#44;&#44;&#44;&#44;&#44;&#44;&#44;&#44;&#44;&#44;&#44;&#44;&#44;&#44;&#44;&#44;&#44;&#44;&#44;&#44;&#44;&#44;&#44;&#44;&#44;&#44;&#44;&#44;&#44;&#44;&#44;&#44;&#44;&#44;&#44;&#44;&#44;&#44;&#44;&#44;&#44;&#44;&#44;&#44;&#44;&#44;&#44;&#44;&#44;&#44;&#44;&#44;&#44;&#44;&#44;&#44;&#44;&#44;&#44;&#44;&#44;&#44;&#44;&#44;&#44;&#44;&#44;&#44;&#44;&#44;&#44;&#44;&#44;&#44;&#44;&#44;&#44;&#44;&#44;&#44;&#44;&#44;&#44;&#44;&#44;&#44;&#44;&#44;&#44;&#44;&#44;&#44;&#44;&#44;&#44;&#44;&#44;&#44;&#44;&#44;&#44;&#44;&#44;&#44;&#44;&#44;&#44;&#44;&#44;&#44;&#44;&#44;&#44;&#44;&#44;&#44;&#44;&#44;&#44;&#44;&#44;&#44;&#44;&#44;&#44;&#44;&#44;&#44;&#44;&#44;&#44;&#44;&#44;&#44;&#44;&#44;&#44;&#44;&#44;&#44;&#44;&#44;&#44;&#44;&#44;&#44;&#44;&#44;&#44;&#44;&#44;&#44;&#44;&#44;&#44;&#44;&#44;&#44;&#44;&#44;&#44;&#44;&#44;&#44;&#44;&#44;&#44;&#44;&#44;&#44;&#44;&#44;&#44;&#44;&#44;&#44;&#44;&#44;&#44;&#44;&#44;&#44;&#44;&#44;&#44;&#44;&#44;&#44;&#44;&#44;&#44;&#44;&#44;&#44;&#44;&#44;&#44;&#44;&#44;&#44;&#44;&#44;&#44;&#44;&#44;&#44;&#44;&#44;&#44;&#44;&#44;&#44;&#44;&#44;&#44;&#44;&#44;&#44;&#44;&#44;&#44;&#44;&#44;&#44;&#44;&#44;&#44;&#44;&#44;&#44;&#44;&#44;&#44;&#44;&#44;&#44;&#44;&#44;&#44;&#44;&#44;&#44;&#44;&#44;&#44;&#44;&#44;&#44;&#44;&#44;&#44;&#44;&#44;&#44;&#44;&#44;&#44;&#44;&#44;&#44;&#44;&#44;&#44;&#44;&#44;&#44;&#44;&#44;&#44;&#44;&#44;&#44;&#44;&#44;&#44;&#44;&#44;&#44;&#44;&#44;&#44;&#44;&#44;&#44;&#44;&#44;&#44;&#44;&#44;&#44;&#44;&#44;&#44;&#44;&#44;&#44;&#44;&#44;&#44;&#44;&#44;&#44;&#44;&#44;&#44;&#44;&#44;&#44;&#44;&#44;&#44;&#44;&#44;&#44;&#44;&#44;&#44;&#44;&#44;&#44;&#44;&#44;&#44;&#44;&#44;&#44;&#44;&#44;&#44;&#44;&#44;&#44;&#44;&#44;&#44;&#44;&#44;&#44;&#44;&#44;&#44;&#44;&#44;&#44;&#44;&#44;&#44;&#44;&#44;&#44;&#44;&#44;&#44;&#44;&#44;&#44;&#44;&#44;&#44;&#44;&#44;&#44;&#44;&#44;&#44;&#44;&#44;&#44;&#44;&#44;&#44;""",9/13/22,9/2/22,N
layouts,Bakery Bread Pods,"""37-5&#44;77-5""",,2022,9/2/22,1-NewFolderStructure/C037_C077_Bakery_Bread_Pods/C37_77_Bread_POD_Effective_09022022_Updated_09022022/,_C37_77_Bread_POD_Effective_09022022_Updated_09022022.pdf,"""4996&#44;6201&#44;6366&#44;6386&#44;6406&#44;6683&#44;6684&#44;6685&#44;6686&#44;6689&#44;6690&#44;6693&#44;6779&#44;6781&#44;6867&#44;6976&#44;6979&#44;7189&#44;7658&#44;7676&#44;8102&#44;8104&#44;8106&#44;8107&#44;8111&#44;8112&#44;8114&#44;8115&#44;8116&#44;8117&#44;8119&#44;8120&#44;8123&#44;8125&#44;8126&#44;8128&#44;8129&#44;8130&#44;8133&#44;8134&#44;8135&#44;8136&#44;8138&#44;8139&#44;8141&#44;8142&#44;8144&#44;8145&#44;8146&#44;8147&#44;8149&#44;8151&#44;8152&#44;8153&#44;8155&#44;8156&#44;8157&#44;8158&#44;8160&#44;8161&#44;8162&#44;8163&#44;8164&#44;8165&#44;8166&#44;8167&#44;8168&#44;8172&#44;8173&#44;8174&#44;8175&#44;8176&#44;8177&#44;8181&#44;8182&#44;8183&#44;8184&#44;8185&#44;&#44;&#44;&#44;&#44;&#44;&#44;&#44;&#44;&#44;&#44;&#44;&#44;&#44;&#44;&#44;&#44;&#44;&#44;&#44;&#44;&#44;&#44;&#44;&#44;&#44;&#44;&#44;&#44;&#44;&#44;&#44;&#44;&#44;&#44;&#44;&#44;&#44;&#44;&#44;&#44;&#44;&#44;&#44;&#44;&#44;&#44;&#44;&#44;&#44;&#44;&#44;&#44;&#44;&#44;&#44;&#44;&#44;&#44;&#44;&#44;&#44;&#44;&#44;&#44;&#44;&#44;&#44;&#44;&#44;&#44;&#44;&#44;&#44;&#44;&#44;&#44;&#44;&#44;&#44;&#44;&#44;&#44;&#44;&#44;&#44;&#44;&#44;&#44;&#44;&#44;&#44;&#44;&#44;&#44;&#44;&#44;&#44;&#44;&#44;&#44;&#44;&#44;&#44;&#44;&#44;&#44;&#44;&#44;&#44;&#44;&#44;&#44;&#44;&#44;&#44;&#44;&#44;&#44;&#44;&#44;&#44;&#44;&#44;&#44;&#44;&#44;&#44;&#44;&#44;&#44;&#44;&#44;&#44;&#44;&#44;&#44;&#44;&#44;&#44;&#44;&#44;&#44;&#44;&#44;&#44;&#44;&#44;&#44;&#44;&#44;&#44;&#44;&#44;&#44;&#44;&#44;&#44;&#44;&#44;&#44;&#44;&#44;&#44;&#44;&#44;&#44;&#44;&#44;&#44;&#44;&#44;&#44;&#44;&#44;&#44;&#44;&#44;&#44;&#44;&#44;&#44;&#44;&#44;&#44;&#44;&#44;&#44;&#44;&#44;&#44;&#44;&#44;&#44;&#44;&#44;&#44;&#44;&#44;&#44;&#44;&#44;&#44;&#44;&#44;&#44;&#44;&#44;&#44;&#44;&#44;&#44;&#44;&#44;&#44;&#44;&#44;&#44;&#44;&#44;&#44;&#44;&#44;&#44;&#44;&#44;&#44;&#44;&#44;&#44;&#44;&#44;&#44;&#44;&#44;&#44;&#44;&#44;&#44;&#44;&#44;&#44;&#44;&#44;&#44;&#44;&#44;&#44;&#44;&#44;&#44;&#44;&#44;&#44;&#44;&#44;&#44;&#44;&#44;&#44;&#44;&#44;&#44;&#44;&#44;&#44;&#44;&#44;&#44;&#44;&#44;&#44;&#44;&#44;&#44;&#44;&#44;&#44;&#44;&#44;&#44;&#44;&#44;&#44;&#44;&#44;&#44;&#44;&#44;&#44;&#44;&#44;&#44;&#44;&#44;&#44;&#44;&#44;&#44;&#44;&#44;&#44;&#44;&#44;&#44;&#44;&#44;&#44;&#44;&#44;&#44;&#44;&#44;&#44;&#44;&#44;&#44;&#44;&#44;&#44;&#44;&#44;&#44;&#44;&#44;&#44;&#44;&#44;&#44;&#44;&#44;&#44;&#44;&#44;&#44;&#44;&#44;&#44;&#44;&#44;&#44;&#44;&#44;&#44;&#44;&#44;&#44;&#44;&#44;&#44;&#44;&#44;&#44;&#44;&#44;&#44;&#44;&#44;&#44;&#44;&#44;&#44;&#44;&#44;&#44;&#44;&#44;&#44;&#44;&#44;&#44;&#44;&#44;&#44;&#44;&#44;&#44;&#44;&#44;&#44;&#44;&#44;&#44;&#44;&#44;&#44;&#44;&#44;&#44;&#44;&#44;&#44;&#44;&#44;&#44;&#44;&#44;&#44;&#44;&#44;&#44;&#44;&#44;&#44;&#44;&#44;&#44;&#44;&#44;&#44;&#44;&#44;&#44;&#44;&#44;&#44;&#44;&#44;&#44;&#44;&#44;&#44;&#44;&#44;&#44;&#44;&#44;&#44;&#44;&#44;&#44;&#44;&#44;&#44;&#44;&#44;&#44;&#44;&#44;&#44;&#44;&#44;&#44;&#44;&#44;&#44;&#44;&#44;&#44;&#44;&#44;&#44;&#44;&#44;&#44;&#44;&#44;&#44;&#44;&#44;&#44;&#44;&#44;&#44;&#44;&#44;&#44;&#44;&#44;&#44;&#44;&#44;&#44;&#44;&#44;&#44;&#44;&#44;&#44;&#44;&#44;&#44;&#44;&#44;&#44;&#44;&#44;&#44;&#44;&#44;&#44;&#44;&#44;&#44;&#44;&#44;&#44;&#44;&#44;&#44;&#44;&#44;&#44;&#44;&#44;&#44;&#44;&#44;&#44;&#44;&#44;""",9/13/22,9/2/22,N
layouts,Bakery Dessert,"""37-2&#44;77-2""",,2022,9/5/22,1-NewFolderStructure/C037_C077_Bakery_Dessert/C77_C37_Dessert_Case_Effective_09052022_Updated_08262022/,_C77_C37_Dessert_Case_Effective_09052022_Updated_08262022.pdf,"""4710&#44;4722&#44;4724&#44;4729&#44;4736&#44;4743&#44;4755&#44;4761&#44;4771&#44;4776&#44;4778&#44;4794&#44;4795&#44;4797&#44;4798&#44;4815&#44;4817&#44;4820&#44;4825&#44;4831&#44;4836&#44;4840&#44;4847&#44;4851&#44;4857&#44;4859&#44;4872&#44;4875&#44;4876&#44;4878&#44;4879&#44;4901&#44;4917&#44;4920&#44;4926&#44;4936&#44;4946&#44;4948&#44;4950&#44;4952&#44;4961&#44;4962&#44;4963&#44;4972&#44;4973&#44;4989&#44;4992&#44;4994&#44;4996&#44;4999&#44;6201&#44;6203&#44;6204&#44;6216&#44;6219&#44;6228&#44;6236&#44;6247&#44;6256&#44;6260&#44;6270&#44;6275&#44;6304&#44;6305&#44;6307&#44;6308&#44;6322&#44;6324&#44;6325&#44;6326&#44;6328&#44;6330&#44;6331&#44;6332&#44;6333&#44;6338&#44;6339&#44;6341&#44;6342&#44;6343&#44;6349&#44;6352&#44;6353&#44;6355&#44;6357&#44;6358&#44;6363&#44;6364&#44;6365&#44;6366&#44;6368&#44;6371&#44;6383&#44;6384&#44;6386&#44;6387&#44;6401&#44;6402&#44;6403&#44;6405&#44;6407&#44;6409&#44;6410&#44;6413&#44;6420&#44;6422&#44;6423&#44;6426&#44;6431&#44;6432&#44;6434&#44;6435&#44;6437&#44;6439&#44;6441&#44;6443&#44;6444&#44;6448&#44;6449&#44;6450&#44;6452&#44;6456&#44;6458&#44;6460&#44;6462&#44;6463&#44;6464&#44;6479&#44;6501&#44;6505&#44;6506&#44;6509&#44;6512&#44;6517&#44;6518&#44;6520&#44;6524&#44;6528&#44;6536&#44;6539&#44;6543&#44;6547&#44;6562&#44;6569&#44;6570&#44;6571&#44;6572&#44;6573&#44;6581&#44;6630&#44;6646&#44;6651&#44;6652&#44;6663&#44;6664&#44;6673&#44;6675&#44;6676&#44;6677&#44;6678&#44;6679&#44;6680&#44;6690&#44;6693&#44;6976&#44;7676&#44;8102&#44;8107&#44;8111&#44;8112&#44;8116&#44;8117&#44;8125&#44;8129&#44;8130&#44;8132&#44;8134&#44;8135&#44;8136&#44;8142&#44;8144&#44;8151&#44;8152&#44;8155&#44;8157&#44;8160&#44;8161&#44;8162&#44;8163&#44;8164&#44;8166&#44;8167&#44;8173&#44;8175&#44;8176&#44;8182&#44;8183&#44;8186&#44;8188&#44;8191&#44;8192&#44;8193&#44;8194&#44;8202&#44;8205&#44;8207&#44;8208&#44;8215&#44;8218&#44;8219&#44;8220&#44;8221&#44;8222&#44;8223&#44;8224&#44;8226&#44;8228&#44;8237&#44;8241&#44;8243&#44;8247&#44;8251&#44;8252&#44;8253&#44;8254&#44;8256&#44;8257&#44;8261&#44;8262&#44;8263&#44;8265&#44;8267&#44;8270&#44;8271&#44;8275&#44;8280&#44;8283&#44;8285&#44;8287&#44;8288&#44;8289&#44;8290&#44;8292&#44;8294&#44;8295&#44;8298&#44;""",8/26/22,8/26/22,N
layouts,Cake Case,"""37-3&#44;77-3""",,2022,9/5/22,1-NewFolderStructure/C037_C077_Cake_Case/C77_C37_Cake_Cooler_Effective_09052022_Updated_08262022/,_C77_C37_Cake_Cooler_Effective_09052022_Updated_08262022.pdf,"""4109&#44;4702&#44;4703&#44;4704&#44;4707&#44;4709&#44;4710&#44;4711&#44;4712&#44;4713&#44;4718&#44;4720&#44;4721&#44;4722&#44;4724&#44;4728&#44;4729&#44;4730&#44;4731&#44;4732&#44;4735&#44;4736&#44;4738&#44;4739&#44;4740&#44;4741&#44;4742&#44;4743&#44;4745&#44;4749&#44;4750&#44;4755&#44;4761&#44;4763&#44;4764&#44;4767&#44;4768&#44;4769&#44;4770&#44;4771&#44;4772&#44;4774&#44;4775&#44;4776&#44;4777&#44;4778&#44;4780&#44;4781&#44;4782&#44;4783&#44;4784&#44;4785&#44;4786&#44;4787&#44;4789&#44;4790&#44;4791&#44;4794&#44;4795&#44;4797&#44;4798&#44;4799&#44;4801&#44;4802&#44;4804&#44;4805&#44;4808&#44;4815&#44;4816&#44;4817&#44;4818&#44;4819&#44;4820&#44;4822&#44;4824&#44;4825&#44;4828&#44;4829&#44;4830&#44;4831&#44;4836&#44;4837&#44;4839&#44;4840&#44;4843&#44;4846&#44;4847&#44;4850&#44;4851&#44;4852&#44;4853&#44;4855&#44;4857&#44;4859&#44;4860&#44;4861&#44;4866&#44;4870&#44;4871&#44;4872&#44;4873&#44;4874&#44;4875&#44;4876&#44;4878&#44;4879&#44;4901&#44;4905&#44;4906&#44;4911&#44;4914&#44;4915&#44;4917&#44;4920&#44;4925&#44;4926&#44;4933&#44;4936&#44;4938&#44;4939&#44;4942&#44;4944&#44;4946&#44;4947&#44;4948&#44;4950&#44;4952&#44;4955&#44;4958&#44;4961&#44;4962&#44;4963&#44;4969&#44;4972&#44;4973&#44;4974&#44;4982&#44;4983&#44;4985&#44;4987&#44;4989&#44;4990&#44;4991&#44;4992&#44;4994&#44;4996&#44;4998&#44;4999&#44;6181&#44;6188&#44;6189&#44;6201&#44;6202&#44;6203&#44;6204&#44;6205&#44;6212&#44;6213&#44;6216&#44;6217&#44;6218&#44;6219&#44;6220&#44;6225&#44;6228&#44;6235&#44;6236&#44;6238&#44;6239&#44;6240&#44;6242&#44;6244&#44;6245&#44;6246&#44;6247&#44;6249&#44;6251&#44;6252&#44;6254&#44;6255&#44;6256&#44;6257&#44;6259&#44;6260&#44;6261&#44;6262&#44;6265&#44;6267&#44;6269&#44;6270&#44;6275&#44;6302&#44;6304&#44;6305&#44;6307&#44;6308&#44;6309&#44;6310&#44;6311&#44;6312&#44;6313&#44;6314&#44;6315&#44;6317&#44;6319&#44;6320&#44;6321&#44;6322&#44;6324&#44;6325&#44;6326&#44;6327&#44;6328&#44;6329&#44;6330&#44;6331&#44;6332&#44;6333&#44;6334&#44;6335&#44;6336&#44;6338&#44;6339&#44;6341&#44;6342&#44;6343&#44;6344&#44;6345&#44;6347&#44;6348&#44;6349&#44;6350&#44;6351&#44;6352&#44;6353&#44;6354&#44;6355&#44;6356&#44;6357&#44;6358&#44;6359&#44;6360&#44;6361&#44;6363&#44;6364&#44;6365&#44;6366&#44;6367&#44;6368&#44;6369&#44;6371&#44;6372&#44;6373&#44;6375&#44;6376&#44;6377&#44;6378&#44;6379&#44;6380&#44;6381&#44;6382&#44;6383&#44;6384&#44;6385&#44;6386&#44;6387&#44;6388&#44;6401&#44;6402&#44;6403&#44;6404&#44;6405&#44;6406&#44;6407&#44;6408&#44;6409&#44;6410&#44;6412&#44;6413&#44;6414&#44;6415&#44;6417&#44;6418&#44;6419&#44;6420&#44;6421&#44;6422&#44;6423&#44;6424&#44;6425&#44;6426&#44;6427&#44;6428&#44;6429&#44;6430&#44;6431&#44;6432&#44;6433&#44;6434&#44;6435&#44;6436&#44;6437&#44;6439&#44;6440&#44;6441&#44;6443&#44;6444&#44;6445&#44;6448&#44;6449&#44;6450&#44;6452&#44;6453&#44;6454&#44;6455&#44;6456&#44;6457&#44;6458&#44;6460&#44;6462&#44;6463&#44;6464&#44;6471&#44;6472&#44;6474&#44;6479&#44;6482&#44;6485&#44;6487&#44;6489&#44;6501&#44;6502&#44;6503&#44;6505&#44;6506&#44;6507&#44;6509&#44;6510&#44;6512&#44;6514&#44;6517&#44;6518&#44;6520&#44;6521&#44;6524&#44;6527&#44;6528&#44;6535&#44;6536&#44;6539&#44;6540&#44;6543&#44;6547&#44;6549&#44;6562&#44;6565&#44;6568&#44;6569&#44;6570&#44;6571&#44;6572&#44;6573&#44;6575&#44;6581&#44;6582&#44;6604&#44;6605&#44;6606&#44;6608&#44;6609&#44;6610&#44;6612&#44;6613&#44;6614&#44;6615&#44;6616&#44;6617&#44;6619&#44;6620&#44;6621&#44;6622&#44;6624&#44;6626&#44;6628&#44;6630&#44;6631&#44;6632&#44;6633&#44;6634&#44;6635&#44;6636&#44;6637&#44;6643&#44;6644&#44;6646&#44;6650&#44;6651&#44;6652&#44;6653&#44;6655&#44;6657&#44;6658&#44;6659&#44;6660&#44;6661&#44;6662&#44;6663&#44;6664&#44;6666&#44;6667&#44;6670&#44;6671&#44;6672&#44;6673&#44;6674&#44;6675&#44;6676&#44;6677&#44;6678&#44;6679&#44;6680&#44;6682&#44;6683&#44;6684&#44;6685&#44;6686&#44;6689&#44;6690&#44;6692&#44;6693&#44;6779&#44;6781&#44;6867&#44;6976&#44;6979&#44;7189&#44;7658&#44;7676&#44;8102&#44;8104&#44;8106&#44;8107&#44;8111&#44;8112&#44;8114&#44;8115&#44;8116&#44;8117&#44;8119&#44;8120&#44;8123&#44;8125&#44;8126&#44;8128&#44;8129&#44;8130&#44;8132&#44;8133&#44;8134&#44;8135&#44;8136&#44;8138&#44;8139&#44;8141&#44;8142&#44;8144&#44;8145&#44;8146&#44;8147&#44;8149&#44;8150&#44;8151&#44;8152&#44;8153&#44;8155&#44;8156&#44;8157&#44;8158&#44;8160&#44;8161&#44;8162&#44;8163&#44;8164&#44;8165&#44;8166&#44;8167&#44;8168&#44;8169&#44;8172&#44;8173&#44;8174&#44;8175&#44;8176&#44;8177&#44;8181&#44;8182&#44;8183&#44;8184&#44;8185&#44;8186&#44;8188&#44;8190&#44;8191&#44;8192&#44;8193&#44;8194&#44;8196&#44;8197&#44;8201&#44;8202&#44;8203&#44;8205&#44;8207&#44;8208&#44;8209&#44;8210&#44;8211&#44;8213&#44;8215&#44;8218&#44;8219&#44;8220&#44;8221&#44;8222&#44;8223&#44;8224&#44;8225&#44;8226&#44;8227&#44;8228&#44;8236&#44;8237&#44;8238&#44;8239&#44;8241&#44;8242&#44;8243&#44;8244&#44;8245&#44;8246&#44;8247&#44;8248&#44;8250&#44;8251&#44;8252&#44;8253&#44;8254&#44;8256&#44;8257&#44;8259&#44;8261&#44;8262&#44;8263&#44;8264&#44;8265&#44;8266&#44;8267&#44;8268&#44;8269&#44;8270&#44;8271&#44;8272&#44;8273&#44;8274&#44;8275&#44;8276&#44;8277&#44;8278&#44;8279&#44;8280&#44;8281&#44;8282&#44;8283&#44;8284&#44;8285&#44;8286&#44;8287&#44;8288&#44;8289&#44;8290&#44;8291&#44;8292&#44;8293&#44;8294&#44;8295&#44;8296&#44;8297&#44;8298&#44;8299&#44;""",8/26/22,8/26/22,N
layouts,Bakery Bread Pods,"""37-5&#44;77-5""",,2022,9/5/22,1-NewFolderStructure/C037_C077_Bakery_Bread_Pods/C37_77_Bread_POD_Effective_09052022_Updated_08262022/,_C37_77_Bread_POD_Effective_09052022_Updated_08262022.pdf,"""4109&#44;4702&#44;4703&#44;4704&#44;4707&#44;4709&#44;4710&#44;4711&#44;4712&#44;4713&#44;4718&#44;4720&#44;4721&#44;4722&#44;4724&#44;4728&#44;4729&#44;4730&#44;4731&#44;4732&#44;4735&#44;4736&#44;4738&#44;4739&#44;4740&#44;4741&#44;4742&#44;4743&#44;4745&#44;4749&#44;4750&#44;4755&#44;4761&#44;4763&#44;4764&#44;4767&#44;4768&#44;4769&#44;4770&#44;4771&#44;4772&#44;4774&#44;4775&#44;4776&#44;4777&#44;4778&#44;4780&#44;4781&#44;4782&#44;4783&#44;4784&#44;4785&#44;4786&#44;4787&#44;4789&#44;4790&#44;4791&#44;4794&#44;4795&#44;4797&#44;4798&#44;4799&#44;4801&#44;4802&#44;4804&#44;4805&#44;4808&#44;4815&#44;4816&#44;4817&#44;4818&#44;4819&#44;4820&#44;4822&#44;4824&#44;4825&#44;4828&#44;4829&#44;4830&#44;4831&#44;4836&#44;4837&#44;4839&#44;4840&#44;4843&#44;4846&#44;4847&#44;4850&#44;4851&#44;4852&#44;4853&#44;4855&#44;4857&#44;4859&#44;4860&#44;4861&#44;4866&#44;4870&#44;4871&#44;4872&#44;4873&#44;4874&#44;4875&#44;4876&#44;4878&#44;4879&#44;4901&#44;4905&#44;4906&#44;4911&#44;4914&#44;4915&#44;4917&#44;4920&#44;4926&#44;4933&#44;4936&#44;4938&#44;4939&#44;4942&#44;4944&#44;4946&#44;4947&#44;4948&#44;4950&#44;4952&#44;4955&#44;4958&#44;4961&#44;4962&#44;4963&#44;4969&#44;4972&#44;4973&#44;4974&#44;4982&#44;4983&#44;4985&#44;4987&#44;4989&#44;4990&#44;4991&#44;4992&#44;4994&#44;4996&#44;4998&#44;4999&#44;6181&#44;6188&#44;6189&#44;6201&#44;6202&#44;6203&#44;6204&#44;6205&#44;6212&#44;6213&#44;6216&#44;6217&#44;6218&#44;6219&#44;6220&#44;6225&#44;6228&#44;6235&#44;6236&#44;6238&#44;6239&#44;6240&#44;6242&#44;6244&#44;6245&#44;6246&#44;6247&#44;6249&#44;6251&#44;6252&#44;6254&#44;6255&#44;6256&#44;6257&#44;6259&#44;6260&#44;6261&#44;6262&#44;6265&#44;6267&#44;6269&#44;6270&#44;6275&#44;6302&#44;6304&#44;6305&#44;6307&#44;6308&#44;6309&#44;6310&#44;6311&#44;6312&#44;6313&#44;6314&#44;6315&#44;6317&#44;6319&#44;6320&#44;6321&#44;6322&#44;6324&#44;6325&#44;6326&#44;6327&#44;6328&#44;6329&#44;6330&#44;6331&#44;6332&#44;6333&#44;6334&#44;6335&#44;6336&#44;6338&#44;6339&#44;6341&#44;6342&#44;6343&#44;6344&#44;6345&#44;6347&#44;6348&#44;6349&#44;6350&#44;6351&#44;6352&#44;6353&#44;6354&#44;6355&#44;6356&#44;6357&#44;6358&#44;6359&#44;6360&#44;6361&#44;6363&#44;6364&#44;6365&#44;6366&#44;6367&#44;6368&#44;6369&#44;6371&#44;6372&#44;6373&#44;6375&#44;6376&#44;6378&#44;6379&#44;6380&#44;6381&#44;6382&#44;6383&#44;6384&#44;6385&#44;6386&#44;6387&#44;6388&#44;6401&#44;6402&#44;6403&#44;6405&#44;6406&#44;6407&#44;6408&#44;6409&#44;6410&#44;6412&#44;6413&#44;6414&#44;6415&#44;6417&#44;6418&#44;6419&#44;6420&#44;6421&#44;6422&#44;6423&#44;6424&#44;6425&#44;6427&#44;6428&#44;6429&#44;6430&#44;6431&#44;6432&#44;6433&#44;6434&#44;6435&#44;6436&#44;6437&#44;6439&#44;6440&#44;6441&#44;6443&#44;6444&#44;6445&#44;6448&#44;6449&#44;6450&#44;6452&#44;6453&#44;6454&#44;6455&#44;6456&#44;6457&#44;6458&#44;6460&#44;6462&#44;6463&#44;6464&#44;6471&#44;6474&#44;6479&#44;6482&#44;6485&#44;6487&#44;6489&#44;6501&#44;6502&#44;6503&#44;6505&#44;6506&#44;6507&#44;6509&#44;6510&#44;6512&#44;6514&#44;6517&#44;6518&#44;6520&#44;6521&#44;6524&#44;6527&#44;6528&#44;6535&#44;6536&#44;6539&#44;6540&#44;6543&#44;6547&#44;6549&#44;6562&#44;6565&#44;6568&#44;6569&#44;6570&#44;6571&#44;6572&#44;6573&#44;6575&#44;6581&#44;6582&#44;6604&#44;6605&#44;6606&#44;6608&#44;6609&#44;6610&#44;6612&#44;6613&#44;6614&#44;6615&#44;6616&#44;6617&#44;6619&#44;6620&#44;6621&#44;6622&#44;6624&#44;6626&#44;6628&#44;6630&#44;6631&#44;6632&#44;6633&#44;6634&#44;6635&#44;6636&#44;6637&#44;6643&#44;6644&#44;6646&#44;6650&#44;6651&#44;6652&#44;6653&#44;6655&#44;6657&#44;6658&#44;6659&#44;6660&#44;6661&#44;6662&#44;6663&#44;6664&#44;6666&#44;6667&#44;6670&#44;6671&#44;6672&#44;6673&#44;6674&#44;6675&#44;6676&#44;6677&#44;6678&#44;6679&#44;6680&#44;6682&#44;6692&#44;8209&#44;8268&#44;8277&#44;&#44;&#44;&#44;&#44;&#44;&#44;&#44;&#44;&#44;&#44;&#44;&#44;&#44;&#44;&#44;&#44;&#44;&#44;&#44;&#44;&#44;&#44;&#44;&#44;&#44;&#44;&#44;&#44;&#44;&#44;&#44;&#44;&#44;&#44;&#44;&#44;&#44;&#44;&#44;&#44;&#44;&#44;&#44;&#44;&#44;&#44;&#44;&#44;&#44;&#44;&#44;&#44;&#44;&#44;&#44;&#44;&#44;&#44;&#44;&#44;&#44;&#44;&#44;&#44;&#44;&#44;&#44;&#44;&#44;&#44;&#44;&#44;&#44;&#44;&#44;&#44;&#44;&#44;&#44;&#44;&#44;&#44;&#44;&#44;&#44;&#44;&#44;&#44;&#44;&#44;&#44;&#44;&#44;&#44;&#44;&#44;&#44;&#44;&#44;&#44;&#44;&#44;&#44;&#44;&#44;&#44;&#44;&#44;&#44;&#44;&#44;&#44;&#44;&#44;&#44;&#44;&#44;&#44;&#44;&#44;&#44;&#44;&#44;&#44;&#44;&#44;&#44;&#44;&#44;&#44;&#44;&#44;&#44;&#44;&#44;&#44;&#44;&#44;&#44;&#44;&#44;&#44;&#44;&#44;&#44;&#44;&#44;&#44;&#44;&#44;&#44;&#44;&#44;&#44;&#44;&#44;&#44;&#44;&#44;&#44;&#44;&#44;&#44;&#44;&#44;&#44;&#44;&#44;&#44;&#44;&#44;""",9/5/22,8/26/22,N
layouts,Café Grab and Go,79-3,,2022,9/5/22,1-NewFolderStructure/C079_Cafe_Grab_n_Go/C79_Cafe_Grab_and_Go_Effective_9052022/,_C79_Cafe_Grab_and_Go_Effective_9052022.pdf,"""4109&#44;4702&#44;4703&#44;4704&#44;4707&#44;4709&#44;4710&#44;4711&#44;4712&#44;4713&#44;4718&#44;4720&#44;4721&#44;4722&#44;4724&#44;4728&#44;4729&#44;4730&#44;4731&#44;4732&#44;4735&#44;4736&#44;4738&#44;4739&#44;4740&#44;4741&#44;4742&#44;4743&#44;4745&#44;4749&#44;4750&#44;4755&#44;4761&#44;4763&#44;4764&#44;4767&#44;4768&#44;4769&#44;4770&#44;4771&#44;4772&#44;4774&#44;4775&#44;4776&#44;4777&#44;4778&#44;4780&#44;4781&#44;4782&#44;4783&#44;4784&#44;4785&#44;4786&#44;4787&#44;4789&#44;4790&#44;4791&#44;4794&#44;4795&#44;4797&#44;4798&#44;4799&#44;4801&#44;4802&#44;4804&#44;4805&#44;4808&#44;4815&#44;4816&#44;4817&#44;4818&#44;4819&#44;4820&#44;4822&#44;4824&#44;4825&#44;4828&#44;4829&#44;4830&#44;4831&#44;4836&#44;4837&#44;4839&#44;4840&#44;4843&#44;4846&#44;4847&#44;4850&#44;4851&#44;4852&#44;4853&#44;4855&#44;4857&#44;4859&#44;4860&#44;4861&#44;4870&#44;4871&#44;4872&#44;4873&#44;4874&#44;4875&#44;4876&#44;4878&#44;4879&#44;4901&#44;4905&#44;4906&#44;4908&#44;4911&#44;4914&#44;4915&#44;4917&#44;4920&#44;4925&#44;4926&#44;4930&#44;4933&#44;4936&#44;4938&#44;4939&#44;4942&#44;4944&#44;4946&#44;4947&#44;4948&#44;4950&#44;4952&#44;4955&#44;4958&#44;4961&#44;4962&#44;4963&#44;4969&#44;4972&#44;4973&#44;4974&#44;4982&#44;4983&#44;4985&#44;4987&#44;4989&#44;4990&#44;4991&#44;4992&#44;4994&#44;4996&#44;4998&#44;4999&#44;6181&#44;6188&#44;6189&#44;6201&#44;6202&#44;6203&#44;6204&#44;6205&#44;6212&#44;6213&#44;6216&#44;6217&#44;6218&#44;6219&#44;6220&#44;6228&#44;6235&#44;6236&#44;6238&#44;6239&#44;6240&#44;6242&#44;6244&#44;6245&#44;6246&#44;6247&#44;6249&#44;6251&#44;6252&#44;6254&#44;6255&#44;6256&#44;6257&#44;6259&#44;6260&#44;6261&#44;6262&#44;6265&#44;6267&#44;6269&#44;6275&#44;6302&#44;6304&#44;6305&#44;6307&#44;6308&#44;6309&#44;6310&#44;6311&#44;6312&#44;6313&#44;6314&#44;6315&#44;6317&#44;6319&#44;6320&#44;6321&#44;6322&#44;6324&#44;6325&#44;6326&#44;6327&#44;6328&#44;6329&#44;6330&#44;6331&#44;6332&#44;6333&#44;6334&#44;6335&#44;6336&#44;6338&#44;6339&#44;6341&#44;6342&#44;6343&#44;6344&#44;6345&#44;6347&#44;6348&#44;6349&#44;6350&#44;6351&#44;6352&#44;6353&#44;6354&#44;6355&#44;6356&#44;6357&#44;6358&#44;6359&#44;6360&#44;6361&#44;6363&#44;6364&#44;6365&#44;6366&#44;6367&#44;6368&#44;6369&#44;6371&#44;6372&#44;6373&#44;6375&#44;6376&#44;6377&#44;6379&#44;6380&#44;6381&#44;6382&#44;6383&#44;6384&#44;6385&#44;6386&#44;6387&#44;6388&#44;6401&#44;6402&#44;6403&#44;6405&#44;6406&#44;6407&#44;6408&#44;6409&#44;6410&#44;6412&#44;6413&#44;6414&#44;6415&#44;6417&#44;6418&#44;6419&#44;6420&#44;6421&#44;6422&#44;6423&#44;6424&#44;6425&#44;6426&#44;6427&#44;6428&#44;6429&#44;6430&#44;6431&#44;6432&#44;6433&#44;6434&#44;6435&#44;6436&#44;6437&#44;6439&#44;6440&#44;6441&#44;6443&#44;6444&#44;6445&#44;6448&#44;6450&#44;6452&#44;6453&#44;6454&#44;6456&#44;6457&#44;6458&#44;6460&#44;6461&#44;6462&#44;6463&#44;6464&#44;6471&#44;6472&#44;6474&#44;6482&#44;6485&#44;6487&#44;6489&#44;6501&#44;6502&#44;6503&#44;6505&#44;6506&#44;6507&#44;6509&#44;6510&#44;6512&#44;6514&#44;6517&#44;6518&#44;6520&#44;6521&#44;6524&#44;6527&#44;6528&#44;6533&#44;6535&#44;6536&#44;6539&#44;6540&#44;6547&#44;6549&#44;6556&#44;6562&#44;6565&#44;6567&#44;6568&#44;6569&#44;6570&#44;6571&#44;6572&#44;6573&#44;6575&#44;6581&#44;6582&#44;6604&#44;6605&#44;6606&#44;6608&#44;6609&#44;6610&#44;6612&#44;6613&#44;6614&#44;6615&#44;6616&#44;6617&#44;6619&#44;6620&#44;6621&#44;6622&#44;6624&#44;6626&#44;6628&#44;6630&#44;6631&#44;6632&#44;6633&#44;6634&#44;6635&#44;6636&#44;6637&#44;6643&#44;6644&#44;6646&#44;6650&#44;6651&#44;6652&#44;6653&#44;6655&#44;6657&#44;6658&#44;6659&#44;6660&#44;6661&#44;6662&#44;6663&#44;6664&#44;6666&#44;6667&#44;6670&#44;6671&#44;6672&#44;6673&#44;6674&#44;6675&#44;6676&#44;6677&#44;6678&#44;6679&#44;6682&#44;6683&#44;6684&#44;6685&#44;6686&#44;6692&#44;6693&#44;6779&#44;6781&#44;6867&#44;6976&#44;6979&#44;7189&#44;7658&#44;7676&#44;8102&#44;8104&#44;8106&#44;8107&#44;8111&#44;8112&#44;8114&#44;8115&#44;8116&#44;8117&#44;8119&#44;8120&#44;8123&#44;8125&#44;8126&#44;8128&#44;8129&#44;8130&#44;8132&#44;8133&#44;8134&#44;8135&#44;8136&#44;8138&#44;8139&#44;8141&#44;8142&#44;8144&#44;8145&#44;8146&#44;8147&#44;8149&#44;8150&#44;8151&#44;8152&#44;8153&#44;8155&#44;8156&#44;8157&#44;8158&#44;8160&#44;8161&#44;8162&#44;8163&#44;8164&#44;8165&#44;8166&#44;8167&#44;8168&#44;8169&#44;8172&#44;8173&#44;8174&#44;8175&#44;8176&#44;8177&#44;8180&#44;8181&#44;8182&#44;8183&#44;8184&#44;8185&#44;8186&#44;8188&#44;8189&#44;8190&#44;8191&#44;8192&#44;8193&#44;8194&#44;8196&#44;8197&#44;8201&#44;8202&#44;8203&#44;8205&#44;8207&#44;8208&#44;8209&#44;8210&#44;8211&#44;8213&#44;8215&#44;8218&#44;8219&#44;8220&#44;8221&#44;8222&#44;8223&#44;8224&#44;8225&#44;8226&#44;8227&#44;8228&#44;8236&#44;8237&#44;8238&#44;8239&#44;8241&#44;8242&#44;8243&#44;8244&#44;8245&#44;8246&#44;8247&#44;8248&#44;8250&#44;8251&#44;8252&#44;8253&#44;8254&#44;8256&#44;8257&#44;8259&#44;8261&#44;8262&#44;8263&#44;8264&#44;8265&#44;8266&#44;8267&#44;8268&#44;8269&#44;8270&#44;8271&#44;8272&#44;8273&#44;8274&#44;8275&#44;8276&#44;8277&#44;8278&#44;8279&#44;8280&#44;8281&#44;8282&#44;8283&#44;8284&#44;8285&#44;8286&#44;8287&#44;8288&#44;8289&#44;8290&#44;8291&#44;8292&#44;8293&#44;8294&#44;8295&#44;8296&#44;8297&#44;8298&#44;8299&#44;""",9/13/22,8/29/22,N
layouts,Bakery Tables,"""37&#44;77""",,2022,9/5/22,1-NewFolderStructure/C037_C077_Bakery_Tables/C37_77_Bakery_Tables_Effective_09052022_Updated_08312022/,_C37_77_Bakery_Tables_Effective_09052022_Updated_08312022.pdf,"""4750&#44;4846&#44;4847&#44;4936&#44;6302&#44;6305&#44;6314&#44;6317&#44;6322&#44;6327&#44;6404&#44;6575&#44;6677&#44;6678&#44;6679&#44;""",9/5/22,8/31/22,N
layouts,Bakery Pallets,"""37-4&#44;77-4""",,2022,9/5/22,1-NewFolderStructure/C037_C077_Bakery_Pallets/C37_77_Bakery_Pallets_Effective_09052022_Updated_08312022/,_C37_77_Bakery_Pallets_Effective_09052022_Updated_08312022.pdf,"""8189&#44;""",9/5/22,8/31/22,N
layouts,Meat and Seafood,"""72&#44;76&#44;93""",,2022,9/5/22,1-NewFolderStructure/C076_C072_C093_Fresh_Meat_Seafood/C76_C93_Effective_09052022_Planogram_Updated_09012022/,_C76_C93_Effective_09052022_Planogram_Updated_09012022.pdf,"""4710&#44;4711&#44;4722&#44;4724&#44;4728&#44;4729&#44;4739&#44;4740&#44;4741&#44;4750&#44;4771&#44;4772&#44;4774&#44;4776&#44;4778&#44;4780&#44;4781&#44;4782&#44;4785&#44;4789&#44;4794&#44;4797&#44;4798&#44;4801&#44;4802&#44;4804&#44;4817&#44;4818&#44;4820&#44;4828&#44;4831&#44;4836&#44;4846&#44;4847&#44;4851&#44;4852&#44;4855&#44;4857&#44;4859&#44;4860&#44;4861&#44;4872&#44;4875&#44;4876&#44;4878&#44;4879&#44;4901&#44;4908&#44;4917&#44;4926&#44;4930&#44;4936&#44;4942&#44;4944&#44;4946&#44;4947&#44;4950&#44;4952&#44;4962&#44;4963&#44;4972&#44;4982&#44;4989&#44;4991&#44;4992&#44;4994&#44;4996&#44;4998&#44;6189&#44;6201&#44;6203&#44;6204&#44;6212&#44;6216&#44;6217&#44;6218&#44;6228&#44;6236&#44;6239&#44;6242&#44;6249&#44;6251&#44;6252&#44;6256&#44;6260&#44;6302&#44;6304&#44;6305&#44;6307&#44;6308&#44;6313&#44;6314&#44;6315&#44;6317&#44;6319&#44;6322&#44;6325&#44;6326&#44;6327&#44;6328&#44;6330&#44;6332&#44;6333&#44;6334&#44;6335&#44;6339&#44;6341&#44;6343&#44;6348&#44;6349&#44;6351&#44;6352&#44;6353&#44;6354&#44;6355&#44;6356&#44;6357&#44;6358&#44;6359&#44;6363&#44;6364&#44;6365&#44;6366&#44;6368&#44;6369&#44;6371&#44;6373&#44;6375&#44;6377&#44;6380&#44;6383&#44;6384&#44;6386&#44;6387&#44;6388&#44;6401&#44;6402&#44;6403&#44;6404&#44;6406&#44;6407&#44;6409&#44;6412&#44;6414&#44;6417&#44;6419&#44;6420&#44;6423&#44;6424&#44;6428&#44;6429&#44;6431&#44;6434&#44;6435&#44;6437&#44;6440&#44;6441&#44;6443&#44;6445&#44;6448&#44;6449&#44;6450&#44;6452&#44;6454&#44;6456&#44;6457&#44;6458&#44;6460&#44;6462&#44;6463&#44;6464&#44;6474&#44;6479&#44;6485&#44;6487&#44;6489&#44;6501&#44;6505&#44;6506&#44;6507&#44;6509&#44;6512&#44;6517&#44;6518&#44;6520&#44;6524&#44;6528&#44;6533&#44;6536&#44;6539&#44;6540&#44;6547&#44;6556&#44;6562&#44;6567&#44;6569&#44;6570&#44;6571&#44;6572&#44;6573&#44;6575&#44;6581&#44;6582&#44;6636&#44;6637&#44;6643&#44;6644&#44;6646&#44;6650&#44;6651&#44;6652&#44;6653&#44;6655&#44;6657&#44;6658&#44;6659&#44;6660&#44;6661&#44;6662&#44;6663&#44;6664&#44;6666&#44;6667&#44;6670&#44;6671&#44;6673&#44;6674&#44;6675&#44;6676&#44;6677&#44;6678&#44;6679&#44;6693&#44;6976&#44;7658&#44;8106&#44;8107&#44;8111&#44;8112&#44;8115&#44;8116&#44;8120&#44;8123&#44;8125&#44;8129&#44;8130&#44;8132&#44;8133&#44;8135&#44;8136&#44;8138&#44;8139&#44;8141&#44;8142&#44;8144&#44;8145&#44;8150&#44;8152&#44;8155&#44;8157&#44;8158&#44;8160&#44;8161&#44;8163&#44;8166&#44;8168&#44;8169&#44;8173&#44;8174&#44;8175&#44;8180&#44;8182&#44;8184&#44;8186&#44;8188&#44;8189&#44;8191&#44;8192&#44;8193&#44;8194&#44;8196&#44;8197&#44;8201&#44;8202&#44;8203&#44;8205&#44;8211&#44;8213&#44;8218&#44;8219&#44;8220&#44;8222&#44;8223&#44;8225&#44;8228&#44;8238&#44;8247&#44;8251&#44;8252&#44;8253&#44;8256&#44;8257&#44;8276&#44;8278&#44;8283&#44;8285&#44;8287&#44;8290&#44;8291&#44;8292&#44;8294&#44;8297&#44;8298&#44;&#44;&#44;&#44;&#44;&#44;&#44;&#44;&#44;&#44;&#44;&#44;&#44;&#44;&#44;&#44;&#44;&#44;&#44;&#44;&#44;&#44;&#44;&#44;&#44;&#44;&#44;&#44;&#44;&#44;&#44;&#44;&#44;&#44;&#44;&#44;&#44;&#44;&#44;&#44;&#44;&#44;&#44;&#44;&#44;&#44;&#44;&#44;&#44;&#44;&#44;&#44;&#44;&#44;&#44;&#44;&#44;&#44;&#44;&#44;&#44;&#44;&#44;&#44;&#44;&#44;&#44;&#44;&#44;&#44;&#44;&#44;&#44;&#44;&#44;&#44;&#44;&#44;&#44;&#44;&#44;&#44;&#44;&#44;&#44;&#44;&#44;&#44;&#44;&#44;&#44;&#44;&#44;&#44;&#44;&#44;&#44;&#44;&#44;&#44;&#44;&#44;&#44;&#44;&#44;&#44;&#44;&#44;&#44;&#44;&#44;&#44;&#44;&#44;&#44;&#44;&#44;&#44;&#44;&#44;&#44;&#44;&#44;&#44;&#44;&#44;&#44;&#44;&#44;&#44;&#44;&#44;&#44;&#44;&#44;&#44;&#44;&#44;&#44;&#44;&#44;&#44;&#44;&#44;&#44;&#44;&#44;&#44;&#44;&#44;&#44;&#44;&#44;&#44;&#44;&#44;&#44;&#44;&#44;&#44;&#44;&#44;&#44;&#44;&#44;&#44;&#44;&#44;&#44;&#44;&#44;&#44;&#44;&#44;&#44;&#44;&#44;&#44;&#44;&#44;&#44;&#44;&#44;&#44;&#44;&#44;&#44;&#44;&#44;&#44;&#44;&#44;&#44;&#44;&#44;&#44;&#44;&#44;&#44;&#44;&#44;&#44;&#44;&#44;&#44;&#44;&#44;&#44;&#44;&#44;&#44;&#44;&#44;&#44;&#44;&#44;&#44;&#44;&#44;&#44;&#44;&#44;&#44;&#44;&#44;&#44;&#44;&#44;&#44;&#44;&#44;&#44;&#44;&#44;&#44;&#44;&#44;&#44;&#44;&#44;&#44;&#44;&#44;&#44;&#44;&#44;&#44;&#44;&#44;&#44;&#44;&#44;&#44;&#44;&#44;&#44;&#44;&#44;&#44;&#44;&#44;&#44;&#44;&#44;&#44;&#44;&#44;&#44;&#44;&#44;&#44;&#44;&#44;&#44;&#44;&#44;&#44;&#44;&#44;&#44;""",9/6/22,9/1/22,N
layouts,Seafood,72-1,,2022,9/5/22,1-NewFolderStructure/C072_Seafood/C72_Seafood_Effective_09052022/,_C72_Seafood_Effective_09052022.pdf,"""6524&#44;""",9/5/22,9/1/22,N
layouts,Seafood,72-1,,2022,9/5/22,1-NewFolderStructure/C072_Seafood/C72_Seafood_Effective_09092022/,_C72_Seafood_Effective_09092022.pdf,"""4109&#44;4702&#44;4703&#44;4704&#44;4707&#44;4709&#44;4710&#44;4711&#44;4712&#44;4713&#44;4718&#44;4720&#44;4721&#44;4722&#44;4724&#44;4728&#44;4729&#44;4730&#44;4731&#44;4732&#44;4735&#44;4736&#44;4738&#44;4739&#44;4740&#44;4741&#44;4742&#44;4743&#44;4745&#44;4749&#44;4750&#44;4761&#44;4763&#44;4764&#44;4767&#44;4768&#44;4769&#44;4770&#44;4771&#44;4772&#44;4774&#44;4775&#44;4776&#44;4777&#44;4778&#44;4780&#44;4781&#44;4782&#44;4783&#44;4784&#44;4785&#44;4786&#44;4787&#44;4789&#44;4790&#44;4791&#44;4794&#44;4795&#44;4797&#44;4798&#44;4799&#44;4801&#44;4802&#44;4804&#44;4805&#44;4808&#44;4815&#44;4816&#44;4817&#44;4818&#44;4819&#44;4820&#44;4822&#44;4824&#44;4825&#44;4828&#44;4829&#44;4830&#44;4831&#44;4836&#44;4837&#44;4839&#44;4840&#44;4843&#44;4846&#44;4847&#44;4850&#44;4851&#44;4852&#44;4853&#44;4855&#44;4857&#44;4859&#44;4860&#44;4861&#44;4870&#44;4871&#44;4872&#44;4873&#44;4874&#44;4875&#44;4876&#44;4878&#44;4879&#44;4901&#44;4905&#44;4906&#44;4908&#44;4911&#44;4914&#44;4915&#44;4917&#44;4920&#44;4925&#44;4926&#44;4930&#44;4933&#44;4936&#44;4938&#44;4939&#44;4942&#44;4944&#44;4946&#44;4947&#44;4948&#44;4950&#44;4952&#44;4955&#44;4958&#44;4961&#44;4962&#44;4963&#44;4969&#44;4972&#44;4973&#44;4974&#44;4982&#44;4983&#44;4985&#44;4987&#44;4989&#44;4990&#44;4991&#44;4992&#44;4994&#44;4996&#44;4998&#44;4999&#44;6181&#44;6188&#44;6189&#44;6201&#44;6202&#44;6203&#44;6204&#44;6205&#44;6212&#44;6213&#44;6216&#44;6217&#44;6218&#44;6219&#44;6220&#44;6228&#44;6235&#44;6236&#44;6238&#44;6239&#44;6240&#44;6242&#44;6244&#44;6245&#44;6246&#44;6247&#44;6249&#44;6251&#44;6252&#44;6254&#44;6255&#44;6256&#44;6257&#44;6259&#44;6260&#44;6261&#44;6262&#44;6265&#44;6267&#44;6269&#44;6275&#44;6302&#44;6304&#44;6305&#44;6307&#44;6308&#44;6309&#44;6310&#44;6311&#44;6312&#44;6313&#44;6314&#44;6315&#44;6317&#44;6319&#44;6320&#44;6321&#44;6322&#44;6324&#44;6325&#44;6326&#44;6327&#44;6328&#44;6329&#44;6330&#44;6331&#44;6332&#44;6333&#44;6334&#44;6335&#44;6336&#44;6338&#44;6339&#44;6341&#44;6342&#44;6343&#44;6344&#44;6345&#44;6347&#44;6348&#44;6349&#44;6350&#44;6351&#44;6352&#44;6353&#44;6354&#44;6355&#44;6356&#44;6357&#44;6358&#44;6359&#44;6360&#44;6361&#44;6363&#44;6364&#44;6365&#44;6366&#44;6367&#44;6368&#44;6369&#44;6371&#44;6372&#44;6373&#44;6375&#44;6376&#44;6377&#44;6378&#44;6379&#44;6380&#44;6381&#44;6382&#44;6383&#44;6384&#44;6385&#44;6386&#44;6387&#44;6388&#44;6401&#44;6402&#44;6403&#44;6404&#44;6405&#44;6406&#44;6407&#44;6408&#44;6409&#44;6412&#44;6413&#44;6414&#44;6415&#44;6417&#44;6418&#44;6419&#44;6420&#44;6421&#44;6422&#44;6423&#44;6424&#44;6425&#44;6426&#44;6427&#44;6428&#44;6429&#44;6430&#44;6431&#44;6432&#44;6433&#44;6434&#44;6435&#44;6436&#44;6437&#44;6439&#44;6440&#44;6441&#44;6443&#44;6444&#44;6445&#44;6448&#44;6449&#44;6450&#44;6452&#44;6453&#44;6454&#44;6455&#44;6456&#44;6457&#44;6458&#44;6460&#44;6461&#44;6462&#44;6463&#44;6464&#44;6471&#44;6472&#44;6474&#44;6479&#44;6482&#44;6485&#44;6487&#44;6489&#44;6501&#44;6502&#44;6503&#44;6505&#44;6506&#44;6507&#44;6509&#44;6510&#44;6512&#44;6514&#44;6517&#44;6518&#44;6520&#44;6521&#44;6524&#44;6527&#44;6528&#44;6533&#44;6535&#44;6536&#44;6539&#44;6540&#44;6547&#44;6549&#44;6556&#44;6562&#44;6565&#44;6567&#44;6568&#44;6569&#44;6570&#44;6571&#44;6572&#44;6573&#44;6575&#44;6581&#44;6582&#44;6604&#44;6605&#44;6606&#44;6608&#44;6609&#44;6610&#44;6612&#44;6613&#44;6614&#44;6615&#44;6616&#44;6617&#44;6619&#44;6620&#44;6621&#44;6622&#44;6624&#44;6626&#44;6628&#44;6630&#44;6631&#44;6632&#44;6633&#44;6634&#44;6635&#44;6636&#44;6637&#44;6643&#44;6644&#44;6646&#44;6650&#44;6651&#44;6652&#44;6653&#44;6655&#44;6657&#44;6658&#44;6659&#44;6660&#44;6661&#44;6662&#44;6663&#44;6664&#44;6666&#44;6667&#44;6670&#44;6671&#44;6672&#44;6673&#44;6674&#44;6675&#44;6676&#44;6677&#44;6678&#44;6679&#44;6682&#44;6683&#44;6684&#44;6685&#44;6686&#44;6692&#44;6693&#44;6779&#44;6781&#44;6867&#44;6976&#44;6979&#44;7189&#44;7658&#44;7676&#44;8102&#44;8104&#44;8106&#44;8107&#44;8111&#44;8112&#44;8114&#44;8115&#44;8116&#44;8117&#44;8119&#44;8120&#44;8123&#44;8125&#44;8126&#44;8128&#44;8129&#44;8130&#44;8132&#44;8133&#44;8134&#44;8135&#44;8136&#44;8138&#44;8139&#44;8141&#44;8142&#44;8144&#44;8145&#44;8146&#44;8147&#44;8149&#44;8150&#44;8151&#44;8152&#44;8153&#44;8155&#44;8156&#44;8157&#44;8158&#44;8160&#44;8161&#44;8162&#44;8163&#44;8164&#44;8165&#44;8166&#44;8167&#44;8168&#44;8169&#44;8172&#44;8173&#44;8174&#44;8175&#44;8176&#44;8177&#44;8180&#44;8181&#44;8182&#44;8183&#44;8184&#44;8185&#44;8186&#44;8188&#44;8189&#44;8190&#44;8191&#44;8192&#44;8193&#44;8194&#44;8196&#44;8197&#44;8201&#44;8202&#44;8203&#44;8205&#44;8207&#44;8208&#44;8209&#44;8210&#44;8211&#44;8213&#44;8215&#44;8218&#44;8219&#44;8220&#44;8221&#44;8222&#44;8223&#44;8224&#44;8225&#44;8226&#44;8227&#44;8228&#44;8236&#44;8237&#44;8238&#44;8239&#44;8241&#44;8242&#44;8243&#44;8244&#44;8245&#44;8246&#44;8247&#44;8248&#44;8250&#44;8251&#44;8252&#44;8253&#44;8254&#44;8256&#44;8257&#44;8259&#44;8261&#44;8262&#44;8263&#44;8264&#44;8265&#44;8266&#44;8267&#44;8268&#44;8269&#44;8270&#44;8271&#44;8272&#44;8273&#44;8274&#44;8275&#44;8276&#44;8277&#44;8278&#44;8279&#44;8280&#44;8281&#44;8282&#44;8283&#44;8284&#44;8285&#44;8286&#44;8287&#44;8288&#44;8289&#44;8290&#44;8291&#44;8292&#44;8293&#44;8294&#44;8295&#44;8296&#44;8297&#44;8298&#44;8299&#44;""",9/5/22,9/1/22,N
layouts,Bakery Tables,"""37&#44;77""",,2022,9/5/22,1-NewFolderStructure/C037_C077_Bakery_Tables/C37_77_Bakery_Tables_Effective_09052022_Updated_09062022/,_C37_77_Bakery_Tables_Effective_09052022_Updated_09062022.pdf,"""4994&#44;""",9/13/22,9/2/22,N
layouts,HMS,79-2,,2022,9/5/22,1-NewFolderStructure/C079_HMS/C79_HMS_EFFECTIVE_9052022/,_C79_HMS_EFFECTIVE_9052022.pdf,"""4109&#44;4702&#44;4703&#44;4704&#44;4707&#44;4709&#44;4710&#44;4711&#44;4712&#44;4713&#44;4718&#44;4720&#44;4721&#44;4722&#44;4724&#44;4728&#44;4729&#44;4730&#44;4731&#44;4732&#44;4735&#44;4736&#44;4738&#44;4739&#44;4740&#44;4741&#44;4742&#44;4743&#44;4745&#44;4749&#44;4750&#44;4755&#44;4761&#44;4763&#44;4764&#44;4767&#44;4768&#44;4769&#44;4770&#44;4771&#44;4772&#44;4774&#44;4775&#44;4776&#44;4777&#44;4778&#44;4780&#44;4781&#44;4782&#44;4783&#44;4784&#44;4785&#44;4786&#44;4787&#44;4789&#44;4790&#44;4791&#44;4794&#44;4795&#44;4797&#44;4798&#44;4799&#44;4801&#44;4802&#44;4804&#44;4805&#44;4808&#44;4815&#44;4816&#44;4817&#44;4818&#44;4819&#44;4820&#44;4822&#44;4824&#44;4825&#44;4828&#44;4829&#44;4830&#44;4831&#44;4836&#44;4837&#44;4839&#44;4840&#44;4843&#44;4846&#44;4847&#44;4850&#44;4851&#44;4852&#44;4853&#44;4855&#44;4857&#44;4859&#44;4860&#44;4861&#44;4866&#44;4870&#44;4871&#44;4872&#44;4873&#44;4874&#44;4875&#44;4876&#44;4878&#44;4879&#44;4901&#44;4905&#44;4906&#44;4908&#44;4911&#44;4914&#44;4915&#44;4917&#44;4920&#44;4925&#44;4926&#44;4930&#44;4933&#44;4936&#44;4938&#44;4939&#44;4942&#44;4944&#44;4946&#44;4947&#44;4948&#44;4950&#44;4952&#44;4955&#44;4958&#44;4961&#44;4962&#44;4963&#44;4969&#44;4972&#44;4973&#44;4974&#44;4982&#44;4983&#44;4985&#44;4987&#44;4989&#44;4990&#44;4991&#44;4992&#44;4994&#44;4996&#44;4998&#44;4999&#44;6181&#44;6188&#44;6189&#44;6201&#44;6202&#44;6203&#44;6204&#44;6205&#44;6212&#44;6213&#44;6216&#44;6217&#44;6218&#44;6219&#44;6220&#44;6225&#44;6228&#44;6235&#44;6236&#44;6238&#44;6239&#44;6240&#44;6242&#44;6244&#44;6245&#44;6246&#44;6247&#44;6249&#44;6251&#44;6252&#44;6254&#44;6255&#44;6256&#44;6257&#44;6259&#44;6260&#44;6261&#44;6262&#44;6265&#44;6267&#44;6269&#44;6270&#44;6275&#44;6302&#44;6304&#44;6305&#44;6307&#44;6308&#44;6309&#44;6310&#44;6311&#44;6312&#44;6313&#44;6314&#44;6315&#44;6317&#44;6319&#44;6320&#44;6321&#44;6322&#44;6324&#44;6325&#44;6326&#44;6327&#44;6328&#44;6329&#44;6330&#44;6331&#44;6332&#44;6333&#44;6334&#44;6335&#44;6336&#44;6338&#44;6339&#44;6341&#44;6342&#44;6343&#44;6344&#44;6345&#44;6347&#44;6348&#44;6349&#44;6350&#44;6351&#44;6352&#44;6353&#44;6354&#44;6355&#44;6356&#44;6357&#44;6358&#44;6359&#44;6360&#44;6361&#44;6363&#44;6364&#44;6365&#44;6366&#44;6367&#44;6368&#44;6369&#44;6371&#44;6372&#44;6373&#44;6375&#44;6376&#44;6377&#44;6378&#44;6379&#44;6380&#44;6381&#44;6382&#44;6383&#44;6384&#44;6385&#44;6386&#44;6387&#44;6388&#44;6401&#44;6402&#44;6403&#44;6404&#44;6405&#44;6406&#44;6407&#44;6408&#44;6409&#44;6410&#44;6412&#44;6413&#44;6414&#44;6415&#44;6417&#44;6418&#44;6419&#44;6420&#44;6421&#44;6422&#44;6423&#44;6424&#44;6425&#44;6426&#44;6427&#44;6428&#44;6429&#44;6430&#44;6431&#44;6432&#44;6433&#44;6434&#44;6435&#44;6436&#44;6437&#44;6439&#44;6440&#44;6441&#44;6443&#44;6444&#44;6445&#44;6448&#44;6449&#44;6450&#44;6452&#44;6453&#44;6454&#44;6455&#44;6456&#44;6457&#44;6458&#44;6460&#44;6461&#44;6462&#44;6463&#44;6464&#44;6471&#44;6472&#44;6474&#44;6479&#44;6482&#44;6485&#44;6487&#44;6489&#44;6501&#44;6502&#44;6503&#44;6505&#44;6506&#44;6507&#44;6509&#44;6510&#44;6512&#44;6514&#44;6517&#44;6518&#44;6520&#44;6521&#44;6524&#44;6527&#44;6528&#44;6533&#44;6535&#44;6536&#44;6539&#44;6540&#44;6543&#44;6547&#44;6549&#44;6556&#44;6562&#44;6565&#44;6567&#44;6568&#44;6569&#44;6570&#44;6571&#44;6572&#44;6573&#44;6575&#44;6581&#44;6582&#44;6604&#44;6605&#44;6606&#44;6608&#44;6609&#44;6610&#44;6612&#44;6613&#44;6614&#44;6615&#44;6616&#44;6617&#44;6619&#44;6620&#44;6621&#44;6622&#44;6624&#44;6626&#44;6628&#44;6630&#44;6631&#44;6632&#44;6633&#44;6634&#44;6635&#44;6636&#44;6637&#44;6643&#44;6644&#44;6646&#44;6650&#44;6651&#44;6652&#44;6653&#44;6655&#44;6657&#44;6658&#44;6659&#44;6660&#44;6661&#44;6662&#44;6663&#44;6664&#44;6666&#44;6667&#44;6670&#44;6671&#44;6672&#44;6673&#44;6674&#44;6675&#44;6676&#44;6677&#44;6678&#44;6679&#44;6680&#44;6682&#44;6683&#44;6684&#44;6685&#44;6686&#44;6689&#44;6690&#44;6692&#44;6779&#44;6781&#44;6867&#44;6976&#44;6979&#44;7189&#44;7658&#44;7676&#44;8102&#44;8104&#44;8106&#44;8107&#44;8111&#44;8112&#44;8114&#44;8115&#44;8116&#44;8117&#44;8119&#44;8120&#44;8123&#44;8125&#44;8126&#44;8128&#44;8129&#44;8130&#44;8132&#44;8133&#44;8134&#44;8135&#44;8136&#44;8138&#44;8139&#44;8141&#44;8142&#44;8144&#44;8145&#44;8146&#44;8147&#44;8149&#44;8150&#44;8151&#44;8152&#44;8153&#44;8155&#44;8156&#44;8157&#44;8158&#44;8160&#44;8161&#44;8162&#44;8163&#44;8164&#44;8165&#44;8166&#44;8167&#44;8168&#44;8169&#44;8172&#44;8173&#44;8174&#44;8175&#44;8176&#44;8177&#44;8180&#44;8181&#44;8182&#44;8183&#44;8184&#44;8185&#44;8186&#44;8188&#44;8189&#44;8190&#44;8191&#44;8192&#44;8193&#44;8194&#44;8196&#44;8197&#44;8201&#44;8202&#44;8203&#44;8205&#44;8207&#44;8208&#44;8209&#44;8210&#44;8211&#44;8213&#44;8215&#44;8218&#44;8219&#44;8220&#44;8221&#44;8222&#44;8223&#44;8224&#44;8225&#44;8226&#44;8227&#44;8228&#44;8236&#44;8237&#44;8238&#44;8239&#44;8241&#44;8242&#44;8243&#44;8244&#44;8245&#44;8246&#44;8247&#44;8248&#44;8250&#44;8251&#44;8252&#44;8253&#44;8254&#44;8256&#44;8257&#44;8259&#44;8261&#44;8262&#44;8263&#44;8264&#44;8265&#44;8266&#44;8267&#44;8268&#44;8269&#44;8270&#44;8271&#44;8272&#44;8274&#44;8275&#44;8279&#44;8280&#44;8281&#44;8282&#44;8283&#44;8284&#44;8285&#44;8286&#44;8287&#44;8288&#44;8289&#44;8290&#44;8291&#44;8292&#44;8293&#44;8294&#44;8295&#44;8296&#44;8297&#44;8298&#44;8299&#44;""",9/5/22,9/2/22,N
layouts,Bakery Tables,"""37&#44;77""",,2022,9/8/22,1-NewFolderStructure/C037_C077_Bakery_Tables/C37_77_Bakery_Tables_Effective_09082022_Updated_09082022/,_C37_77_Bakery_Tables_Effective_09082022_Updated_09082022.pdf,"""6404&#44;""",9/16/22,9/8/22,N
layouts,Bakery Pallets,"""37-4&#44;77-4""",,2022,9/8/22,1-NewFolderStructure/C037_C077_Bakery_Pallets/C37_77_Bakery_Pallets_Effective_09082022_Updated_09082022/,_C37_77_Bakery_Pallets_Effective_09082022_Updated_09082022.pdf,"""6404&#44;""",9/16/22,9/8/22,N
layouts,Bakery Bread Pods,"""37-5&#44;77-5""",,2022,9/8/22,1-NewFolderStructure/C037_C077_Bakery_Bread_Pods/C37_77_Bread_POD_Effective_09082022_Updated_09082022/,_C37_77_Bread_POD_Effective_09082022_Updated_09082022.pdf,"""6404&#44;""",9/16/22,9/8/22,N
layouts,Meat and Seafood,"""72&#44;76&#44;93""",,2022,9/9/22,1-NewFolderStructure/C076_C072_C093_Fresh_Meat_Seafood/C76_C93_Effective_09092022_Planogram_Updated_09092022/,_C76_C93_Effective_09092022_Planogram_Updated_09092022.pdf,"""6368&#44;6402&#44;6487&#44;8291&#44;""",9/13/22,9/9/22,N
layouts,Seafood Island,72-2,,2022,9/9/22,1-NewFolderStructure/C072_Seafood_Island/C72_SeafoodIsland_Effective_09092022/,_C72_SeafoodIsland_Effective_09092022.pdf,"""4707&#44;4711&#44;4713&#44;4740&#44;4742&#44;4775&#44;4783&#44;4790&#44;4804&#44;4808&#44;4855&#44;4905&#44;4925&#44;4969&#44;4983&#44;4985&#44;4998&#44;6239&#44;6242&#44;6249&#44;6251&#44;6254&#44;6262&#44;6265&#44;6309&#44;6312&#44;6317&#44;6320&#44;6344&#44;6348&#44;6354&#44;6360&#44;6361&#44;6414&#44;6415&#44;6457&#44;6520&#44;6565&#44;6604&#44;6619&#44;6636&#44;6644&#44;6653&#44;6662&#44;6666&#44;6674&#44;6692&#44;8106&#44;8114&#44;8115&#44;8123&#44;8139&#44;8149&#44;8165&#44;8168&#44;8181&#44;8183&#44;8201&#44;8209&#44;8225&#44;8236&#44;8238&#44;8246&#44;8269&#44;8299&#44;&#44;&#44;&#44;&#44;&#44;&#44;&#44;&#44;&#44;&#44;&#44;&#44;&#44;&#44;&#44;&#44;&#44;&#44;&#44;&#44;&#44;&#44;&#44;&#44;&#44;&#44;&#44;&#44;&#44;&#44;&#44;&#44;&#44;&#44;&#44;&#44;&#44;&#44;&#44;&#44;&#44;&#44;&#44;&#44;&#44;&#44;&#44;&#44;&#44;&#44;&#44;&#44;&#44;&#44;&#44;&#44;&#44;&#44;&#44;&#44;&#44;&#44;&#44;&#44;&#44;&#44;&#44;&#44;&#44;&#44;&#44;&#44;&#44;&#44;&#44;&#44;&#44;&#44;&#44;&#44;&#44;&#44;&#44;&#44;&#44;&#44;&#44;&#44;&#44;&#44;&#44;&#44;&#44;&#44;&#44;&#44;&#44;&#44;&#44;&#44;&#44;&#44;&#44;&#44;&#44;&#44;&#44;&#44;&#44;&#44;&#44;&#44;&#44;&#44;&#44;&#44;&#44;&#44;&#44;&#44;&#44;&#44;&#44;&#44;&#44;&#44;&#44;&#44;&#44;&#44;&#44;&#44;&#44;&#44;&#44;&#44;&#44;&#44;&#44;&#44;&#44;&#44;&#44;&#44;&#44;&#44;&#44;&#44;&#44;&#44;&#44;&#44;&#44;&#44;&#44;&#44;&#44;&#44;&#44;&#44;&#44;&#44;&#44;&#44;&#44;&#44;&#44;&#44;&#44;&#44;&#44;&#44;&#44;&#44;&#44;&#44;&#44;&#44;&#44;&#44;&#44;&#44;&#44;&#44;&#44;&#44;&#44;&#44;&#44;&#44;&#44;&#44;&#44;&#44;&#44;&#44;&#44;&#44;&#44;&#44;&#44;&#44;&#44;&#44;&#44;&#44;&#44;&#44;&#44;&#44;&#44;&#44;&#44;&#44;&#44;&#44;&#44;&#44;&#44;&#44;&#44;&#44;&#44;&#44;&#44;&#44;&#44;&#44;&#44;&#44;&#44;&#44;&#44;&#44;&#44;&#44;&#44;&#44;&#44;&#44;&#44;&#44;&#44;&#44;&#44;&#44;&#44;&#44;&#44;&#44;&#44;&#44;&#44;&#44;&#44;&#44;&#44;&#44;&#44;&#44;&#44;&#44;&#44;&#44;&#44;&#44;&#44;&#44;&#44;&#44;&#44;&#44;&#44;&#44;&#44;&#44;&#44;&#44;&#44;&#44;&#44;&#44;&#44;&#44;&#44;&#44;&#44;&#44;&#44;&#44;&#44;&#44;&#44;&#44;&#44;&#44;&#44;&#44;&#44;&#44;&#44;&#44;&#44;&#44;&#44;&#44;&#44;&#44;&#44;&#44;&#44;&#44;&#44;&#44;&#44;&#44;&#44;&#44;&#44;&#44;&#44;&#44;&#44;&#44;&#44;&#44;&#44;&#44;&#44;&#44;&#44;&#44;&#44;&#44;&#44;&#44;&#44;&#44;&#44;&#44;&#44;&#44;&#44;&#44;&#44;&#44;&#44;&#44;&#44;&#44;&#44;&#44;&#44;&#44;&#44;&#44;&#44;&#44;&#44;&#44;&#44;&#44;&#44;&#44;&#44;&#44;&#44;&#44;&#44;&#44;&#44;&#44;&#44;&#44;&#44;&#44;&#44;&#44;&#44;&#44;&#44;&#44;&#44;&#44;&#44;&#44;&#44;&#44;&#44;&#44;&#44;&#44;&#44;&#44;&#44;&#44;&#44;&#44;&#44;&#44;&#44;&#44;&#44;&#44;&#44;&#44;&#44;&#44;&#44;&#44;&#44;&#44;&#44;&#44;&#44;&#44;&#44;&#44;&#44;&#44;&#44;&#44;&#44;&#44;&#44;&#44;&#44;&#44;&#44;&#44;&#44;&#44;&#44;&#44;&#44;&#44;&#44;&#44;&#44;&#44;&#44;&#44;&#44;&#44;&#44;&#44;&#44;&#44;&#44;&#44;&#44;&#44;&#44;&#44;&#44;&#44;&#44;&#44;&#44;&#44;&#44;&#44;&#44;&#44;&#44;&#44;&#44;&#44;&#44;&#44;&#44;&#44;&#44;&#44;&#44;&#44;&#44;&#44;&#44;&#44;&#44;&#44;&#44;&#44;&#44;&#44;&#44;&#44;&#44;&#44;&#44;&#44;&#44;&#44;&#44;&#44;&#44;&#44;&#44;&#44;&#44;&#44;&#44;&#44;&#44;&#44;&#44;&#44;&#44;&#44;&#44;&#44;&#44;&#44;&#44;&#44;&#44;&#44;&#44;&#44;&#44;&#44;&#44;&#44;&#44;&#44;&#44;""",9/13/22,9/9/22,N
layouts,Bakery Tables,"""37&#44;77""",,2022,9/14/22,1-NewFolderStructure/C037_C077_Bakery_Tables/C37_77_Bakery_Tables_Effective_09142022_Updated_09142022/,_C37_77_Bakery_Tables_Effective_09142022_Updated_09142022.pdf,"""8150&#44;""",9/16/22,9/14/22,N
layouts,Bakery Pallets,"""37-4&#44;77-4""",,2022,9/14/22,1-NewFolderStructure/C037_C077_Bakery_Pallets/C37_77_Bakery_Pallets_Effective_09142022_Updated_09142022/,_C37_77_Bakery_Pallets_Effective_09142022_Updated_09142022.pdf,"""8150&#44;""",9/16/22,9/14/22,N
layouts,Bakery Bread Pods,"""37-5&#44;77-5""",,2022,9/14/22,1-NewFolderStructure/C037_C077_Bakery_Bread_Pods/C37_77_Bread_POD_Effective_09142022_Updated_09142022/,_C37_77_Bread_POD_Effective_09142022_Updated_09142022.pdf,"""8150&#44;""",9/16/22,9/14/22,N
layouts,Seafood,72-1,,2022,9/14/22,1-NewFolderStructure/C072_Seafood/C72_Seafood_Effective_9142022/,_C72_Seafood_Effective_9142022.pdf,"""6373&#44;""",9/16/22,9/14/22,N
layouts,Bakery Tables,"""37&#44;77""",,2022,9/16/22,1-NewFolderStructure/C037_C077_Bakery_Tables/C37_77_Bakery_Tables_Effective_09162022_Updated_09162022/,_C37_77_Bakery_Tables_Effective_09162022_Updated_09162022.pdf,"""6401&#44;""",9/16/22,9/16/22,N
layouts,Meat and Seafood,"""72&#44;76&#44;93""",,2022,9/16/22,1-NewFolderStructure/C076_C072_C093_Fresh_Meat_Seafood/C76_C93_Effective_09052022_Planogram_Updated_09012022/,_C76_C93_Effective_09052022_Planogram_Updated_09012022.pdf,"""4710&#44;4797&#44;4982&#44;6205&#44;6417&#44;6524&#44;""",9/16/22,9/16/22,N
layouts,Deli,57,,2022,9/19/22,1-NewFolderStructure/C057_Deli/C57_Effective_09192022_Planogram_Update_08-26-2022/,_C57_Effective_09192022_Planogram_Update_08-26-2022.pdf,"""4109&#44;4702&#44;4703&#44;4704&#44;4707&#44;4709&#44;4710&#44;4711&#44;4712&#44;4713&#44;4718&#44;4720&#44;4721&#44;4722&#44;4724&#44;4728&#44;4729&#44;4730&#44;4731&#44;4732&#44;4735&#44;4736&#44;4738&#44;4739&#44;4740&#44;4741&#44;4742&#44;4743&#44;4745&#44;4749&#44;4750&#44;4755&#44;4761&#44;4763&#44;4764&#44;4767&#44;4768&#44;4769&#44;4770&#44;4771&#44;4772&#44;4774&#44;4775&#44;4776&#44;4777&#44;4778&#44;4780&#44;4781&#44;4782&#44;4783&#44;4784&#44;4785&#44;4786&#44;4787&#44;4789&#44;4790&#44;4791&#44;4794&#44;4795&#44;4797&#44;4798&#44;4799&#44;4801&#44;4802&#44;4804&#44;4805&#44;4808&#44;4815&#44;4816&#44;4817&#44;4818&#44;4819&#44;4820&#44;4822&#44;4824&#44;4825&#44;4828&#44;4829&#44;4830&#44;4831&#44;4836&#44;4837&#44;4839&#44;4840&#44;4843&#44;4846&#44;4847&#44;4850&#44;4851&#44;4852&#44;4853&#44;4855&#44;4857&#44;4859&#44;4860&#44;4861&#44;4866&#44;4870&#44;4871&#44;4872&#44;4873&#44;4874&#44;4875&#44;4876&#44;4878&#44;4879&#44;4901&#44;4905&#44;4906&#44;4908&#44;4911&#44;4914&#44;4915&#44;4917&#44;4920&#44;4925&#44;4926&#44;4930&#44;4933&#44;4936&#44;4938&#44;4939&#44;4942&#44;4944&#44;4946&#44;4947&#44;4948&#44;4950&#44;4952&#44;4955&#44;4958&#44;4961&#44;4962&#44;4963&#44;4969&#44;4972&#44;4973&#44;4974&#44;4982&#44;4983&#44;4985&#44;4987&#44;4989&#44;4990&#44;4991&#44;4992&#44;4994&#44;4996&#44;4998&#44;4999&#44;6181&#44;6188&#44;6189&#44;6201&#44;6202&#44;6203&#44;6204&#44;6205&#44;6212&#44;6213&#44;6216&#44;6217&#44;6218&#44;6219&#44;6220&#44;6225&#44;6228&#44;6235&#44;6236&#44;6238&#44;6239&#44;6240&#44;6242&#44;6244&#44;6245&#44;6246&#44;6247&#44;6249&#44;6251&#44;6252&#44;6254&#44;6255&#44;6256&#44;6257&#44;6259&#44;6260&#44;6261&#44;6262&#44;6265&#44;6267&#44;6269&#44;6270&#44;6275&#44;6302&#44;6304&#44;6305&#44;6307&#44;6308&#44;6309&#44;6310&#44;6311&#44;6312&#44;6313&#44;6314&#44;6315&#44;6317&#44;6319&#44;6320&#44;6321&#44;6322&#44;6324&#44;6325&#44;6326&#44;6327&#44;6328&#44;6329&#44;6330&#44;6331&#44;6332&#44;6333&#44;6334&#44;6335&#44;6336&#44;6338&#44;6339&#44;6341&#44;6342&#44;6343&#44;6344&#44;6345&#44;6347&#44;6348&#44;6349&#44;6350&#44;6351&#44;6352&#44;6353&#44;6354&#44;6355&#44;6356&#44;6357&#44;6358&#44;6359&#44;6360&#44;6361&#44;6363&#44;6364&#44;6365&#44;6366&#44;6367&#44;6368&#44;6369&#44;6371&#44;6372&#44;6373&#44;6375&#44;6376&#44;6377&#44;6378&#44;6379&#44;6380&#44;6381&#44;6382&#44;6383&#44;6384&#44;6385&#44;6386&#44;6387&#44;6388&#44;6401&#44;6402&#44;6403&#44;6404&#44;6405&#44;6406&#44;6407&#44;6408&#44;6409&#44;6410&#44;6412&#44;6413&#44;6414&#44;6415&#44;6417&#44;6418&#44;6419&#44;6420&#44;6421&#44;6422&#44;6423&#44;6424&#44;6425&#44;6426&#44;6427&#44;6428&#44;6429&#44;6430&#44;6431&#44;6432&#44;6433&#44;6434&#44;6435&#44;6436&#44;6437&#44;6439&#44;6440&#44;6441&#44;6443&#44;6444&#44;6445&#44;6448&#44;6449&#44;6450&#44;6452&#44;6453&#44;6454&#44;6455&#44;6456&#44;6457&#44;6458&#44;6460&#44;6461&#44;6462&#44;6463&#44;6464&#44;6471&#44;6472&#44;6474&#44;6479&#44;6482&#44;6485&#44;6487&#44;6489&#44;6501&#44;6502&#44;6503&#44;6505&#44;6506&#44;6507&#44;6509&#44;6510&#44;6512&#44;6514&#44;6517&#44;6518&#44;6520&#44;6521&#44;6524&#44;6527&#44;6528&#44;6533&#44;6535&#44;6536&#44;6539&#44;6540&#44;6543&#44;6547&#44;6549&#44;6556&#44;6562&#44;6565&#44;6567&#44;6568&#44;6569&#44;6570&#44;6571&#44;6572&#44;6573&#44;6575&#44;6581&#44;6582&#44;6604&#44;6605&#44;6606&#44;6608&#44;6609&#44;6610&#44;6612&#44;6613&#44;6614&#44;6615&#44;6616&#44;6617&#44;6619&#44;6620&#44;6621&#44;6622&#44;6624&#44;6626&#44;6628&#44;6630&#44;6631&#44;6632&#44;6633&#44;6634&#44;6635&#44;6636&#44;6637&#44;6643&#44;6644&#44;6646&#44;6650&#44;6651&#44;6652&#44;6653&#44;6655&#44;6657&#44;6658&#44;6659&#44;6660&#44;6661&#44;6662&#44;6663&#44;6664&#44;6666&#44;6667&#44;6670&#44;6671&#44;6672&#44;6673&#44;6674&#44;6675&#44;6676&#44;6677&#44;6678&#44;6679&#44;6680&#44;6682&#44;6683&#44;6684&#44;6685&#44;6686&#44;6689&#44;6690&#44;6692&#44;6693&#44;6779&#44;6781&#44;6867&#44;6976&#44;6979&#44;7189&#44;7658&#44;7676&#44;8102&#44;8104&#44;8106&#44;8107&#44;8111&#44;8112&#44;8114&#44;8115&#44;8116&#44;8117&#44;8119&#44;8120&#44;8123&#44;8125&#44;8126&#44;8128&#44;8129&#44;8130&#44;8132&#44;8133&#44;8134&#44;8135&#44;8136&#44;8138&#44;8139&#44;8141&#44;8142&#44;8144&#44;8145&#44;8146&#44;8147&#44;8149&#44;8150&#44;8151&#44;8152&#44;8153&#44;8155&#44;8156&#44;8157&#44;8158&#44;8160&#44;8161&#44;8162&#44;8163&#44;8164&#44;8165&#44;8166&#44;8167&#44;8168&#44;8169&#44;8172&#44;8173&#44;8174&#44;8175&#44;8176&#44;8177&#44;8180&#44;8181&#44;8182&#44;8183&#44;8184&#44;8185&#44;8186&#44;8188&#44;8189&#44;8190&#44;8191&#44;8192&#44;8193&#44;8194&#44;8196&#44;8197&#44;8201&#44;8202&#44;8203&#44;8205&#44;8207&#44;8208&#44;8209&#44;8210&#44;8211&#44;8213&#44;8215&#44;8218&#44;8219&#44;8220&#44;8221&#44;8222&#44;8223&#44;8224&#44;8225&#44;8226&#44;8227&#44;8228&#44;8236&#44;8237&#44;8238&#44;8239&#44;8241&#44;8242&#44;8243&#44;8244&#44;8245&#44;8246&#44;8247&#44;8248&#44;8250&#44;8251&#44;8252&#44;8253&#44;8254&#44;8256&#44;8257&#44;8259&#44;8261&#44;8262&#44;8263&#44;8264&#44;8265&#44;8266&#44;8267&#44;8268&#44;8269&#44;8270&#44;8271&#44;8272&#44;8273&#44;8274&#44;8275&#44;8276&#44;8277&#44;8278&#44;8279&#44;8280&#44;8281&#44;8282&#44;8283&#44;8284&#44;8285&#44;8286&#44;8287&#44;8288&#44;8289&#44;8290&#44;8291&#44;8292&#44;8293&#44;8294&#44;8295&#44;8296&#44;8297&#44;8298&#44;8299&#44;""",9/13/22,8/26/22,N
layouts,Deli,57,,2022,9/19/22,1-NewFolderStructure/C057_Deli/C57_Effective_09192022_Planogram_Update_09232022/,_C57_Effective_09192022_Planogram_Update_09232022.pdf,"""4982&#44;6335&#44;6419&#44;6453&#44;6658&#44;""",9/13/22,8/26/22,N
layouts,Soundbars,5,,2022,9/19/22,https://sams-csp.cld.samsclub.com/clubs/,/planograms/5,"""4109&#44;4702&#44;4703&#44;4704&#44;4707&#44;4709&#44;4710&#44;4711&#44;4712&#44;4713&#44;4718&#44;4720&#44;4721&#44;4722&#44;4724&#44;4728&#44;4729&#44;4730&#44;4731&#44;4732&#44;4735&#44;4736&#44;4738&#44;4739&#44;4740&#44;4741&#44;4742&#44;4743&#44;4745&#44;4749&#44;4750&#44;4755&#44;4761&#44;4763&#44;4764&#44;4767&#44;4768&#44;4769&#44;4770&#44;4771&#44;4772&#44;4774&#44;4775&#44;4776&#44;4777&#44;4778&#44;4780&#44;4781&#44;4782&#44;4783&#44;4784&#44;4785&#44;4786&#44;4787&#44;4789&#44;4790&#44;4791&#44;4794&#44;4795&#44;4797&#44;4798&#44;4799&#44;4801&#44;4802&#44;4804&#44;4805&#44;4808&#44;4815&#44;4816&#44;4817&#44;4818&#44;4819&#44;4820&#44;4822&#44;4824&#44;4825&#44;4828&#44;4829&#44;4830&#44;4831&#44;4836&#44;4837&#44;4839&#44;4840&#44;4843&#44;4846&#44;4847&#44;4850&#44;4851&#44;4852&#44;4853&#44;4855&#44;4857&#44;4859&#44;4860&#44;4861&#44;4866&#44;4870&#44;4871&#44;4872&#44;4873&#44;4874&#44;4875&#44;4876&#44;4878&#44;4879&#44;4901&#44;4905&#44;4906&#44;4908&#44;4911&#44;4914&#44;4915&#44;4917&#44;4920&#44;4925&#44;4926&#44;4930&#44;4933&#44;4936&#44;4938&#44;4939&#44;4942&#44;4944&#44;4946&#44;4947&#44;4948&#44;4950&#44;4952&#44;4955&#44;4958&#44;4961&#44;4962&#44;4963&#44;4969&#44;4972&#44;4973&#44;4974&#44;4982&#44;4983&#44;4985&#44;4987&#44;4989&#44;4990&#44;4991&#44;4992&#44;4994&#44;4996&#44;4998&#44;4999&#44;6181&#44;6188&#44;6189&#44;6201&#44;6202&#44;6203&#44;6204&#44;6205&#44;6212&#44;6213&#44;6216&#44;6217&#44;6218&#44;6219&#44;6220&#44;6225&#44;6228&#44;6235&#44;6236&#44;6238&#44;6239&#44;6240&#44;6242&#44;6244&#44;6245&#44;6246&#44;6247&#44;6249&#44;6251&#44;6252&#44;6254&#44;6255&#44;6256&#44;6257&#44;6259&#44;6260&#44;6261&#44;6262&#44;6265&#44;6267&#44;6269&#44;6270&#44;6275&#44;6302&#44;6304&#44;6305&#44;6307&#44;6308&#44;6309&#44;6310&#44;6311&#44;6312&#44;6313&#44;6314&#44;6315&#44;6317&#44;6319&#44;6320&#44;6321&#44;6322&#44;6324&#44;6325&#44;6326&#44;6327&#44;6328&#44;6329&#44;6330&#44;6331&#44;6332&#44;6333&#44;6334&#44;6335&#44;6336&#44;6338&#44;6339&#44;6341&#44;6342&#44;6343&#44;6344&#44;6345&#44;6347&#44;6348&#44;6349&#44;6350&#44;6351&#44;6352&#44;6353&#44;6354&#44;6355&#44;6356&#44;6357&#44;6358&#44;6359&#44;6360&#44;6361&#44;6363&#44;6364&#44;6365&#44;6366&#44;6367&#44;6368&#44;6369&#44;6371&#44;6372&#44;6373&#44;6375&#44;6376&#44;6377&#44;6378&#44;6379&#44;6380&#44;6381&#44;6382&#44;6383&#44;6384&#44;6385&#44;6386&#44;6387&#44;6388&#44;6401&#44;6402&#44;6403&#44;6404&#44;6405&#44;6406&#44;6407&#44;6408&#44;6409&#44;6410&#44;6412&#44;6413&#44;6414&#44;6415&#44;6417&#44;6418&#44;6419&#44;6420&#44;6421&#44;6422&#44;6423&#44;6424&#44;6425&#44;6426&#44;6427&#44;6428&#44;6429&#44;6430&#44;6431&#44;6432&#44;6433&#44;6434&#44;6435&#44;6436&#44;6437&#44;6439&#44;6440&#44;6441&#44;6443&#44;6444&#44;6445&#44;6448&#44;6449&#44;6450&#44;6452&#44;6453&#44;6454&#44;6455&#44;6456&#44;6457&#44;6458&#44;6460&#44;6461&#44;6462&#44;6463&#44;6464&#44;6471&#44;6472&#44;6474&#44;6479&#44;6482&#44;6485&#44;6487&#44;6489&#44;6501&#44;6502&#44;6503&#44;6505&#44;6506&#44;6507&#44;6509&#44;6510&#44;6512&#44;6514&#44;6517&#44;6518&#44;6520&#44;6521&#44;6524&#44;6527&#44;6528&#44;6533&#44;6535&#44;6536&#44;6539&#44;6540&#44;6543&#44;6547&#44;6549&#44;6556&#44;6562&#44;6565&#44;6567&#44;6568&#44;6569&#44;6570&#44;6571&#44;6572&#44;6573&#44;6575&#44;6581&#44;6582&#44;6604&#44;6605&#44;6606&#44;6608&#44;6609&#44;6610&#44;6612&#44;6613&#44;6614&#44;6615&#44;6616&#44;6617&#44;6619&#44;6620&#44;6621&#44;6622&#44;6624&#44;6626&#44;6628&#44;6630&#44;6631&#44;6632&#44;6633&#44;6634&#44;6635&#44;6636&#44;6637&#44;6643&#44;6644&#44;6646&#44;6650&#44;6651&#44;6652&#44;6653&#44;6655&#44;6657&#44;6658&#44;6659&#44;6660&#44;6661&#44;6662&#44;6663&#44;6664&#44;6666&#44;6667&#44;6670&#44;6671&#44;6672&#44;6673&#44;6674&#44;6675&#44;6676&#44;6677&#44;6678&#44;6679&#44;6680&#44;6682&#44;6683&#44;6684&#44;6685&#44;6686&#44;6689&#44;6690&#44;6692&#44;6693&#44;6779&#44;6781&#44;6867&#44;6976&#44;6979&#44;7189&#44;7658&#44;7676&#44;8102&#44;8104&#44;8106&#44;8107&#44;8111&#44;8112&#44;8114&#44;8115&#44;8116&#44;8117&#44;8119&#44;8120&#44;8123&#44;8125&#44;8126&#44;8128&#44;8129&#44;8130&#44;8132&#44;8133&#44;8134&#44;8135&#44;8136&#44;8138&#44;8139&#44;8141&#44;8142&#44;8144&#44;8145&#44;8146&#44;8147&#44;8149&#44;8150&#44;8151&#44;8152&#44;8153&#44;8155&#44;8156&#44;8157&#44;8158&#44;8160&#44;8161&#44;8162&#44;8163&#44;8164&#44;8165&#44;8166&#44;8167&#44;8168&#44;8169&#44;8172&#44;8173&#44;8174&#44;8175&#44;8176&#44;8177&#44;8180&#44;8181&#44;8182&#44;8183&#44;8184&#44;8185&#44;8186&#44;8188&#44;8189&#44;8190&#44;8191&#44;8192&#44;8193&#44;8194&#44;8196&#44;8197&#44;8201&#44;8202&#44;8203&#44;8205&#44;8207&#44;8208&#44;8209&#44;8210&#44;8211&#44;8213&#44;8215&#44;8218&#44;8219&#44;8220&#44;8221&#44;8222&#44;8223&#44;8224&#44;8225&#44;8226&#44;8227&#44;8228&#44;8236&#44;8237&#44;8238&#44;8239&#44;8241&#44;8242&#44;8243&#44;8244&#44;8245&#44;8246&#44;8247&#44;8248&#44;8250&#44;8251&#44;8252&#44;8253&#44;8254&#44;8256&#44;8257&#44;8259&#44;8261&#44;8262&#44;8263&#44;8264&#44;8265&#44;8266&#44;8267&#44;8268&#44;8269&#44;8270&#44;8271&#44;8272&#44;8273&#44;8274&#44;8275&#44;8276&#44;8277&#44;8278&#44;8279&#44;8280&#44;8281&#44;8282&#44;8283&#44;8284&#44;8285&#44;8286&#44;8287&#44;8288&#44;8289&#44;8290&#44;8291&#44;8292&#44;8293&#44;8294&#44;8295&#44;8296&#44;8297&#44;8298&#44;8299&#44;""",9/19/22,9/19/22,N
layouts,Floral,56-3,,2022,9/26/22,1-NewFolderStructure/C056_Floral/C56_Floral_Effective_09222022_Planogram/,_C56_Floral_Effective_09222022_Planogram.pdf,"""4707&#44;4709&#44;4711&#44;4712&#44;4713&#44;4721&#44;4731&#44;4735&#44;4739&#44;4740&#44;4742&#44;4743&#44;4761&#44;4763&#44;4764&#44;4769&#44;4774&#44;4783&#44;4787&#44;4789&#44;4790&#44;4795&#44;4799&#44;4804&#44;4808&#44;4822&#44;4828&#44;4829&#44;4830&#44;4831&#44;4836&#44;4837&#44;4839&#44;4843&#44;4846&#44;4847&#44;4850&#44;4851&#44;4852&#44;4853&#44;4855&#44;4857&#44;4859&#44;4861&#44;4870&#44;4872&#44;4873&#44;4874&#44;4875&#44;4876&#44;4878&#44;4879&#44;4901&#44;4905&#44;4906&#44;4914&#44;4917&#44;4933&#44;4938&#44;4939&#44;4942&#44;4944&#44;4948&#44;4950&#44;4952&#44;4955&#44;4958&#44;4961&#44;4969&#44;4972&#44;4974&#44;4983&#44;4985&#44;4987&#44;4989&#44;4990&#44;4991&#44;4994&#44;4996&#44;4998&#44;4999&#44;6181&#44;6188&#44;6189&#44;6201&#44;6202&#44;6203&#44;6204&#44;6205&#44;6212&#44;6213&#44;6216&#44;6217&#44;6218&#44;6219&#44;6220&#44;6228&#44;6235&#44;6236&#44;6238&#44;6239&#44;6240&#44;6242&#44;6244&#44;6245&#44;6246&#44;6247&#44;6249&#44;6251&#44;6252&#44;6254&#44;6255&#44;6256&#44;6257&#44;6259&#44;6260&#44;6261&#44;6262&#44;6265&#44;6267&#44;6269&#44;6275&#44;6302&#44;6304&#44;6305&#44;6307&#44;6308&#44;6309&#44;6310&#44;6311&#44;6312&#44;6313&#44;6314&#44;6315&#44;6317&#44;6319&#44;6320&#44;6321&#44;6322&#44;6324&#44;6325&#44;6326&#44;6327&#44;6328&#44;6329&#44;6330&#44;6331&#44;6332&#44;6333&#44;6335&#44;6336&#44;6338&#44;6341&#44;6342&#44;6343&#44;6344&#44;6345&#44;6347&#44;6348&#44;6349&#44;6350&#44;6351&#44;6352&#44;6353&#44;6354&#44;6355&#44;6356&#44;6357&#44;6358&#44;6359&#44;6360&#44;6361&#44;6363&#44;6364&#44;6365&#44;6366&#44;6367&#44;6368&#44;6369&#44;6371&#44;6372&#44;6376&#44;6378&#44;6381&#44;6382&#44;6384&#44;6386&#44;6388&#44;6401&#44;6402&#44;6403&#44;6404&#44;6405&#44;6406&#44;6407&#44;6408&#44;6409&#44;6412&#44;6413&#44;6414&#44;6415&#44;6418&#44;6419&#44;6420&#44;6421&#44;6422&#44;6423&#44;6424&#44;6425&#44;6427&#44;6428&#44;6431&#44;6433&#44;6434&#44;6435&#44;6437&#44;6439&#44;6441&#44;6443&#44;6444&#44;6445&#44;6448&#44;6449&#44;6452&#44;6453&#44;6454&#44;6455&#44;6457&#44;6458&#44;6460&#44;6462&#44;6463&#44;6464&#44;6471&#44;6472&#44;6474&#44;6479&#44;6482&#44;6485&#44;6487&#44;6489&#44;6501&#44;6502&#44;6503&#44;6505&#44;6506&#44;6510&#44;6512&#44;6514&#44;6518&#44;6520&#44;6524&#44;6527&#44;6535&#44;6540&#44;6547&#44;6549&#44;6562&#44;6565&#44;6567&#44;6570&#44;6571&#44;6572&#44;6575&#44;6581&#44;6582&#44;6604&#44;6605&#44;6606&#44;6608&#44;6609&#44;6610&#44;6612&#44;6613&#44;6614&#44;6615&#44;6616&#44;6617&#44;6619&#44;6620&#44;6621&#44;6622&#44;6624&#44;6626&#44;6628&#44;6630&#44;6631&#44;6632&#44;6633&#44;6635&#44;6636&#44;6637&#44;6643&#44;6644&#44;6646&#44;6650&#44;6651&#44;6652&#44;6653&#44;6655&#44;6657&#44;6658&#44;6659&#44;6660&#44;6661&#44;6662&#44;6663&#44;6664&#44;6666&#44;6667&#44;6670&#44;6671&#44;6672&#44;6673&#44;6675&#44;6676&#44;6677&#44;6678&#44;6679&#44;6682&#44;6683&#44;6684&#44;6685&#44;6686&#44;6692&#44;6693&#44;6779&#44;6781&#44;6867&#44;6976&#44;6979&#44;7189&#44;7658&#44;7676&#44;8102&#44;8104&#44;8106&#44;8111&#44;8112&#44;8114&#44;8115&#44;8116&#44;8117&#44;8119&#44;8120&#44;8123&#44;8125&#44;8126&#44;8128&#44;8129&#44;8130&#44;8133&#44;8134&#44;8136&#44;8138&#44;8139&#44;8141&#44;8144&#44;8145&#44;8146&#44;8150&#44;8151&#44;8152&#44;8153&#44;8155&#44;8156&#44;8157&#44;8158&#44;8160&#44;8161&#44;8162&#44;8163&#44;8164&#44;8165&#44;8166&#44;8167&#44;8168&#44;8172&#44;8173&#44;8174&#44;8175&#44;8176&#44;8177&#44;8180&#44;8181&#44;8182&#44;8183&#44;8184&#44;8185&#44;8186&#44;8188&#44;8190&#44;8191&#44;8192&#44;8193&#44;8197&#44;8201&#44;8202&#44;8203&#44;8205&#44;8207&#44;8208&#44;8209&#44;8210&#44;8213&#44;8215&#44;8218&#44;8219&#44;8220&#44;8222&#44;8223&#44;8224&#44;8225&#44;8226&#44;8227&#44;8228&#44;8236&#44;8237&#44;8238&#44;8241&#44;8242&#44;8243&#44;8244&#44;8246&#44;8247&#44;8248&#44;8250&#44;8251&#44;8252&#44;8253&#44;8254&#44;8256&#44;8257&#44;8259&#44;8261&#44;8262&#44;8263&#44;8264&#44;8265&#44;8266&#44;8267&#44;8268&#44;8269&#44;8270&#44;8271&#44;8272&#44;8273&#44;8274&#44;8275&#44;8277&#44;8278&#44;8279&#44;8280&#44;8281&#44;8282&#44;8284&#44;8286&#44;8287&#44;8288&#44;8289&#44;8290&#44;8291&#44;8292&#44;8293&#44;8294&#44;8295&#44;8296&#44;8297&#44;8298&#44;8299&#44;&#44;&#44;&#44;&#44;&#44;&#44;&#44;&#44;&#44;&#44;&#44;&#44;&#44;&#44;&#44;&#44;&#44;&#44;&#44;&#44;&#44;&#44;&#44;&#44;&#44;&#44;&#44;&#44;&#44;&#44;&#44;&#44;&#44;&#44;&#44;&#44;&#44;&#44;&#44;&#44;&#44;&#44;&#44;&#44;&#44;&#44;&#44;&#44;&#44;&#44;&#44;&#44;&#44;&#44;&#44;&#44;&#44;&#44;&#44;&#44;&#44;&#44;&#44;&#44;&#44;&#44;&#44;&#44;&#44;&#44;&#44;&#44;&#44;&#44;&#44;&#44;&#44;&#44;&#44;&#44;&#44;&#44;&#44;&#44;&#44;&#44;&#44;&#44;&#44;&#44;&#44;&#44;&#44;&#44;&#44;&#44;&#44;&#44;&#44;&#44;&#44;&#44;&#44;&#44;&#44;&#44;&#44;&#44;&#44;&#44;&#44;&#44;&#44;&#44;&#44;&#44;&#44;&#44;""",9/23/22,9/23/22,N
layouts,Floral,56-3,,2022,9/26/22,1-NewFolderStructure/C056_Floral/C56_FLORAL_Eff_09192022_Updated_09192022/,_C56_FLORAL_Eff_09192022_Updated_09192022.pdf,"""6388&#44;""",9/23/22,9/23/22,N
layouts,Meat and Seafood,"""72&#44;76&#44;93""",,2022,10/3/22,1-NewFolderStructure/C076_C072_C093_Fresh_Meat_Seafood/C76_C93_Effective_10032022_Planogram_Updated_09012022/,_C76_C93_Effective_10032022_Planogram_Updated_09012022.pdf,"""4109&#44;4702&#44;4703&#44;4704&#44;4707&#44;4709&#44;4710&#44;4711&#44;4712&#44;4713&#44;4718&#44;4720&#44;4721&#44;4722&#44;4724&#44;4728&#44;4729&#44;4730&#44;4731&#44;4732&#44;4735&#44;4736&#44;4738&#44;4739&#44;4740&#44;4741&#44;4742&#44;4743&#44;4745&#44;4749&#44;4750&#44;4755&#44;4761&#44;4763&#44;4764&#44;4767&#44;4768&#44;4769&#44;4770&#44;4771&#44;4772&#44;4774&#44;4775&#44;4776&#44;4777&#44;4778&#44;4780&#44;4781&#44;4782&#44;4783&#44;4784&#44;4785&#44;4786&#44;4787&#44;4789&#44;4790&#44;4791&#44;4794&#44;4795&#44;4797&#44;4798&#44;4799&#44;4801&#44;4802&#44;4804&#44;4805&#44;4808&#44;4815&#44;4816&#44;4817&#44;4818&#44;4819&#44;4820&#44;4822&#44;4824&#44;4825&#44;4828&#44;4829&#44;4830&#44;4831&#44;4836&#44;4837&#44;4839&#44;4840&#44;4843&#44;4846&#44;4847&#44;4850&#44;4851&#44;4852&#44;4853&#44;4855&#44;4857&#44;4859&#44;4860&#44;4861&#44;4866&#44;4870&#44;4871&#44;4872&#44;4873&#44;4874&#44;4875&#44;4876&#44;4878&#44;4879&#44;4901&#44;4905&#44;4906&#44;4908&#44;4911&#44;4914&#44;4915&#44;4917&#44;4920&#44;4925&#44;4926&#44;4930&#44;4933&#44;4936&#44;4938&#44;4939&#44;4942&#44;4944&#44;4946&#44;4947&#44;4948&#44;4950&#44;4952&#44;4955&#44;4958&#44;4961&#44;4962&#44;4963&#44;4969&#44;4972&#44;4973&#44;4974&#44;4982&#44;4983&#44;4985&#44;4987&#44;4989&#44;4990&#44;4991&#44;4992&#44;4994&#44;4996&#44;4998&#44;4999&#44;6181&#44;6188&#44;6189&#44;6201&#44;6202&#44;6203&#44;6204&#44;6205&#44;6212&#44;6213&#44;6216&#44;6217&#44;6218&#44;6219&#44;6220&#44;6225&#44;6228&#44;6235&#44;6236&#44;6238&#44;6239&#44;6240&#44;6242&#44;6244&#44;6245&#44;6246&#44;6247&#44;6249&#44;6251&#44;6252&#44;6254&#44;6255&#44;6256&#44;6257&#44;6259&#44;6260&#44;6261&#44;6262&#44;6265&#44;6267&#44;6269&#44;6270&#44;6275&#44;6302&#44;6304&#44;6305&#44;6307&#44;6308&#44;6309&#44;6310&#44;6311&#44;6312&#44;6313&#44;6314&#44;6315&#44;6317&#44;6319&#44;6320&#44;6321&#44;6322&#44;6324&#44;6325&#44;6326&#44;6327&#44;6328&#44;6329&#44;6330&#44;6331&#44;6332&#44;6333&#44;6334&#44;6335&#44;6336&#44;6338&#44;6339&#44;6341&#44;6342&#44;6343&#44;6344&#44;6345&#44;6347&#44;6348&#44;6349&#44;6350&#44;6351&#44;6352&#44;6353&#44;6354&#44;6355&#44;6356&#44;6357&#44;6358&#44;6359&#44;6360&#44;6361&#44;6363&#44;6364&#44;6365&#44;6366&#44;6367&#44;6368&#44;6369&#44;6371&#44;6372&#44;6373&#44;6375&#44;6376&#44;6377&#44;6378&#44;6379&#44;6380&#44;6381&#44;6382&#44;6383&#44;6384&#44;6385&#44;6386&#44;6387&#44;6388&#44;6401&#44;6402&#44;6403&#44;6404&#44;6405&#44;6406&#44;6407&#44;6408&#44;6409&#44;6410&#44;6412&#44;6413&#44;6414&#44;6415&#44;6417&#44;6418&#44;6419&#44;6420&#44;6421&#44;6422&#44;6423&#44;6424&#44;6425&#44;6426&#44;6427&#44;6428&#44;6429&#44;6430&#44;6431&#44;6432&#44;6433&#44;6434&#44;6435&#44;6436&#44;6437&#44;6439&#44;6440&#44;6441&#44;6443&#44;6444&#44;6445&#44;6448&#44;6449&#44;6450&#44;6452&#44;6453&#44;6454&#44;6455&#44;6456&#44;6457&#44;6458&#44;6460&#44;6461&#44;6462&#44;6463&#44;6464&#44;6471&#44;6472&#44;6474&#44;6479&#44;6482&#44;6485&#44;6487&#44;6489&#44;6501&#44;6502&#44;6503&#44;6505&#44;6506&#44;6507&#44;6509&#44;6510&#44;6512&#44;6514&#44;6517&#44;6518&#44;6520&#44;6521&#44;6524&#44;6527&#44;6528&#44;6533&#44;6535&#44;6536&#44;6539&#44;6540&#44;6543&#44;6547&#44;6549&#44;6556&#44;6562&#44;6565&#44;6567&#44;6568&#44;6569&#44;6570&#44;6571&#44;6572&#44;6573&#44;6575&#44;6581&#44;6582&#44;6604&#44;6605&#44;6606&#44;6608&#44;6609&#44;6610&#44;6612&#44;6613&#44;6614&#44;6615&#44;6616&#44;6617&#44;6619&#44;6620&#44;6621&#44;6622&#44;6624&#44;6626&#44;6628&#44;6630&#44;6631&#44;6632&#44;6633&#44;6634&#44;6635&#44;6636&#44;6637&#44;6643&#44;6644&#44;6646&#44;6650&#44;6651&#44;6652&#44;6653&#44;6655&#44;6657&#44;6658&#44;6659&#44;6660&#44;6661&#44;6662&#44;6663&#44;6664&#44;6666&#44;6667&#44;6670&#44;6671&#44;6672&#44;6673&#44;6674&#44;6675&#44;6676&#44;6677&#44;6678&#44;6679&#44;6680&#44;6682&#44;6683&#44;6684&#44;6685&#44;6686&#44;6689&#44;6690&#44;6692&#44;6693&#44;6779&#44;6781&#44;6867&#44;6976&#44;6979&#44;7189&#44;7658&#44;7676&#44;8102&#44;8104&#44;8106&#44;8107&#44;8111&#44;8112&#44;8114&#44;8115&#44;8116&#44;8117&#44;8119&#44;8120&#44;8123&#44;8125&#44;8126&#44;8128&#44;8129&#44;8130&#44;8132&#44;8133&#44;8134&#44;8135&#44;8136&#44;8138&#44;8139&#44;8141&#44;8142&#44;8144&#44;8145&#44;8146&#44;8147&#44;8149&#44;8150&#44;8151&#44;8152&#44;8153&#44;8155&#44;8156&#44;8157&#44;8158&#44;8160&#44;8161&#44;8162&#44;8163&#44;8164&#44;8165&#44;8166&#44;8167&#44;8168&#44;8169&#44;8172&#44;8173&#44;8174&#44;8175&#44;8176&#44;8177&#44;8180&#44;8181&#44;8182&#44;8183&#44;8184&#44;8185&#44;8186&#44;8188&#44;8189&#44;8190&#44;8191&#44;8192&#44;8193&#44;8194&#44;8196&#44;8197&#44;8201&#44;8202&#44;8203&#44;8205&#44;8207&#44;8208&#44;8209&#44;8210&#44;8211&#44;8213&#44;8215&#44;8218&#44;8219&#44;8220&#44;8221&#44;8222&#44;8223&#44;8224&#44;8225&#44;8226&#44;8227&#44;8228&#44;8236&#44;8237&#44;8238&#44;8239&#44;8241&#44;8242&#44;8243&#44;8244&#44;8245&#44;8246&#44;8247&#44;8248&#44;8250&#44;8251&#44;8252&#44;8253&#44;8254&#44;8256&#44;8257&#44;8259&#44;8261&#44;8262&#44;8263&#44;8264&#44;8265&#44;8266&#44;8267&#44;8268&#44;8269&#44;8270&#44;8271&#44;8272&#44;8273&#44;8274&#44;8275&#44;8276&#44;8277&#44;8278&#44;8279&#44;8280&#44;8281&#44;8282&#44;8283&#44;8284&#44;8285&#44;8286&#44;8287&#44;8288&#44;8289&#44;8290&#44;8291&#44;8292&#44;8293&#44;8294&#44;8295&#44;8296&#44;8297&#44;8298&#44;8299&#44;""",9/5/22,9/1/22,N
layouts,Meat and Seafood,"""72&#44;76&#44;93""",,2022,10/3/22,1-NewFolderStructure/C076_C072_C093_Fresh_Meat_Seafood/C76_C93_Effective_10032022_Planogram_Updated_09092022/,_C76_C93_Effective_10032022_Planogram_Updated_09092022.pdf,"""6368&#44;6402&#44;6487&#44;8291&#44;""",9/13/22,9/9/22,N
layouts,Bakery Tables,"""37&#44;77""",,2022,10/3/22,1-NewFolderStructure/C037_C077_Bakery_Tables/C37_77_Bakery_Tables_Effective_10032022_Updated_09162022/,_C37_77_Bakery_Tables_Effective_10032022_Updated_09162022.pdf,"""4109&#44;4702&#44;4703&#44;4704&#44;4707&#44;4709&#44;4710&#44;4711&#44;4712&#44;4713&#44;4718&#44;4720&#44;4721&#44;4722&#44;4724&#44;4728&#44;4729&#44;4730&#44;4731&#44;4732&#44;4735&#44;4736&#44;4738&#44;4739&#44;4740&#44;4741&#44;4742&#44;4743&#44;4745&#44;4749&#44;4750&#44;4755&#44;4761&#44;4763&#44;4764&#44;4767&#44;4768&#44;4769&#44;4770&#44;4771&#44;4772&#44;4774&#44;4775&#44;4776&#44;4777&#44;4778&#44;4780&#44;4781&#44;4782&#44;4783&#44;4784&#44;4785&#44;4786&#44;4787&#44;4789&#44;4790&#44;4791&#44;4794&#44;4795&#44;4797&#44;4798&#44;4799&#44;4801&#44;4802&#44;4804&#44;4805&#44;4808&#44;4815&#44;4816&#44;4817&#44;4818&#44;4819&#44;4820&#44;4822&#44;4824&#44;4825&#44;4828&#44;4829&#44;4830&#44;4831&#44;4836&#44;4837&#44;4839&#44;4840&#44;4843&#44;4846&#44;4847&#44;4850&#44;4851&#44;4852&#44;4853&#44;4855&#44;4857&#44;4859&#44;4860&#44;4861&#44;4866&#44;4870&#44;4871&#44;4872&#44;4873&#44;4874&#44;4875&#44;4876&#44;4878&#44;4879&#44;4901&#44;4905&#44;4906&#44;4911&#44;4914&#44;4915&#44;4917&#44;4920&#44;4925&#44;4926&#44;4933&#44;4936&#44;4938&#44;4939&#44;4942&#44;4944&#44;4946&#44;4947&#44;4948&#44;4950&#44;4952&#44;4955&#44;4958&#44;4961&#44;4962&#44;4963&#44;4969&#44;4972&#44;4973&#44;4974&#44;4982&#44;4983&#44;4985&#44;4987&#44;4989&#44;4990&#44;4991&#44;4992&#44;4994&#44;4996&#44;4998&#44;4999&#44;6181&#44;6188&#44;6189&#44;6201&#44;6202&#44;6203&#44;6204&#44;6205&#44;6212&#44;6213&#44;6216&#44;6217&#44;6218&#44;6219&#44;6220&#44;6225&#44;6228&#44;6235&#44;6236&#44;6238&#44;6239&#44;6240&#44;6242&#44;6244&#44;6245&#44;6246&#44;6247&#44;6249&#44;6251&#44;6252&#44;6254&#44;6255&#44;6256&#44;6257&#44;6259&#44;6260&#44;6261&#44;6262&#44;6265&#44;6267&#44;6269&#44;6270&#44;6275&#44;6302&#44;6304&#44;6305&#44;6307&#44;6308&#44;6309&#44;6310&#44;6311&#44;6312&#44;6313&#44;6314&#44;6315&#44;6317&#44;6319&#44;6320&#44;6321&#44;6322&#44;6324&#44;6325&#44;6326&#44;6327&#44;6328&#44;6329&#44;6330&#44;6331&#44;6332&#44;6333&#44;6334&#44;6335&#44;6336&#44;6338&#44;6339&#44;6341&#44;6342&#44;6343&#44;6344&#44;6345&#44;6347&#44;6348&#44;6349&#44;6350&#44;6351&#44;6352&#44;6353&#44;6354&#44;6355&#44;6356&#44;6357&#44;6358&#44;6359&#44;6360&#44;6361&#44;6363&#44;6364&#44;6365&#44;6366&#44;6367&#44;6368&#44;6369&#44;6371&#44;6372&#44;6373&#44;6375&#44;6376&#44;6378&#44;6379&#44;6380&#44;6381&#44;6382&#44;6383&#44;6384&#44;6385&#44;6386&#44;6387&#44;6388&#44;6401&#44;6402&#44;6403&#44;6404&#44;6405&#44;6406&#44;6407&#44;6408&#44;6409&#44;6410&#44;6412&#44;6413&#44;6414&#44;6415&#44;6417&#44;6418&#44;6419&#44;6420&#44;6421&#44;6422&#44;6423&#44;6425&#44;6426&#44;6427&#44;6428&#44;6429&#44;6430&#44;6431&#44;6432&#44;6433&#44;6434&#44;6435&#44;6436&#44;6437&#44;6439&#44;6440&#44;6441&#44;6443&#44;6444&#44;6445&#44;6448&#44;6449&#44;6450&#44;6452&#44;6453&#44;6454&#44;6455&#44;6456&#44;6457&#44;6458&#44;6460&#44;6462&#44;6463&#44;6464&#44;6471&#44;6472&#44;6474&#44;6479&#44;6482&#44;6485&#44;6487&#44;6489&#44;6501&#44;6502&#44;6505&#44;6506&#44;6507&#44;6509&#44;6510&#44;6512&#44;6514&#44;6517&#44;6518&#44;6520&#44;6521&#44;6524&#44;6527&#44;6528&#44;6535&#44;6536&#44;6539&#44;6540&#44;6543&#44;6547&#44;6549&#44;6562&#44;6565&#44;6568&#44;6569&#44;6570&#44;6571&#44;6572&#44;6573&#44;6575&#44;6581&#44;6582&#44;6604&#44;6605&#44;6606&#44;6608&#44;6609&#44;6610&#44;6612&#44;6613&#44;6614&#44;6615&#44;6616&#44;6617&#44;6619&#44;6620&#44;6621&#44;6622&#44;6624&#44;6626&#44;6628&#44;6630&#44;6631&#44;6632&#44;6633&#44;6634&#44;6635&#44;6636&#44;6637&#44;6643&#44;6644&#44;6646&#44;6650&#44;6651&#44;6652&#44;6653&#44;6655&#44;6657&#44;6658&#44;6659&#44;6660&#44;6661&#44;6662&#44;6663&#44;6664&#44;6666&#44;6667&#44;6670&#44;6671&#44;6672&#44;6673&#44;6674&#44;6675&#44;6676&#44;6677&#44;6678&#44;6679&#44;6680&#44;6682&#44;6683&#44;6684&#44;6685&#44;6686&#44;6689&#44;6690&#44;6692&#44;6693&#44;6779&#44;6781&#44;6867&#44;6976&#44;6979&#44;7189&#44;7658&#44;7676&#44;8102&#44;8104&#44;8106&#44;8107&#44;8111&#44;8112&#44;8114&#44;8115&#44;8116&#44;8117&#44;8119&#44;8120&#44;8123&#44;8125&#44;8126&#44;8128&#44;8129&#44;8130&#44;8132&#44;8133&#44;8134&#44;8135&#44;8136&#44;8138&#44;8139&#44;8141&#44;8142&#44;8144&#44;8145&#44;8146&#44;8147&#44;8149&#44;8150&#44;8151&#44;8152&#44;8153&#44;8155&#44;8156&#44;8157&#44;8158&#44;8160&#44;8161&#44;8162&#44;8163&#44;8164&#44;8165&#44;8166&#44;8167&#44;8168&#44;8169&#44;8172&#44;8173&#44;8174&#44;8175&#44;8176&#44;8177&#44;8181&#44;8182&#44;8183&#44;8184&#44;8185&#44;8186&#44;8188&#44;8189&#44;8190&#44;8191&#44;8192&#44;8193&#44;8194&#44;8196&#44;8197&#44;8201&#44;8202&#44;8203&#44;8205&#44;8207&#44;8208&#44;8209&#44;8210&#44;8211&#44;8213&#44;8215&#44;8218&#44;8219&#44;8220&#44;8221&#44;8222&#44;8223&#44;8224&#44;8225&#44;8226&#44;8227&#44;8228&#44;8236&#44;8237&#44;8238&#44;8239&#44;8241&#44;8242&#44;8243&#44;8244&#44;8245&#44;8246&#44;8247&#44;8248&#44;8250&#44;8251&#44;8252&#44;8253&#44;8254&#44;8256&#44;8257&#44;8259&#44;8261&#44;8262&#44;8263&#44;8264&#44;8265&#44;8266&#44;8267&#44;8268&#44;8269&#44;8270&#44;8271&#44;8272&#44;8273&#44;8274&#44;8275&#44;8276&#44;8277&#44;8278&#44;8279&#44;8280&#44;8281&#44;8282&#44;8283&#44;8284&#44;8285&#44;8286&#44;8287&#44;8288&#44;8289&#44;8290&#44;8291&#44;8292&#44;8293&#44;8294&#44;8295&#44;8296&#44;8297&#44;8298&#44;8299&#44;""",9/23/22,9/16/22,N
layouts,Bakery Pallets,"""37-4&#44;77-4""",,2022,10/3/22,1-NewFolderStructure/C037_C077_Bakery_Pallets/C37_77_Bakery_Pallets_Effective_10032022_Updated_09162022/,_C37_77_Bakery_Pallets_Effective_10032022_Updated_09162022.pdf,"""8186&#44;8188&#44;8190&#44;8191&#44;8192&#44;8193&#44;8194&#44;8196&#44;8197&#44;8201&#44;8202&#44;8203&#44;8205&#44;8207&#44;8208&#44;8210&#44;8211&#44;8213&#44;8215&#44;8218&#44;8219&#44;8220&#44;""",9/23/22,9/16/22,N
layouts,Bakery Pallets,"""37-4&#44;77-4""",,2022,10/3/22,1-NewFolderStructure/C037_C077_Bakery_Pallets/C37_77_Bakery_Pallets_Effective_09282022_Updated_09282022/,_C37_77_Bakery_Pallets_Effective_09282022_Updated_09282022.pdf,"""4750&#44;6387&#44;""",9/23/22,9/16/22,N
layouts,Bakery Bread Pods,"""37-5&#44;77-5""",,2022,10/3/22,1-NewFolderStructure/C037_C077_Bakery_Bread_Pods/C37_77_Bread_POD_Effective_10032022_Updated_09162022/,_C37_77_Bread_POD_Effective_10032022_Updated_09162022.pdf,"""8186&#44;8188&#44;8190&#44;8191&#44;8192&#44;8193&#44;8194&#44;8196&#44;8197&#44;8201&#44;8202&#44;8203&#44;8205&#44;8207&#44;8208&#44;8210&#44;8211&#44;8213&#44;8215&#44;8218&#44;8219&#44;8220&#44;""",9/23/22,9/16/22,N
layouts,Meat and Seafood,"""72&#44;76&#44;93""",,2022,10/3/22,1-NewFolderStructure/C076_C072_C093_Fresh_Meat_Seafood/C76_C93_Effective_10032022_Planogram_Updated_09162022/,_C76_C93_Effective_10032022_Planogram_Updated_09162022.pdf,"""4982&#44;6205&#44;6417&#44;""",9/23/22,9/16/22,N
layouts,Bakery Dessert,"""37-2&#44;77-2""",,2022,10/3/22,1-NewFolderStructure/C037_C077_Bakery_Dessert/C77_C37_Dessert_Case_Effective_10032022_Updated_09232022/,_C77_C37_Dessert_Case_Effective_10032022_Updated_09232022.pdf,"""4710&#44;4722&#44;4724&#44;4729&#44;4736&#44;4743&#44;4755&#44;4761&#44;4771&#44;4776&#44;4778&#44;4794&#44;4795&#44;4797&#44;4798&#44;4815&#44;4817&#44;4820&#44;4825&#44;4831&#44;4836&#44;4840&#44;4847&#44;4851&#44;4857&#44;4859&#44;4872&#44;4875&#44;4876&#44;4878&#44;4879&#44;4901&#44;4917&#44;4920&#44;4926&#44;4936&#44;4946&#44;4948&#44;4950&#44;4952&#44;4961&#44;4962&#44;4963&#44;4972&#44;4973&#44;4989&#44;4992&#44;4994&#44;4996&#44;4999&#44;6201&#44;6203&#44;6204&#44;6216&#44;6219&#44;6228&#44;6236&#44;6247&#44;6256&#44;6260&#44;6270&#44;6275&#44;6304&#44;6305&#44;6307&#44;6308&#44;6322&#44;6324&#44;6325&#44;6326&#44;6328&#44;6330&#44;6331&#44;6332&#44;6333&#44;6338&#44;6339&#44;6341&#44;6342&#44;6343&#44;6349&#44;6352&#44;6353&#44;6355&#44;6357&#44;6358&#44;6363&#44;6364&#44;6365&#44;6366&#44;6368&#44;6371&#44;6383&#44;6384&#44;6386&#44;6387&#44;6401&#44;6402&#44;6403&#44;6405&#44;6407&#44;6409&#44;6410&#44;6413&#44;6420&#44;6422&#44;6423&#44;6426&#44;6431&#44;6432&#44;6434&#44;6435&#44;6437&#44;6439&#44;6441&#44;6443&#44;6444&#44;6448&#44;6449&#44;6450&#44;6452&#44;6456&#44;6458&#44;6460&#44;6462&#44;6463&#44;6464&#44;6479&#44;6501&#44;6505&#44;6506&#44;6509&#44;6512&#44;6517&#44;6518&#44;6520&#44;6524&#44;6528&#44;6536&#44;6539&#44;6543&#44;6547&#44;6562&#44;6569&#44;6570&#44;6571&#44;6572&#44;6573&#44;6581&#44;6630&#44;6646&#44;6651&#44;6652&#44;6663&#44;6664&#44;6673&#44;6675&#44;6676&#44;6677&#44;6678&#44;6679&#44;6680&#44;6690&#44;6693&#44;6976&#44;7676&#44;8102&#44;8107&#44;8111&#44;8112&#44;8116&#44;8117&#44;8120&#44;8125&#44;8129&#44;8130&#44;8132&#44;8134&#44;8135&#44;8136&#44;8142&#44;8144&#44;8151&#44;8152&#44;8155&#44;8157&#44;8160&#44;8161&#44;8162&#44;8163&#44;8164&#44;8166&#44;8167&#44;8173&#44;8175&#44;8176&#44;8182&#44;8183&#44;8186&#44;8188&#44;8191&#44;8192&#44;8193&#44;8194&#44;8202&#44;8205&#44;8207&#44;8208&#44;8215&#44;8218&#44;8219&#44;8220&#44;8221&#44;8222&#44;8223&#44;8224&#44;8226&#44;8228&#44;8237&#44;8241&#44;8243&#44;8247&#44;8251&#44;8252&#44;8253&#44;8254&#44;8256&#44;8257&#44;8261&#44;8262&#44;8263&#44;8265&#44;8267&#44;8270&#44;8271&#44;8275&#44;8280&#44;8283&#44;8285&#44;8287&#44;8288&#44;8289&#44;8290&#44;8292&#44;8294&#44;8295&#44;8298&#44;&#44;&#44;&#44;&#44;&#44;&#44;&#44;&#44;&#44;&#44;&#44;&#44;&#44;&#44;&#44;&#44;&#44;&#44;&#44;&#44;&#44;&#44;&#44;&#44;&#44;&#44;&#44;&#44;&#44;&#44;&#44;&#44;&#44;&#44;&#44;&#44;&#44;&#44;&#44;&#44;&#44;&#44;&#44;&#44;&#44;&#44;&#44;&#44;&#44;&#44;&#44;&#44;&#44;&#44;&#44;&#44;&#44;&#44;&#44;&#44;&#44;&#44;&#44;&#44;&#44;&#44;&#44;&#44;&#44;&#44;&#44;&#44;&#44;&#44;&#44;&#44;&#44;&#44;&#44;&#44;&#44;&#44;&#44;&#44;&#44;&#44;&#44;&#44;&#44;&#44;&#44;&#44;&#44;&#44;&#44;&#44;&#44;&#44;&#44;&#44;&#44;&#44;&#44;&#44;&#44;&#44;&#44;&#44;&#44;&#44;&#44;&#44;&#44;&#44;&#44;&#44;&#44;&#44;&#44;&#44;&#44;&#44;&#44;&#44;&#44;&#44;&#44;&#44;&#44;&#44;&#44;&#44;&#44;&#44;&#44;&#44;&#44;&#44;&#44;&#44;&#44;&#44;&#44;&#44;&#44;&#44;&#44;&#44;&#44;&#44;&#44;&#44;&#44;&#44;&#44;&#44;&#44;&#44;&#44;&#44;&#44;&#44;&#44;&#44;&#44;&#44;&#44;&#44;&#44;&#44;&#44;&#44;&#44;&#44;&#44;&#44;&#44;&#44;&#44;&#44;&#44;&#44;&#44;&#44;&#44;&#44;&#44;&#44;&#44;&#44;&#44;&#44;&#44;&#44;&#44;&#44;&#44;&#44;&#44;&#44;&#44;&#44;&#44;&#44;&#44;&#44;&#44;&#44;&#44;&#44;&#44;&#44;&#44;&#44;&#44;&#44;&#44;&#44;&#44;&#44;&#44;&#44;&#44;&#44;&#44;&#44;&#44;&#44;&#44;&#44;&#44;&#44;&#44;&#44;&#44;&#44;&#44;&#44;&#44;&#44;&#44;&#44;&#44;&#44;&#44;&#44;&#44;&#44;&#44;&#44;&#44;&#44;&#44;&#44;&#44;&#44;&#44;&#44;&#44;&#44;&#44;&#44;&#44;&#44;&#44;&#44;&#44;&#44;&#44;&#44;&#44;&#44;&#44;&#44;&#44;&#44;&#44;&#44;&#44;&#44;&#44;&#44;&#44;&#44;&#44;&#44;&#44;&#44;&#44;&#44;&#44;&#44;&#44;&#44;&#44;&#44;&#44;&#44;&#44;&#44;&#44;&#44;&#44;&#44;&#44;&#44;&#44;&#44;&#44;&#44;&#44;&#44;&#44;&#44;&#44;&#44;&#44;&#44;&#44;&#44;&#44;&#44;&#44;&#44;&#44;&#44;&#44;&#44;&#44;&#44;&#44;&#44;&#44;&#44;&#44;&#44;&#44;&#44;&#44;&#44;&#44;""",9/23/22,9/23/22,N
layouts,Cake Case,"""37-3&#44;77-3""",,2022,10/3/22,1-NewFolderStructure/C037_C077_Cake_Case/C77_C37_Cake_Cooler_Effective_10032022_Updated_09232022/,_C77_C37_Cake_Cooler_Effective_10032022_Updated_09232022.pdf,"""4109&#44;4702&#44;4703&#44;4704&#44;4707&#44;4709&#44;4710&#44;4711&#44;4712&#44;4713&#44;4718&#44;4720&#44;4721&#44;4722&#44;4724&#44;4728&#44;4729&#44;4730&#44;4731&#44;4732&#44;4735&#44;4736&#44;4738&#44;4739&#44;4740&#44;4741&#44;4742&#44;4743&#44;4745&#44;4749&#44;4750&#44;4755&#44;4761&#44;4763&#44;4764&#44;4767&#44;4768&#44;4769&#44;4770&#44;4771&#44;4772&#44;4774&#44;4775&#44;4776&#44;4777&#44;4778&#44;4780&#44;4781&#44;4782&#44;4783&#44;4784&#44;4785&#44;4786&#44;4787&#44;4789&#44;4790&#44;4791&#44;4794&#44;4795&#44;4797&#44;4798&#44;4799&#44;4801&#44;4802&#44;4804&#44;4805&#44;4808&#44;4815&#44;4816&#44;4817&#44;4818&#44;4819&#44;4820&#44;4822&#44;4824&#44;4825&#44;4828&#44;4829&#44;4830&#44;4831&#44;4836&#44;4837&#44;4839&#44;4840&#44;4843&#44;4846&#44;4847&#44;4850&#44;4851&#44;4852&#44;4853&#44;4855&#44;4857&#44;4859&#44;4860&#44;4861&#44;4866&#44;4870&#44;4871&#44;4872&#44;4873&#44;4874&#44;4875&#44;4876&#44;4878&#44;4879&#44;4901&#44;4905&#44;4906&#44;4911&#44;4914&#44;4915&#44;4917&#44;4920&#44;4925&#44;4926&#44;4933&#44;4936&#44;4938&#44;4939&#44;4942&#44;4944&#44;4946&#44;4947&#44;4948&#44;4950&#44;4952&#44;4955&#44;4958&#44;4961&#44;4962&#44;4963&#44;4969&#44;4972&#44;4973&#44;4974&#44;4982&#44;4983&#44;4985&#44;4987&#44;4989&#44;4990&#44;4991&#44;4992&#44;4994&#44;4996&#44;4998&#44;4999&#44;6181&#44;6188&#44;6189&#44;6201&#44;6202&#44;6203&#44;6204&#44;6205&#44;6212&#44;6213&#44;6216&#44;6217&#44;6218&#44;6219&#44;6220&#44;6225&#44;6228&#44;6235&#44;6236&#44;6238&#44;6239&#44;6240&#44;6242&#44;6244&#44;6245&#44;6246&#44;6247&#44;6249&#44;6251&#44;6252&#44;6254&#44;6255&#44;6256&#44;6257&#44;6259&#44;6260&#44;6261&#44;6262&#44;6265&#44;6267&#44;6269&#44;6270&#44;6275&#44;6302&#44;6304&#44;6305&#44;6307&#44;6308&#44;6309&#44;6310&#44;6311&#44;6312&#44;6313&#44;6314&#44;6315&#44;6317&#44;6319&#44;6320&#44;6321&#44;6322&#44;6324&#44;6325&#44;6326&#44;6327&#44;6328&#44;6329&#44;6330&#44;6331&#44;6332&#44;6333&#44;6334&#44;6335&#44;6336&#44;6338&#44;6339&#44;6341&#44;6342&#44;6343&#44;6344&#44;6345&#44;6347&#44;6348&#44;6349&#44;6350&#44;6351&#44;6352&#44;6353&#44;6354&#44;6355&#44;6356&#44;6357&#44;6358&#44;6359&#44;6360&#44;6361&#44;6363&#44;6364&#44;6365&#44;6366&#44;6367&#44;6368&#44;6369&#44;6371&#44;6372&#44;6373&#44;6375&#44;6376&#44;6377&#44;6378&#44;6379&#44;6380&#44;6381&#44;6382&#44;6383&#44;6384&#44;6385&#44;6386&#44;6387&#44;6388&#44;6401&#44;6402&#44;6403&#44;6404&#44;6405&#44;6406&#44;6407&#44;6408&#44;6409&#44;6410&#44;6412&#44;6413&#44;6414&#44;6415&#44;6417&#44;6418&#44;6419&#44;6420&#44;6421&#44;6422&#44;6423&#44;6424&#44;6425&#44;6426&#44;6427&#44;6428&#44;6429&#44;6430&#44;6431&#44;6432&#44;6433&#44;6434&#44;6435&#44;6436&#44;6437&#44;6439&#44;6440&#44;6441&#44;6443&#44;6444&#44;6445&#44;6448&#44;6449&#44;6450&#44;6452&#44;6453&#44;6454&#44;6455&#44;6456&#44;6457&#44;6458&#44;6460&#44;6462&#44;6463&#44;6464&#44;6471&#44;6472&#44;6474&#44;6479&#44;6482&#44;6485&#44;6487&#44;6489&#44;6501&#44;6502&#44;6503&#44;6505&#44;6506&#44;6507&#44;6509&#44;6510&#44;6512&#44;6514&#44;6517&#44;6518&#44;6520&#44;6521&#44;6524&#44;6527&#44;6528&#44;6535&#44;6536&#44;6539&#44;6540&#44;6543&#44;6547&#44;6549&#44;6562&#44;6565&#44;6568&#44;6569&#44;6570&#44;6571&#44;6572&#44;6573&#44;6575&#44;6581&#44;6582&#44;6604&#44;6605&#44;6606&#44;6608&#44;6609&#44;6610&#44;6612&#44;6613&#44;6614&#44;6615&#44;6616&#44;6617&#44;6619&#44;6620&#44;6621&#44;6622&#44;6624&#44;6626&#44;6628&#44;6630&#44;6631&#44;6632&#44;6633&#44;6634&#44;6635&#44;6636&#44;6637&#44;6643&#44;6644&#44;6646&#44;6650&#44;6651&#44;6652&#44;6653&#44;6655&#44;6657&#44;6658&#44;6659&#44;6660&#44;6661&#44;6662&#44;6663&#44;6664&#44;6666&#44;6667&#44;6670&#44;6671&#44;6672&#44;6673&#44;6674&#44;6675&#44;6676&#44;6677&#44;6678&#44;6679&#44;6680&#44;6682&#44;6683&#44;6684&#44;6685&#44;6686&#44;6689&#44;6690&#44;6692&#44;6693&#44;6779&#44;6781&#44;6867&#44;6976&#44;6979&#44;7189&#44;7658&#44;7676&#44;8102&#44;8104&#44;8106&#44;8107&#44;8111&#44;8112&#44;8114&#44;8115&#44;8116&#44;8117&#44;8119&#44;8120&#44;8123&#44;8125&#44;8126&#44;8128&#44;8129&#44;8130&#44;8132&#44;8133&#44;8134&#44;8135&#44;8136&#44;8138&#44;8139&#44;8141&#44;8142&#44;8144&#44;8145&#44;8146&#44;8147&#44;8149&#44;8150&#44;8151&#44;8152&#44;8153&#44;8155&#44;8156&#44;8157&#44;8158&#44;8160&#44;8161&#44;8162&#44;8163&#44;8164&#44;8165&#44;8166&#44;8167&#44;8168&#44;8169&#44;8172&#44;8173&#44;8174&#44;8175&#44;8176&#44;8177&#44;8181&#44;8182&#44;8183&#44;8184&#44;8185&#44;8186&#44;8188&#44;8190&#44;8191&#44;8192&#44;8193&#44;8194&#44;8196&#44;8197&#44;8201&#44;8202&#44;8203&#44;8205&#44;8207&#44;8208&#44;8209&#44;8210&#44;8211&#44;8213&#44;8215&#44;8218&#44;8219&#44;8220&#44;8221&#44;8222&#44;8223&#44;8224&#44;8225&#44;8226&#44;8227&#44;8228&#44;8236&#44;8237&#44;8238&#44;8239&#44;8241&#44;8242&#44;8243&#44;8244&#44;8245&#44;8246&#44;8247&#44;8248&#44;8250&#44;8251&#44;8252&#44;8253&#44;8254&#44;8256&#44;8257&#44;8259&#44;8261&#44;8262&#44;8263&#44;8264&#44;8265&#44;8266&#44;8267&#44;8268&#44;8269&#44;8270&#44;8271&#44;8272&#44;8273&#44;8274&#44;8275&#44;8276&#44;8277&#44;8278&#44;8279&#44;8280&#44;8281&#44;8282&#44;8283&#44;8284&#44;8285&#44;8286&#44;8287&#44;8288&#44;8289&#44;8290&#44;8291&#44;8292&#44;8293&#44;8294&#44;8295&#44;8296&#44;8297&#44;8298&#44;8299&#44;""",9/23/22,9/23/22,N
layouts,Seafood,72-1,,2022,10/3/22,1-NewFolderStructure/C072_Seafood/C72_Seafood_Effective_10032022/,_C72_Seafood_Effective_10032022.pdf,"""4109&#44;4702&#44;4703&#44;4704&#44;4707&#44;4709&#44;4710&#44;4711&#44;4712&#44;4713&#44;4718&#44;4720&#44;4721&#44;4722&#44;4724&#44;4728&#44;4729&#44;4730&#44;4731&#44;4732&#44;4735&#44;4736&#44;4738&#44;4739&#44;4740&#44;4741&#44;4742&#44;4743&#44;4745&#44;4749&#44;4750&#44;4761&#44;4763&#44;4764&#44;4767&#44;4768&#44;4769&#44;4770&#44;4771&#44;4772&#44;4774&#44;4775&#44;4776&#44;4777&#44;4778&#44;4780&#44;4781&#44;4782&#44;4783&#44;4784&#44;4785&#44;4786&#44;4787&#44;4789&#44;4790&#44;4791&#44;4794&#44;4795&#44;4797&#44;4798&#44;4799&#44;4801&#44;4802&#44;4804&#44;4805&#44;4808&#44;4815&#44;4816&#44;4817&#44;4818&#44;4819&#44;4820&#44;4822&#44;4824&#44;4825&#44;4828&#44;4829&#44;4830&#44;4831&#44;4836&#44;4837&#44;4839&#44;4840&#44;4843&#44;4846&#44;4847&#44;4850&#44;4851&#44;4852&#44;4853&#44;4855&#44;4857&#44;4859&#44;4860&#44;4861&#44;4870&#44;4871&#44;4872&#44;4873&#44;4874&#44;4875&#44;4876&#44;4878&#44;4879&#44;4901&#44;4905&#44;4906&#44;4908&#44;4911&#44;4914&#44;4915&#44;4917&#44;4920&#44;4925&#44;4926&#44;4930&#44;4933&#44;4936&#44;4938&#44;4939&#44;4942&#44;4944&#44;4946&#44;4947&#44;4948&#44;4950&#44;4952&#44;4955&#44;4958&#44;4961&#44;4962&#44;4963&#44;4969&#44;4972&#44;4973&#44;4974&#44;4982&#44;4983&#44;4985&#44;4987&#44;4989&#44;4990&#44;4991&#44;4992&#44;4994&#44;4996&#44;4998&#44;4999&#44;6181&#44;6188&#44;6189&#44;6201&#44;6202&#44;6203&#44;6204&#44;6205&#44;6212&#44;6213&#44;6216&#44;6217&#44;6218&#44;6219&#44;6220&#44;6228&#44;6235&#44;6236&#44;6238&#44;6239&#44;6240&#44;6242&#44;6244&#44;6245&#44;6246&#44;6247&#44;6249&#44;6251&#44;6252&#44;6254&#44;6255&#44;6256&#44;6257&#44;6259&#44;6260&#44;6261&#44;6262&#44;6265&#44;6267&#44;6269&#44;6275&#44;6302&#44;6304&#44;6305&#44;6307&#44;6308&#44;6309&#44;6310&#44;6311&#44;6312&#44;6313&#44;6314&#44;6315&#44;6317&#44;6319&#44;6320&#44;6321&#44;6322&#44;6324&#44;6325&#44;6326&#44;6327&#44;6328&#44;6329&#44;6330&#44;6331&#44;6332&#44;6333&#44;6334&#44;6335&#44;6336&#44;6338&#44;6339&#44;6341&#44;6342&#44;6343&#44;6344&#44;6345&#44;6347&#44;6348&#44;6349&#44;6350&#44;6351&#44;6352&#44;6353&#44;6354&#44;6355&#44;6356&#44;6357&#44;6358&#44;6359&#44;6360&#44;6361&#44;6363&#44;6364&#44;6365&#44;6366&#44;6367&#44;6368&#44;6369&#44;6371&#44;6372&#44;6373&#44;6375&#44;6376&#44;6377&#44;6378&#44;6379&#44;6380&#44;6381&#44;6382&#44;6383&#44;6384&#44;6385&#44;6386&#44;6387&#44;6388&#44;6401&#44;6402&#44;6403&#44;6404&#44;6405&#44;6406&#44;6407&#44;6408&#44;6409&#44;6412&#44;6413&#44;6414&#44;6415&#44;6417&#44;6418&#44;6419&#44;6420&#44;6421&#44;6422&#44;6423&#44;6424&#44;6425&#44;6426&#44;6427&#44;6428&#44;6429&#44;6430&#44;6431&#44;6432&#44;6433&#44;6434&#44;6435&#44;6436&#44;6437&#44;6439&#44;6440&#44;6441&#44;6443&#44;6444&#44;6445&#44;6448&#44;6449&#44;6450&#44;6452&#44;6453&#44;6454&#44;6455&#44;6456&#44;6457&#44;6458&#44;6460&#44;6461&#44;6462&#44;6463&#44;6464&#44;6471&#44;6472&#44;6474&#44;6479&#44;6482&#44;6485&#44;6487&#44;6489&#44;6501&#44;6502&#44;6503&#44;6505&#44;6506&#44;6507&#44;6509&#44;6510&#44;6512&#44;6514&#44;6517&#44;6518&#44;6520&#44;6521&#44;6524&#44;6527&#44;6528&#44;6533&#44;6535&#44;6536&#44;6539&#44;6540&#44;6547&#44;6549&#44;6556&#44;6562&#44;6565&#44;6567&#44;6568&#44;6569&#44;6570&#44;6571&#44;6572&#44;6573&#44;6575&#44;6581&#44;6582&#44;6604&#44;6605&#44;6606&#44;6608&#44;6609&#44;6610&#44;6612&#44;6613&#44;6614&#44;6615&#44;6616&#44;6617&#44;6619&#44;6620&#44;6621&#44;6622&#44;6624&#44;6626&#44;6628&#44;6630&#44;6631&#44;6632&#44;6633&#44;6634&#44;6635&#44;6636&#44;6637&#44;6643&#44;6644&#44;6646&#44;6650&#44;6651&#44;6652&#44;6653&#44;6655&#44;6657&#44;6658&#44;6659&#44;6660&#44;6661&#44;6662&#44;6663&#44;6664&#44;6666&#44;6667&#44;6670&#44;6671&#44;6672&#44;6673&#44;6674&#44;6675&#44;6676&#44;6677&#44;6678&#44;6679&#44;6682&#44;6683&#44;6684&#44;6685&#44;6686&#44;6692&#44;6693&#44;6779&#44;6781&#44;6867&#44;6976&#44;6979&#44;7189&#44;7658&#44;7676&#44;8102&#44;8104&#44;8106&#44;8107&#44;8111&#44;8112&#44;8114&#44;8115&#44;8116&#44;8117&#44;8119&#44;8120&#44;8123&#44;8125&#44;8126&#44;8128&#44;8129&#44;8130&#44;8132&#44;8133&#44;8134&#44;8135&#44;8136&#44;8138&#44;8139&#44;8141&#44;8142&#44;8144&#44;8145&#44;8146&#44;8147&#44;8149&#44;8150&#44;8151&#44;8152&#44;8153&#44;8155&#44;8156&#44;8157&#44;8158&#44;8160&#44;8161&#44;8162&#44;8163&#44;8164&#44;8165&#44;8166&#44;8167&#44;8168&#44;8169&#44;8172&#44;8173&#44;8174&#44;8175&#44;8176&#44;8177&#44;8180&#44;8181&#44;8182&#44;8183&#44;8184&#44;8185&#44;8186&#44;8188&#44;8189&#44;8190&#44;8191&#44;8192&#44;8193&#44;8194&#44;8196&#44;8197&#44;8201&#44;8202&#44;8203&#44;8205&#44;8207&#44;8208&#44;8209&#44;8210&#44;8211&#44;8213&#44;8215&#44;8218&#44;8219&#44;8220&#44;8221&#44;8222&#44;8223&#44;8224&#44;8225&#44;8226&#44;8227&#44;8228&#44;8236&#44;8237&#44;8238&#44;8239&#44;8241&#44;8242&#44;8243&#44;8244&#44;8245&#44;8246&#44;8247&#44;8248&#44;8250&#44;8251&#44;8252&#44;8253&#44;8254&#44;8256&#44;8257&#44;8259&#44;8261&#44;8262&#44;8263&#44;8264&#44;8265&#44;8266&#44;8267&#44;8268&#44;8269&#44;8270&#44;8271&#44;8272&#44;8273&#44;8274&#44;8275&#44;8276&#44;8277&#44;8278&#44;8279&#44;8280&#44;8281&#44;8282&#44;8283&#44;8284&#44;8285&#44;8286&#44;8287&#44;8288&#44;8289&#44;8290&#44;8291&#44;8292&#44;8293&#44;8294&#44;8295&#44;8296&#44;8297&#44;8298&#44;8299&#44;""",10/3/22,9/26/22,N
layouts,Seafood Island,72-2,,2022,10/3/22,1-NewFolderStructure/C072_Seafood_Island/C72_SeafoodIsland_Effective_10032022/,_C72_SeafoodIsland_Effective_10032022.pdf,"""4707&#44;4711&#44;4713&#44;4740&#44;4742&#44;4775&#44;4783&#44;4790&#44;4804&#44;4808&#44;4855&#44;4905&#44;4925&#44;4969&#44;4983&#44;4985&#44;4998&#44;6239&#44;6242&#44;6249&#44;6251&#44;6254&#44;6262&#44;6265&#44;6309&#44;6312&#44;6317&#44;6320&#44;6344&#44;6348&#44;6354&#44;6361&#44;6414&#44;6415&#44;6457&#44;6520&#44;6565&#44;6604&#44;6619&#44;6636&#44;6644&#44;6653&#44;6662&#44;6666&#44;6674&#44;6692&#44;6781&#44;8106&#44;8114&#44;8115&#44;8123&#44;8139&#44;8149&#44;8165&#44;8168&#44;8181&#44;8183&#44;8201&#44;8209&#44;8225&#44;8236&#44;8238&#44;8246&#44;8269&#44;8293&#44;8299&#44;""",10/3/22,9/26/22,N
layouts,Bakery Tables,"""37&#44;77""",,2022,10/3/22,1-NewFolderStructure/C037_C077_Bakery_Tables/C37_77_Bakery_Tables_Effective_10032022_Updated_09282022/,_C37_77_Bakery_Tables_Effective_10032022_Updated_09282022.pdf,"""4750&#44;4781&#44;6460&#44;""",9/30/22,9/28/22,N
layouts,Bakery Bread Pods,"""37-5&#44;77-5""",,2022,10/3/22,1-NewFolderStructure/C037_C077_Bakery_Bread_Pods/C37_77_Bread_POD_Effective_09282022_Updated_09282022/,_C37_77_Bread_POD_Effective_09282022_Updated_09282022.pdf,"""4750&#44;4781&#44;6269&#44;""",9/30/22,9/28/22,N
layouts,HMS,79-2,,2022,10/3/22,1-NewFolderStructure/C079_HMS/C79_HMS_EFFECTIVE_10032022/,_C79_HMS_EFFECTIVE_10032022.pdf,"""4109&#44;4702&#44;4703&#44;4704&#44;4707&#44;4709&#44;4710&#44;4711&#44;4712&#44;4713&#44;4718&#44;4720&#44;4721&#44;4722&#44;4724&#44;4728&#44;4729&#44;4730&#44;4731&#44;4732&#44;4735&#44;4736&#44;4738&#44;4739&#44;4740&#44;4741&#44;4742&#44;4743&#44;4745&#44;4749&#44;4750&#44;4755&#44;4761&#44;4763&#44;4764&#44;4767&#44;4768&#44;4769&#44;4770&#44;4771&#44;4772&#44;4774&#44;4775&#44;4776&#44;4777&#44;4778&#44;4780&#44;4781&#44;4782&#44;4783&#44;4784&#44;4785&#44;4786&#44;4787&#44;4789&#44;4790&#44;4791&#44;4794&#44;4795&#44;4797&#44;4798&#44;4799&#44;4801&#44;4802&#44;4804&#44;4805&#44;4808&#44;4815&#44;4816&#44;4817&#44;4818&#44;4819&#44;4820&#44;4822&#44;4824&#44;4825&#44;4828&#44;4829&#44;4830&#44;4831&#44;4836&#44;4837&#44;4839&#44;4840&#44;4843&#44;4846&#44;4847&#44;4850&#44;4851&#44;4852&#44;4853&#44;4855&#44;4857&#44;4859&#44;4860&#44;4861&#44;4866&#44;4870&#44;4871&#44;4872&#44;4873&#44;4874&#44;4875&#44;4876&#44;4878&#44;4879&#44;4901&#44;4905&#44;4906&#44;4908&#44;4911&#44;4914&#44;4915&#44;4917&#44;4920&#44;4925&#44;4926&#44;4930&#44;4933&#44;4936&#44;4938&#44;4939&#44;4942&#44;4944&#44;4946&#44;4947&#44;4948&#44;4950&#44;4952&#44;4955&#44;4958&#44;4961&#44;4962&#44;4963&#44;4969&#44;4972&#44;4973&#44;4974&#44;4982&#44;4983&#44;4985&#44;4987&#44;4989&#44;4990&#44;4991&#44;4992&#44;4994&#44;4996&#44;4998&#44;4999&#44;6181&#44;6188&#44;6189&#44;6201&#44;6202&#44;6203&#44;6204&#44;6205&#44;6212&#44;6213&#44;6216&#44;6217&#44;6218&#44;6219&#44;6220&#44;6225&#44;6228&#44;6235&#44;6236&#44;6238&#44;6239&#44;6240&#44;6242&#44;6244&#44;6245&#44;6246&#44;6247&#44;6249&#44;6251&#44;6252&#44;6254&#44;6255&#44;6256&#44;6257&#44;6259&#44;6260&#44;6261&#44;6262&#44;6265&#44;6267&#44;6269&#44;6270&#44;6275&#44;6302&#44;6304&#44;6305&#44;6307&#44;6308&#44;6309&#44;6310&#44;6311&#44;6312&#44;6313&#44;6314&#44;6315&#44;6317&#44;6319&#44;6320&#44;6321&#44;6322&#44;6324&#44;6325&#44;6326&#44;6327&#44;6328&#44;6329&#44;6330&#44;6331&#44;6332&#44;6333&#44;6334&#44;6335&#44;6336&#44;6338&#44;6339&#44;6341&#44;6342&#44;6343&#44;6344&#44;6345&#44;6347&#44;6348&#44;6349&#44;6350&#44;6351&#44;6352&#44;6353&#44;6354&#44;6355&#44;6356&#44;6357&#44;6358&#44;6359&#44;6360&#44;6361&#44;6363&#44;6364&#44;6365&#44;6366&#44;6367&#44;6368&#44;6369&#44;6371&#44;6372&#44;6373&#44;6375&#44;6376&#44;6377&#44;6378&#44;6379&#44;6380&#44;6381&#44;6382&#44;6383&#44;6384&#44;6385&#44;6386&#44;6387&#44;6388&#44;6401&#44;6402&#44;6403&#44;6404&#44;6405&#44;6406&#44;6407&#44;6408&#44;6409&#44;6410&#44;6412&#44;6413&#44;6414&#44;6415&#44;6417&#44;6418&#44;6419&#44;6420&#44;6421&#44;6422&#44;6423&#44;6424&#44;6425&#44;6426&#44;6427&#44;6428&#44;6429&#44;6430&#44;6431&#44;6432&#44;6433&#44;6434&#44;6435&#44;6436&#44;6437&#44;6439&#44;6440&#44;6441&#44;6443&#44;6444&#44;6445&#44;6448&#44;6449&#44;6450&#44;6452&#44;6453&#44;6454&#44;6455&#44;6456&#44;6457&#44;6458&#44;6460&#44;6461&#44;6462&#44;6463&#44;6464&#44;6471&#44;6472&#44;6474&#44;6479&#44;6482&#44;6485&#44;6487&#44;6489&#44;6501&#44;6502&#44;6503&#44;6505&#44;6506&#44;6507&#44;6509&#44;6510&#44;6512&#44;6514&#44;6517&#44;6518&#44;6520&#44;6521&#44;6524&#44;6527&#44;6528&#44;6533&#44;6535&#44;6536&#44;6539&#44;6540&#44;6543&#44;6547&#44;6549&#44;6556&#44;6562&#44;6565&#44;6567&#44;6568&#44;6569&#44;6570&#44;6571&#44;6572&#44;6573&#44;6575&#44;6581&#44;6582&#44;6604&#44;6605&#44;6606&#44;6608&#44;6609&#44;6610&#44;6612&#44;6613&#44;6614&#44;6615&#44;6616&#44;6617&#44;6619&#44;6620&#44;6621&#44;6622&#44;6624&#44;6626&#44;6628&#44;6630&#44;6631&#44;6632&#44;6633&#44;6634&#44;6635&#44;6636&#44;6637&#44;6643&#44;6644&#44;6646&#44;6650&#44;6651&#44;6652&#44;6653&#44;6655&#44;6657&#44;6658&#44;6659&#44;6660&#44;6661&#44;6662&#44;6663&#44;6664&#44;6666&#44;6667&#44;6670&#44;6671&#44;6672&#44;6673&#44;6674&#44;6675&#44;6676&#44;6677&#44;6678&#44;6679&#44;6680&#44;6682&#44;6683&#44;6684&#44;6685&#44;6686&#44;6689&#44;6690&#44;6692&#44;6779&#44;6781&#44;6867&#44;6976&#44;6979&#44;7189&#44;7658&#44;7676&#44;8102&#44;8104&#44;8106&#44;8107&#44;8111&#44;8112&#44;8114&#44;8115&#44;8116&#44;8117&#44;8119&#44;8120&#44;8123&#44;8125&#44;8126&#44;8128&#44;8129&#44;8130&#44;8132&#44;8133&#44;8134&#44;8135&#44;8136&#44;8138&#44;8139&#44;8141&#44;8142&#44;8144&#44;8145&#44;8146&#44;8147&#44;8149&#44;8150&#44;8151&#44;8152&#44;8153&#44;8155&#44;8156&#44;8157&#44;8158&#44;8160&#44;8161&#44;8162&#44;8163&#44;8164&#44;8165&#44;8166&#44;8167&#44;8168&#44;8169&#44;8172&#44;8173&#44;8174&#44;8175&#44;8176&#44;8177&#44;8180&#44;8181&#44;8182&#44;8183&#44;8184&#44;8185&#44;8186&#44;8188&#44;8189&#44;8190&#44;8191&#44;8192&#44;8193&#44;8194&#44;8196&#44;8197&#44;8201&#44;8202&#44;8203&#44;8205&#44;8207&#44;8208&#44;8209&#44;8210&#44;8211&#44;8213&#44;8215&#44;8218&#44;8219&#44;8220&#44;8221&#44;8222&#44;8223&#44;8224&#44;8225&#44;8226&#44;8227&#44;8228&#44;8236&#44;8237&#44;8238&#44;8239&#44;8241&#44;8242&#44;8243&#44;8244&#44;8245&#44;8246&#44;8247&#44;8248&#44;8250&#44;8251&#44;8252&#44;8253&#44;8254&#44;8256&#44;8257&#44;8259&#44;8261&#44;8262&#44;8263&#44;8264&#44;8265&#44;8266&#44;8267&#44;8268&#44;8269&#44;8270&#44;8271&#44;8272&#44;8273&#44;8274&#44;8275&#44;8276&#44;8277&#44;8278&#44;8279&#44;8280&#44;8281&#44;8282&#44;8283&#44;8284&#44;8285&#44;8286&#44;8287&#44;8288&#44;8289&#44;8290&#44;8291&#44;8292&#44;8293&#44;8294&#44;8295&#44;8296&#44;8297&#44;8298&#44;8299&#44;""",10/3/22,9/28/22,N
layouts,Meat and Seafood,"""72&#44;76&#44;93""",,2022,10/3/22,1-NewFolderStructure/C076_C072_C093_Fresh_Meat_Seafood/C76_C93_Effective_10032022_Planogram_Updated_09292022/,_C76_C93_Effective_10032022_Planogram_Updated_09292022.pdf,"""4707&#44;4711&#44;4713&#44;4740&#44;4742&#44;4775&#44;4783&#44;4789&#44;4790&#44;4804&#44;4808&#44;4969&#44;4983&#44;4985&#44;4998&#44;6239&#44;6242&#44;6249&#44;6251&#44;6254&#44;6262&#44;6265&#44;6309&#44;6312&#44;6317&#44;6320&#44;6328&#44;6344&#44;6348&#44;6354&#44;6361&#44;6414&#44;6457&#44;6503&#44;6604&#44;6619&#44;6653&#44;6661&#44;6662&#44;6666&#44;6674&#44;6692&#44;6781&#44;8114&#44;8115&#44;8123&#44;8165&#44;8168&#44;8183&#44;8209&#44;8238&#44;8246&#44;8269&#44;8293&#44;8299&#44;&#44;&#44;&#44;&#44;&#44;&#44;&#44;&#44;&#44;&#44;&#44;&#44;&#44;&#44;&#44;&#44;&#44;&#44;&#44;&#44;&#44;&#44;&#44;&#44;&#44;&#44;&#44;&#44;&#44;&#44;&#44;&#44;&#44;&#44;&#44;&#44;&#44;&#44;&#44;&#44;&#44;&#44;&#44;&#44;&#44;&#44;&#44;&#44;&#44;&#44;&#44;&#44;&#44;&#44;&#44;&#44;&#44;&#44;&#44;&#44;&#44;&#44;&#44;&#44;&#44;&#44;&#44;&#44;&#44;&#44;&#44;&#44;&#44;&#44;&#44;&#44;&#44;&#44;&#44;&#44;&#44;&#44;&#44;&#44;&#44;&#44;&#44;&#44;&#44;&#44;&#44;&#44;&#44;&#44;&#44;&#44;&#44;&#44;&#44;&#44;&#44;&#44;&#44;&#44;&#44;&#44;&#44;&#44;&#44;&#44;&#44;&#44;&#44;&#44;&#44;&#44;&#44;&#44;&#44;&#44;&#44;&#44;&#44;&#44;&#44;&#44;&#44;&#44;&#44;&#44;&#44;&#44;&#44;&#44;&#44;&#44;&#44;&#44;&#44;&#44;&#44;&#44;&#44;&#44;&#44;&#44;&#44;&#44;&#44;&#44;&#44;&#44;&#44;&#44;&#44;&#44;&#44;&#44;&#44;&#44;&#44;&#44;&#44;&#44;&#44;&#44;&#44;&#44;&#44;&#44;&#44;&#44;&#44;&#44;&#44;&#44;&#44;&#44;&#44;&#44;&#44;&#44;&#44;&#44;&#44;&#44;&#44;&#44;&#44;&#44;&#44;&#44;&#44;&#44;&#44;&#44;&#44;&#44;&#44;&#44;&#44;&#44;&#44;&#44;&#44;&#44;&#44;&#44;&#44;&#44;&#44;&#44;&#44;&#44;&#44;&#44;&#44;&#44;&#44;&#44;&#44;&#44;&#44;&#44;&#44;&#44;&#44;&#44;&#44;&#44;&#44;&#44;&#44;&#44;&#44;&#44;&#44;&#44;&#44;&#44;&#44;&#44;&#44;&#44;&#44;&#44;&#44;&#44;&#44;&#44;&#44;&#44;&#44;&#44;&#44;&#44;&#44;&#44;&#44;&#44;&#44;&#44;&#44;&#44;&#44;&#44;&#44;&#44;&#44;&#44;&#44;&#44;&#44;&#44;&#44;&#44;&#44;&#44;&#44;&#44;&#44;&#44;&#44;&#44;&#44;&#44;&#44;&#44;&#44;&#44;&#44;&#44;&#44;&#44;&#44;&#44;&#44;&#44;&#44;&#44;&#44;&#44;&#44;&#44;&#44;&#44;&#44;&#44;&#44;&#44;&#44;&#44;&#44;&#44;&#44;&#44;&#44;&#44;&#44;&#44;&#44;&#44;&#44;&#44;&#44;&#44;&#44;&#44;&#44;&#44;&#44;&#44;&#44;&#44;&#44;&#44;&#44;&#44;&#44;&#44;&#44;&#44;&#44;&#44;&#44;&#44;&#44;&#44;&#44;&#44;&#44;&#44;&#44;&#44;&#44;&#44;&#44;&#44;&#44;&#44;&#44;&#44;&#44;&#44;&#44;&#44;&#44;&#44;&#44;&#44;&#44;&#44;&#44;&#44;&#44;&#44;&#44;&#44;&#44;&#44;&#44;&#44;&#44;&#44;&#44;&#44;&#44;&#44;&#44;&#44;&#44;&#44;&#44;&#44;&#44;&#44;&#44;&#44;&#44;&#44;&#44;&#44;&#44;&#44;&#44;&#44;&#44;&#44;&#44;&#44;&#44;&#44;&#44;&#44;&#44;&#44;&#44;&#44;&#44;&#44;&#44;&#44;&#44;&#44;&#44;&#44;&#44;&#44;&#44;&#44;&#44;&#44;&#44;&#44;&#44;&#44;&#44;&#44;&#44;&#44;&#44;&#44;&#44;&#44;&#44;&#44;&#44;&#44;&#44;&#44;&#44;&#44;&#44;&#44;&#44;&#44;&#44;&#44;&#44;&#44;&#44;&#44;&#44;&#44;&#44;&#44;&#44;&#44;&#44;&#44;&#44;&#44;&#44;&#44;&#44;&#44;&#44;&#44;&#44;&#44;&#44;&#44;&#44;&#44;&#44;&#44;&#44;&#44;&#44;&#44;&#44;&#44;&#44;&#44;&#44;&#44;&#44;&#44;&#44;&#44;&#44;&#44;&#44;&#44;&#44;&#44;&#44;&#44;&#44;&#44;&#44;&#44;&#44;&#44;&#44;&#44;&#44;&#44;&#44;&#44;&#44;&#44;&#44;&#44;&#44;&#44;&#44;&#44;&#44;&#44;&#44;&#44;&#44;""",9/30/22,9/29/22,N
layouts,Bakery Tables,"""37&#44;77""",,2022,10/3/22,1-NewFolderStructure/C037_C077_Bakery_Tables/C37_77_Bakery_Tables_Effective_10032022_Updated_10042022/,_C37_77_Bakery_Tables_Effective_10032022_Updated_10042022.pdf,"""4741&#44;""",10/5/22,10/4/22,N
layouts,Bakery Tables,"""37&#44;77""",,2022,10/7/22,1-NewFolderStructure/C037_C077_Bakery_Tables/C37_77_Bakery_Tables_Effective_10072022_Updated_10072022/,_C37_77_Bakery_Tables_Effective_10072022_Updated_10072022.pdf,"""4722&#44;6330&#44;8221&#44;8222&#44;8223&#44;8224&#44;8225&#44;8226&#44;8227&#44;8228&#44;8236&#44;8237&#44;8238&#44;8239&#44;8241&#44;8242&#44;8243&#44;8244&#44;8245&#44;8246&#44;8247&#44;8248&#44;8250&#44;8251&#44;8298&#44;""",10/7/22,10/7/22,N
layouts,Bakery Pallets,"""37-4&#44;77-4""",,2022,10/7/22,1-NewFolderStructure/C037_C077_Bakery_Pallets/C37_77_Bakery_Pallets_Effective_10072022_Updated_10072022/,_C37_77_Bakery_Pallets_Effective_10072022_Updated_10072022.pdf,"""6330&#44;8221&#44;8222&#44;8223&#44;8224&#44;8226&#44;8227&#44;8228&#44;8236&#44;8237&#44;8238&#44;8239&#44;8241&#44;8242&#44;8243&#44;8244&#44;8245&#44;8246&#44;8247&#44;8248&#44;8250&#44;8251&#44;8298&#44;""",10/7/22,10/7/22,N
layouts,Bakery Bread Pods,"""37-5&#44;77-5""",,2022,10/7/22,1-NewFolderStructure/C037_C077_Bakery_Bread_Pods/C37_77_Bread_POD_Effective_10072022_Updated_10072022/,_C37_77_Bread_POD_Effective_10072022_Updated_10072022.pdf,"""4722&#44;6330&#44;6441&#44;6581&#44;8221&#44;8222&#44;8223&#44;8224&#44;8225&#44;8226&#44;8227&#44;8228&#44;8236&#44;8237&#44;8238&#44;8239&#44;8241&#44;8242&#44;8243&#44;8244&#44;8245&#44;8246&#44;8247&#44;8248&#44;8250&#44;8251&#44;8298&#44;""",10/7/22,10/7/22,N
layouts,Meat and Seafood,"""72&#44;76&#44;93""",,2022,10/7/22,1-NewFolderStructure/C076_C072_C093_Fresh_Meat_Seafood/C76_C93_Effective_10032022_Planogram_Updated_10072022/,_C76_C93_Effective_10032022_Planogram_Updated_10072022.pdf,"""4710&#44;4797&#44;4831&#44;6216&#44;6309&#44;6335&#44;6353&#44;6368&#44;6402&#44;6404&#44;6406&#44;6415&#44;6524&#44;6570&#44;6573&#44;8129&#44;8218&#44;8219&#44;8223&#44;8266&#44;""",10/7/22,10/7/22,N
layouts,Seafood,72-1,,2022,10/7/22,1-NewFolderStructure/C072_Seafood/C72_Seafood_Effective_10072022/,_C72_Seafood_Effective_10072022.pdf,"""4944&#44;""",10/7/22,10/7/22,N
layouts,Deli,57,,2022,10/17/22,1-NewFolderStructure/C057_Deli/C57_Deli_Eff_10172022_Planogram_Update_09302022/,_C57_Deli_Eff_10172022_Planogram_Update_09302022.pdf,"""4109&#44;4702&#44;4703&#44;4704&#44;4707&#44;4709&#44;4710&#44;4711&#44;4712&#44;4713&#44;4718&#44;4720&#44;4721&#44;4722&#44;4724&#44;4728&#44;4729&#44;4730&#44;4731&#44;4732&#44;4735&#44;4736&#44;4738&#44;4739&#44;4740&#44;4741&#44;4742&#44;4743&#44;4745&#44;4749&#44;4750&#44;4755&#44;4761&#44;4763&#44;4764&#44;4767&#44;4768&#44;4769&#44;4770&#44;4771&#44;4772&#44;4774&#44;4775&#44;4776&#44;4777&#44;4778&#44;4780&#44;4781&#44;4782&#44;4783&#44;4784&#44;4785&#44;4786&#44;4787&#44;4789&#44;4790&#44;4791&#44;4794&#44;4795&#44;4797&#44;4798&#44;4799&#44;4801&#44;4802&#44;4804&#44;4805&#44;4808&#44;4815&#44;4816&#44;4817&#44;4818&#44;4819&#44;4820&#44;4822&#44;4824&#44;4825&#44;4828&#44;4829&#44;4830&#44;4831&#44;4836&#44;4837&#44;4839&#44;4840&#44;4843&#44;4846&#44;4847&#44;4850&#44;4851&#44;4852&#44;4853&#44;4855&#44;4857&#44;4859&#44;4860&#44;4861&#44;4866&#44;4870&#44;4871&#44;4872&#44;4873&#44;4874&#44;4875&#44;4876&#44;4878&#44;4879&#44;4901&#44;4905&#44;4906&#44;4908&#44;4911&#44;4914&#44;4915&#44;4917&#44;4920&#44;4925&#44;4926&#44;4930&#44;4933&#44;4936&#44;4938&#44;4939&#44;4942&#44;4944&#44;4946&#44;4947&#44;4948&#44;4950&#44;4952&#44;4955&#44;4958&#44;4961&#44;4962&#44;4963&#44;4969&#44;4972&#44;4973&#44;4974&#44;4982&#44;4983&#44;4985&#44;4987&#44;4989&#44;4990&#44;4991&#44;4992&#44;4994&#44;4996&#44;4998&#44;4999&#44;6181&#44;6188&#44;6189&#44;6201&#44;6202&#44;6203&#44;6204&#44;6205&#44;6212&#44;6213&#44;6216&#44;6217&#44;6218&#44;6219&#44;6220&#44;6225&#44;6228&#44;6235&#44;6236&#44;6238&#44;6239&#44;6240&#44;6242&#44;6244&#44;6245&#44;6246&#44;6247&#44;6249&#44;6251&#44;6252&#44;6254&#44;6255&#44;6256&#44;6257&#44;6259&#44;6260&#44;6261&#44;6262&#44;6265&#44;6267&#44;6269&#44;6270&#44;6275&#44;6302&#44;6304&#44;6305&#44;6307&#44;6308&#44;6309&#44;6310&#44;6311&#44;6312&#44;6313&#44;6314&#44;6315&#44;6317&#44;6319&#44;6320&#44;6321&#44;6322&#44;6324&#44;6325&#44;6326&#44;6327&#44;6328&#44;6329&#44;6330&#44;6331&#44;6332&#44;6333&#44;6334&#44;6335&#44;6336&#44;6338&#44;6339&#44;6341&#44;6342&#44;6343&#44;6344&#44;6345&#44;6347&#44;6348&#44;6349&#44;6350&#44;6351&#44;6352&#44;6353&#44;6354&#44;6355&#44;6356&#44;6357&#44;6358&#44;6359&#44;6360&#44;6361&#44;6363&#44;6364&#44;6365&#44;6366&#44;6367&#44;6368&#44;6369&#44;6371&#44;6372&#44;6373&#44;6375&#44;6376&#44;6377&#44;6378&#44;6379&#44;6380&#44;6381&#44;6382&#44;6383&#44;6384&#44;6385&#44;6386&#44;6387&#44;6388&#44;6401&#44;6402&#44;6403&#44;6404&#44;6405&#44;6406&#44;6407&#44;6408&#44;6409&#44;6410&#44;6412&#44;6413&#44;6414&#44;6415&#44;6417&#44;6418&#44;6419&#44;6420&#44;6421&#44;6422&#44;6423&#44;6424&#44;6425&#44;6426&#44;6427&#44;6428&#44;6429&#44;6430&#44;6431&#44;6432&#44;6433&#44;6434&#44;6435&#44;6436&#44;6437&#44;6439&#44;6440&#44;6441&#44;6443&#44;6444&#44;6445&#44;6448&#44;6449&#44;6450&#44;6452&#44;6453&#44;6454&#44;6455&#44;6456&#44;6457&#44;6458&#44;6460&#44;6461&#44;6462&#44;6463&#44;6464&#44;6471&#44;6472&#44;6474&#44;6479&#44;6482&#44;6485&#44;6487&#44;6489&#44;6501&#44;6502&#44;6503&#44;6505&#44;6506&#44;6507&#44;6509&#44;6510&#44;6512&#44;6514&#44;6517&#44;6518&#44;6520&#44;6521&#44;6524&#44;6527&#44;6528&#44;6533&#44;6535&#44;6536&#44;6539&#44;6540&#44;6543&#44;6547&#44;6549&#44;6556&#44;6562&#44;6565&#44;6567&#44;6568&#44;6569&#44;6570&#44;6571&#44;6572&#44;6573&#44;6575&#44;6581&#44;6582&#44;6604&#44;6605&#44;6606&#44;6608&#44;6609&#44;6610&#44;6612&#44;6613&#44;6614&#44;6615&#44;6616&#44;6617&#44;6619&#44;6620&#44;6621&#44;6622&#44;6624&#44;6626&#44;6628&#44;6630&#44;6631&#44;6632&#44;6633&#44;6634&#44;6635&#44;6636&#44;6637&#44;6643&#44;6644&#44;6646&#44;6650&#44;6651&#44;6652&#44;6653&#44;6655&#44;6657&#44;6658&#44;6659&#44;6660&#44;6661&#44;6662&#44;6663&#44;6664&#44;6666&#44;6667&#44;6670&#44;6671&#44;6672&#44;6673&#44;6674&#44;6675&#44;6676&#44;6677&#44;6678&#44;6679&#44;6680&#44;6682&#44;6683&#44;6684&#44;6685&#44;6686&#44;6689&#44;6690&#44;6692&#44;6693&#44;6779&#44;6781&#44;6867&#44;6976&#44;6979&#44;7189&#44;7658&#44;7676&#44;8102&#44;8104&#44;8106&#44;8107&#44;8111&#44;8112&#44;8114&#44;8115&#44;8116&#44;8117&#44;8119&#44;8120&#44;8123&#44;8125&#44;8126&#44;8128&#44;8129&#44;8130&#44;8132&#44;8133&#44;8134&#44;8135&#44;8136&#44;8138&#44;8139&#44;8141&#44;8142&#44;8144&#44;8145&#44;8146&#44;8147&#44;8149&#44;8150&#44;8151&#44;8152&#44;8153&#44;8155&#44;8156&#44;8157&#44;8158&#44;8160&#44;8161&#44;8162&#44;8163&#44;8164&#44;8165&#44;8166&#44;8167&#44;8168&#44;8169&#44;8172&#44;8173&#44;8174&#44;8175&#44;8176&#44;8177&#44;8180&#44;8181&#44;8182&#44;8183&#44;8184&#44;8185&#44;8186&#44;8188&#44;8189&#44;8190&#44;8191&#44;8192&#44;8193&#44;8194&#44;8196&#44;8197&#44;8201&#44;8202&#44;8203&#44;8205&#44;8207&#44;8208&#44;8209&#44;8210&#44;8211&#44;8213&#44;8215&#44;8218&#44;8219&#44;8220&#44;8221&#44;8222&#44;8223&#44;8224&#44;8225&#44;8226&#44;8227&#44;8228&#44;8236&#44;8237&#44;8238&#44;8239&#44;8241&#44;8242&#44;8243&#44;8244&#44;8245&#44;8246&#44;8247&#44;8248&#44;8250&#44;8251&#44;8252&#44;8253&#44;8254&#44;8256&#44;8257&#44;8259&#44;8261&#44;8262&#44;8263&#44;8264&#44;8265&#44;8266&#44;8267&#44;8268&#44;8269&#44;8270&#44;8271&#44;8272&#44;8273&#44;8274&#44;8275&#44;8276&#44;8277&#44;8278&#44;8279&#44;8280&#44;8281&#44;8282&#44;8283&#44;8284&#44;8285&#44;8286&#44;8287&#44;8288&#44;8289&#44;8290&#44;8291&#44;8292&#44;8293&#44;8294&#44;8295&#44;8296&#44;8297&#44;8298&#44;8299&#44;""",9/30/22,9/30/22,N
layouts,Deli,57,,2022,10/17/22,1-NewFolderStructure/C057_Deli/C57_Effective_10172022_Planogram_Update_10-10-2022/,_C57_Effective_10172022_Planogram_Update_10-10-2022.pdf,"""6502&#44;""",10/17/22,10/10/22,N
layouts,Floral,56-3,,2022,10/17/22,1-NewFolderStructure/C056_Floral/C56_FLORAL_Effective_10.17.22/,_C56_FLORAL_Effective_10.17.22.pdf,"""6328&#44;8144&#44;8286&#44;""",10/17/22,10/12/22,N
layouts,Bakery Tables,"""37&#44;77""",,2022,10/17/22,1-NewFolderStructure/C037_C077_Bakery_Tables/C37_77_Bakery_Tables_Effective_10172022_Updated_10172022/,_C37_77_Bakery_Tables_Effective_10172022_Updated_10172022.pdf,"""4718&#44;4846&#44;8252&#44;8253&#44;8254&#44;8256&#44;8257&#44;8259&#44;8261&#44;8262&#44;8263&#44;8264&#44;8265&#44;8266&#44;8267&#44;8269&#44;8270&#44;8271&#44;8272&#44;8273&#44;8274&#44;8275&#44;8276&#44;8278&#44;8279&#44;8280&#44;8281&#44;8282&#44;8283&#44;8284&#44;8285&#44;8286&#44;8287&#44;8288&#44;8290&#44;8291&#44;8292&#44;8293&#44;8294&#44;8295&#44;8297&#44;8299&#44;""",10/17/22,10/17/22,N
layouts,Bakery Pallets,"""37-4&#44;77-4""",,2022,10/17/22,1-NewFolderStructure/C037_C077_Bakery_Pallets/C37_77_Bakery_Pallets_Effective_10172022_Updated_10172022/,_C37_77_Bakery_Pallets_Effective_10172022_Updated_10172022.pdf,"""4718&#44;4846&#44;8252&#44;8253&#44;8254&#44;8256&#44;8257&#44;8261&#44;8262&#44;8264&#44;8265&#44;8266&#44;8267&#44;8269&#44;8270&#44;8271&#44;8272&#44;8273&#44;8274&#44;8275&#44;8276&#44;8278&#44;8279&#44;8280&#44;8281&#44;8282&#44;8283&#44;8284&#44;8285&#44;8286&#44;8287&#44;8288&#44;8290&#44;8291&#44;8292&#44;8293&#44;8294&#44;8295&#44;8297&#44;8299&#44;""",10/17/22,10/17/22,N
layouts,Bakery Bread Pods,"""37-5&#44;77-5""",,2022,10/17/22,1-NewFolderStructure/C037_C077_Bakery_Bread_Pods/C37_77_Bread_POD_Effective_10172022_Updated_10172022/,_C37_77_Bread_POD_Effective_10172022_Updated_10172022.pdf,"""4718&#44;4846&#44;8252&#44;8253&#44;8254&#44;8256&#44;8257&#44;8259&#44;8261&#44;8262&#44;8263&#44;8264&#44;8265&#44;8266&#44;8267&#44;8269&#44;8270&#44;8271&#44;8272&#44;8273&#44;8274&#44;8275&#44;8276&#44;8278&#44;8279&#44;8280&#44;8281&#44;8282&#44;8283&#44;8284&#44;8285&#44;8286&#44;8287&#44;8288&#44;8289&#44;8290&#44;8291&#44;8292&#44;8293&#44;8294&#44;8295&#44;8296&#44;8297&#44;8299&#44;""",10/17/22,10/17/22,N
layouts,Meat and Seafood,"""72&#44;76&#44;93""",,2022,10/17/22,1-NewFolderStructure/C076_C072_C093_Fresh_Meat_Seafood/C76_C93_Effective_10172022_Planogram_Updated_10142022/,_C76_C93_Effective_10172022_Planogram_Updated_10142022.pdf,"""8227&#44;""",10/17/22,10/17/22,N
layouts,Electronic Consumer,6,,2022,10/17/22,https://sams-csp.cld.samsclub.com/clubs/,/planograms/6,"""4109&#44;4702&#44;4703&#44;4704&#44;4707&#44;4709&#44;4710&#44;4711&#44;4712&#44;4713&#44;4718&#44;4720&#44;4721&#44;4722&#44;4724&#44;4728&#44;4729&#44;4730&#44;4731&#44;4732&#44;4735&#44;4736&#44;4738&#44;4739&#44;4740&#44;4741&#44;4742&#44;4743&#44;4745&#44;4749&#44;4750&#44;4755&#44;4761&#44;4763&#44;4764&#44;4767&#44;4768&#44;4769&#44;4770&#44;4771&#44;4772&#44;4774&#44;4775&#44;4776&#44;4777&#44;4778&#44;4780&#44;4781&#44;4782&#44;4783&#44;4784&#44;4785&#44;4786&#44;4787&#44;4789&#44;4790&#44;4791&#44;4794&#44;4795&#44;4797&#44;4798&#44;4799&#44;4801&#44;4802&#44;4804&#44;4805&#44;4808&#44;4815&#44;4816&#44;4817&#44;4818&#44;4819&#44;4820&#44;4822&#44;4824&#44;4825&#44;4828&#44;4829&#44;4830&#44;4831&#44;4836&#44;4837&#44;4839&#44;4840&#44;4843&#44;4846&#44;4847&#44;4850&#44;4851&#44;4852&#44;4853&#44;4855&#44;4857&#44;4859&#44;4860&#44;4861&#44;4866&#44;4870&#44;4871&#44;4872&#44;4873&#44;4874&#44;4875&#44;4876&#44;4878&#44;4879&#44;4901&#44;4905&#44;4906&#44;4908&#44;4911&#44;4914&#44;4915&#44;4917&#44;4920&#44;4925&#44;4926&#44;4930&#44;4933&#44;4936&#44;4938&#44;4939&#44;4942&#44;4944&#44;4946&#44;4947&#44;4948&#44;4950&#44;4952&#44;4955&#44;4958&#44;4961&#44;4962&#44;4963&#44;4969&#44;4972&#44;4973&#44;4974&#44;4982&#44;4983&#44;4985&#44;4987&#44;4989&#44;4990&#44;4991&#44;4992&#44;4994&#44;4996&#44;4998&#44;4999&#44;6181&#44;6188&#44;6189&#44;6201&#44;6202&#44;6203&#44;6204&#44;6205&#44;6212&#44;6213&#44;6216&#44;6217&#44;6218&#44;6219&#44;6220&#44;6225&#44;6228&#44;6235&#44;6236&#44;6238&#44;6239&#44;6240&#44;6242&#44;6244&#44;6245&#44;6246&#44;6247&#44;6249&#44;6251&#44;6252&#44;6254&#44;6255&#44;6256&#44;6257&#44;6259&#44;6260&#44;6261&#44;6262&#44;6265&#44;6267&#44;6269&#44;6270&#44;6275&#44;6302&#44;6304&#44;6305&#44;6307&#44;6308&#44;6309&#44;6310&#44;6311&#44;6312&#44;6313&#44;6314&#44;6315&#44;6317&#44;6319&#44;6320&#44;6321&#44;6322&#44;6324&#44;6325&#44;6326&#44;6327&#44;6328&#44;6329&#44;6330&#44;6331&#44;6332&#44;6333&#44;6334&#44;6335&#44;6336&#44;6338&#44;6339&#44;6341&#44;6342&#44;6343&#44;6344&#44;6345&#44;6347&#44;6348&#44;6349&#44;6350&#44;6351&#44;6352&#44;6353&#44;6354&#44;6355&#44;6356&#44;6357&#44;6358&#44;6359&#44;6360&#44;6361&#44;6363&#44;6364&#44;6365&#44;6366&#44;6367&#44;6368&#44;6369&#44;6371&#44;6372&#44;6373&#44;6375&#44;6376&#44;6377&#44;6378&#44;6379&#44;6380&#44;6381&#44;6382&#44;6383&#44;6384&#44;6385&#44;6386&#44;6387&#44;6388&#44;6401&#44;6402&#44;6403&#44;6404&#44;6405&#44;6406&#44;6407&#44;6408&#44;6409&#44;6410&#44;6412&#44;6413&#44;6414&#44;6415&#44;6417&#44;6418&#44;6419&#44;6420&#44;6421&#44;6422&#44;6423&#44;6424&#44;6425&#44;6426&#44;6427&#44;6428&#44;6429&#44;6430&#44;6431&#44;6432&#44;6433&#44;6434&#44;6435&#44;6436&#44;6437&#44;6439&#44;6440&#44;6441&#44;6443&#44;6444&#44;6445&#44;6448&#44;6449&#44;6450&#44;6452&#44;6453&#44;6454&#44;6455&#44;6456&#44;6457&#44;6458&#44;6460&#44;6461&#44;6462&#44;6463&#44;6464&#44;6471&#44;6472&#44;6474&#44;6479&#44;6482&#44;6485&#44;6487&#44;6489&#44;6501&#44;6502&#44;6503&#44;6505&#44;6506&#44;6507&#44;6509&#44;6510&#44;6512&#44;6514&#44;6517&#44;6518&#44;6520&#44;6521&#44;6524&#44;6527&#44;6528&#44;6533&#44;6535&#44;6536&#44;6539&#44;6540&#44;6543&#44;6547&#44;6549&#44;6556&#44;6562&#44;6565&#44;6567&#44;6568&#44;6569&#44;6570&#44;6571&#44;6572&#44;6573&#44;6575&#44;6581&#44;6582&#44;6604&#44;6605&#44;6606&#44;6608&#44;6609&#44;6610&#44;6612&#44;6613&#44;6614&#44;6615&#44;6616&#44;6617&#44;6619&#44;6620&#44;6621&#44;6622&#44;6624&#44;6626&#44;6628&#44;6630&#44;6631&#44;6632&#44;6633&#44;6634&#44;6635&#44;6636&#44;6637&#44;6643&#44;6644&#44;6646&#44;6650&#44;6651&#44;6652&#44;6653&#44;6655&#44;6657&#44;6658&#44;6659&#44;6660&#44;6661&#44;6662&#44;6663&#44;6664&#44;6666&#44;6667&#44;6670&#44;6671&#44;6672&#44;6673&#44;6674&#44;6675&#44;6676&#44;6677&#44;6678&#44;6679&#44;6680&#44;6682&#44;6683&#44;6684&#44;6685&#44;6686&#44;6689&#44;6690&#44;6692&#44;6693&#44;6779&#44;6781&#44;6867&#44;6976&#44;6979&#44;7189&#44;7658&#44;7676&#44;8102&#44;8104&#44;8106&#44;8107&#44;8111&#44;8112&#44;8114&#44;8115&#44;8116&#44;8117&#44;8119&#44;8120&#44;8123&#44;8125&#44;8126&#44;8128&#44;8129&#44;8130&#44;8132&#44;8133&#44;8134&#44;8135&#44;8136&#44;8138&#44;8139&#44;8141&#44;8142&#44;8144&#44;8145&#44;8146&#44;8147&#44;8149&#44;8150&#44;8151&#44;8152&#44;8153&#44;8155&#44;8156&#44;8157&#44;8158&#44;8160&#44;8161&#44;8162&#44;8163&#44;8164&#44;8165&#44;8166&#44;8167&#44;8168&#44;8169&#44;8172&#44;8173&#44;8174&#44;8175&#44;8176&#44;8177&#44;8180&#44;8181&#44;8182&#44;8183&#44;8184&#44;8185&#44;8186&#44;8188&#44;8189&#44;8190&#44;8191&#44;8192&#44;8193&#44;8194&#44;8196&#44;8197&#44;8201&#44;8202&#44;8203&#44;8205&#44;8207&#44;8208&#44;8209&#44;8210&#44;8211&#44;8213&#44;8215&#44;8218&#44;8219&#44;8220&#44;8221&#44;8222&#44;8223&#44;8224&#44;8225&#44;8226&#44;8227&#44;8228&#44;8236&#44;8237&#44;8238&#44;8239&#44;8241&#44;8242&#44;8243&#44;8244&#44;8245&#44;8246&#44;8247&#44;8248&#44;8250&#44;8251&#44;8252&#44;8253&#44;8254&#44;8256&#44;8257&#44;8259&#44;8261&#44;8262&#44;8263&#44;8264&#44;8265&#44;8266&#44;8267&#44;8268&#44;8269&#44;8270&#44;8271&#44;8272&#44;8273&#44;8274&#44;8275&#44;8276&#44;8277&#44;8278&#44;8279&#44;8280&#44;8281&#44;8282&#44;8283&#44;8284&#44;8285&#44;8286&#44;8287&#44;8288&#44;8289&#44;8290&#44;8291&#44;8292&#44;8293&#44;8294&#44;8295&#44;8296&#44;8297&#44;8298&#44;8299&#44;""",10/25/22,10/25/22,N
layouts,Deli,57,,2022,10/21/22,1-NewFolderStructure/C057_Deli/C57_Effective_10212022_Planogram_Update_10-21-2022/,_C57_Effective_10212022_Planogram_Update_10-21-2022.pdf,"""6213&#44;6549&#44;8286&#44;""",10/21/22,10/21/22,N
layouts,Meat and Seafood,"""72&#44;76&#44;93""",,2022,10/21/22,1-NewFolderStructure/C076_C072_C093_Fresh_Meat_Seafood/C76_C93_Effective_10212022_Planogram_Updated_10212022/,_C76_C93_Effective_10212022_Planogram_Updated_10212022.pdf,"""4709&#44;4830&#44;6213&#44;6269&#44;6319&#44;6460&#44;6474&#44;6621&#44;8244&#44;""",10/21/22,10/21/22,N
layouts,Seafood,72-1,,2022,10/21/22,1-NewFolderStructure/C072_Seafood/C72_Seafood_Effective_10212022/,_C72_Seafood_Effective_10212022.pdf,"""4109&#44;4702&#44;4703&#44;4704&#44;4707&#44;4709&#44;4710&#44;4711&#44;4712&#44;4713&#44;4718&#44;4720&#44;4721&#44;4722&#44;4724&#44;4728&#44;4729&#44;4730&#44;4731&#44;4732&#44;4735&#44;4736&#44;4738&#44;4739&#44;4740&#44;4741&#44;4742&#44;4743&#44;4745&#44;4749&#44;4750&#44;4761&#44;4763&#44;4764&#44;4767&#44;4768&#44;4769&#44;4770&#44;4771&#44;4772&#44;4774&#44;4775&#44;4776&#44;4777&#44;4778&#44;4780&#44;4781&#44;4782&#44;4783&#44;4784&#44;4785&#44;4786&#44;4787&#44;4789&#44;4790&#44;4791&#44;4794&#44;4795&#44;4797&#44;4798&#44;4799&#44;4801&#44;4802&#44;4804&#44;4805&#44;4808&#44;4815&#44;4816&#44;4817&#44;4818&#44;4819&#44;4820&#44;4822&#44;4824&#44;4825&#44;4828&#44;4829&#44;4830&#44;4831&#44;4836&#44;4837&#44;4839&#44;4840&#44;4843&#44;4846&#44;4847&#44;4850&#44;4851&#44;4852&#44;4853&#44;4855&#44;4857&#44;4859&#44;4860&#44;4861&#44;4870&#44;4871&#44;4872&#44;4873&#44;4874&#44;4875&#44;4876&#44;4878&#44;4879&#44;4901&#44;4905&#44;4906&#44;4908&#44;4911&#44;4914&#44;4915&#44;4917&#44;4920&#44;4925&#44;4926&#44;4930&#44;4933&#44;4936&#44;4938&#44;4939&#44;4942&#44;4944&#44;4946&#44;4947&#44;4948&#44;4950&#44;4952&#44;4955&#44;4958&#44;4961&#44;4962&#44;4963&#44;4969&#44;4972&#44;4973&#44;4974&#44;4982&#44;4983&#44;4985&#44;4987&#44;4989&#44;4990&#44;4991&#44;4992&#44;4994&#44;4996&#44;4998&#44;4999&#44;6181&#44;6188&#44;6189&#44;6201&#44;6202&#44;6203&#44;6204&#44;6205&#44;6212&#44;6213&#44;6216&#44;6217&#44;6218&#44;6219&#44;6220&#44;6228&#44;6235&#44;6236&#44;6238&#44;6239&#44;6240&#44;6242&#44;6244&#44;6245&#44;6246&#44;6247&#44;6249&#44;6251&#44;6252&#44;6254&#44;6255&#44;6256&#44;6257&#44;6259&#44;6260&#44;6261&#44;6262&#44;6265&#44;6267&#44;6269&#44;6275&#44;6302&#44;6304&#44;6305&#44;6307&#44;6308&#44;6309&#44;6310&#44;6311&#44;6312&#44;6313&#44;6314&#44;6315&#44;6317&#44;6319&#44;6320&#44;6321&#44;6322&#44;6324&#44;6325&#44;6326&#44;6327&#44;6328&#44;6329&#44;6330&#44;6331&#44;6332&#44;6333&#44;6334&#44;6335&#44;6336&#44;6338&#44;6339&#44;6341&#44;6342&#44;6343&#44;6344&#44;6345&#44;6347&#44;6348&#44;6349&#44;6350&#44;6351&#44;6352&#44;6353&#44;6354&#44;6355&#44;6356&#44;6357&#44;6358&#44;6359&#44;6360&#44;6361&#44;6363&#44;6364&#44;6365&#44;6366&#44;6367&#44;6368&#44;6369&#44;6371&#44;6372&#44;6373&#44;6375&#44;6376&#44;6377&#44;6378&#44;6379&#44;6380&#44;6381&#44;6382&#44;6383&#44;6384&#44;6385&#44;6386&#44;6387&#44;6388&#44;6401&#44;6402&#44;6403&#44;6404&#44;6405&#44;6406&#44;6407&#44;6408&#44;6409&#44;6412&#44;6413&#44;6414&#44;6415&#44;6417&#44;6418&#44;6419&#44;6420&#44;6421&#44;6422&#44;6423&#44;6424&#44;6425&#44;6426&#44;6427&#44;6428&#44;6429&#44;6430&#44;6431&#44;6432&#44;6433&#44;6434&#44;6435&#44;6436&#44;6437&#44;6439&#44;6440&#44;6441&#44;6443&#44;6444&#44;6445&#44;6448&#44;6449&#44;6450&#44;6452&#44;6453&#44;6454&#44;6455&#44;6456&#44;6457&#44;6458&#44;6460&#44;6461&#44;6462&#44;6463&#44;6464&#44;6471&#44;6472&#44;6474&#44;6479&#44;6482&#44;6485&#44;6487&#44;6489&#44;6501&#44;6502&#44;6503&#44;6505&#44;6506&#44;6507&#44;6509&#44;6510&#44;6512&#44;6514&#44;6517&#44;6518&#44;6520&#44;6521&#44;6524&#44;6527&#44;6528&#44;6533&#44;6535&#44;6536&#44;6539&#44;6540&#44;6547&#44;6549&#44;6556&#44;6562&#44;6565&#44;6567&#44;6568&#44;6569&#44;6570&#44;6571&#44;6572&#44;6573&#44;6575&#44;6581&#44;6582&#44;6604&#44;6605&#44;6606&#44;6608&#44;6609&#44;6610&#44;6612&#44;6613&#44;6614&#44;6615&#44;6616&#44;6617&#44;6619&#44;6620&#44;6621&#44;6622&#44;6624&#44;6626&#44;6628&#44;6630&#44;6631&#44;6632&#44;6633&#44;6634&#44;6635&#44;6636&#44;6637&#44;6643&#44;6644&#44;6646&#44;6650&#44;6651&#44;6652&#44;6653&#44;6655&#44;6657&#44;6658&#44;6659&#44;6660&#44;6661&#44;6662&#44;6663&#44;6664&#44;6666&#44;6667&#44;6670&#44;6671&#44;6672&#44;6673&#44;6674&#44;6675&#44;6676&#44;6677&#44;6678&#44;6679&#44;6682&#44;6683&#44;6684&#44;6685&#44;6686&#44;6692&#44;6693&#44;6779&#44;6781&#44;6867&#44;6976&#44;6979&#44;7189&#44;7658&#44;7676&#44;8102&#44;8104&#44;8106&#44;8107&#44;8111&#44;8112&#44;8114&#44;8115&#44;8116&#44;8117&#44;8119&#44;8120&#44;8123&#44;8125&#44;8126&#44;8128&#44;8129&#44;8130&#44;8132&#44;8133&#44;8134&#44;8135&#44;8136&#44;8138&#44;8139&#44;8141&#44;8142&#44;8144&#44;8145&#44;8146&#44;8147&#44;8149&#44;8150&#44;8151&#44;8152&#44;8153&#44;8155&#44;8156&#44;8157&#44;8158&#44;8160&#44;8161&#44;8162&#44;8163&#44;8164&#44;8165&#44;8166&#44;8167&#44;8168&#44;8169&#44;8172&#44;8173&#44;8174&#44;8175&#44;8176&#44;8177&#44;8180&#44;8181&#44;8182&#44;8183&#44;8184&#44;8185&#44;8186&#44;8188&#44;8189&#44;8190&#44;8191&#44;8192&#44;8193&#44;8194&#44;8196&#44;8197&#44;8201&#44;8202&#44;8203&#44;8205&#44;8207&#44;8208&#44;8209&#44;8210&#44;8211&#44;8213&#44;8215&#44;8218&#44;8219&#44;8220&#44;8221&#44;8222&#44;8223&#44;8224&#44;8225&#44;8226&#44;8227&#44;8228&#44;8236&#44;8237&#44;8238&#44;8239&#44;8241&#44;8242&#44;8243&#44;8244&#44;8245&#44;8246&#44;8247&#44;8248&#44;8250&#44;8251&#44;8252&#44;8253&#44;8254&#44;8256&#44;8257&#44;8259&#44;8261&#44;8262&#44;8263&#44;8264&#44;8265&#44;8266&#44;8267&#44;8268&#44;8269&#44;8270&#44;8271&#44;8272&#44;8273&#44;8274&#44;8275&#44;8276&#44;8277&#44;8278&#44;8279&#44;8280&#44;8281&#44;8282&#44;8283&#44;8284&#44;8285&#44;8286&#44;8287&#44;8288&#44;8289&#44;8290&#44;8291&#44;8292&#44;8293&#44;8294&#44;8295&#44;8296&#44;8297&#44;8298&#44;8299&#44;""",10/21/22,10/21/22,N
layouts,Seafood Island,72-2,,2022,10/21/22,1-NewFolderStructure/C072_Seafood_Island/C72_SeafoodIsland_Effective_10212022/,_C72_SeafoodIsland_Effective_10212022.pdf,"""4707&#44;4711&#44;4713&#44;4740&#44;4742&#44;4775&#44;4783&#44;4790&#44;4804&#44;4808&#44;4855&#44;4905&#44;4925&#44;4969&#44;4983&#44;4985&#44;4998&#44;6239&#44;6242&#44;6249&#44;6251&#44;6254&#44;6262&#44;6265&#44;6309&#44;6312&#44;6317&#44;6320&#44;6344&#44;6348&#44;6354&#44;6361&#44;6414&#44;6415&#44;6457&#44;6520&#44;6565&#44;6604&#44;6619&#44;6636&#44;6644&#44;6653&#44;6662&#44;6666&#44;6674&#44;6692&#44;8106&#44;8114&#44;8115&#44;8123&#44;8139&#44;8149&#44;8165&#44;8168&#44;8181&#44;8183&#44;8201&#44;8209&#44;8225&#44;8236&#44;8238&#44;8246&#44;8269&#44;8299&#44;""",10/21/22,10/21/22,N
layouts,Bakery Tables,"""37&#44;77""",,2022,10/28/22,1-NewFolderStructure/C037_C077_Bakery_Tables/C37_77_Bakery_Tables_Effective_10272022_Updated_10272022/,_C37_77_Bakery_Tables_Effective_10272022_Updated_10272022.pdf,"""4729&#44;""",10/27/22,10/27/22,N
layouts,Bakery Pallets,"""37-4&#44;77-4""",,2022,10/28/22,1-NewFolderStructure/C037_C077_Bakery_Pallets/C37_77_Bakery_Pallets_Effective_10272022_Updated_10272022/,_C37_77_Bakery_Pallets_Effective_10272022_Updated_10272022.pdf,"""4729&#44;""",10/27/22,10/27/22,N
layouts,Bakery Bread Pods,"""37-5&#44;77-5""",,2022,10/28/22,1-NewFolderStructure/C037_C077_Bakery_Bread_Pods/C37_77_Bread_POD_Effective_10272022_Updated_10272022/,_C37_77_Bread_POD_Effective_10272022_Updated_10272022.pdf,"""4729&#44;""",10/27/22,10/27/22,N
layouts,Seafood,72-1,,2022,10/28/22,1-NewFolderStructure/C072_Seafood/C72_Seafood_Effective_10282022/,_C72_Seafood_Effective_10282022.pdf,"""4729&#44;4774&#44;4847&#44;4851&#44;4930&#44;4952&#44;6203&#44;6249&#44;6252&#44;6256&#44;6260&#44;6304&#44;6357&#44;6369&#44;6409&#44;6423&#44;6428&#44;6434&#44;6449&#44;6474&#44;6501&#44;6512&#44;6575&#44;6652&#44;6653&#44;6655&#44;6671&#44;6673&#44;6674&#44;6677&#44;6678&#44;6679&#44;8125&#44;8163&#44;8166&#44;8168&#44;8182&#44;8193&#44;8197&#44;8205&#44;8209&#44;8251&#44;8257&#44;8276&#44;8285&#44;8292&#44;8294&#44;""",10/27/22,10/27/22,N
layouts,Seafood Island,72-2,,2022,10/28/22,1-NewFolderStructure/C072_Seafood_Island/C72_SeafoodIsland_Effective_10282022/,_C72_SeafoodIsland_Effective_10282022.pdf,"""6653&#44;6674&#44;8168&#44;8209&#44;""",10/27/22,10/27/22,N
layouts,Deli,57,,2022,11/2/22,1-NewFolderStructure/C057_Deli/C57_Effective_11-02-2022_Planogram_Update_11-01-2022/,_C57_Effective_11-02-2022_Planogram_Update_11-01-2022.pdf,"""4873&#44;6334&#44;""",11/2/22,11/2/22,N
layouts,Meat and Seafood,"""72&#44;76&#44;93""",,2022,11/2/22,1-NewFolderStructure/C076_C072_C093_Fresh_Meat_Seafood/C76_C93_Effective_11022022_Planogram_Updated_10282022/,_C76_C93_Effective_11022022_Planogram_Updated_10282022.pdf,"""8209&#44;""",11/2/22,11/2/22,N
layouts,Bakery Dessert,"""37-2&#44;77-2""",,2022,11/7/22,1-NewFolderStructure/C037_C077_Bakery_Dessert/C77_C37_Dessert_Case_Effective_11072022_Updated_10262022/,_C77_C37_Dessert_Case_Effective_11072022_Updated_10262022.pdf,"""4710&#44;4722&#44;4724&#44;4729&#44;4736&#44;4743&#44;4755&#44;4761&#44;4771&#44;4776&#44;4778&#44;4794&#44;4795&#44;4797&#44;4798&#44;4815&#44;4817&#44;4820&#44;4825&#44;4831&#44;4836&#44;4840&#44;4847&#44;4851&#44;4857&#44;4859&#44;4872&#44;4875&#44;4876&#44;4878&#44;4879&#44;4901&#44;4917&#44;4920&#44;4926&#44;4936&#44;4946&#44;4948&#44;4950&#44;4952&#44;4961&#44;4962&#44;4963&#44;4972&#44;4973&#44;4989&#44;4992&#44;4994&#44;4996&#44;4999&#44;6201&#44;6203&#44;6204&#44;6216&#44;6219&#44;6228&#44;6236&#44;6247&#44;6256&#44;6260&#44;6270&#44;6275&#44;6304&#44;6305&#44;6307&#44;6308&#44;6322&#44;6324&#44;6325&#44;6326&#44;6328&#44;6330&#44;6331&#44;6332&#44;6333&#44;6338&#44;6339&#44;6341&#44;6342&#44;6343&#44;6349&#44;6352&#44;6353&#44;6355&#44;6357&#44;6358&#44;6363&#44;6364&#44;6365&#44;6366&#44;6368&#44;6371&#44;6383&#44;6384&#44;6386&#44;6387&#44;6401&#44;6402&#44;6403&#44;6405&#44;6407&#44;6409&#44;6410&#44;6413&#44;6420&#44;6422&#44;6423&#44;6426&#44;6431&#44;6432&#44;6434&#44;6435&#44;6437&#44;6439&#44;6441&#44;6443&#44;6444&#44;6448&#44;6449&#44;6450&#44;6452&#44;6456&#44;6458&#44;6460&#44;6462&#44;6463&#44;6464&#44;6479&#44;6501&#44;6505&#44;6506&#44;6509&#44;6512&#44;6517&#44;6518&#44;6520&#44;6524&#44;6528&#44;6536&#44;6539&#44;6543&#44;6547&#44;6562&#44;6569&#44;6570&#44;6571&#44;6572&#44;6573&#44;6581&#44;6630&#44;6646&#44;6651&#44;6652&#44;6663&#44;6664&#44;6673&#44;6675&#44;6676&#44;6677&#44;6678&#44;6679&#44;6680&#44;6690&#44;6693&#44;6976&#44;7676&#44;8102&#44;8107&#44;8111&#44;8112&#44;8116&#44;8117&#44;8120&#44;8125&#44;8129&#44;8130&#44;8132&#44;8134&#44;8135&#44;8136&#44;8142&#44;8144&#44;8151&#44;8152&#44;8155&#44;8157&#44;8160&#44;8161&#44;8162&#44;8163&#44;8164&#44;8166&#44;8167&#44;8173&#44;8175&#44;8176&#44;8182&#44;8183&#44;8186&#44;8188&#44;8191&#44;8192&#44;8193&#44;8194&#44;8202&#44;8205&#44;8207&#44;8208&#44;8215&#44;8218&#44;8219&#44;8220&#44;8221&#44;8222&#44;8223&#44;8224&#44;8226&#44;8228&#44;8237&#44;8241&#44;8243&#44;8247&#44;8251&#44;8252&#44;8253&#44;8254&#44;8256&#44;8257&#44;8261&#44;8262&#44;8263&#44;8265&#44;8267&#44;8270&#44;8271&#44;8275&#44;8280&#44;8283&#44;8285&#44;8287&#44;8288&#44;8289&#44;8290&#44;8292&#44;8294&#44;8295&#44;8298&#44;""",10/27/22,10/27/22,N
layouts,Cake Case,"""37-3&#44;77-3""",,2022,11/7/22,1-NewFolderStructure/C037_C077_Cake_Case/C77_C37_Cake_Cooler_Effective_11072022_Updated_10262022/,_C77_C37_Cake_Cooler_Effective_11072022_Updated_10262022.pdf,"""4109&#44;4702&#44;4703&#44;4704&#44;4707&#44;4709&#44;4710&#44;4711&#44;4712&#44;4713&#44;4718&#44;4720&#44;4721&#44;4722&#44;4724&#44;4728&#44;4729&#44;4730&#44;4731&#44;4732&#44;4735&#44;4736&#44;4738&#44;4739&#44;4740&#44;4741&#44;4742&#44;4743&#44;4745&#44;4749&#44;4750&#44;4755&#44;4761&#44;4763&#44;4764&#44;4767&#44;4768&#44;4769&#44;4770&#44;4771&#44;4772&#44;4774&#44;4775&#44;4776&#44;4777&#44;4778&#44;4780&#44;4781&#44;4782&#44;4783&#44;4784&#44;4785&#44;4786&#44;4787&#44;4789&#44;4790&#44;4791&#44;4794&#44;4795&#44;4797&#44;4798&#44;4799&#44;4801&#44;4802&#44;4804&#44;4805&#44;4808&#44;4815&#44;4816&#44;4817&#44;4818&#44;4819&#44;4820&#44;4822&#44;4824&#44;4825&#44;4828&#44;4829&#44;4830&#44;4831&#44;4836&#44;4837&#44;4839&#44;4840&#44;4843&#44;4846&#44;4847&#44;4850&#44;4851&#44;4852&#44;4853&#44;4855&#44;4857&#44;4859&#44;4860&#44;4861&#44;4866&#44;4870&#44;4871&#44;4872&#44;4873&#44;4874&#44;4875&#44;4876&#44;4878&#44;4879&#44;4901&#44;4905&#44;4906&#44;4911&#44;4914&#44;4915&#44;4917&#44;4920&#44;4925&#44;4926&#44;4933&#44;4936&#44;4938&#44;4939&#44;4942&#44;4944&#44;4946&#44;4947&#44;4948&#44;4950&#44;4952&#44;4955&#44;4958&#44;4961&#44;4962&#44;4963&#44;4969&#44;4972&#44;4973&#44;4974&#44;4982&#44;4983&#44;4985&#44;4987&#44;4989&#44;4990&#44;4991&#44;4992&#44;4994&#44;4996&#44;4998&#44;4999&#44;6181&#44;6188&#44;6189&#44;6201&#44;6202&#44;6203&#44;6204&#44;6205&#44;6212&#44;6213&#44;6216&#44;6217&#44;6218&#44;6219&#44;6220&#44;6225&#44;6228&#44;6235&#44;6236&#44;6238&#44;6239&#44;6240&#44;6242&#44;6244&#44;6245&#44;6246&#44;6247&#44;6249&#44;6251&#44;6252&#44;6254&#44;6255&#44;6256&#44;6257&#44;6259&#44;6260&#44;6261&#44;6262&#44;6265&#44;6267&#44;6269&#44;6270&#44;6275&#44;6302&#44;6304&#44;6305&#44;6307&#44;6308&#44;6309&#44;6310&#44;6311&#44;6312&#44;6313&#44;6314&#44;6315&#44;6317&#44;6319&#44;6320&#44;6321&#44;6322&#44;6324&#44;6325&#44;6326&#44;6327&#44;6328&#44;6329&#44;6330&#44;6331&#44;6332&#44;6333&#44;6334&#44;6335&#44;6336&#44;6338&#44;6339&#44;6341&#44;6342&#44;6343&#44;6344&#44;6345&#44;6347&#44;6348&#44;6349&#44;6350&#44;6351&#44;6352&#44;6353&#44;6354&#44;6355&#44;6356&#44;6357&#44;6358&#44;6359&#44;6360&#44;6361&#44;6363&#44;6364&#44;6365&#44;6366&#44;6367&#44;6368&#44;6369&#44;6371&#44;6372&#44;6373&#44;6375&#44;6376&#44;6377&#44;6378&#44;6379&#44;6380&#44;6381&#44;6382&#44;6383&#44;6384&#44;6385&#44;6386&#44;6387&#44;6388&#44;6401&#44;6402&#44;6403&#44;6404&#44;6405&#44;6406&#44;6407&#44;6408&#44;6409&#44;6410&#44;6412&#44;6413&#44;6414&#44;6415&#44;6417&#44;6418&#44;6419&#44;6420&#44;6421&#44;6422&#44;6423&#44;6424&#44;6425&#44;6426&#44;6427&#44;6428&#44;6429&#44;6430&#44;6431&#44;6432&#44;6433&#44;6434&#44;6435&#44;6436&#44;6437&#44;6439&#44;6440&#44;6441&#44;6443&#44;6444&#44;6445&#44;6448&#44;6449&#44;6450&#44;6452&#44;6453&#44;6454&#44;6455&#44;6456&#44;6457&#44;6458&#44;6460&#44;6462&#44;6463&#44;6464&#44;6471&#44;6472&#44;6474&#44;6479&#44;6482&#44;6485&#44;6487&#44;6489&#44;6501&#44;6502&#44;6503&#44;6505&#44;6506&#44;6507&#44;6509&#44;6510&#44;6512&#44;6514&#44;6517&#44;6518&#44;6520&#44;6521&#44;6524&#44;6527&#44;6528&#44;6535&#44;6536&#44;6539&#44;6540&#44;6543&#44;6547&#44;6549&#44;6562&#44;6565&#44;6568&#44;6569&#44;6570&#44;6571&#44;6572&#44;6573&#44;6575&#44;6581&#44;6582&#44;6604&#44;6605&#44;6606&#44;6608&#44;6609&#44;6610&#44;6612&#44;6613&#44;6614&#44;6615&#44;6616&#44;6617&#44;6619&#44;6620&#44;6621&#44;6622&#44;6624&#44;6626&#44;6628&#44;6630&#44;6631&#44;6632&#44;6633&#44;6634&#44;6635&#44;6636&#44;6637&#44;6643&#44;6644&#44;6646&#44;6650&#44;6651&#44;6652&#44;6653&#44;6655&#44;6657&#44;6658&#44;6659&#44;6660&#44;6661&#44;6662&#44;6663&#44;6664&#44;6666&#44;6667&#44;6670&#44;6671&#44;6672&#44;6673&#44;6674&#44;6675&#44;6676&#44;6677&#44;6678&#44;6679&#44;6680&#44;6682&#44;6683&#44;6684&#44;6685&#44;6686&#44;6689&#44;6690&#44;6692&#44;6693&#44;6779&#44;6781&#44;6867&#44;6976&#44;6979&#44;7189&#44;7658&#44;7676&#44;8102&#44;8104&#44;8106&#44;8107&#44;8111&#44;8112&#44;8114&#44;8115&#44;8116&#44;8117&#44;8119&#44;8120&#44;8123&#44;8125&#44;8126&#44;8128&#44;8129&#44;8130&#44;8132&#44;8133&#44;8134&#44;8135&#44;8136&#44;8138&#44;8139&#44;8141&#44;8142&#44;8144&#44;8145&#44;8146&#44;8147&#44;8149&#44;8150&#44;8151&#44;8152&#44;8153&#44;8155&#44;8156&#44;8157&#44;8158&#44;8160&#44;8161&#44;8162&#44;8163&#44;8164&#44;8165&#44;8166&#44;8167&#44;8168&#44;8169&#44;8172&#44;8173&#44;8174&#44;8175&#44;8176&#44;8177&#44;8181&#44;8182&#44;8183&#44;8184&#44;8185&#44;8186&#44;8188&#44;8190&#44;8191&#44;8192&#44;8193&#44;8194&#44;8196&#44;8197&#44;8201&#44;8202&#44;8203&#44;8205&#44;8207&#44;8208&#44;8209&#44;8210&#44;8211&#44;8213&#44;8215&#44;8218&#44;8219&#44;8220&#44;8221&#44;8222&#44;8223&#44;8224&#44;8225&#44;8226&#44;8227&#44;8228&#44;8236&#44;8237&#44;8238&#44;8239&#44;8241&#44;8242&#44;8243&#44;8244&#44;8245&#44;8246&#44;8247&#44;8248&#44;8250&#44;8251&#44;8252&#44;8253&#44;8254&#44;8256&#44;8257&#44;8259&#44;8261&#44;8262&#44;8263&#44;8264&#44;8265&#44;8266&#44;8267&#44;8268&#44;8269&#44;8270&#44;8271&#44;8272&#44;8273&#44;8274&#44;8275&#44;8276&#44;8277&#44;8278&#44;8279&#44;8280&#44;8281&#44;8282&#44;8283&#44;8284&#44;8285&#44;8286&#44;8287&#44;8288&#44;8289&#44;8290&#44;8291&#44;8292&#44;8293&#44;8294&#44;8295&#44;8296&#44;8297&#44;8298&#44;8299&#44;""",10/27/22,10/27/22,N
layouts,Meat and Seafood,"""72&#44;76&#44;93""",,2022,11/7/22,1-NewFolderStructure/C076_C072_C093_Fresh_Meat_Seafood/C76_C93_Effective_11072022_Planogram_Updated_10242022/,_C76_C93_Effective_11072022_Planogram_Updated_10242022.pdf,"""4109&#44;4702&#44;4703&#44;4704&#44;4707&#44;4709&#44;4710&#44;4711&#44;4712&#44;4713&#44;4718&#44;4720&#44;4721&#44;4722&#44;4724&#44;4728&#44;4729&#44;4730&#44;4731&#44;4732&#44;4735&#44;4736&#44;4738&#44;4739&#44;4740&#44;4741&#44;4742&#44;4743&#44;4745&#44;4749&#44;4750&#44;4755&#44;4761&#44;4763&#44;4764&#44;4767&#44;4768&#44;4769&#44;4770&#44;4771&#44;4772&#44;4774&#44;4775&#44;4776&#44;4777&#44;4778&#44;4780&#44;4781&#44;4782&#44;4783&#44;4784&#44;4785&#44;4786&#44;4787&#44;4789&#44;4790&#44;4791&#44;4794&#44;4795&#44;4797&#44;4798&#44;4799&#44;4801&#44;4802&#44;4804&#44;4805&#44;4808&#44;4815&#44;4816&#44;4817&#44;4818&#44;4819&#44;4820&#44;4822&#44;4824&#44;4825&#44;4828&#44;4829&#44;4830&#44;4831&#44;4836&#44;4837&#44;4839&#44;4840&#44;4843&#44;4846&#44;4847&#44;4850&#44;4851&#44;4852&#44;4853&#44;4855&#44;4857&#44;4859&#44;4860&#44;4861&#44;4866&#44;4870&#44;4871&#44;4872&#44;4873&#44;4874&#44;4875&#44;4876&#44;4878&#44;4879&#44;4901&#44;4905&#44;4906&#44;4908&#44;4911&#44;4914&#44;4915&#44;4917&#44;4920&#44;4925&#44;4926&#44;4930&#44;4933&#44;4936&#44;4938&#44;4939&#44;4942&#44;4944&#44;4946&#44;4947&#44;4948&#44;4950&#44;4952&#44;4955&#44;4958&#44;4961&#44;4962&#44;4963&#44;4969&#44;4972&#44;4973&#44;4974&#44;4982&#44;4983&#44;4985&#44;4987&#44;4989&#44;4990&#44;4991&#44;4992&#44;4994&#44;4996&#44;4998&#44;4999&#44;6181&#44;6188&#44;6189&#44;6201&#44;6202&#44;6203&#44;6204&#44;6205&#44;6212&#44;6213&#44;6216&#44;6217&#44;6218&#44;6219&#44;6220&#44;6225&#44;6228&#44;6235&#44;6236&#44;6238&#44;6239&#44;6240&#44;6242&#44;6244&#44;6245&#44;6246&#44;6247&#44;6249&#44;6251&#44;6252&#44;6254&#44;6255&#44;6256&#44;6257&#44;6259&#44;6260&#44;6261&#44;6262&#44;6265&#44;6267&#44;6269&#44;6270&#44;6275&#44;6302&#44;6304&#44;6305&#44;6307&#44;6308&#44;6309&#44;6310&#44;6311&#44;6312&#44;6313&#44;6314&#44;6315&#44;6317&#44;6319&#44;6320&#44;6321&#44;6322&#44;6324&#44;6325&#44;6326&#44;6327&#44;6328&#44;6329&#44;6330&#44;6331&#44;6332&#44;6333&#44;6334&#44;6335&#44;6336&#44;6338&#44;6339&#44;6341&#44;6342&#44;6343&#44;6344&#44;6345&#44;6347&#44;6348&#44;6349&#44;6350&#44;6351&#44;6352&#44;6353&#44;6354&#44;6355&#44;6356&#44;6357&#44;6358&#44;6359&#44;6360&#44;6361&#44;6363&#44;6364&#44;6365&#44;6366&#44;6367&#44;6368&#44;6369&#44;6371&#44;6372&#44;6373&#44;6375&#44;6376&#44;6377&#44;6378&#44;6379&#44;6380&#44;6381&#44;6382&#44;6383&#44;6384&#44;6385&#44;6386&#44;6387&#44;6388&#44;6401&#44;6402&#44;6403&#44;6404&#44;6405&#44;6406&#44;6407&#44;6408&#44;6409&#44;6410&#44;6412&#44;6413&#44;6414&#44;6415&#44;6417&#44;6418&#44;6419&#44;6420&#44;6421&#44;6422&#44;6423&#44;6424&#44;6425&#44;6426&#44;6427&#44;6428&#44;6429&#44;6430&#44;6431&#44;6432&#44;6433&#44;6434&#44;6435&#44;6436&#44;6437&#44;6439&#44;6440&#44;6441&#44;6443&#44;6444&#44;6445&#44;6448&#44;6449&#44;6450&#44;6452&#44;6453&#44;6454&#44;6455&#44;6456&#44;6457&#44;6458&#44;6460&#44;6461&#44;6462&#44;6463&#44;6464&#44;6471&#44;6472&#44;6474&#44;6479&#44;6482&#44;6485&#44;6487&#44;6489&#44;6501&#44;6502&#44;6503&#44;6505&#44;6506&#44;6507&#44;6509&#44;6510&#44;6512&#44;6514&#44;6517&#44;6518&#44;6520&#44;6521&#44;6524&#44;6527&#44;6528&#44;6533&#44;6535&#44;6536&#44;6539&#44;6540&#44;6543&#44;6547&#44;6549&#44;6556&#44;6562&#44;6565&#44;6567&#44;6568&#44;6569&#44;6570&#44;6571&#44;6572&#44;6573&#44;6575&#44;6581&#44;6582&#44;6604&#44;6605&#44;6606&#44;6608&#44;6609&#44;6610&#44;6612&#44;6613&#44;6614&#44;6615&#44;6616&#44;6617&#44;6619&#44;6620&#44;6621&#44;6622&#44;6624&#44;6626&#44;6628&#44;6630&#44;6631&#44;6632&#44;6633&#44;6634&#44;6635&#44;6636&#44;6637&#44;6643&#44;6644&#44;6646&#44;6650&#44;6651&#44;6652&#44;6653&#44;6655&#44;6657&#44;6658&#44;6659&#44;6660&#44;6661&#44;6662&#44;6663&#44;6664&#44;6666&#44;6667&#44;6670&#44;6671&#44;6672&#44;6673&#44;6674&#44;6675&#44;6676&#44;6677&#44;6678&#44;6679&#44;6680&#44;6682&#44;6683&#44;6684&#44;6685&#44;6686&#44;6689&#44;6690&#44;6692&#44;6693&#44;6779&#44;6781&#44;6867&#44;6976&#44;6979&#44;7189&#44;7658&#44;7676&#44;8102&#44;8104&#44;8106&#44;8107&#44;8111&#44;8112&#44;8114&#44;8115&#44;8116&#44;8117&#44;8119&#44;8120&#44;8123&#44;8125&#44;8126&#44;8128&#44;8129&#44;8130&#44;8132&#44;8133&#44;8134&#44;8135&#44;8136&#44;8138&#44;8139&#44;8141&#44;8142&#44;8144&#44;8145&#44;8146&#44;8147&#44;8149&#44;8150&#44;8151&#44;8152&#44;8153&#44;8155&#44;8156&#44;8157&#44;8158&#44;8160&#44;8161&#44;8162&#44;8163&#44;8164&#44;8165&#44;8166&#44;8167&#44;8168&#44;8169&#44;8172&#44;8173&#44;8174&#44;8175&#44;8176&#44;8177&#44;8180&#44;8181&#44;8182&#44;8183&#44;8184&#44;8185&#44;8186&#44;8188&#44;8189&#44;8190&#44;8191&#44;8192&#44;8193&#44;8194&#44;8196&#44;8197&#44;8201&#44;8202&#44;8203&#44;8205&#44;8207&#44;8208&#44;8209&#44;8210&#44;8211&#44;8213&#44;8215&#44;8218&#44;8219&#44;8220&#44;8221&#44;8222&#44;8223&#44;8224&#44;8225&#44;8226&#44;8227&#44;8228&#44;8236&#44;8237&#44;8238&#44;8239&#44;8241&#44;8242&#44;8243&#44;8244&#44;8245&#44;8246&#44;8247&#44;8248&#44;8250&#44;8251&#44;8252&#44;8253&#44;8254&#44;8256&#44;8257&#44;8259&#44;8261&#44;8262&#44;8263&#44;8264&#44;8265&#44;8266&#44;8267&#44;8268&#44;8269&#44;8270&#44;8271&#44;8272&#44;8273&#44;8274&#44;8275&#44;8276&#44;8277&#44;8278&#44;8279&#44;8280&#44;8281&#44;8282&#44;8283&#44;8284&#44;8285&#44;8286&#44;8287&#44;8288&#44;8289&#44;8290&#44;8291&#44;8292&#44;8293&#44;8294&#44;8295&#44;8296&#44;8297&#44;8298&#44;8299&#44;""",10/27/22,10/27/22,N
layouts,Bakery Tables,"""37&#44;77""",,2022,11/7/22,1-NewFolderStructure/C037_C077_Bakery_Tables/C37_77_Bakery_Tables_Effective_11072022_Updated_10312022/,_C37_77_Bakery_Tables_Effective_11072022_Updated_10312022.pdf,"""4109&#44;4702&#44;4703&#44;4704&#44;4707&#44;4709&#44;4710&#44;4711&#44;4712&#44;4713&#44;4718&#44;4720&#44;4721&#44;4722&#44;4724&#44;4728&#44;4729&#44;4730&#44;4731&#44;4732&#44;4735&#44;4736&#44;4738&#44;4739&#44;4740&#44;4741&#44;4742&#44;4743&#44;4745&#44;4749&#44;4750&#44;4755&#44;4761&#44;4763&#44;4764&#44;4767&#44;4768&#44;4769&#44;4770&#44;4771&#44;4772&#44;4774&#44;4775&#44;4776&#44;4777&#44;4778&#44;4780&#44;4781&#44;4782&#44;4783&#44;4784&#44;4785&#44;4786&#44;4787&#44;4789&#44;4790&#44;4791&#44;4794&#44;4795&#44;4797&#44;4798&#44;4799&#44;4801&#44;4802&#44;4804&#44;4805&#44;4808&#44;4815&#44;4816&#44;4817&#44;4818&#44;4819&#44;4820&#44;4822&#44;4824&#44;4825&#44;4828&#44;4829&#44;4830&#44;4831&#44;4836&#44;4837&#44;4839&#44;4840&#44;4843&#44;4846&#44;4847&#44;4850&#44;4851&#44;4852&#44;4853&#44;4855&#44;4857&#44;4859&#44;4860&#44;4861&#44;4866&#44;4870&#44;4871&#44;4872&#44;4873&#44;4874&#44;4875&#44;4876&#44;4878&#44;4879&#44;4901&#44;4905&#44;4906&#44;4911&#44;4914&#44;4915&#44;4917&#44;4920&#44;4925&#44;4926&#44;4933&#44;4936&#44;4938&#44;4939&#44;4942&#44;4944&#44;4946&#44;4947&#44;4948&#44;4950&#44;4952&#44;4955&#44;4958&#44;4961&#44;4962&#44;4963&#44;4969&#44;4972&#44;4973&#44;4974&#44;4982&#44;4983&#44;4985&#44;4987&#44;4989&#44;4990&#44;4991&#44;4992&#44;4994&#44;4996&#44;4998&#44;4999&#44;6181&#44;6188&#44;6189&#44;6201&#44;6202&#44;6203&#44;6204&#44;6205&#44;6212&#44;6213&#44;6216&#44;6217&#44;6218&#44;6219&#44;6220&#44;6225&#44;6228&#44;6235&#44;6236&#44;6238&#44;6239&#44;6240&#44;6242&#44;6244&#44;6245&#44;6246&#44;6247&#44;6249&#44;6251&#44;6252&#44;6254&#44;6255&#44;6256&#44;6257&#44;6259&#44;6260&#44;6261&#44;6262&#44;6265&#44;6267&#44;6269&#44;6270&#44;6275&#44;6302&#44;6304&#44;6305&#44;6307&#44;6308&#44;6309&#44;6310&#44;6311&#44;6312&#44;6313&#44;6314&#44;6315&#44;6317&#44;6319&#44;6320&#44;6321&#44;6322&#44;6324&#44;6325&#44;6326&#44;6327&#44;6328&#44;6329&#44;6330&#44;6331&#44;6332&#44;6333&#44;6334&#44;6335&#44;6336&#44;6338&#44;6339&#44;6341&#44;6342&#44;6343&#44;6344&#44;6345&#44;6347&#44;6348&#44;6349&#44;6350&#44;6351&#44;6352&#44;6353&#44;6354&#44;6355&#44;6356&#44;6357&#44;6358&#44;6359&#44;6360&#44;6361&#44;6363&#44;6364&#44;6365&#44;6366&#44;6367&#44;6368&#44;6369&#44;6371&#44;6372&#44;6373&#44;6375&#44;6376&#44;6378&#44;6379&#44;6380&#44;6381&#44;6382&#44;6383&#44;6384&#44;6385&#44;6386&#44;6387&#44;6388&#44;6401&#44;6402&#44;6403&#44;6404&#44;6405&#44;6406&#44;6407&#44;6408&#44;6409&#44;6410&#44;6412&#44;6413&#44;6414&#44;6415&#44;6417&#44;6418&#44;6419&#44;6420&#44;6421&#44;6422&#44;6423&#44;6425&#44;6426&#44;6427&#44;6428&#44;6429&#44;6430&#44;6431&#44;6432&#44;6433&#44;6434&#44;6435&#44;6436&#44;6437&#44;6439&#44;6440&#44;6441&#44;6443&#44;6444&#44;6445&#44;6448&#44;6449&#44;6450&#44;6452&#44;6453&#44;6454&#44;6455&#44;6456&#44;6457&#44;6458&#44;6460&#44;6462&#44;6463&#44;6464&#44;6471&#44;6472&#44;6474&#44;6479&#44;6482&#44;6485&#44;6487&#44;6489&#44;6501&#44;6502&#44;6505&#44;6506&#44;6507&#44;6509&#44;6510&#44;6512&#44;6514&#44;6517&#44;6518&#44;6520&#44;6521&#44;6524&#44;6527&#44;6528&#44;6535&#44;6536&#44;6539&#44;6540&#44;6543&#44;6547&#44;6549&#44;6562&#44;6565&#44;6568&#44;6569&#44;6570&#44;6571&#44;6572&#44;6573&#44;6575&#44;6581&#44;6582&#44;6604&#44;6605&#44;6606&#44;6608&#44;6609&#44;6610&#44;6612&#44;6613&#44;6614&#44;6615&#44;6616&#44;6617&#44;6619&#44;6620&#44;6621&#44;6622&#44;6624&#44;6626&#44;6628&#44;6630&#44;6631&#44;6632&#44;6633&#44;6634&#44;6635&#44;6636&#44;6637&#44;6643&#44;6644&#44;6646&#44;6650&#44;6651&#44;6652&#44;6653&#44;6655&#44;6657&#44;6658&#44;6659&#44;6660&#44;6661&#44;6662&#44;6663&#44;6664&#44;6666&#44;6667&#44;6670&#44;6671&#44;6672&#44;6673&#44;6674&#44;6675&#44;6676&#44;6677&#44;6678&#44;6679&#44;6680&#44;6682&#44;6683&#44;6684&#44;6685&#44;6686&#44;6689&#44;6690&#44;6692&#44;6693&#44;6779&#44;6781&#44;6867&#44;6976&#44;6979&#44;7189&#44;7658&#44;7676&#44;8102&#44;8104&#44;8106&#44;8107&#44;8111&#44;8112&#44;8114&#44;8115&#44;8116&#44;8117&#44;8119&#44;8120&#44;8123&#44;8125&#44;8126&#44;8128&#44;8129&#44;8130&#44;8132&#44;8133&#44;8134&#44;8135&#44;8136&#44;8138&#44;8139&#44;8141&#44;8142&#44;8144&#44;8145&#44;8146&#44;8147&#44;8149&#44;8150&#44;8151&#44;8152&#44;8153&#44;8155&#44;8156&#44;8157&#44;8158&#44;8160&#44;8161&#44;8162&#44;8163&#44;8164&#44;8165&#44;8166&#44;8167&#44;8168&#44;8169&#44;8172&#44;8173&#44;8174&#44;8175&#44;8176&#44;8177&#44;8181&#44;8182&#44;8183&#44;8184&#44;8185&#44;8186&#44;8188&#44;8189&#44;8190&#44;8191&#44;8192&#44;8193&#44;8194&#44;8196&#44;8197&#44;8201&#44;8202&#44;8203&#44;8205&#44;8207&#44;8208&#44;8209&#44;8210&#44;8211&#44;8213&#44;8215&#44;8218&#44;8219&#44;8220&#44;8221&#44;8222&#44;8223&#44;8224&#44;8225&#44;8226&#44;8227&#44;8228&#44;8236&#44;8237&#44;8238&#44;8239&#44;8241&#44;8242&#44;8243&#44;8244&#44;8245&#44;8246&#44;8247&#44;8248&#44;8250&#44;8251&#44;8252&#44;8253&#44;8254&#44;8256&#44;8257&#44;8259&#44;8261&#44;8262&#44;8263&#44;8264&#44;8265&#44;8266&#44;8267&#44;8268&#44;8269&#44;8270&#44;8271&#44;8272&#44;8273&#44;8274&#44;8275&#44;8276&#44;8277&#44;8278&#44;8279&#44;8280&#44;8281&#44;8282&#44;8283&#44;8284&#44;8285&#44;8286&#44;8287&#44;8288&#44;8289&#44;8290&#44;8291&#44;8292&#44;8293&#44;8294&#44;8295&#44;8296&#44;8297&#44;8298&#44;8299&#44;""",11/2/22,11/2/22,N
layouts,Bakery Pallets,"""37-4&#44;77-4""",,2022,11/7/22,1-NewFolderStructure/C037_C077_Bakery_Pallets/C37_77_Bakery_Pallets_Effective_11072022_Updated_102822022/,_C37_77_Bakery_Pallets_Effective_11072022_Updated_102822022.pdf,"""4109&#44;4702&#44;4703&#44;4704&#44;4707&#44;4709&#44;4710&#44;4711&#44;4712&#44;4713&#44;4718&#44;4720&#44;4721&#44;4722&#44;4724&#44;4728&#44;4729&#44;4730&#44;4731&#44;4732&#44;4735&#44;4736&#44;4738&#44;4739&#44;4740&#44;4741&#44;4742&#44;4743&#44;4745&#44;4749&#44;4750&#44;4755&#44;4761&#44;4763&#44;4764&#44;4767&#44;4768&#44;4769&#44;4770&#44;4771&#44;4772&#44;4774&#44;4775&#44;4776&#44;4777&#44;4778&#44;4780&#44;4781&#44;4782&#44;4784&#44;4785&#44;4786&#44;4787&#44;4789&#44;4790&#44;4791&#44;4794&#44;4795&#44;4797&#44;4798&#44;4799&#44;4801&#44;4802&#44;4804&#44;4805&#44;4815&#44;4816&#44;4817&#44;4818&#44;4819&#44;4820&#44;4822&#44;4824&#44;4825&#44;4828&#44;4829&#44;4830&#44;4831&#44;4836&#44;4837&#44;4839&#44;4840&#44;4843&#44;4846&#44;4847&#44;4850&#44;4851&#44;4852&#44;4853&#44;4855&#44;4857&#44;4859&#44;4860&#44;4861&#44;4866&#44;4870&#44;4871&#44;4872&#44;4873&#44;4874&#44;4875&#44;4876&#44;4878&#44;4879&#44;4901&#44;4905&#44;4906&#44;4908&#44;4911&#44;4914&#44;4915&#44;4917&#44;4920&#44;4930&#44;4933&#44;4936&#44;4938&#44;4939&#44;4942&#44;4946&#44;4947&#44;4948&#44;4950&#44;4952&#44;4955&#44;4958&#44;4961&#44;4962&#44;4963&#44;4972&#44;4973&#44;4974&#44;4983&#44;4985&#44;4987&#44;4989&#44;4990&#44;4991&#44;4992&#44;4994&#44;4996&#44;4998&#44;4999&#44;6181&#44;6188&#44;6189&#44;6201&#44;6202&#44;6203&#44;6204&#44;6205&#44;6212&#44;6213&#44;6216&#44;6217&#44;6218&#44;6219&#44;6220&#44;6225&#44;6228&#44;6235&#44;6236&#44;6239&#44;6240&#44;6242&#44;6244&#44;6245&#44;6246&#44;6247&#44;6249&#44;6251&#44;6252&#44;6254&#44;6255&#44;6256&#44;6257&#44;6259&#44;6260&#44;6261&#44;6262&#44;6265&#44;6267&#44;6269&#44;6270&#44;6275&#44;6302&#44;6304&#44;6305&#44;6308&#44;6309&#44;6310&#44;6311&#44;6312&#44;6313&#44;6314&#44;6315&#44;6317&#44;6320&#44;6321&#44;6322&#44;6325&#44;6326&#44;6327&#44;6328&#44;6329&#44;6330&#44;6332&#44;6333&#44;6335&#44;6336&#44;6338&#44;6339&#44;6341&#44;6342&#44;6343&#44;6344&#44;6345&#44;6347&#44;6348&#44;6349&#44;6350&#44;6351&#44;6352&#44;6353&#44;6354&#44;6355&#44;6356&#44;6357&#44;6358&#44;6359&#44;6360&#44;6361&#44;6363&#44;6364&#44;6365&#44;6366&#44;6367&#44;6368&#44;6369&#44;6371&#44;6372&#44;6373&#44;6376&#44;6378&#44;6379&#44;6380&#44;6381&#44;6382&#44;6383&#44;6384&#44;6385&#44;6386&#44;6387&#44;6388&#44;6401&#44;6402&#44;6403&#44;6404&#44;6408&#44;6409&#44;6410&#44;6413&#44;6414&#44;6415&#44;6417&#44;6418&#44;6419&#44;6420&#44;6421&#44;6422&#44;6423&#44;6425&#44;6426&#44;6427&#44;6428&#44;6429&#44;6430&#44;6431&#44;6432&#44;6433&#44;6434&#44;6435&#44;6436&#44;6437&#44;6439&#44;6440&#44;6441&#44;6443&#44;6444&#44;6445&#44;6448&#44;6449&#44;6452&#44;6453&#44;6454&#44;6455&#44;6456&#44;6457&#44;6458&#44;6460&#44;6461&#44;6462&#44;6463&#44;6464&#44;6471&#44;6474&#44;6479&#44;6482&#44;6485&#44;6487&#44;6489&#44;6501&#44;6502&#44;6505&#44;6506&#44;6507&#44;6509&#44;6510&#44;6512&#44;6514&#44;6517&#44;6518&#44;6520&#44;6521&#44;6524&#44;6527&#44;6528&#44;6533&#44;6536&#44;6539&#44;6540&#44;6543&#44;6547&#44;6549&#44;6556&#44;6565&#44;6567&#44;6568&#44;6570&#44;6571&#44;6572&#44;6573&#44;6575&#44;6581&#44;6582&#44;6604&#44;6605&#44;6606&#44;6608&#44;6609&#44;6610&#44;6613&#44;6614&#44;6615&#44;6616&#44;6617&#44;6619&#44;6620&#44;6621&#44;6622&#44;6624&#44;6626&#44;6628&#44;6630&#44;6631&#44;6632&#44;6633&#44;6634&#44;6635&#44;6636&#44;6637&#44;6643&#44;6644&#44;6646&#44;6650&#44;6651&#44;6652&#44;6653&#44;6655&#44;6657&#44;6658&#44;6659&#44;6660&#44;6661&#44;6662&#44;6663&#44;6664&#44;6666&#44;6667&#44;6670&#44;6671&#44;6672&#44;6673&#44;6674&#44;6675&#44;6676&#44;6677&#44;6678&#44;6679&#44;6680&#44;6682&#44;6683&#44;6684&#44;6685&#44;6686&#44;6689&#44;6690&#44;6692&#44;6693&#44;6779&#44;6781&#44;6867&#44;6976&#44;6979&#44;7189&#44;7658&#44;7676&#44;8102&#44;8104&#44;8106&#44;8107&#44;8111&#44;8112&#44;8114&#44;8115&#44;8116&#44;8117&#44;8120&#44;8123&#44;8125&#44;8126&#44;8128&#44;8129&#44;8130&#44;8133&#44;8134&#44;8135&#44;8136&#44;8138&#44;8139&#44;8141&#44;8142&#44;8144&#44;8145&#44;8146&#44;8147&#44;8149&#44;8150&#44;8151&#44;8152&#44;8153&#44;8155&#44;8156&#44;8157&#44;8158&#44;8160&#44;8161&#44;8162&#44;8163&#44;8164&#44;8165&#44;8166&#44;8167&#44;8168&#44;8169&#44;8172&#44;8173&#44;8174&#44;8175&#44;8176&#44;8180&#44;8181&#44;8182&#44;8183&#44;8184&#44;8186&#44;8188&#44;8189&#44;8190&#44;8191&#44;8192&#44;8193&#44;8194&#44;8196&#44;8197&#44;8201&#44;8202&#44;8203&#44;8205&#44;8207&#44;8208&#44;8210&#44;8211&#44;8213&#44;8215&#44;8218&#44;8219&#44;8220&#44;8221&#44;8222&#44;8223&#44;8224&#44;8226&#44;8227&#44;8228&#44;8236&#44;8237&#44;8238&#44;8239&#44;8241&#44;8242&#44;8243&#44;8244&#44;8245&#44;8246&#44;8247&#44;8248&#44;8250&#44;8251&#44;8252&#44;8253&#44;8254&#44;8256&#44;8257&#44;8261&#44;8262&#44;8264&#44;8265&#44;8266&#44;8267&#44;8268&#44;8269&#44;8270&#44;8271&#44;8272&#44;8273&#44;8274&#44;8275&#44;8276&#44;8277&#44;8278&#44;8279&#44;8280&#44;8281&#44;8282&#44;8283&#44;8284&#44;8285&#44;8286&#44;8287&#44;8288&#44;8289&#44;8290&#44;8291&#44;8292&#44;8293&#44;8294&#44;8295&#44;8296&#44;8297&#44;8298&#44;8299&#44;""",11/2/22,11/2/22,N
layouts,Bakery Bread Pods,"""37-5&#44;77-5""",,2022,11/7/22,1-NewFolderStructure/C037_C077_Bakery_Bread_Pods/C37_77_Bread_POD_Effective_11072022_Updated_10282022/,_C37_77_Bread_POD_Effective_11072022_Updated_10282022.pdf,"""4109&#44;4702&#44;4703&#44;4704&#44;4707&#44;4709&#44;4710&#44;4711&#44;4712&#44;4713&#44;4718&#44;4720&#44;4721&#44;4722&#44;4724&#44;4728&#44;4729&#44;4730&#44;4731&#44;4732&#44;4735&#44;4736&#44;4738&#44;4739&#44;4740&#44;4741&#44;4742&#44;4743&#44;4745&#44;4749&#44;4750&#44;4755&#44;4761&#44;4763&#44;4764&#44;4767&#44;4768&#44;4769&#44;4770&#44;4771&#44;4772&#44;4774&#44;4775&#44;4776&#44;4777&#44;4778&#44;4780&#44;4781&#44;4782&#44;4783&#44;4784&#44;4785&#44;4786&#44;4787&#44;4789&#44;4790&#44;4791&#44;4794&#44;4795&#44;4797&#44;4798&#44;4799&#44;4801&#44;4802&#44;4804&#44;4805&#44;4808&#44;4815&#44;4816&#44;4817&#44;4818&#44;4819&#44;4820&#44;4822&#44;4824&#44;4825&#44;4828&#44;4829&#44;4830&#44;4831&#44;4836&#44;4837&#44;4839&#44;4840&#44;4843&#44;4846&#44;4847&#44;4850&#44;4851&#44;4852&#44;4853&#44;4855&#44;4857&#44;4859&#44;4860&#44;4861&#44;4866&#44;4870&#44;4871&#44;4872&#44;4873&#44;4874&#44;4875&#44;4876&#44;4878&#44;4879&#44;4901&#44;4905&#44;4906&#44;4911&#44;4914&#44;4915&#44;4917&#44;4920&#44;4926&#44;4933&#44;4936&#44;4938&#44;4939&#44;4942&#44;4944&#44;4946&#44;4947&#44;4948&#44;4950&#44;4952&#44;4955&#44;4958&#44;4961&#44;4962&#44;4963&#44;4969&#44;4972&#44;4973&#44;4974&#44;4982&#44;4983&#44;4985&#44;4987&#44;4989&#44;4990&#44;4991&#44;4992&#44;4994&#44;4996&#44;4998&#44;4999&#44;6181&#44;6188&#44;6189&#44;6201&#44;6202&#44;6203&#44;6204&#44;6205&#44;6212&#44;6213&#44;6216&#44;6217&#44;6218&#44;6219&#44;6220&#44;6225&#44;6228&#44;6235&#44;6236&#44;6238&#44;6239&#44;6240&#44;6242&#44;6244&#44;6245&#44;6246&#44;6247&#44;6249&#44;6251&#44;6252&#44;6254&#44;6255&#44;6256&#44;6257&#44;6259&#44;6260&#44;6261&#44;6262&#44;6265&#44;6267&#44;6269&#44;6270&#44;6275&#44;6302&#44;6304&#44;6305&#44;6307&#44;6308&#44;6309&#44;6310&#44;6311&#44;6312&#44;6313&#44;6314&#44;6315&#44;6317&#44;6319&#44;6320&#44;6321&#44;6322&#44;6324&#44;6325&#44;6326&#44;6327&#44;6328&#44;6329&#44;6330&#44;6331&#44;6332&#44;6333&#44;6334&#44;6335&#44;6336&#44;6338&#44;6339&#44;6341&#44;6342&#44;6343&#44;6344&#44;6345&#44;6347&#44;6348&#44;6349&#44;6350&#44;6351&#44;6352&#44;6353&#44;6354&#44;6355&#44;6356&#44;6357&#44;6358&#44;6359&#44;6360&#44;6361&#44;6363&#44;6364&#44;6365&#44;6366&#44;6367&#44;6368&#44;6369&#44;6371&#44;6372&#44;6373&#44;6375&#44;6376&#44;6378&#44;6379&#44;6380&#44;6381&#44;6382&#44;6383&#44;6384&#44;6385&#44;6386&#44;6387&#44;6388&#44;6401&#44;6402&#44;6403&#44;6404&#44;6405&#44;6406&#44;6407&#44;6408&#44;6409&#44;6410&#44;6412&#44;6413&#44;6414&#44;6415&#44;6417&#44;6418&#44;6419&#44;6420&#44;6421&#44;6422&#44;6423&#44;6424&#44;6425&#44;6427&#44;6428&#44;6429&#44;6430&#44;6431&#44;6432&#44;6433&#44;6434&#44;6435&#44;6436&#44;6437&#44;6439&#44;6440&#44;6441&#44;6443&#44;6444&#44;6445&#44;6448&#44;6449&#44;6450&#44;6452&#44;6453&#44;6454&#44;6455&#44;6456&#44;6457&#44;6458&#44;6460&#44;6462&#44;6463&#44;6464&#44;6471&#44;6474&#44;6479&#44;6482&#44;6485&#44;6487&#44;6489&#44;6501&#44;6502&#44;6503&#44;6505&#44;6506&#44;6507&#44;6509&#44;6510&#44;6512&#44;6514&#44;6517&#44;6518&#44;6520&#44;6521&#44;6524&#44;6527&#44;6528&#44;6535&#44;6536&#44;6539&#44;6540&#44;6543&#44;6547&#44;6549&#44;6562&#44;6565&#44;6568&#44;6569&#44;6570&#44;6571&#44;6572&#44;6573&#44;6575&#44;6581&#44;6582&#44;6604&#44;6605&#44;6606&#44;6608&#44;6609&#44;6610&#44;6612&#44;6613&#44;6614&#44;6615&#44;6616&#44;6617&#44;6619&#44;6620&#44;6621&#44;6622&#44;6624&#44;6626&#44;6628&#44;6630&#44;6631&#44;6632&#44;6633&#44;6634&#44;6635&#44;6636&#44;6637&#44;6643&#44;6644&#44;6646&#44;6650&#44;6651&#44;6652&#44;6653&#44;6655&#44;6657&#44;6658&#44;6659&#44;6660&#44;6661&#44;6662&#44;6663&#44;6664&#44;6666&#44;6667&#44;6670&#44;6671&#44;6672&#44;6673&#44;6674&#44;6675&#44;6676&#44;6677&#44;6678&#44;6679&#44;6680&#44;6682&#44;6683&#44;6684&#44;6685&#44;6686&#44;6689&#44;6690&#44;6692&#44;6693&#44;6779&#44;6781&#44;6867&#44;6976&#44;6979&#44;7189&#44;7658&#44;7676&#44;8102&#44;8104&#44;8106&#44;8107&#44;8111&#44;8112&#44;8114&#44;8115&#44;8116&#44;8117&#44;8119&#44;8120&#44;8123&#44;8125&#44;8126&#44;8128&#44;8129&#44;8130&#44;8133&#44;8134&#44;8135&#44;8136&#44;8138&#44;8139&#44;8141&#44;8142&#44;8144&#44;8145&#44;8146&#44;8147&#44;8149&#44;8150&#44;8151&#44;8152&#44;8153&#44;8155&#44;8156&#44;8157&#44;8158&#44;8160&#44;8161&#44;8162&#44;8163&#44;8164&#44;8165&#44;8166&#44;8167&#44;8168&#44;8169&#44;8172&#44;8173&#44;8174&#44;8175&#44;8176&#44;8177&#44;8181&#44;8182&#44;8183&#44;8184&#44;8185&#44;8186&#44;8188&#44;8190&#44;8191&#44;8192&#44;8193&#44;8194&#44;8196&#44;8197&#44;8201&#44;8202&#44;8203&#44;8205&#44;8207&#44;8208&#44;8209&#44;8210&#44;8211&#44;8213&#44;8215&#44;8218&#44;8219&#44;8220&#44;8221&#44;8222&#44;8223&#44;8224&#44;8225&#44;8226&#44;8227&#44;8228&#44;8236&#44;8237&#44;8238&#44;8239&#44;8241&#44;8242&#44;8243&#44;8244&#44;8245&#44;8246&#44;8247&#44;8248&#44;8250&#44;8251&#44;8252&#44;8253&#44;8254&#44;8256&#44;8257&#44;8259&#44;8261&#44;8262&#44;8263&#44;8264&#44;8265&#44;8266&#44;8267&#44;8268&#44;8269&#44;8270&#44;8271&#44;8272&#44;8273&#44;8274&#44;8275&#44;8276&#44;8277&#44;8278&#44;8279&#44;8280&#44;8281&#44;8282&#44;8283&#44;8284&#44;8285&#44;8286&#44;8287&#44;8288&#44;8289&#44;8290&#44;8291&#44;8292&#44;8293&#44;8294&#44;8295&#44;8296&#44;8297&#44;8298&#44;8299&#44;""",11/2/22,11/2/22,N
layouts,Café Grab and Go,79-3,,2022,11/7/22,1-NewFolderStructure/C079_Cafe_Grab_n_Go/C79_Cafe_Grab_and_Go_Eff_110722/,_C79_Cafe_Grab_and_Go_Eff_110722.pdf,"""4109&#44;4702&#44;4703&#44;4704&#44;4707&#44;4709&#44;4710&#44;4711&#44;4712&#44;4713&#44;4718&#44;4720&#44;4721&#44;4722&#44;4724&#44;4728&#44;4729&#44;4730&#44;4731&#44;4732&#44;4735&#44;4736&#44;4738&#44;4739&#44;4740&#44;4741&#44;4742&#44;4743&#44;4745&#44;4749&#44;4750&#44;4755&#44;4761&#44;4763&#44;4764&#44;4767&#44;4768&#44;4769&#44;4770&#44;4771&#44;4772&#44;4774&#44;4775&#44;4776&#44;4777&#44;4778&#44;4780&#44;4781&#44;4782&#44;4783&#44;4784&#44;4785&#44;4786&#44;4787&#44;4789&#44;4790&#44;4791&#44;4794&#44;4795&#44;4797&#44;4798&#44;4799&#44;4801&#44;4802&#44;4804&#44;4805&#44;4808&#44;4815&#44;4816&#44;4817&#44;4818&#44;4819&#44;4820&#44;4822&#44;4824&#44;4825&#44;4828&#44;4829&#44;4830&#44;4831&#44;4836&#44;4837&#44;4839&#44;4840&#44;4843&#44;4846&#44;4847&#44;4850&#44;4851&#44;4852&#44;4853&#44;4855&#44;4857&#44;4859&#44;4860&#44;4861&#44;4870&#44;4871&#44;4872&#44;4873&#44;4874&#44;4875&#44;4876&#44;4878&#44;4879&#44;4901&#44;4905&#44;4906&#44;4908&#44;4911&#44;4914&#44;4915&#44;4917&#44;4920&#44;4925&#44;4926&#44;4930&#44;4933&#44;4936&#44;4938&#44;4939&#44;4942&#44;4944&#44;4946&#44;4947&#44;4948&#44;4950&#44;4952&#44;4955&#44;4958&#44;4961&#44;4962&#44;4963&#44;4969&#44;4972&#44;4973&#44;4974&#44;4982&#44;4983&#44;4985&#44;4987&#44;4989&#44;4990&#44;4991&#44;4992&#44;4994&#44;4996&#44;4998&#44;4999&#44;6181&#44;6188&#44;6189&#44;6201&#44;6202&#44;6203&#44;6204&#44;6205&#44;6212&#44;6213&#44;6216&#44;6217&#44;6218&#44;6219&#44;6220&#44;6228&#44;6235&#44;6236&#44;6238&#44;6239&#44;6240&#44;6242&#44;6244&#44;6245&#44;6246&#44;6247&#44;6249&#44;6251&#44;6252&#44;6254&#44;6255&#44;6256&#44;6257&#44;6259&#44;6260&#44;6261&#44;6262&#44;6265&#44;6267&#44;6269&#44;6275&#44;6302&#44;6304&#44;6305&#44;6307&#44;6308&#44;6309&#44;6310&#44;6311&#44;6312&#44;6313&#44;6314&#44;6315&#44;6317&#44;6319&#44;6320&#44;6321&#44;6322&#44;6324&#44;6325&#44;6326&#44;6327&#44;6328&#44;6329&#44;6330&#44;6331&#44;6332&#44;6333&#44;6334&#44;6335&#44;6336&#44;6338&#44;6339&#44;6341&#44;6342&#44;6343&#44;6344&#44;6345&#44;6347&#44;6348&#44;6349&#44;6350&#44;6351&#44;6352&#44;6353&#44;6354&#44;6355&#44;6356&#44;6357&#44;6358&#44;6359&#44;6360&#44;6361&#44;6363&#44;6364&#44;6365&#44;6366&#44;6367&#44;6368&#44;6369&#44;6371&#44;6372&#44;6373&#44;6375&#44;6376&#44;6377&#44;6379&#44;6380&#44;6381&#44;6382&#44;6383&#44;6384&#44;6385&#44;6386&#44;6387&#44;6388&#44;6401&#44;6402&#44;6403&#44;6405&#44;6406&#44;6407&#44;6408&#44;6409&#44;6410&#44;6412&#44;6413&#44;6414&#44;6415&#44;6417&#44;6418&#44;6419&#44;6420&#44;6421&#44;6422&#44;6423&#44;6424&#44;6425&#44;6426&#44;6427&#44;6428&#44;6429&#44;6430&#44;6431&#44;6432&#44;6433&#44;6434&#44;6435&#44;6436&#44;6437&#44;6439&#44;6440&#44;6441&#44;6443&#44;6444&#44;6445&#44;6448&#44;6450&#44;6452&#44;6453&#44;6454&#44;6456&#44;6457&#44;6458&#44;6460&#44;6461&#44;6462&#44;6463&#44;6464&#44;6471&#44;6472&#44;6474&#44;6482&#44;6485&#44;6487&#44;6489&#44;6501&#44;6502&#44;6503&#44;6506&#44;6507&#44;6509&#44;6510&#44;6512&#44;6514&#44;6517&#44;6518&#44;6520&#44;6521&#44;6524&#44;6527&#44;6528&#44;6533&#44;6535&#44;6536&#44;6539&#44;6540&#44;6547&#44;6549&#44;6556&#44;6562&#44;6565&#44;6567&#44;6568&#44;6569&#44;6570&#44;6571&#44;6572&#44;6573&#44;6575&#44;6581&#44;6582&#44;6604&#44;6605&#44;6606&#44;6608&#44;6609&#44;6610&#44;6612&#44;6613&#44;6614&#44;6615&#44;6616&#44;6617&#44;6619&#44;6620&#44;6621&#44;6622&#44;6624&#44;6626&#44;6628&#44;6630&#44;6631&#44;6632&#44;6633&#44;6634&#44;6635&#44;6636&#44;6637&#44;6643&#44;6644&#44;6646&#44;6650&#44;6651&#44;6652&#44;6653&#44;6655&#44;6657&#44;6658&#44;6659&#44;6660&#44;6661&#44;6662&#44;6663&#44;6664&#44;6666&#44;6667&#44;6670&#44;6671&#44;6672&#44;6673&#44;6674&#44;6675&#44;6676&#44;6677&#44;6678&#44;6679&#44;6682&#44;6683&#44;6684&#44;6685&#44;6686&#44;6692&#44;6693&#44;6779&#44;6781&#44;6867&#44;6976&#44;6979&#44;7189&#44;7658&#44;7676&#44;8102&#44;8104&#44;8106&#44;8107&#44;8111&#44;8112&#44;8114&#44;8115&#44;8116&#44;8117&#44;8119&#44;8120&#44;8123&#44;8125&#44;8126&#44;8128&#44;8129&#44;8130&#44;8132&#44;8133&#44;8134&#44;8135&#44;8136&#44;8138&#44;8139&#44;8141&#44;8142&#44;8144&#44;8145&#44;8146&#44;8147&#44;8149&#44;8150&#44;8151&#44;8152&#44;8153&#44;8155&#44;8156&#44;8157&#44;8158&#44;8160&#44;8161&#44;8162&#44;8163&#44;8164&#44;8165&#44;8166&#44;8167&#44;8168&#44;8169&#44;8172&#44;8173&#44;8174&#44;8175&#44;8176&#44;8177&#44;8180&#44;8181&#44;8182&#44;8183&#44;8184&#44;8185&#44;8186&#44;8188&#44;8189&#44;8190&#44;8191&#44;8192&#44;8193&#44;8194&#44;8196&#44;8197&#44;8201&#44;8202&#44;8203&#44;8205&#44;8207&#44;8208&#44;8209&#44;8210&#44;8211&#44;8213&#44;8215&#44;8218&#44;8219&#44;8220&#44;8221&#44;8222&#44;8223&#44;8224&#44;8225&#44;8226&#44;8227&#44;8228&#44;8236&#44;8237&#44;8238&#44;8239&#44;8241&#44;8242&#44;8243&#44;8244&#44;8245&#44;8246&#44;8247&#44;8248&#44;8250&#44;8251&#44;8252&#44;8253&#44;8254&#44;8256&#44;8257&#44;8259&#44;8261&#44;8262&#44;8263&#44;8264&#44;8265&#44;8266&#44;8267&#44;8268&#44;8269&#44;8270&#44;8271&#44;8272&#44;8273&#44;8274&#44;8275&#44;8276&#44;8277&#44;8278&#44;8279&#44;8280&#44;8281&#44;8282&#44;8283&#44;8284&#44;8285&#44;8286&#44;8287&#44;8288&#44;8289&#44;8290&#44;8291&#44;8292&#44;8293&#44;8294&#44;8295&#44;8296&#44;8297&#44;8298&#44;8299&#44;""",11/2/22,11/2/22,N
layouts,HMS,79-2,,2022,11/7/22,1-NewFolderStructure/C079_HMS/C79_HMS_EFFECTIVE_11072022/,_C79_HMS_EFFECTIVE_11072022.pdf,"""4109&#44;4702&#44;4703&#44;4704&#44;4707&#44;4709&#44;4710&#44;4711&#44;4712&#44;4713&#44;4718&#44;4720&#44;4721&#44;4722&#44;4724&#44;4728&#44;4729&#44;4730&#44;4731&#44;4732&#44;4735&#44;4736&#44;4738&#44;4739&#44;4740&#44;4741&#44;4742&#44;4743&#44;4745&#44;4749&#44;4750&#44;4755&#44;4761&#44;4763&#44;4764&#44;4767&#44;4768&#44;4769&#44;4770&#44;4771&#44;4772&#44;4774&#44;4775&#44;4776&#44;4777&#44;4778&#44;4780&#44;4781&#44;4782&#44;4783&#44;4784&#44;4785&#44;4786&#44;4787&#44;4789&#44;4790&#44;4791&#44;4794&#44;4795&#44;4797&#44;4798&#44;4799&#44;4801&#44;4802&#44;4804&#44;4805&#44;4808&#44;4815&#44;4816&#44;4817&#44;4818&#44;4819&#44;4820&#44;4822&#44;4824&#44;4825&#44;4828&#44;4829&#44;4830&#44;4836&#44;4837&#44;4839&#44;4840&#44;4843&#44;4846&#44;4847&#44;4850&#44;4851&#44;4852&#44;4853&#44;4855&#44;4857&#44;4859&#44;4860&#44;4861&#44;4866&#44;4870&#44;4871&#44;4872&#44;4873&#44;4874&#44;4875&#44;4876&#44;4878&#44;4879&#44;4901&#44;4905&#44;4906&#44;4908&#44;4911&#44;4914&#44;4915&#44;4917&#44;4920&#44;4925&#44;4926&#44;4930&#44;4933&#44;4936&#44;4938&#44;4939&#44;4942&#44;4944&#44;4946&#44;4948&#44;4950&#44;4952&#44;4955&#44;4958&#44;4961&#44;4962&#44;4963&#44;4969&#44;4972&#44;4973&#44;4974&#44;4983&#44;4985&#44;4987&#44;4989&#44;4990&#44;4991&#44;4992&#44;4994&#44;4996&#44;4998&#44;4999&#44;6181&#44;6188&#44;6189&#44;6201&#44;6203&#44;6204&#44;6205&#44;6212&#44;6213&#44;6216&#44;6217&#44;6218&#44;6219&#44;6220&#44;6225&#44;6228&#44;6235&#44;6236&#44;6238&#44;6239&#44;6240&#44;6242&#44;6244&#44;6245&#44;6246&#44;6247&#44;6249&#44;6251&#44;6252&#44;6254&#44;6255&#44;6256&#44;6257&#44;6259&#44;6260&#44;6261&#44;6262&#44;6265&#44;6267&#44;6269&#44;6270&#44;6275&#44;6302&#44;6304&#44;6307&#44;6308&#44;6309&#44;6310&#44;6311&#44;6312&#44;6313&#44;6314&#44;6315&#44;6317&#44;6320&#44;6321&#44;6322&#44;6324&#44;6325&#44;6326&#44;6327&#44;6328&#44;6329&#44;6330&#44;6331&#44;6332&#44;6333&#44;6334&#44;6335&#44;6336&#44;6338&#44;6339&#44;6341&#44;6342&#44;6343&#44;6344&#44;6345&#44;6347&#44;6348&#44;6349&#44;6350&#44;6351&#44;6352&#44;6353&#44;6354&#44;6355&#44;6356&#44;6357&#44;6358&#44;6359&#44;6360&#44;6361&#44;6363&#44;6364&#44;6365&#44;6366&#44;6367&#44;6368&#44;6369&#44;6371&#44;6372&#44;6373&#44;6376&#44;6377&#44;6378&#44;6379&#44;6380&#44;6381&#44;6382&#44;6383&#44;6385&#44;6386&#44;6387&#44;6388&#44;6401&#44;6402&#44;6403&#44;6404&#44;6405&#44;6406&#44;6407&#44;6408&#44;6409&#44;6410&#44;6412&#44;6413&#44;6414&#44;6415&#44;6417&#44;6418&#44;6419&#44;6420&#44;6421&#44;6422&#44;6423&#44;6424&#44;6425&#44;6426&#44;6427&#44;6428&#44;6429&#44;6430&#44;6431&#44;6432&#44;6433&#44;6434&#44;6435&#44;6436&#44;6437&#44;6439&#44;6440&#44;6441&#44;6443&#44;6444&#44;6445&#44;6448&#44;6449&#44;6450&#44;6452&#44;6454&#44;6455&#44;6456&#44;6457&#44;6460&#44;6461&#44;6462&#44;6463&#44;6464&#44;6472&#44;6474&#44;6479&#44;6482&#44;6485&#44;6487&#44;6489&#44;6501&#44;6502&#44;6503&#44;6505&#44;6506&#44;6507&#44;6509&#44;6510&#44;6512&#44;6514&#44;6517&#44;6518&#44;6520&#44;6521&#44;6524&#44;6527&#44;6528&#44;6533&#44;6535&#44;6536&#44;6539&#44;6540&#44;6543&#44;6547&#44;6549&#44;6556&#44;6562&#44;6565&#44;6567&#44;6568&#44;6569&#44;6570&#44;6571&#44;6572&#44;6573&#44;6575&#44;6581&#44;6582&#44;6604&#44;6605&#44;6606&#44;6608&#44;6609&#44;6610&#44;6612&#44;6613&#44;6614&#44;6615&#44;6616&#44;6617&#44;6619&#44;6620&#44;6621&#44;6622&#44;6624&#44;6626&#44;6628&#44;6630&#44;6631&#44;6632&#44;6633&#44;6634&#44;6635&#44;6636&#44;6637&#44;6643&#44;6644&#44;6646&#44;6650&#44;6651&#44;6652&#44;6653&#44;6655&#44;6657&#44;6659&#44;6660&#44;6661&#44;6662&#44;6663&#44;6664&#44;6666&#44;6667&#44;6670&#44;6671&#44;6672&#44;6673&#44;6674&#44;6675&#44;6676&#44;6677&#44;6678&#44;6679&#44;6680&#44;6682&#44;6683&#44;6684&#44;6685&#44;6686&#44;6689&#44;6690&#44;6692&#44;6779&#44;6781&#44;6867&#44;6976&#44;6979&#44;7189&#44;7658&#44;7676&#44;8102&#44;8104&#44;8106&#44;8107&#44;8111&#44;8112&#44;8114&#44;8115&#44;8116&#44;8117&#44;8119&#44;8120&#44;8123&#44;8125&#44;8126&#44;8128&#44;8129&#44;8130&#44;8132&#44;8133&#44;8134&#44;8135&#44;8136&#44;8138&#44;8139&#44;8141&#44;8142&#44;8144&#44;8145&#44;8146&#44;8147&#44;8149&#44;8150&#44;8151&#44;8152&#44;8153&#44;8155&#44;8156&#44;8157&#44;8158&#44;8160&#44;8161&#44;8162&#44;8163&#44;8164&#44;8165&#44;8166&#44;8167&#44;8168&#44;8172&#44;8173&#44;8174&#44;8175&#44;8176&#44;8177&#44;8180&#44;8181&#44;8182&#44;8183&#44;8184&#44;8185&#44;8186&#44;8188&#44;8189&#44;8190&#44;8191&#44;8192&#44;8193&#44;8194&#44;8196&#44;8197&#44;8201&#44;8202&#44;8203&#44;8205&#44;8207&#44;8208&#44;8209&#44;8210&#44;8211&#44;8213&#44;8215&#44;8218&#44;8219&#44;8220&#44;8221&#44;8222&#44;8223&#44;8224&#44;8225&#44;8226&#44;8227&#44;8228&#44;8236&#44;8237&#44;8238&#44;8239&#44;8241&#44;8242&#44;8243&#44;8244&#44;8245&#44;8246&#44;8247&#44;8248&#44;8250&#44;8251&#44;8252&#44;8253&#44;8254&#44;8256&#44;8257&#44;8259&#44;8261&#44;8262&#44;8263&#44;8264&#44;8265&#44;8266&#44;8267&#44;8268&#44;8269&#44;8270&#44;8271&#44;8272&#44;8273&#44;8274&#44;8275&#44;8276&#44;8277&#44;8278&#44;8279&#44;8280&#44;8281&#44;8282&#44;8283&#44;8284&#44;8285&#44;8286&#44;8287&#44;8288&#44;8289&#44;8290&#44;8291&#44;8292&#44;8293&#44;8294&#44;8295&#44;8296&#44;8297&#44;8298&#44;8299&#44;4831&#44;4947&#44;4982&#44;6202&#44;6305&#44;6319&#44;6375&#44;6384&#44;6453&#44;6471&#44;6658&#44;8169&#44;""",11/7/22,11/7/22,N
layouts,Bakery Bread Pods,"""37-5&#44;77-5""",,2022,11/7/22,1-NewFolderStructure/C037_C077_Bakery_Bread_Pods/_C37_77_Bread_POD_Effective_11072022_Updated_11082022/,__C37_77_Bread_POD_Effective_11072022_Updated_11082022.pdf,"""6441&#44;8111&#44;""",11/11/22,11/11/22,N
layouts,Bakery Tables,"""37&#44;77""",,2022,11/7/22,1-NewFolderStructure/C037_C077_Bakery_Tables/C37_77_Bakery_Tables_Effective_11072022_Updated_11072022/,_C37_77_Bakery_Tables_Effective_11072022_Updated_11072022.pdf,"""6425&#44;6636&#44;""",11/11/22,11/11/22,N
layouts,Seafood,72-1,,2022,11/11/22,1-NewFolderStructure/C072_Seafood/C72_Seafood_Effective_11112022/,_C72_Seafood_Effective_11112022.pdf,"""4702&#44;4713&#44;4721&#44;4731&#44;4742&#44;4743&#44;4763&#44;4764&#44;4769&#44;4783&#44;4795&#44;4843&#44;4850&#44;4905&#44;4906&#44;4914&#44;4948&#44;6202&#44;6244&#44;6255&#44;6262&#44;6265&#44;6350&#44;6372&#44;6376&#44;6381&#44;7189&#44;7676&#44;8190&#44;8224&#44;8242&#44;8245&#44;8246&#44;8259&#44;8262&#44;8270&#44;8273&#44;8274&#44;8277&#44;8282&#44;8284&#44;8286&#44;8288&#44;8295&#44;8299&#44;""",11/11/22,11/11/22,N
layouts,Seafood Island,72-2,,2022,11/11/22,1-NewFolderStructure/C072_Seafood_Island/C72_SeafoodIsland_Effective_11112022/,_C72_SeafoodIsland_Effective_11112022.pdf,"""4713&#44;4742&#44;4783&#44;4905&#44;6262&#44;6265&#44;6270&#44;8246&#44;8299&#44;""",11/11/22,11/11/22,N
layouts,Meat and Seafood,"""72&#44;76&#44;93""",,2022,11/11/22,1-NewFolderStructure/C076_C072_C093_Fresh_Meat_Seafood/C76_C93_Effective_11112022_Planogram_Updated_11222022/,_C76_C93_Effective_11112022_Planogram_Updated_11222022.pdf,"""4707&#44;4712&#44;4718&#44;4724&#44;4738&#44;4739&#44;4740&#44;4741&#44;4749&#44;4755&#44;4776&#44;4780&#44;4789&#44;4791&#44;4802&#44;4804&#44;4808&#44;4817&#44;4836&#44;4839&#44;4851&#44;4870&#44;4872&#44;4873&#44;4875&#44;4876&#44;4878&#44;4879&#44;4901&#44;4908&#44;4920&#44;4925&#44;4926&#44;4930&#44;4933&#44;4950&#44;4961&#44;4969&#44;4985&#44;4989&#44;4992&#44;6181&#44;6203&#44;6238&#44;6247&#44;6249&#44;6252&#44;6254&#44;6256&#44;6260&#44;6267&#44;6275&#44;6304&#44;6309&#44;6312&#44;6320&#44;6325&#44;6334&#44;6342&#44;6344&#44;6377&#44;6405&#44;6406&#44;6409&#44;6413&#44;6415&#44;6418&#44;6420&#44;6426&#44;6428&#44;6435&#44;6437&#44;6449&#44;6455&#44;6455&#44;6461&#44;6463&#44;6472&#44;6474&#44;6479&#44;6501&#44;6505&#44;6506&#44;6507&#44;6509&#44;6512&#44;6572&#44;6637&#44;6643&#44;6644&#44;6646&#44;6674&#44;7189&#44;8104&#44;8106&#44;8107&#44;8112&#44;8115&#44;8123&#44;8125&#44;8134&#44;8135&#44;8142&#44;8146&#44;8151&#44;8158&#44;8163&#44;8165&#44;8166&#44;8168&#44;8169&#44;8176&#44;8180&#44;8182&#44;8183&#44;8192&#44;8194&#44;8196&#44;8197&#44;8203&#44;8205&#44;8207&#44;8208&#44;8209&#44;8211&#44;8213&#44;8225&#44;8239&#44;8242&#44;8243&#44;8247&#44;8251&#44;8254&#44;8256&#44;8257&#44;8263&#44;8266&#44;8276&#44;8278&#44;8280&#44;8282&#44;8283&#44;8285&#44;8287&#44;8292&#44;8293&#44;8294&#44;8296&#44;""",11/11/22,11/11/22,N
layouts,Printers & Ink,29,,2022,101/24/2022,https://sams-csp.cld.samsclub.com/clubs/,/planograms/29,"""4109&#44;4702&#44;4703&#44;4704&#44;4707&#44;4709&#44;4710&#44;4711&#44;4712&#44;4713&#44;4718&#44;4720&#44;4721&#44;4722&#44;4724&#44;4728&#44;4729&#44;4730&#44;4731&#44;4732&#44;4735&#44;4736&#44;4738&#44;4739&#44;4740&#44;4741&#44;4742&#44;4743&#44;4745&#44;4749&#44;4750&#44;4755&#44;4761&#44;4763&#44;4764&#44;4767&#44;4768&#44;4769&#44;4770&#44;4771&#44;4772&#44;4774&#44;4775&#44;4776&#44;4777&#44;4778&#44;4780&#44;4781&#44;4782&#44;4783&#44;4784&#44;4785&#44;4786&#44;4787&#44;4789&#44;4790&#44;4791&#44;4794&#44;4795&#44;4797&#44;4798&#44;4799&#44;4801&#44;4802&#44;4804&#44;4805&#44;4808&#44;4815&#44;4816&#44;4817&#44;4818&#44;4819&#44;4820&#44;4822&#44;4824&#44;4825&#44;4828&#44;4829&#44;4830&#44;4831&#44;4836&#44;4837&#44;4839&#44;4840&#44;4843&#44;4846&#44;4847&#44;4850&#44;4851&#44;4852&#44;4853&#44;4855&#44;4857&#44;4859&#44;4860&#44;4861&#44;4866&#44;4870&#44;4871&#44;4872&#44;4873&#44;4874&#44;4875&#44;4876&#44;4878&#44;4879&#44;4901&#44;4905&#44;4906&#44;4908&#44;4911&#44;4914&#44;4915&#44;4917&#44;4920&#44;4925&#44;4926&#44;4930&#44;4933&#44;4936&#44;4938&#44;4939&#44;4942&#44;4944&#44;4946&#44;4947&#44;4948&#44;4950&#44;4952&#44;4955&#44;4958&#44;4961&#44;4962&#44;4963&#44;4969&#44;4972&#44;4973&#44;4974&#44;4982&#44;4983&#44;4985&#44;4987&#44;4989&#44;4990&#44;4991&#44;4992&#44;4994&#44;4996&#44;4998&#44;4999&#44;6181&#44;6188&#44;6189&#44;6201&#44;6202&#44;6203&#44;6204&#44;6205&#44;6212&#44;6213&#44;6216&#44;6217&#44;6218&#44;6219&#44;6220&#44;6225&#44;6228&#44;6235&#44;6236&#44;6238&#44;6239&#44;6240&#44;6242&#44;6244&#44;6245&#44;6246&#44;6247&#44;6249&#44;6251&#44;6252&#44;6254&#44;6255&#44;6256&#44;6257&#44;6259&#44;6260&#44;6261&#44;6262&#44;6265&#44;6267&#44;6269&#44;6270&#44;6275&#44;6302&#44;6304&#44;6305&#44;6307&#44;6308&#44;6309&#44;6310&#44;6311&#44;6312&#44;6313&#44;6314&#44;6315&#44;6317&#44;6319&#44;6320&#44;6321&#44;6322&#44;6324&#44;6325&#44;6326&#44;6327&#44;6328&#44;6329&#44;6330&#44;6331&#44;6332&#44;6333&#44;6334&#44;6335&#44;6336&#44;6338&#44;6339&#44;6341&#44;6342&#44;6343&#44;6344&#44;6345&#44;6347&#44;6348&#44;6349&#44;6350&#44;6351&#44;6352&#44;6353&#44;6354&#44;6355&#44;6356&#44;6357&#44;6358&#44;6359&#44;6360&#44;6361&#44;6363&#44;6364&#44;6365&#44;6366&#44;6367&#44;6368&#44;6369&#44;6371&#44;6372&#44;6373&#44;6375&#44;6376&#44;6377&#44;6378&#44;6379&#44;6380&#44;6381&#44;6382&#44;6383&#44;6384&#44;6385&#44;6386&#44;6387&#44;6388&#44;6401&#44;6402&#44;6403&#44;6404&#44;6405&#44;6406&#44;6407&#44;6408&#44;6409&#44;6410&#44;6412&#44;6413&#44;6414&#44;6415&#44;6417&#44;6418&#44;6419&#44;6420&#44;6421&#44;6422&#44;6423&#44;6424&#44;6425&#44;6426&#44;6427&#44;6428&#44;6429&#44;6430&#44;6431&#44;6432&#44;6433&#44;6434&#44;6435&#44;6436&#44;6437&#44;6439&#44;6440&#44;6441&#44;6443&#44;6444&#44;6445&#44;6448&#44;6449&#44;6450&#44;6452&#44;6453&#44;6454&#44;6455&#44;6456&#44;6457&#44;6458&#44;6460&#44;6461&#44;6462&#44;6463&#44;6464&#44;6471&#44;6472&#44;6474&#44;6479&#44;6482&#44;6485&#44;6487&#44;6489&#44;6501&#44;6502&#44;6503&#44;6505&#44;6506&#44;6507&#44;6509&#44;6510&#44;6512&#44;6514&#44;6517&#44;6518&#44;6520&#44;6521&#44;6524&#44;6527&#44;6528&#44;6533&#44;6535&#44;6536&#44;6539&#44;6540&#44;6543&#44;6547&#44;6549&#44;6556&#44;6562&#44;6565&#44;6567&#44;6568&#44;6569&#44;6570&#44;6571&#44;6572&#44;6573&#44;6575&#44;6581&#44;6582&#44;6604&#44;6605&#44;6606&#44;6608&#44;6609&#44;6610&#44;6612&#44;6613&#44;6614&#44;6615&#44;6616&#44;6617&#44;6619&#44;6620&#44;6621&#44;6622&#44;6624&#44;6626&#44;6628&#44;6630&#44;6631&#44;6632&#44;6633&#44;6634&#44;6635&#44;6636&#44;6637&#44;6643&#44;6644&#44;6646&#44;6650&#44;6651&#44;6652&#44;6653&#44;6655&#44;6657&#44;6658&#44;6659&#44;6660&#44;6661&#44;6662&#44;6663&#44;6664&#44;6666&#44;6667&#44;6670&#44;6671&#44;6672&#44;6673&#44;6674&#44;6675&#44;6676&#44;6677&#44;6678&#44;6679&#44;6680&#44;6682&#44;6683&#44;6684&#44;6685&#44;6686&#44;6689&#44;6690&#44;6692&#44;6693&#44;6779&#44;6781&#44;6867&#44;6976&#44;6979&#44;7189&#44;7658&#44;7676&#44;8102&#44;8104&#44;8106&#44;8107&#44;8111&#44;8112&#44;8114&#44;8115&#44;8116&#44;8117&#44;8119&#44;8120&#44;8123&#44;8125&#44;8126&#44;8128&#44;8129&#44;8130&#44;8132&#44;8133&#44;8134&#44;8135&#44;8136&#44;8138&#44;8139&#44;8141&#44;8142&#44;8144&#44;8145&#44;8146&#44;8147&#44;8149&#44;8150&#44;8151&#44;8152&#44;8153&#44;8155&#44;8156&#44;8157&#44;8158&#44;8160&#44;8161&#44;8162&#44;8163&#44;8164&#44;8165&#44;8166&#44;8167&#44;8168&#44;8169&#44;8172&#44;8173&#44;8174&#44;8175&#44;8176&#44;8177&#44;8180&#44;8181&#44;8182&#44;8183&#44;8184&#44;8185&#44;8186&#44;8188&#44;8189&#44;8190&#44;8191&#44;8192&#44;8193&#44;8194&#44;8196&#44;8197&#44;8201&#44;8202&#44;8203&#44;8205&#44;8207&#44;8208&#44;8209&#44;8210&#44;8211&#44;8213&#44;8215&#44;8218&#44;8219&#44;8220&#44;8221&#44;8222&#44;8223&#44;8224&#44;8225&#44;8226&#44;8227&#44;8228&#44;8236&#44;8237&#44;8238&#44;8239&#44;8241&#44;8242&#44;8243&#44;8244&#44;8245&#44;8246&#44;8247&#44;8248&#44;8250&#44;8251&#44;8252&#44;8253&#44;8254&#44;8256&#44;8257&#44;8259&#44;8261&#44;8262&#44;8263&#44;8264&#44;8265&#44;8266&#44;8267&#44;8268&#44;8269&#44;8270&#44;8271&#44;8272&#44;8273&#44;8274&#44;8275&#44;8276&#44;8277&#44;8278&#44;8279&#44;8280&#44;8281&#44;8282&#44;8283&#44;8284&#44;8285&#44;8286&#44;8287&#44;8288&#44;8289&#44;8290&#44;8291&#44;8292&#44;8293&#44;8294&#44;8295&#44;8296&#44;8297&#44;8298&#44;8299&#44;""",10/25/22,10/25/22,N
layouts,Meat and Seafood,"""72&#44;76&#44;93""",,2022,11/18/22,1-NewFolderStructure/C076_C072_C093_Fresh_Meat_Seafood/C76_C93_Effective_11182022_Planogram_Updated_11182022/,_C76_C93_Effective_11182022_Planogram_Updated_11182022.pdf,"""6336&#44;6634&#44;8129&#44;""",11/18/22,11/18/22,N
layouts,Cake Case,"""37-3&#44;77-3""",,2022,12/5/22,1-NewFolderStructure/C037_C077_Cake_Case/C77_C37_Cake_Cooler_Effective_12052022_Updated_11182022/,_C77_C37_Cake_Cooler_Effective_12052022_Updated_11182022.pdf,"""4109&#44;4702&#44;4703&#44;4704&#44;4707&#44;4709&#44;4710&#44;4711&#44;4712&#44;4713&#44;4718&#44;4720&#44;4721&#44;4722&#44;4724&#44;4728&#44;4729&#44;4730&#44;4731&#44;4732&#44;4735&#44;4736&#44;4738&#44;4739&#44;4740&#44;4741&#44;4742&#44;4743&#44;4745&#44;4749&#44;4750&#44;4755&#44;4761&#44;4763&#44;4764&#44;4767&#44;4768&#44;4769&#44;4770&#44;4771&#44;4772&#44;4774&#44;4775&#44;4776&#44;4777&#44;4778&#44;4780&#44;4781&#44;4782&#44;4783&#44;4784&#44;4785&#44;4786&#44;4787&#44;4789&#44;4790&#44;4791&#44;4794&#44;4795&#44;4797&#44;4798&#44;4799&#44;4801&#44;4802&#44;4804&#44;4805&#44;4808&#44;4815&#44;4816&#44;4817&#44;4818&#44;4819&#44;4820&#44;4822&#44;4824&#44;4825&#44;4828&#44;4829&#44;4830&#44;4831&#44;4836&#44;4837&#44;4839&#44;4840&#44;4843&#44;4846&#44;4847&#44;4850&#44;4851&#44;4852&#44;4853&#44;4855&#44;4857&#44;4859&#44;4860&#44;4861&#44;4866&#44;4870&#44;4871&#44;4872&#44;4873&#44;4874&#44;4875&#44;4876&#44;4878&#44;4879&#44;4901&#44;4905&#44;4906&#44;4911&#44;4914&#44;4915&#44;4917&#44;4920&#44;4925&#44;4926&#44;4933&#44;4936&#44;4938&#44;4939&#44;4942&#44;4944&#44;4946&#44;4947&#44;4948&#44;4950&#44;4952&#44;4955&#44;4958&#44;4961&#44;4962&#44;4963&#44;4969&#44;4972&#44;4973&#44;4974&#44;4982&#44;4983&#44;4985&#44;4987&#44;4989&#44;4990&#44;4991&#44;4992&#44;4994&#44;4996&#44;4998&#44;4999&#44;6181&#44;6188&#44;6189&#44;6201&#44;6202&#44;6203&#44;6204&#44;6205&#44;6212&#44;6213&#44;6216&#44;6217&#44;6218&#44;6219&#44;6220&#44;6225&#44;6228&#44;6235&#44;6236&#44;6238&#44;6239&#44;6240&#44;6242&#44;6244&#44;6245&#44;6246&#44;6247&#44;6249&#44;6251&#44;6252&#44;6254&#44;6255&#44;6256&#44;6257&#44;6259&#44;6260&#44;6261&#44;6262&#44;6265&#44;6267&#44;6269&#44;6270&#44;6275&#44;6302&#44;6304&#44;6305&#44;6307&#44;6308&#44;6309&#44;6310&#44;6311&#44;6312&#44;6313&#44;6314&#44;6315&#44;6317&#44;6319&#44;6320&#44;6321&#44;6322&#44;6324&#44;6325&#44;6326&#44;6327&#44;6328&#44;6329&#44;6330&#44;6331&#44;6332&#44;6333&#44;6334&#44;6335&#44;6336&#44;6338&#44;6339&#44;6341&#44;6342&#44;6343&#44;6344&#44;6345&#44;6347&#44;6348&#44;6349&#44;6350&#44;6351&#44;6352&#44;6353&#44;6354&#44;6355&#44;6356&#44;6357&#44;6358&#44;6359&#44;6360&#44;6361&#44;6363&#44;6364&#44;6365&#44;6366&#44;6367&#44;6368&#44;6369&#44;6371&#44;6372&#44;6373&#44;6375&#44;6376&#44;6377&#44;6378&#44;6379&#44;6380&#44;6381&#44;6382&#44;6383&#44;6384&#44;6385&#44;6386&#44;6387&#44;6388&#44;6401&#44;6402&#44;6403&#44;6404&#44;6405&#44;6406&#44;6407&#44;6408&#44;6409&#44;6410&#44;6412&#44;6413&#44;6414&#44;6415&#44;6417&#44;6418&#44;6419&#44;6420&#44;6421&#44;6422&#44;6423&#44;6424&#44;6425&#44;6426&#44;6427&#44;6428&#44;6429&#44;6430&#44;6431&#44;6432&#44;6433&#44;6434&#44;6435&#44;6436&#44;6437&#44;6439&#44;6440&#44;6441&#44;6443&#44;6444&#44;6445&#44;6448&#44;6449&#44;6450&#44;6452&#44;6453&#44;6454&#44;6455&#44;6456&#44;6457&#44;6458&#44;6460&#44;6462&#44;6463&#44;6464&#44;6471&#44;6472&#44;6474&#44;6479&#44;6482&#44;6485&#44;6487&#44;6489&#44;6501&#44;6502&#44;6503&#44;6505&#44;6506&#44;6507&#44;6509&#44;6510&#44;6512&#44;6514&#44;6517&#44;6518&#44;6520&#44;6521&#44;6524&#44;6527&#44;6528&#44;6535&#44;6536&#44;6539&#44;6540&#44;6543&#44;6547&#44;6549&#44;6562&#44;6565&#44;6568&#44;6569&#44;6570&#44;6571&#44;6572&#44;6573&#44;6575&#44;6581&#44;6582&#44;6604&#44;6605&#44;6606&#44;6608&#44;6609&#44;6610&#44;6612&#44;6613&#44;6614&#44;6615&#44;6616&#44;6617&#44;6619&#44;6620&#44;6621&#44;6622&#44;6624&#44;6626&#44;6628&#44;6630&#44;6631&#44;6632&#44;6633&#44;6634&#44;6635&#44;6636&#44;6637&#44;6643&#44;6644&#44;6646&#44;6650&#44;6651&#44;6652&#44;6653&#44;6655&#44;6657&#44;6658&#44;6659&#44;6660&#44;6661&#44;6662&#44;6663&#44;6664&#44;6666&#44;6667&#44;6670&#44;6671&#44;6672&#44;6673&#44;6674&#44;6675&#44;6676&#44;6677&#44;6678&#44;6679&#44;6680&#44;6682&#44;6683&#44;6684&#44;6685&#44;6686&#44;6689&#44;6690&#44;6692&#44;6693&#44;6779&#44;6781&#44;6867&#44;6976&#44;6979&#44;7189&#44;7658&#44;7676&#44;8102&#44;8104&#44;8106&#44;8107&#44;8111&#44;8112&#44;8114&#44;8115&#44;8116&#44;8117&#44;8119&#44;8120&#44;8123&#44;8125&#44;8126&#44;8128&#44;8129&#44;8130&#44;8132&#44;8133&#44;8134&#44;8135&#44;8136&#44;8138&#44;8139&#44;8141&#44;8142&#44;8144&#44;8145&#44;8146&#44;8147&#44;8149&#44;8150&#44;8151&#44;8152&#44;8153&#44;8155&#44;8156&#44;8157&#44;8158&#44;8160&#44;8161&#44;8162&#44;8163&#44;8164&#44;8165&#44;8166&#44;8167&#44;8168&#44;8169&#44;8172&#44;8173&#44;8174&#44;8175&#44;8176&#44;8177&#44;8181&#44;8182&#44;8183&#44;8184&#44;8185&#44;8186&#44;8188&#44;8190&#44;8191&#44;8192&#44;8193&#44;8194&#44;8196&#44;8197&#44;8201&#44;8202&#44;8203&#44;8205&#44;8207&#44;8208&#44;8209&#44;8210&#44;8211&#44;8213&#44;8215&#44;8218&#44;8219&#44;8220&#44;8221&#44;8222&#44;8223&#44;8224&#44;8225&#44;8226&#44;8227&#44;8228&#44;8236&#44;8237&#44;8238&#44;8239&#44;8241&#44;8242&#44;8243&#44;8244&#44;8245&#44;8246&#44;8247&#44;8248&#44;8250&#44;8251&#44;8252&#44;8253&#44;8254&#44;8256&#44;8257&#44;8259&#44;8261&#44;8262&#44;8263&#44;8264&#44;8265&#44;8266&#44;8267&#44;8268&#44;8269&#44;8270&#44;8271&#44;8272&#44;8273&#44;8274&#44;8275&#44;8276&#44;8277&#44;8278&#44;8279&#44;8280&#44;8281&#44;8282&#44;8283&#44;8284&#44;8285&#44;8286&#44;8287&#44;8288&#44;8289&#44;8290&#44;8291&#44;8292&#44;8293&#44;8294&#44;8295&#44;8296&#44;8297&#44;8298&#44;8299&#44;""",11/18/22,11/18/22,N
layouts,Bakery Dessert,"""37-2&#44;77-2""",,2022,12/5/22,1-NewFolderStructure/C037_C077_Bakery_Dessert/C77_C37_Dessert_Case_Effective_12052022_Updated_11182022/,_C77_C37_Dessert_Case_Effective_12052022_Updated_11182022.pdf,"""4710&#44;4722&#44;4724&#44;4729&#44;4736&#44;4743&#44;4755&#44;4761&#44;4771&#44;4776&#44;4778&#44;4794&#44;4795&#44;4797&#44;4798&#44;4815&#44;4817&#44;4820&#44;4825&#44;4831&#44;4836&#44;4840&#44;4847&#44;4851&#44;4857&#44;4859&#44;4872&#44;4875&#44;4876&#44;4878&#44;4879&#44;4901&#44;4917&#44;4920&#44;4926&#44;4936&#44;4946&#44;4948&#44;4950&#44;4952&#44;4961&#44;4962&#44;4963&#44;4972&#44;4973&#44;4989&#44;4992&#44;4994&#44;4996&#44;4999&#44;6201&#44;6203&#44;6204&#44;6216&#44;6219&#44;6228&#44;6236&#44;6247&#44;6256&#44;6260&#44;6270&#44;6275&#44;6304&#44;6305&#44;6307&#44;6308&#44;6322&#44;6324&#44;6325&#44;6326&#44;6328&#44;6330&#44;6331&#44;6332&#44;6333&#44;6338&#44;6339&#44;6341&#44;6342&#44;6343&#44;6349&#44;6352&#44;6353&#44;6355&#44;6357&#44;6358&#44;6363&#44;6364&#44;6365&#44;6366&#44;6368&#44;6371&#44;6383&#44;6384&#44;6386&#44;6387&#44;6401&#44;6402&#44;6403&#44;6405&#44;6407&#44;6409&#44;6410&#44;6413&#44;6420&#44;6422&#44;6423&#44;6426&#44;6431&#44;6432&#44;6434&#44;6435&#44;6437&#44;6439&#44;6441&#44;6443&#44;6444&#44;6448&#44;6449&#44;6450&#44;6452&#44;6456&#44;6458&#44;6460&#44;6462&#44;6463&#44;6464&#44;6479&#44;6501&#44;6505&#44;6506&#44;6509&#44;6512&#44;6517&#44;6518&#44;6520&#44;6524&#44;6528&#44;6536&#44;6539&#44;6543&#44;6547&#44;6562&#44;6569&#44;6570&#44;6571&#44;6572&#44;6573&#44;6581&#44;6630&#44;6646&#44;6651&#44;6652&#44;6663&#44;6664&#44;6673&#44;6675&#44;6676&#44;6677&#44;6678&#44;6679&#44;6680&#44;6690&#44;6693&#44;6976&#44;7676&#44;8102&#44;8107&#44;8111&#44;8112&#44;8116&#44;8117&#44;8120&#44;8125&#44;8129&#44;8130&#44;8132&#44;8134&#44;8135&#44;8136&#44;8142&#44;8144&#44;8151&#44;8152&#44;8155&#44;8157&#44;8160&#44;8161&#44;8162&#44;8163&#44;8164&#44;8166&#44;8167&#44;8173&#44;8175&#44;8176&#44;8182&#44;8183&#44;8186&#44;8188&#44;8191&#44;8192&#44;8193&#44;8194&#44;8202&#44;8205&#44;8207&#44;8208&#44;8215&#44;8218&#44;8219&#44;8220&#44;8221&#44;8222&#44;8223&#44;8224&#44;8226&#44;8228&#44;8237&#44;8241&#44;8243&#44;8247&#44;8251&#44;8252&#44;8253&#44;8254&#44;8256&#44;8257&#44;8261&#44;8262&#44;8263&#44;8265&#44;8267&#44;8270&#44;8271&#44;8275&#44;8280&#44;8283&#44;8285&#44;8287&#44;8288&#44;8289&#44;8290&#44;8292&#44;8294&#44;8295&#44;8298&#44;""",11/18/22,11/18/22,N
layouts,HMS,79-2,,2022,11/18/22,1-NewFolderStructure/C079_HMS/C79_HMS_EFFECTIVE_11182022/,_C79_HMS_EFFECTIVE_11182022.pdf,"""4831&#44;4947&#44;4982&#44;6202&#44;6305&#44;6319&#44;6356&#44;6373&#44;6375&#44;6384&#44;6453&#44;6455&#44;6471&#44;6472&#44;6658&#44;8169&#44;8182&#44;8282&#44;""",11/18/22,11/18/22,N
layouts,Meat and Seafood,"""72&#44;76&#44;93""",,2022,12/5/22,1-NewFolderStructure/C076_C072_C093_Fresh_Meat_Seafood/C76_C93_Effective_12052022_Planogram_Updated_11212022/,_C76_C93_Effective_12052022_Planogram_Updated_11212022.pdf,"""4109&#44;4702&#44;4703&#44;4704&#44;4707&#44;4709&#44;4710&#44;4711&#44;4712&#44;4713&#44;4718&#44;4720&#44;4721&#44;4722&#44;4724&#44;4728&#44;4729&#44;4730&#44;4731&#44;4732&#44;4735&#44;4736&#44;4738&#44;4739&#44;4740&#44;4741&#44;4742&#44;4743&#44;4745&#44;4749&#44;4750&#44;4755&#44;4761&#44;4763&#44;4764&#44;4767&#44;4768&#44;4769&#44;4770&#44;4771&#44;4772&#44;4774&#44;4775&#44;4776&#44;4777&#44;4778&#44;4780&#44;4781&#44;4782&#44;4783&#44;4784&#44;4785&#44;4786&#44;4787&#44;4789&#44;4790&#44;4791&#44;4794&#44;4795&#44;4797&#44;4798&#44;4799&#44;4801&#44;4802&#44;4804&#44;4805&#44;4808&#44;4815&#44;4816&#44;4817&#44;4818&#44;4819&#44;4820&#44;4822&#44;4824&#44;4825&#44;4828&#44;4829&#44;4830&#44;4831&#44;4836&#44;4837&#44;4839&#44;4840&#44;4843&#44;4846&#44;4847&#44;4850&#44;4851&#44;4852&#44;4853&#44;4855&#44;4857&#44;4859&#44;4860&#44;4861&#44;4866&#44;4870&#44;4871&#44;4872&#44;4873&#44;4874&#44;4875&#44;4876&#44;4878&#44;4879&#44;4901&#44;4905&#44;4906&#44;4908&#44;4911&#44;4914&#44;4915&#44;4917&#44;4920&#44;4925&#44;4926&#44;4930&#44;4933&#44;4936&#44;4938&#44;4939&#44;4942&#44;4944&#44;4946&#44;4947&#44;4948&#44;4950&#44;4952&#44;4955&#44;4958&#44;4961&#44;4962&#44;4963&#44;4969&#44;4972&#44;4973&#44;4974&#44;4982&#44;4983&#44;4985&#44;4987&#44;4989&#44;4990&#44;4991&#44;4992&#44;4994&#44;4996&#44;4998&#44;4999&#44;6181&#44;6188&#44;6189&#44;6201&#44;6202&#44;6203&#44;6204&#44;6205&#44;6212&#44;6213&#44;6216&#44;6217&#44;6218&#44;6219&#44;6220&#44;6225&#44;6228&#44;6235&#44;6236&#44;6238&#44;6239&#44;6240&#44;6242&#44;6244&#44;6245&#44;6246&#44;6247&#44;6249&#44;6251&#44;6252&#44;6254&#44;6255&#44;6256&#44;6257&#44;6259&#44;6260&#44;6261&#44;6262&#44;6265&#44;6267&#44;6269&#44;6270&#44;6275&#44;6302&#44;6304&#44;6305&#44;6307&#44;6308&#44;6309&#44;6310&#44;6311&#44;6312&#44;6313&#44;6314&#44;6315&#44;6317&#44;6319&#44;6320&#44;6321&#44;6322&#44;6324&#44;6325&#44;6326&#44;6327&#44;6328&#44;6329&#44;6330&#44;6331&#44;6332&#44;6333&#44;6334&#44;6335&#44;6336&#44;6338&#44;6339&#44;6341&#44;6342&#44;6343&#44;6344&#44;6345&#44;6347&#44;6348&#44;6349&#44;6350&#44;6351&#44;6352&#44;6353&#44;6354&#44;6355&#44;6356&#44;6357&#44;6358&#44;6359&#44;6360&#44;6361&#44;6363&#44;6364&#44;6365&#44;6366&#44;6367&#44;6368&#44;6369&#44;6371&#44;6372&#44;6373&#44;6375&#44;6376&#44;6377&#44;6378&#44;6379&#44;6380&#44;6381&#44;6382&#44;6383&#44;6384&#44;6385&#44;6386&#44;6387&#44;6388&#44;6401&#44;6402&#44;6403&#44;6404&#44;6405&#44;6406&#44;6407&#44;6408&#44;6409&#44;6410&#44;6412&#44;6413&#44;6414&#44;6415&#44;6417&#44;6418&#44;6419&#44;6420&#44;6421&#44;6422&#44;6423&#44;6424&#44;6425&#44;6426&#44;6427&#44;6428&#44;6429&#44;6430&#44;6431&#44;6432&#44;6433&#44;6434&#44;6435&#44;6436&#44;6437&#44;6439&#44;6440&#44;6441&#44;6443&#44;6444&#44;6445&#44;6448&#44;6449&#44;6450&#44;6452&#44;6453&#44;6454&#44;6455&#44;6456&#44;6457&#44;6458&#44;6460&#44;6461&#44;6462&#44;6463&#44;6464&#44;6471&#44;6472&#44;6474&#44;6479&#44;6482&#44;6485&#44;6487&#44;6489&#44;6501&#44;6502&#44;6503&#44;6505&#44;6506&#44;6507&#44;6509&#44;6510&#44;6512&#44;6514&#44;6517&#44;6518&#44;6520&#44;6521&#44;6524&#44;6527&#44;6528&#44;6533&#44;6535&#44;6536&#44;6539&#44;6540&#44;6543&#44;6547&#44;6549&#44;6556&#44;6562&#44;6565&#44;6567&#44;6568&#44;6569&#44;6570&#44;6571&#44;6572&#44;6573&#44;6575&#44;6581&#44;6582&#44;6604&#44;6605&#44;6606&#44;6608&#44;6609&#44;6610&#44;6612&#44;6613&#44;6614&#44;6615&#44;6616&#44;6617&#44;6619&#44;6620&#44;6621&#44;6622&#44;6624&#44;6626&#44;6628&#44;6630&#44;6631&#44;6632&#44;6633&#44;6634&#44;6635&#44;6636&#44;6637&#44;6643&#44;6644&#44;6646&#44;6650&#44;6651&#44;6652&#44;6653&#44;6655&#44;6657&#44;6658&#44;6659&#44;6660&#44;6661&#44;6662&#44;6663&#44;6664&#44;6666&#44;6667&#44;6670&#44;6671&#44;6672&#44;6673&#44;6674&#44;6675&#44;6676&#44;6677&#44;6678&#44;6679&#44;6680&#44;6682&#44;6683&#44;6684&#44;6685&#44;6686&#44;6689&#44;6690&#44;6692&#44;6693&#44;6779&#44;6781&#44;6867&#44;6976&#44;6979&#44;7189&#44;7658&#44;7676&#44;8102&#44;8104&#44;8106&#44;8107&#44;8111&#44;8112&#44;8114&#44;8115&#44;8116&#44;8117&#44;8119&#44;8120&#44;8123&#44;8125&#44;8126&#44;8128&#44;8129&#44;8130&#44;8132&#44;8133&#44;8134&#44;8135&#44;8136&#44;8138&#44;8139&#44;8141&#44;8142&#44;8144&#44;8145&#44;8146&#44;8147&#44;8149&#44;8150&#44;8151&#44;8152&#44;8153&#44;8155&#44;8156&#44;8157&#44;8158&#44;8160&#44;8161&#44;8162&#44;8163&#44;8164&#44;8165&#44;8166&#44;8167&#44;8168&#44;8169&#44;8172&#44;8173&#44;8174&#44;8175&#44;8176&#44;8177&#44;8180&#44;8181&#44;8182&#44;8183&#44;8184&#44;8185&#44;8186&#44;8188&#44;8189&#44;8190&#44;8191&#44;8192&#44;8193&#44;8194&#44;8196&#44;8197&#44;8201&#44;8202&#44;8203&#44;8205&#44;8207&#44;8208&#44;8209&#44;8210&#44;8211&#44;8213&#44;8215&#44;8218&#44;8219&#44;8220&#44;8221&#44;8222&#44;8223&#44;8224&#44;8225&#44;8226&#44;8227&#44;8228&#44;8236&#44;8237&#44;8238&#44;8239&#44;8241&#44;8242&#44;8243&#44;8244&#44;8245&#44;8246&#44;8247&#44;8248&#44;8250&#44;8251&#44;8252&#44;8253&#44;8254&#44;8256&#44;8257&#44;8259&#44;8261&#44;8262&#44;8263&#44;8264&#44;8265&#44;8266&#44;8267&#44;8268&#44;8269&#44;8270&#44;8271&#44;8272&#44;8273&#44;8274&#44;8275&#44;8276&#44;8277&#44;8278&#44;8279&#44;8280&#44;8281&#44;8282&#44;8283&#44;8284&#44;8285&#44;8286&#44;8287&#44;8288&#44;8289&#44;8290&#44;8291&#44;8292&#44;8293&#44;8294&#44;8295&#44;8296&#44;8297&#44;8298&#44;8299&#44;""",12/5/22,12/5/22,N
layouts,Seafood,72-1,,2022,12/5/22,1-NewFolderStructure/C072_Seafood/C72_Seafood_Effective_11282022/,_C72_Seafood_Effective_11282022.pdf,"""4109&#44;4702&#44;4703&#44;4704&#44;4707&#44;4709&#44;4710&#44;4711&#44;4712&#44;4713&#44;4718&#44;4720&#44;4721&#44;4722&#44;4724&#44;4728&#44;4729&#44;4730&#44;4731&#44;4732&#44;4735&#44;4736&#44;4738&#44;4739&#44;4740&#44;4741&#44;4742&#44;4743&#44;4745&#44;4749&#44;4750&#44;4761&#44;4763&#44;4764&#44;4767&#44;4768&#44;4769&#44;4770&#44;4771&#44;4772&#44;4774&#44;4775&#44;4776&#44;4777&#44;4778&#44;4780&#44;4781&#44;4782&#44;4783&#44;4784&#44;4785&#44;4786&#44;4787&#44;4789&#44;4790&#44;4791&#44;4794&#44;4795&#44;4797&#44;4798&#44;4799&#44;4801&#44;4802&#44;4804&#44;4805&#44;4808&#44;4815&#44;4816&#44;4817&#44;4818&#44;4819&#44;4820&#44;4822&#44;4824&#44;4825&#44;4828&#44;4829&#44;4830&#44;4831&#44;4836&#44;4837&#44;4839&#44;4840&#44;4843&#44;4846&#44;4847&#44;4850&#44;4851&#44;4852&#44;4853&#44;4855&#44;4857&#44;4859&#44;4860&#44;4861&#44;4870&#44;4871&#44;4872&#44;4873&#44;4874&#44;4875&#44;4876&#44;4878&#44;4879&#44;4901&#44;4905&#44;4906&#44;4908&#44;4911&#44;4914&#44;4915&#44;4917&#44;4920&#44;4925&#44;4926&#44;4930&#44;4933&#44;4936&#44;4938&#44;4939&#44;4942&#44;4944&#44;4946&#44;4947&#44;4948&#44;4950&#44;4952&#44;4955&#44;4958&#44;4961&#44;4962&#44;4963&#44;4969&#44;4972&#44;4973&#44;4974&#44;4982&#44;4983&#44;4985&#44;4987&#44;4989&#44;4990&#44;4991&#44;4992&#44;4994&#44;4996&#44;4998&#44;4999&#44;6181&#44;6188&#44;6189&#44;6201&#44;6202&#44;6203&#44;6204&#44;6205&#44;6212&#44;6213&#44;6216&#44;6217&#44;6218&#44;6219&#44;6220&#44;6228&#44;6235&#44;6236&#44;6238&#44;6239&#44;6240&#44;6242&#44;6244&#44;6245&#44;6246&#44;6247&#44;6249&#44;6251&#44;6252&#44;6254&#44;6255&#44;6256&#44;6257&#44;6259&#44;6260&#44;6261&#44;6262&#44;6265&#44;6267&#44;6269&#44;6275&#44;6302&#44;6304&#44;6305&#44;6307&#44;6308&#44;6309&#44;6310&#44;6311&#44;6312&#44;6313&#44;6314&#44;6315&#44;6317&#44;6319&#44;6320&#44;6321&#44;6322&#44;6324&#44;6325&#44;6326&#44;6327&#44;6328&#44;6329&#44;6330&#44;6331&#44;6332&#44;6333&#44;6334&#44;6335&#44;6336&#44;6338&#44;6339&#44;6341&#44;6342&#44;6343&#44;6344&#44;6345&#44;6347&#44;6348&#44;6349&#44;6350&#44;6351&#44;6352&#44;6353&#44;6354&#44;6355&#44;6356&#44;6357&#44;6358&#44;6359&#44;6360&#44;6361&#44;6363&#44;6364&#44;6365&#44;6366&#44;6367&#44;6368&#44;6369&#44;6371&#44;6372&#44;6373&#44;6375&#44;6376&#44;6377&#44;6378&#44;6379&#44;6380&#44;6381&#44;6382&#44;6383&#44;6384&#44;6385&#44;6386&#44;6387&#44;6388&#44;6401&#44;6402&#44;6403&#44;6404&#44;6405&#44;6406&#44;6407&#44;6408&#44;6409&#44;6412&#44;6413&#44;6414&#44;6415&#44;6417&#44;6418&#44;6419&#44;6420&#44;6421&#44;6422&#44;6423&#44;6424&#44;6425&#44;6426&#44;6427&#44;6428&#44;6429&#44;6430&#44;6431&#44;6432&#44;6433&#44;6434&#44;6435&#44;6436&#44;6437&#44;6439&#44;6440&#44;6441&#44;6443&#44;6444&#44;6445&#44;6448&#44;6449&#44;6450&#44;6452&#44;6453&#44;6454&#44;6455&#44;6456&#44;6457&#44;6458&#44;6460&#44;6461&#44;6462&#44;6463&#44;6464&#44;6471&#44;6472&#44;6474&#44;6479&#44;6482&#44;6485&#44;6487&#44;6489&#44;6501&#44;6502&#44;6503&#44;6505&#44;6506&#44;6507&#44;6509&#44;6510&#44;6512&#44;6514&#44;6517&#44;6518&#44;6520&#44;6521&#44;6524&#44;6527&#44;6528&#44;6533&#44;6535&#44;6536&#44;6539&#44;6540&#44;6547&#44;6549&#44;6556&#44;6562&#44;6565&#44;6567&#44;6568&#44;6569&#44;6570&#44;6571&#44;6572&#44;6573&#44;6575&#44;6581&#44;6582&#44;6604&#44;6605&#44;6606&#44;6608&#44;6609&#44;6610&#44;6612&#44;6613&#44;6614&#44;6615&#44;6616&#44;6617&#44;6619&#44;6620&#44;6621&#44;6622&#44;6624&#44;6626&#44;6628&#44;6630&#44;6631&#44;6632&#44;6633&#44;6634&#44;6635&#44;6636&#44;6637&#44;6643&#44;6644&#44;6646&#44;6650&#44;6651&#44;6652&#44;6653&#44;6655&#44;6657&#44;6658&#44;6659&#44;6660&#44;6661&#44;6662&#44;6663&#44;6664&#44;6666&#44;6667&#44;6670&#44;6671&#44;6672&#44;6673&#44;6674&#44;6675&#44;6676&#44;6677&#44;6678&#44;6679&#44;6682&#44;6683&#44;6684&#44;6685&#44;6686&#44;6692&#44;6693&#44;6779&#44;6781&#44;6867&#44;6976&#44;6979&#44;7189&#44;7658&#44;7676&#44;8102&#44;8104&#44;8106&#44;8107&#44;8111&#44;8112&#44;8114&#44;8115&#44;8116&#44;8117&#44;8119&#44;8120&#44;8123&#44;8125&#44;8126&#44;8128&#44;8129&#44;8130&#44;8132&#44;8133&#44;8134&#44;8135&#44;8136&#44;8138&#44;8139&#44;8141&#44;8142&#44;8144&#44;8145&#44;8146&#44;8147&#44;8149&#44;8150&#44;8151&#44;8152&#44;8153&#44;8155&#44;8156&#44;8157&#44;8158&#44;8160&#44;8161&#44;8162&#44;8163&#44;8164&#44;8165&#44;8166&#44;8167&#44;8168&#44;8169&#44;8172&#44;8173&#44;8174&#44;8175&#44;8176&#44;8177&#44;8180&#44;8181&#44;8182&#44;8183&#44;8184&#44;8185&#44;8186&#44;8188&#44;8189&#44;8190&#44;8191&#44;8192&#44;8193&#44;8194&#44;8196&#44;8197&#44;8201&#44;8202&#44;8203&#44;8205&#44;8207&#44;8208&#44;8209&#44;8210&#44;8211&#44;8213&#44;8215&#44;8218&#44;8219&#44;8220&#44;8221&#44;8222&#44;8223&#44;8224&#44;8225&#44;8226&#44;8227&#44;8228&#44;8236&#44;8237&#44;8238&#44;8239&#44;8241&#44;8242&#44;8243&#44;8244&#44;8245&#44;8246&#44;8247&#44;8248&#44;8250&#44;8251&#44;8252&#44;8253&#44;8254&#44;8256&#44;8257&#44;8259&#44;8261&#44;8262&#44;8263&#44;8264&#44;8265&#44;8266&#44;8267&#44;8268&#44;8269&#44;8270&#44;8271&#44;8272&#44;8273&#44;8274&#44;8275&#44;8276&#44;8277&#44;8278&#44;8279&#44;8280&#44;8281&#44;8282&#44;8283&#44;8284&#44;8285&#44;8286&#44;8287&#44;8288&#44;8289&#44;8290&#44;8291&#44;8292&#44;8293&#44;8294&#44;8295&#44;8296&#44;8297&#44;8298&#44;8299&#44;""",12/5/22,12/5/22,N
layouts,Seafood Island,72-2,,2022,12/5/22,1-NewFolderStructure/C072_Seafood_Island/C72_SeafoodIsland_Effective_11282022/,_C72_SeafoodIsland_Effective_11282022.pdf,"""4707&#44;4711&#44;4713&#44;4740&#44;4742&#44;4775&#44;4783&#44;4790&#44;4804&#44;4808&#44;4855&#44;4905&#44;4925&#44;4969&#44;4983&#44;4985&#44;4998&#44;6239&#44;6242&#44;6249&#44;6251&#44;6254&#44;6262&#44;6265&#44;6309&#44;6312&#44;6317&#44;6320&#44;6344&#44;6348&#44;6354&#44;6361&#44;6414&#44;6415&#44;6457&#44;6520&#44;6565&#44;6604&#44;6619&#44;6636&#44;6644&#44;6653&#44;6662&#44;6666&#44;6674&#44;6692&#44;8106&#44;8114&#44;8115&#44;8123&#44;8139&#44;8149&#44;8165&#44;8168&#44;8181&#44;8183&#44;8201&#44;8209&#44;8225&#44;8236&#44;8238&#44;8246&#44;8269&#44;8293&#44;8299&#44;""",12/5/22,12/5/22,N
layouts,Bakery Pallets,"""37-4&#44;77-4""",,2022,12/5/22,1-NewFolderStructure/C037_C077_Bakery_Pallets/C37_77_Bakery_Pallets_Effective_12052022_Updated_112322022/,_C37_77_Bakery_Pallets_Effective_12052022_Updated_112322022.pdf,"""4109&#44;4702&#44;4703&#44;4704&#44;4707&#44;4709&#44;4710&#44;4711&#44;4712&#44;4713&#44;4718&#44;4720&#44;4721&#44;4722&#44;4724&#44;4728&#44;4729&#44;4730&#44;4731&#44;4732&#44;4735&#44;4736&#44;4738&#44;4739&#44;4740&#44;4741&#44;4742&#44;4743&#44;4745&#44;4749&#44;4750&#44;4755&#44;4761&#44;4763&#44;4764&#44;4767&#44;4768&#44;4769&#44;4770&#44;4771&#44;4772&#44;4774&#44;4775&#44;4776&#44;4777&#44;4778&#44;4780&#44;4781&#44;4782&#44;4784&#44;4785&#44;4786&#44;4787&#44;4789&#44;4790&#44;4791&#44;4794&#44;4795&#44;4797&#44;4798&#44;4799&#44;4801&#44;4802&#44;4804&#44;4805&#44;4815&#44;4816&#44;4817&#44;4818&#44;4819&#44;4820&#44;4822&#44;4824&#44;4825&#44;4828&#44;4829&#44;4830&#44;4831&#44;4836&#44;4837&#44;4839&#44;4840&#44;4843&#44;4846&#44;4847&#44;4850&#44;4851&#44;4852&#44;4853&#44;4855&#44;4857&#44;4859&#44;4860&#44;4861&#44;4866&#44;4870&#44;4871&#44;4872&#44;4873&#44;4874&#44;4875&#44;4876&#44;4878&#44;4879&#44;4901&#44;4905&#44;4906&#44;4908&#44;4911&#44;4914&#44;4915&#44;4917&#44;4920&#44;4926&#44;4930&#44;4933&#44;4936&#44;4938&#44;4939&#44;4942&#44;4946&#44;4947&#44;4948&#44;4950&#44;4952&#44;4955&#44;4958&#44;4961&#44;4962&#44;4963&#44;4972&#44;4973&#44;4974&#44;4983&#44;4985&#44;4987&#44;4989&#44;4990&#44;4991&#44;4992&#44;4994&#44;4996&#44;4998&#44;4999&#44;6181&#44;6188&#44;6189&#44;6201&#44;6202&#44;6203&#44;6204&#44;6205&#44;6212&#44;6213&#44;6216&#44;6217&#44;6218&#44;6219&#44;6220&#44;6225&#44;6228&#44;6235&#44;6236&#44;6239&#44;6240&#44;6242&#44;6244&#44;6245&#44;6246&#44;6247&#44;6249&#44;6251&#44;6252&#44;6254&#44;6255&#44;6256&#44;6257&#44;6259&#44;6260&#44;6261&#44;6262&#44;6265&#44;6267&#44;6269&#44;6270&#44;6275&#44;6302&#44;6304&#44;6305&#44;6308&#44;6309&#44;6310&#44;6311&#44;6312&#44;6313&#44;6314&#44;6315&#44;6317&#44;6320&#44;6321&#44;6322&#44;6325&#44;6326&#44;6327&#44;6328&#44;6329&#44;6330&#44;6332&#44;6333&#44;6335&#44;6336&#44;6338&#44;6339&#44;6341&#44;6342&#44;6343&#44;6344&#44;6345&#44;6347&#44;6348&#44;6349&#44;6350&#44;6351&#44;6352&#44;6353&#44;6354&#44;6355&#44;6356&#44;6357&#44;6358&#44;6359&#44;6360&#44;6361&#44;6363&#44;6364&#44;6365&#44;6366&#44;6367&#44;6368&#44;6369&#44;6371&#44;6372&#44;6373&#44;6376&#44;6377&#44;6378&#44;6379&#44;6380&#44;6381&#44;6382&#44;6383&#44;6384&#44;6385&#44;6386&#44;6387&#44;6388&#44;6401&#44;6402&#44;6403&#44;6404&#44;6408&#44;6409&#44;6410&#44;6413&#44;6414&#44;6415&#44;6417&#44;6418&#44;6419&#44;6420&#44;6421&#44;6422&#44;6423&#44;6425&#44;6426&#44;6427&#44;6428&#44;6429&#44;6430&#44;6431&#44;6432&#44;6433&#44;6434&#44;6435&#44;6436&#44;6437&#44;6439&#44;6440&#44;6441&#44;6443&#44;6444&#44;6445&#44;6448&#44;6449&#44;6452&#44;6453&#44;6454&#44;6455&#44;6456&#44;6457&#44;6458&#44;6460&#44;6461&#44;6462&#44;6463&#44;6464&#44;6471&#44;6474&#44;6479&#44;6482&#44;6485&#44;6487&#44;6489&#44;6501&#44;6502&#44;6505&#44;6506&#44;6507&#44;6509&#44;6510&#44;6512&#44;6514&#44;6517&#44;6518&#44;6520&#44;6521&#44;6524&#44;6527&#44;6528&#44;6533&#44;6536&#44;6539&#44;6540&#44;6543&#44;6547&#44;6549&#44;6556&#44;6565&#44;6567&#44;6568&#44;6570&#44;6571&#44;6572&#44;6573&#44;6575&#44;6581&#44;6582&#44;6604&#44;6605&#44;6606&#44;6608&#44;6609&#44;6610&#44;6613&#44;6614&#44;6615&#44;6616&#44;6617&#44;6619&#44;6620&#44;6621&#44;6622&#44;6624&#44;6626&#44;6628&#44;6630&#44;6631&#44;6632&#44;6633&#44;6634&#44;6635&#44;6636&#44;6637&#44;6643&#44;6644&#44;6646&#44;6650&#44;6651&#44;6652&#44;6653&#44;6655&#44;6657&#44;6658&#44;6659&#44;6660&#44;6661&#44;6662&#44;6663&#44;6664&#44;6666&#44;6667&#44;6670&#44;6671&#44;6672&#44;6673&#44;6674&#44;6675&#44;6676&#44;6677&#44;6678&#44;6679&#44;6680&#44;6682&#44;6683&#44;6684&#44;6685&#44;6686&#44;6689&#44;6690&#44;6692&#44;6693&#44;6779&#44;6781&#44;6976&#44;6979&#44;7189&#44;7658&#44;7676&#44;8102&#44;8104&#44;8106&#44;8107&#44;8111&#44;8112&#44;8114&#44;8115&#44;8116&#44;8117&#44;8120&#44;8123&#44;8125&#44;8126&#44;8128&#44;8129&#44;8130&#44;8132&#44;8133&#44;8134&#44;8135&#44;8136&#44;8138&#44;8139&#44;8141&#44;8142&#44;8145&#44;8146&#44;8147&#44;8149&#44;8150&#44;8151&#44;8152&#44;8153&#44;8155&#44;8156&#44;8157&#44;8158&#44;8160&#44;8161&#44;8162&#44;8163&#44;8164&#44;8165&#44;8166&#44;8167&#44;8168&#44;8169&#44;8172&#44;8173&#44;8174&#44;8175&#44;8176&#44;8180&#44;8181&#44;8182&#44;8183&#44;8184&#44;8186&#44;8188&#44;8189&#44;8190&#44;8191&#44;8192&#44;8193&#44;8194&#44;8196&#44;8197&#44;8201&#44;8202&#44;8203&#44;8205&#44;8207&#44;8208&#44;8210&#44;8211&#44;8213&#44;8215&#44;8218&#44;8219&#44;8220&#44;8221&#44;8222&#44;8223&#44;8224&#44;8226&#44;8227&#44;8228&#44;8236&#44;8237&#44;8238&#44;8239&#44;8241&#44;8242&#44;8243&#44;8244&#44;8245&#44;8246&#44;8247&#44;8248&#44;8250&#44;8251&#44;8252&#44;8253&#44;8254&#44;8256&#44;8257&#44;8261&#44;8262&#44;8264&#44;8265&#44;8266&#44;8267&#44;8268&#44;8269&#44;8270&#44;8271&#44;8272&#44;8273&#44;8274&#44;8275&#44;8276&#44;8277&#44;8278&#44;8279&#44;8280&#44;8281&#44;8282&#44;8283&#44;8284&#44;8285&#44;8286&#44;8287&#44;8288&#44;8289&#44;8290&#44;8291&#44;8292&#44;8293&#44;8294&#44;8295&#44;8296&#44;8297&#44;8298&#44;8299&#44;""",12/5/22,12/5/22,N
layouts,Bakery Bread Pods,"""37-5&#44;77-5""",,2022,12/5/22,1-NewFolderStructure/C037_C077_Bakery_Bread_Pods/C37_77_Bread_POD_Effective_12052022_Updated_11232022/,_C37_77_Bread_POD_Effective_12052022_Updated_11232022.pdf,"""4109&#44;4702&#44;4703&#44;4704&#44;4707&#44;4709&#44;4710&#44;4711&#44;4712&#44;4713&#44;4718&#44;4720&#44;4721&#44;4722&#44;4724&#44;4728&#44;4729&#44;4730&#44;4731&#44;4732&#44;4735&#44;4736&#44;4738&#44;4739&#44;4740&#44;4741&#44;4742&#44;4743&#44;4745&#44;4749&#44;4750&#44;4755&#44;4761&#44;4763&#44;4764&#44;4767&#44;4768&#44;4769&#44;4770&#44;4771&#44;4772&#44;4774&#44;4775&#44;4776&#44;4777&#44;4778&#44;4780&#44;4781&#44;4782&#44;4783&#44;4784&#44;4785&#44;4786&#44;4787&#44;4789&#44;4790&#44;4791&#44;4794&#44;4795&#44;4797&#44;4798&#44;4799&#44;4801&#44;4802&#44;4804&#44;4805&#44;4808&#44;4815&#44;4816&#44;4817&#44;4818&#44;4819&#44;4820&#44;4822&#44;4824&#44;4825&#44;4828&#44;4829&#44;4830&#44;4831&#44;4836&#44;4837&#44;4839&#44;4840&#44;4843&#44;4846&#44;4847&#44;4850&#44;4851&#44;4852&#44;4853&#44;4855&#44;4857&#44;4859&#44;4860&#44;4861&#44;4866&#44;4870&#44;4871&#44;4872&#44;4873&#44;4874&#44;4875&#44;4876&#44;4878&#44;4879&#44;4901&#44;4905&#44;4906&#44;4911&#44;4914&#44;4915&#44;4917&#44;4920&#44;4925&#44;4926&#44;4933&#44;4936&#44;4938&#44;4939&#44;4942&#44;4944&#44;4946&#44;4947&#44;4948&#44;4950&#44;4952&#44;4955&#44;4958&#44;4961&#44;4962&#44;4963&#44;4969&#44;4972&#44;4973&#44;4974&#44;4982&#44;4983&#44;4985&#44;4987&#44;4989&#44;4990&#44;4991&#44;4992&#44;4994&#44;4996&#44;4998&#44;4999&#44;6181&#44;6188&#44;6189&#44;6201&#44;6202&#44;6203&#44;6204&#44;6205&#44;6212&#44;6213&#44;6216&#44;6217&#44;6218&#44;6219&#44;6220&#44;6225&#44;6228&#44;6235&#44;6236&#44;6238&#44;6239&#44;6240&#44;6242&#44;6244&#44;6245&#44;6246&#44;6247&#44;6249&#44;6251&#44;6252&#44;6254&#44;6255&#44;6256&#44;6257&#44;6259&#44;6260&#44;6261&#44;6262&#44;6265&#44;6267&#44;6269&#44;6270&#44;6275&#44;6302&#44;6304&#44;6305&#44;6307&#44;6308&#44;6309&#44;6310&#44;6311&#44;6312&#44;6313&#44;6314&#44;6315&#44;6317&#44;6319&#44;6320&#44;6321&#44;6322&#44;6324&#44;6325&#44;6326&#44;6327&#44;6328&#44;6329&#44;6330&#44;6331&#44;6332&#44;6333&#44;6334&#44;6335&#44;6336&#44;6338&#44;6339&#44;6341&#44;6342&#44;6343&#44;6344&#44;6345&#44;6347&#44;6348&#44;6349&#44;6350&#44;6351&#44;6352&#44;6353&#44;6354&#44;6355&#44;6356&#44;6357&#44;6358&#44;6359&#44;6360&#44;6361&#44;6363&#44;6364&#44;6365&#44;6366&#44;6367&#44;6368&#44;6369&#44;6371&#44;6372&#44;6373&#44;6375&#44;6376&#44;6378&#44;6379&#44;6380&#44;6381&#44;6382&#44;6383&#44;6384&#44;6385&#44;6386&#44;6387&#44;6388&#44;6401&#44;6402&#44;6403&#44;6404&#44;6405&#44;6406&#44;6407&#44;6408&#44;6409&#44;6410&#44;6412&#44;6413&#44;6414&#44;6415&#44;6417&#44;6418&#44;6419&#44;6420&#44;6421&#44;6422&#44;6423&#44;6424&#44;6425&#44;6427&#44;6428&#44;6429&#44;6430&#44;6431&#44;6432&#44;6433&#44;6434&#44;6435&#44;6436&#44;6437&#44;6439&#44;6440&#44;6441&#44;6443&#44;6444&#44;6445&#44;6448&#44;6449&#44;6450&#44;6452&#44;6453&#44;6454&#44;6455&#44;6456&#44;6457&#44;6458&#44;6460&#44;6462&#44;6463&#44;6464&#44;6471&#44;6474&#44;6479&#44;6482&#44;6485&#44;6487&#44;6489&#44;6501&#44;6502&#44;6503&#44;6505&#44;6506&#44;6507&#44;6509&#44;6510&#44;6512&#44;6514&#44;6517&#44;6518&#44;6520&#44;6521&#44;6524&#44;6527&#44;6528&#44;6535&#44;6536&#44;6539&#44;6540&#44;6543&#44;6547&#44;6549&#44;6562&#44;6565&#44;6568&#44;6569&#44;6570&#44;6571&#44;6572&#44;6573&#44;6575&#44;6581&#44;6582&#44;6604&#44;6605&#44;6606&#44;6608&#44;6609&#44;6610&#44;6612&#44;6613&#44;6614&#44;6615&#44;6616&#44;6617&#44;6619&#44;6620&#44;6621&#44;6622&#44;6624&#44;6626&#44;6628&#44;6630&#44;6631&#44;6632&#44;6633&#44;6634&#44;6635&#44;6636&#44;6637&#44;6643&#44;6644&#44;6646&#44;6650&#44;6651&#44;6652&#44;6653&#44;6655&#44;6657&#44;6658&#44;6659&#44;6660&#44;6661&#44;6662&#44;6663&#44;6664&#44;6666&#44;6667&#44;6670&#44;6671&#44;6672&#44;6673&#44;6674&#44;6675&#44;6676&#44;6677&#44;6678&#44;6679&#44;6680&#44;6682&#44;6683&#44;6684&#44;6685&#44;6686&#44;6689&#44;6690&#44;6692&#44;6693&#44;6779&#44;6781&#44;6867&#44;6976&#44;6979&#44;7189&#44;7658&#44;7676&#44;8102&#44;8104&#44;8106&#44;8107&#44;8111&#44;8112&#44;8114&#44;8115&#44;8116&#44;8117&#44;8119&#44;8120&#44;8123&#44;8125&#44;8126&#44;8128&#44;8129&#44;8130&#44;8132&#44;8133&#44;8134&#44;8135&#44;8136&#44;8138&#44;8139&#44;8141&#44;8142&#44;8144&#44;8145&#44;8146&#44;8147&#44;8149&#44;8150&#44;8151&#44;8152&#44;8153&#44;8155&#44;8156&#44;8157&#44;8158&#44;8160&#44;8161&#44;8162&#44;8163&#44;8164&#44;8165&#44;8166&#44;8167&#44;8168&#44;8169&#44;8172&#44;8173&#44;8174&#44;8175&#44;8176&#44;8177&#44;8181&#44;8182&#44;8183&#44;8184&#44;8185&#44;8186&#44;8188&#44;8190&#44;8191&#44;8192&#44;8193&#44;8194&#44;8196&#44;8197&#44;8201&#44;8202&#44;8203&#44;8205&#44;8207&#44;8208&#44;8209&#44;8210&#44;8211&#44;8213&#44;8215&#44;8218&#44;8219&#44;8220&#44;8221&#44;8222&#44;8223&#44;8224&#44;8225&#44;8226&#44;8227&#44;8228&#44;8236&#44;8237&#44;8238&#44;8239&#44;8241&#44;8242&#44;8243&#44;8244&#44;8245&#44;8246&#44;8247&#44;8248&#44;8250&#44;8251&#44;8252&#44;8253&#44;8254&#44;8256&#44;8257&#44;8259&#44;8261&#44;8262&#44;8263&#44;8264&#44;8265&#44;8266&#44;8267&#44;8268&#44;8269&#44;8270&#44;8271&#44;8272&#44;8273&#44;8274&#44;8275&#44;8276&#44;8277&#44;8278&#44;8279&#44;8280&#44;8281&#44;8282&#44;8283&#44;8284&#44;8285&#44;8286&#44;8287&#44;8288&#44;8289&#44;8290&#44;8291&#44;8292&#44;8293&#44;8294&#44;8295&#44;8296&#44;8297&#44;8298&#44;8299&#44;""",12/5/22,12/5/22,N
layouts,Bakery Tables,"""37&#44;77""",,2022,12/5/22,1-NewFolderStructure/C037_C077_Bakery_Tables/C37_77_Bakery_Tables_Effective_12052022_Updated_11232022/,_C37_77_Bakery_Tables_Effective_12052022_Updated_11232022.pdf,"""4109&#44;4702&#44;4703&#44;4704&#44;4707&#44;4709&#44;4710&#44;4711&#44;4712&#44;4713&#44;4718&#44;4720&#44;4721&#44;4722&#44;4724&#44;4728&#44;4729&#44;4730&#44;4731&#44;4732&#44;4735&#44;4736&#44;4738&#44;4739&#44;4740&#44;4741&#44;4742&#44;4743&#44;4745&#44;4749&#44;4750&#44;4755&#44;4761&#44;4763&#44;4764&#44;4767&#44;4768&#44;4769&#44;4770&#44;4771&#44;4772&#44;4774&#44;4775&#44;4776&#44;4777&#44;4778&#44;4780&#44;4781&#44;4782&#44;4783&#44;4784&#44;4785&#44;4786&#44;4787&#44;4789&#44;4790&#44;4791&#44;4794&#44;4795&#44;4797&#44;4798&#44;4799&#44;4801&#44;4802&#44;4804&#44;4805&#44;4808&#44;4815&#44;4816&#44;4817&#44;4818&#44;4819&#44;4820&#44;4822&#44;4824&#44;4825&#44;4828&#44;4829&#44;4830&#44;4831&#44;4836&#44;4837&#44;4839&#44;4840&#44;4843&#44;4846&#44;4847&#44;4850&#44;4851&#44;4852&#44;4853&#44;4855&#44;4857&#44;4859&#44;4860&#44;4861&#44;4866&#44;4870&#44;4871&#44;4872&#44;4873&#44;4874&#44;4875&#44;4876&#44;4878&#44;4879&#44;4901&#44;4905&#44;4906&#44;4911&#44;4914&#44;4915&#44;4917&#44;4920&#44;4925&#44;4926&#44;4933&#44;4936&#44;4938&#44;4939&#44;4942&#44;4944&#44;4946&#44;4947&#44;4948&#44;4950&#44;4952&#44;4955&#44;4958&#44;4961&#44;4962&#44;4963&#44;4969&#44;4972&#44;4973&#44;4974&#44;4982&#44;4983&#44;4985&#44;4987&#44;4989&#44;4990&#44;4991&#44;4992&#44;4994&#44;4996&#44;4998&#44;4999&#44;6181&#44;6188&#44;6189&#44;6201&#44;6202&#44;6203&#44;6204&#44;6205&#44;6212&#44;6213&#44;6216&#44;6217&#44;6218&#44;6219&#44;6220&#44;6225&#44;6228&#44;6235&#44;6236&#44;6238&#44;6239&#44;6240&#44;6242&#44;6244&#44;6245&#44;6246&#44;6247&#44;6249&#44;6251&#44;6252&#44;6254&#44;6255&#44;6256&#44;6257&#44;6259&#44;6260&#44;6261&#44;6262&#44;6265&#44;6267&#44;6269&#44;6270&#44;6275&#44;6302&#44;6304&#44;6305&#44;6307&#44;6308&#44;6309&#44;6310&#44;6311&#44;6312&#44;6313&#44;6314&#44;6315&#44;6317&#44;6319&#44;6320&#44;6321&#44;6322&#44;6324&#44;6325&#44;6326&#44;6327&#44;6328&#44;6329&#44;6330&#44;6331&#44;6332&#44;6333&#44;6334&#44;6335&#44;6336&#44;6338&#44;6339&#44;6341&#44;6342&#44;6343&#44;6344&#44;6345&#44;6347&#44;6348&#44;6349&#44;6350&#44;6351&#44;6352&#44;6353&#44;6354&#44;6355&#44;6356&#44;6357&#44;6358&#44;6359&#44;6360&#44;6361&#44;6363&#44;6364&#44;6365&#44;6366&#44;6367&#44;6368&#44;6369&#44;6371&#44;6372&#44;6373&#44;6375&#44;6376&#44;6378&#44;6379&#44;6380&#44;6381&#44;6382&#44;6383&#44;6384&#44;6385&#44;6386&#44;6387&#44;6388&#44;6401&#44;6402&#44;6403&#44;6404&#44;6405&#44;6406&#44;6407&#44;6408&#44;6409&#44;6410&#44;6412&#44;6413&#44;6414&#44;6415&#44;6417&#44;6418&#44;6419&#44;6420&#44;6421&#44;6422&#44;6423&#44;6425&#44;6426&#44;6427&#44;6428&#44;6429&#44;6430&#44;6431&#44;6432&#44;6433&#44;6434&#44;6435&#44;6436&#44;6437&#44;6439&#44;6440&#44;6441&#44;6443&#44;6444&#44;6445&#44;6448&#44;6449&#44;6450&#44;6452&#44;6453&#44;6454&#44;6455&#44;6456&#44;6457&#44;6458&#44;6460&#44;6462&#44;6463&#44;6464&#44;6471&#44;6472&#44;6474&#44;6479&#44;6482&#44;6485&#44;6487&#44;6489&#44;6501&#44;6502&#44;6505&#44;6506&#44;6507&#44;6509&#44;6510&#44;6512&#44;6514&#44;6517&#44;6518&#44;6520&#44;6521&#44;6524&#44;6527&#44;6528&#44;6535&#44;6536&#44;6539&#44;6540&#44;6543&#44;6547&#44;6549&#44;6562&#44;6565&#44;6568&#44;6569&#44;6570&#44;6571&#44;6572&#44;6573&#44;6575&#44;6581&#44;6582&#44;6604&#44;6605&#44;6606&#44;6608&#44;6609&#44;6610&#44;6612&#44;6613&#44;6614&#44;6615&#44;6616&#44;6617&#44;6619&#44;6620&#44;6621&#44;6622&#44;6624&#44;6626&#44;6628&#44;6630&#44;6631&#44;6632&#44;6633&#44;6634&#44;6635&#44;6636&#44;6637&#44;6643&#44;6644&#44;6646&#44;6650&#44;6651&#44;6652&#44;6653&#44;6655&#44;6657&#44;6658&#44;6659&#44;6660&#44;6661&#44;6662&#44;6663&#44;6664&#44;6666&#44;6667&#44;6670&#44;6671&#44;6672&#44;6673&#44;6674&#44;6675&#44;6676&#44;6677&#44;6678&#44;6679&#44;6680&#44;6682&#44;6683&#44;6684&#44;6685&#44;6686&#44;6689&#44;6690&#44;6692&#44;6693&#44;6779&#44;6781&#44;6867&#44;6976&#44;6979&#44;7189&#44;7658&#44;7676&#44;8102&#44;8104&#44;8106&#44;8107&#44;8111&#44;8112&#44;8114&#44;8115&#44;8116&#44;8117&#44;8119&#44;8120&#44;8123&#44;8125&#44;8126&#44;8128&#44;8129&#44;8130&#44;8132&#44;8133&#44;8134&#44;8135&#44;8136&#44;8138&#44;8139&#44;8141&#44;8142&#44;8144&#44;8145&#44;8146&#44;8147&#44;8149&#44;8150&#44;8151&#44;8152&#44;8153&#44;8155&#44;8156&#44;8157&#44;8158&#44;8160&#44;8161&#44;8162&#44;8163&#44;8164&#44;8165&#44;8166&#44;8167&#44;8168&#44;8169&#44;8172&#44;8173&#44;8174&#44;8175&#44;8176&#44;8177&#44;8181&#44;8182&#44;8183&#44;8184&#44;8185&#44;8186&#44;8188&#44;8189&#44;8190&#44;8191&#44;8192&#44;8193&#44;8194&#44;8196&#44;8197&#44;8201&#44;8202&#44;8203&#44;8205&#44;8207&#44;8208&#44;8209&#44;8210&#44;8211&#44;8213&#44;8215&#44;8218&#44;8219&#44;8220&#44;8221&#44;8222&#44;8223&#44;8224&#44;8225&#44;8226&#44;8227&#44;8228&#44;8236&#44;8237&#44;8238&#44;8239&#44;8241&#44;8242&#44;8243&#44;8244&#44;8245&#44;8246&#44;8247&#44;8248&#44;8250&#44;8251&#44;8252&#44;8253&#44;8254&#44;8256&#44;8257&#44;8259&#44;8261&#44;8262&#44;8263&#44;8264&#44;8265&#44;8266&#44;8267&#44;8268&#44;8269&#44;8270&#44;8271&#44;8272&#44;8273&#44;8274&#44;8275&#44;8276&#44;8277&#44;8278&#44;8279&#44;8280&#44;8281&#44;8282&#44;8283&#44;8284&#44;8285&#44;8286&#44;8287&#44;8288&#44;8289&#44;8290&#44;8291&#44;8292&#44;8293&#44;8294&#44;8295&#44;8296&#44;8297&#44;8298&#44;8299&#44;""",12/5/22,12/5/22,N
layouts,HMS,79-2,,2022,12/5/22,1-NewFolderStructure/C079_HMS/C79_HMS_EFFECTIVE_12052022/,_C79_HMS_EFFECTIVE_12052022.pdf,"""4109&#44;4702&#44;4703&#44;4704&#44;4707&#44;4709&#44;4710&#44;4711&#44;4712&#44;4713&#44;4718&#44;4720&#44;4721&#44;4722&#44;4724&#44;4728&#44;4729&#44;4730&#44;4731&#44;4732&#44;4735&#44;4736&#44;4738&#44;4739&#44;4740&#44;4741&#44;4742&#44;4743&#44;4745&#44;4749&#44;4750&#44;4755&#44;4761&#44;4763&#44;4764&#44;4767&#44;4768&#44;4769&#44;4770&#44;4771&#44;4772&#44;4774&#44;4775&#44;4776&#44;4777&#44;4778&#44;4780&#44;4781&#44;4782&#44;4783&#44;4784&#44;4785&#44;4786&#44;4787&#44;4789&#44;4790&#44;4791&#44;4794&#44;4795&#44;4797&#44;4798&#44;4799&#44;4801&#44;4802&#44;4804&#44;4805&#44;4808&#44;4815&#44;4816&#44;4817&#44;4818&#44;4819&#44;4820&#44;4822&#44;4824&#44;4825&#44;4828&#44;4829&#44;4830&#44;4831&#44;4836&#44;4837&#44;4839&#44;4840&#44;4843&#44;4846&#44;4847&#44;4850&#44;4851&#44;4852&#44;4853&#44;4855&#44;4857&#44;4859&#44;4860&#44;4861&#44;4866&#44;4870&#44;4871&#44;4872&#44;4873&#44;4874&#44;4875&#44;4876&#44;4878&#44;4879&#44;4901&#44;4905&#44;4906&#44;4908&#44;4911&#44;4914&#44;4915&#44;4917&#44;4920&#44;4925&#44;4926&#44;4930&#44;4933&#44;4936&#44;4938&#44;4939&#44;4942&#44;4944&#44;4946&#44;4947&#44;4948&#44;4950&#44;4952&#44;4955&#44;4958&#44;4961&#44;4962&#44;4963&#44;4969&#44;4972&#44;4973&#44;4974&#44;4982&#44;4983&#44;4985&#44;4987&#44;4989&#44;4990&#44;4991&#44;4992&#44;4994&#44;4996&#44;4998&#44;4999&#44;6181&#44;6188&#44;6189&#44;6201&#44;6202&#44;6203&#44;6204&#44;6205&#44;6212&#44;6213&#44;6216&#44;6217&#44;6218&#44;6219&#44;6220&#44;6225&#44;6228&#44;6235&#44;6236&#44;6238&#44;6239&#44;6240&#44;6242&#44;6244&#44;6245&#44;6246&#44;6247&#44;6249&#44;6251&#44;6252&#44;6254&#44;6255&#44;6256&#44;6257&#44;6259&#44;6260&#44;6261&#44;6262&#44;6265&#44;6267&#44;6269&#44;6270&#44;6275&#44;6302&#44;6304&#44;6305&#44;6307&#44;6308&#44;6309&#44;6310&#44;6311&#44;6312&#44;6313&#44;6314&#44;6315&#44;6317&#44;6319&#44;6320&#44;6321&#44;6322&#44;6324&#44;6325&#44;6326&#44;6327&#44;6328&#44;6329&#44;6330&#44;6331&#44;6332&#44;6333&#44;6334&#44;6335&#44;6336&#44;6338&#44;6339&#44;6341&#44;6342&#44;6343&#44;6344&#44;6345&#44;6347&#44;6348&#44;6349&#44;6350&#44;6351&#44;6352&#44;6353&#44;6354&#44;6355&#44;6356&#44;6357&#44;6358&#44;6359&#44;6360&#44;6361&#44;6363&#44;6364&#44;6365&#44;6366&#44;6367&#44;6368&#44;6369&#44;6371&#44;6372&#44;6373&#44;6375&#44;6376&#44;6377&#44;6378&#44;6379&#44;6380&#44;6381&#44;6382&#44;6383&#44;6384&#44;6385&#44;6386&#44;6387&#44;6388&#44;6401&#44;6402&#44;6403&#44;6404&#44;6405&#44;6406&#44;6407&#44;6408&#44;6409&#44;6410&#44;6412&#44;6413&#44;6414&#44;6415&#44;6417&#44;6418&#44;6419&#44;6420&#44;6421&#44;6422&#44;6423&#44;6424&#44;6425&#44;6426&#44;6427&#44;6428&#44;6429&#44;6430&#44;6431&#44;6432&#44;6433&#44;6434&#44;6435&#44;6436&#44;6437&#44;6439&#44;6440&#44;6441&#44;6443&#44;6444&#44;6445&#44;6448&#44;6449&#44;6450&#44;6452&#44;6453&#44;6454&#44;6455&#44;6456&#44;6457&#44;6460&#44;6461&#44;6462&#44;6463&#44;6464&#44;6471&#44;6472&#44;6474&#44;6479&#44;6482&#44;6485&#44;6487&#44;6489&#44;6501&#44;6502&#44;6503&#44;6505&#44;6506&#44;6507&#44;6509&#44;6510&#44;6512&#44;6514&#44;6517&#44;6518&#44;6520&#44;6521&#44;6524&#44;6527&#44;6528&#44;6533&#44;6535&#44;6536&#44;6539&#44;6540&#44;6543&#44;6547&#44;6549&#44;6556&#44;6562&#44;6565&#44;6567&#44;6568&#44;6569&#44;6570&#44;6571&#44;6572&#44;6573&#44;6575&#44;6581&#44;6582&#44;6604&#44;6605&#44;6606&#44;6608&#44;6609&#44;6610&#44;6612&#44;6613&#44;6614&#44;6615&#44;6616&#44;6617&#44;6619&#44;6620&#44;6621&#44;6622&#44;6624&#44;6626&#44;6628&#44;6630&#44;6631&#44;6632&#44;6633&#44;6634&#44;6635&#44;6636&#44;6637&#44;6643&#44;6644&#44;6646&#44;6650&#44;6651&#44;6652&#44;6653&#44;6655&#44;6657&#44;6658&#44;6660&#44;6661&#44;6662&#44;6663&#44;6664&#44;6666&#44;6667&#44;6670&#44;6671&#44;6672&#44;6673&#44;6674&#44;6675&#44;6676&#44;6677&#44;6678&#44;6679&#44;6680&#44;6682&#44;6683&#44;6684&#44;6685&#44;6686&#44;6689&#44;6690&#44;6692&#44;6779&#44;6781&#44;6867&#44;6976&#44;6979&#44;7189&#44;7658&#44;7676&#44;8102&#44;8104&#44;8106&#44;8107&#44;8111&#44;8112&#44;8114&#44;8115&#44;8116&#44;8117&#44;8119&#44;8120&#44;8123&#44;8125&#44;8126&#44;8128&#44;8129&#44;8130&#44;8132&#44;8133&#44;8134&#44;8135&#44;8136&#44;8138&#44;8139&#44;8141&#44;8142&#44;8144&#44;8145&#44;8146&#44;8147&#44;8149&#44;8150&#44;8151&#44;8152&#44;8153&#44;8155&#44;8156&#44;8157&#44;8158&#44;8160&#44;8161&#44;8162&#44;8163&#44;8164&#44;8165&#44;8166&#44;8167&#44;8168&#44;8169&#44;8172&#44;8173&#44;8174&#44;8175&#44;8176&#44;8177&#44;8180&#44;8181&#44;8182&#44;8183&#44;8184&#44;8185&#44;8186&#44;8188&#44;8189&#44;8190&#44;8191&#44;8192&#44;8193&#44;8194&#44;8196&#44;8197&#44;8201&#44;8202&#44;8203&#44;8205&#44;8207&#44;8208&#44;8209&#44;8210&#44;8211&#44;8213&#44;8215&#44;8218&#44;8219&#44;8220&#44;8221&#44;8222&#44;8223&#44;8224&#44;8225&#44;8226&#44;8227&#44;8228&#44;8236&#44;8237&#44;8238&#44;8239&#44;8241&#44;8242&#44;8243&#44;8244&#44;8245&#44;8246&#44;8247&#44;8248&#44;8250&#44;8251&#44;8252&#44;8253&#44;8254&#44;8256&#44;8257&#44;8259&#44;8261&#44;8262&#44;8263&#44;8264&#44;8265&#44;8266&#44;8267&#44;8268&#44;8269&#44;8270&#44;8271&#44;8272&#44;8273&#44;8274&#44;8275&#44;8276&#44;8277&#44;8278&#44;8279&#44;8280&#44;8281&#44;8282&#44;8283&#44;8284&#44;8285&#44;8286&#44;8287&#44;8288&#44;8289&#44;8290&#44;8291&#44;8292&#44;8293&#44;8294&#44;8295&#44;8296&#44;8297&#44;8298&#44;8299&#44;""",12/5/22,12/5/22,N
layouts,Sushi,79,,2022,12/8/22,1-NewFolderStructure/C079_Sushi/C79_Sushi_Effective_12082022/,_C79_Sushi_Effective_12082022.pdf,"""6503&#44;""",12/8/22,12/8/22,N
layouts,Bakery Pallets,"""37-4&#44;77-4""",,2022,12/7/22,1-NewFolderStructure/C037_C077_Bakery_Pallets/C37_77_Bakery_Pallets_Effective_12072022_Updated_12072022/,_C37_77_Bakery_Pallets_Effective_12072022_Updated_12072022.pdf,"""4109&#44;4702&#44;4703&#44;4704&#44;4707&#44;4710&#44;4711&#44;4713&#44;4722&#44;4724&#44;4728&#44;4731&#44;4732&#44;4736&#44;4739&#44;4740&#44;4741&#44;4749&#44;4750&#44;4761&#44;4770&#44;4772&#44;4775&#44;4776&#44;4778&#44;4781&#44;4784&#44;4785&#44;4786&#44;4789&#44;4790&#44;4794&#44;4795&#44;4797&#44;4798&#44;4801&#44;4802&#44;4804&#44;4805&#44;4815&#44;4817&#44;4818&#44;4820&#44;4822&#44;4825&#44;4829&#44;4836&#44;4837&#44;4839&#44;4840&#44;4846&#44;4847&#44;4850&#44;4851&#44;4852&#44;4853&#44;4855&#44;4859&#44;4860&#44;4861&#44;4870&#44;4871&#44;4872&#44;4873&#44;4874&#44;4875&#44;4876&#44;4878&#44;4879&#44;4901&#44;4905&#44;4915&#44;4917&#44;4920&#44;4930&#44;4933&#44;4936&#44;4938&#44;4946&#44;4948&#44;4950&#44;4952&#44;4955&#44;4958&#44;4961&#44;4962&#44;4963&#44;4973&#44;4985&#44;4987&#44;4989&#44;4991&#44;4992&#44;4994&#44;4996&#44;4998&#44;4999&#44;6189&#44;6203&#44;6205&#44;6213&#44;6216&#44;6220&#44;6236&#44;6239&#44;6245&#44;6247&#44;6251&#44;6252&#44;6254&#44;6260&#44;6262&#44;6267&#44;6269&#44;6275&#44;6302&#44;6310&#44;6311&#44;6312&#44;6313&#44;6314&#44;6315&#44;6317&#44;6320&#44;6321&#44;6322&#44;6329&#44;6330&#44;6332&#44;6333&#44;6335&#44;6336&#44;6338&#44;6339&#44;6341&#44;6342&#44;6343&#44;6344&#44;6345&#44;6347&#44;6351&#44;6353&#44;6354&#44;6355&#44;6357&#44;6359&#44;6360&#44;6363&#44;6365&#44;6366&#44;6368&#44;6379&#44;6380&#44;6383&#44;6384&#44;6385&#44;6386&#44;6387&#44;6402&#44;6404&#44;6413&#44;6414&#44;6415&#44;6417&#44;6418&#44;6419&#44;6420&#44;6421&#44;6422&#44;6423&#44;6425&#44;6427&#44;6429&#44;6430&#44;6431&#44;6432&#44;6433&#44;6435&#44;6436&#44;6437&#44;6440&#44;6441&#44;6443&#44;6445&#44;6448&#44;6449&#44;6452&#44;6454&#44;6456&#44;6457&#44;6458&#44;6460&#44;6462&#44;6463&#44;6471&#44;6474&#44;6479&#44;6485&#44;6501&#44;6502&#44;6505&#44;6506&#44;6507&#44;6509&#44;6512&#44;6514&#44;6517&#44;6518&#44;6520&#44;6524&#44;6527&#44;6536&#44;6547&#44;6549&#44;6570&#44;6571&#44;6572&#44;6573&#44;6575&#44;6581&#44;6582&#44;6604&#44;6605&#44;6620&#44;6621&#44;6633&#44;6635&#44;6636&#44;6643&#44;6644&#44;6652&#44;6655&#44;6658&#44;6660&#44;6663&#44;6664&#44;6666&#44;6670&#44;6671&#44;6673&#44;6675&#44;6676&#44;6677&#44;6678&#44;6679&#44;6682&#44;6683&#44;6684&#44;6685&#44;6692&#44;6693&#44;6781&#44;6976&#44;6979&#44;7658&#44;7676&#44;8104&#44;8107&#44;8111&#44;8112&#44;8114&#44;8115&#44;8117&#44;8120&#44;8123&#44;8125&#44;8126&#44;8129&#44;8133&#44;8134&#44;8135&#44;8136&#44;8141&#44;8142&#44;8146&#44;8147&#44;8149&#44;8150&#44;8151&#44;8152&#44;8153&#44;8155&#44;8158&#44;8160&#44;8161&#44;8162&#44;8163&#44;8164&#44;8165&#44;8169&#44;8172&#44;8174&#44;8175&#44;8176&#44;8181&#44;8182&#44;8183&#44;8186&#44;8188&#44;8190&#44;8192&#44;8193&#44;8194&#44;8196&#44;8201&#44;8202&#44;8205&#44;8207&#44;8208&#44;8211&#44;8213&#44;8215&#44;8218&#44;8219&#44;8220&#44;8222&#44;8223&#44;8224&#44;8226&#44;8228&#44;8237&#44;8238&#44;8239&#44;8241&#44;8243&#44;8247&#44;8250&#44;8251&#44;8252&#44;8253&#44;8254&#44;8256&#44;8264&#44;8265&#44;8270&#44;8271&#44;8272&#44;8273&#44;8278&#44;8283&#44;8286&#44;8287&#44;8288&#44;8289&#44;8291&#44;8293&#44;8296&#44;8297&#44;8298&#44;""",12/8/22,12/7/22,N
layouts,Bakery Tables,"""37&#44;77""",,2022,12/7/22,1-NewFolderStructure/C037_C077_Bakery_Tables/C37_77_Bakery_Tables_Effective_12072022_Updated_12072022/,_C37_77_Bakery_Tables_Effective_12072022_Updated_12072022.pdf,"""4109&#44;4702&#44;4703&#44;4704&#44;4707&#44;4709&#44;4710&#44;4711&#44;4712&#44;4713&#44;4718&#44;4720&#44;4721&#44;4722&#44;4724&#44;4728&#44;4729&#44;4730&#44;4731&#44;4732&#44;4735&#44;4736&#44;4738&#44;4739&#44;4740&#44;4741&#44;4742&#44;4743&#44;4745&#44;4749&#44;4750&#44;4755&#44;4761&#44;4763&#44;4764&#44;4767&#44;4768&#44;4769&#44;4770&#44;4771&#44;4772&#44;4774&#44;4775&#44;4776&#44;4777&#44;4778&#44;4780&#44;4781&#44;4782&#44;4783&#44;4784&#44;4785&#44;4786&#44;4787&#44;4789&#44;4790&#44;4791&#44;4794&#44;4795&#44;4797&#44;4798&#44;4799&#44;4801&#44;4802&#44;4804&#44;4805&#44;4808&#44;4815&#44;4816&#44;4817&#44;4818&#44;4819&#44;4820&#44;4822&#44;4824&#44;4825&#44;4828&#44;4829&#44;4830&#44;4831&#44;4836&#44;4837&#44;4839&#44;4840&#44;4843&#44;4846&#44;4847&#44;4850&#44;4851&#44;4852&#44;4853&#44;4855&#44;4857&#44;4859&#44;4860&#44;4861&#44;4866&#44;4870&#44;4871&#44;4872&#44;4873&#44;4874&#44;4875&#44;4876&#44;4878&#44;4879&#44;4901&#44;4905&#44;4906&#44;4911&#44;4914&#44;4915&#44;4917&#44;4920&#44;4925&#44;4926&#44;4933&#44;4936&#44;4938&#44;4939&#44;4942&#44;4944&#44;4946&#44;4947&#44;4948&#44;4950&#44;4952&#44;4955&#44;4958&#44;4961&#44;4962&#44;4963&#44;4969&#44;4972&#44;4973&#44;4974&#44;4982&#44;4983&#44;4985&#44;4987&#44;4989&#44;4990&#44;4991&#44;4992&#44;4994&#44;4996&#44;4998&#44;4999&#44;6181&#44;6188&#44;6189&#44;6201&#44;6202&#44;6203&#44;6204&#44;6205&#44;6212&#44;6213&#44;6216&#44;6217&#44;6218&#44;6219&#44;6220&#44;6225&#44;6228&#44;6235&#44;6236&#44;6238&#44;6239&#44;6240&#44;6242&#44;6244&#44;6245&#44;6246&#44;6247&#44;6249&#44;6251&#44;6252&#44;6254&#44;6255&#44;6256&#44;6257&#44;6259&#44;6260&#44;6261&#44;6262&#44;6265&#44;6267&#44;6269&#44;6270&#44;6275&#44;6302&#44;6304&#44;6305&#44;6307&#44;6308&#44;6309&#44;6310&#44;6311&#44;6312&#44;6313&#44;6314&#44;6315&#44;6317&#44;6319&#44;6320&#44;6321&#44;6322&#44;6324&#44;6325&#44;6326&#44;6327&#44;6328&#44;6329&#44;6330&#44;6331&#44;6332&#44;6333&#44;6334&#44;6335&#44;6336&#44;6338&#44;6339&#44;6341&#44;6342&#44;6343&#44;6344&#44;6345&#44;6347&#44;6348&#44;6349&#44;6350&#44;6351&#44;6352&#44;6353&#44;6354&#44;6355&#44;6356&#44;6357&#44;6358&#44;6359&#44;6360&#44;6361&#44;6363&#44;6364&#44;6365&#44;6366&#44;6367&#44;6368&#44;6369&#44;6371&#44;6372&#44;6373&#44;6375&#44;6376&#44;6378&#44;6379&#44;6380&#44;6381&#44;6382&#44;6383&#44;6384&#44;6385&#44;6386&#44;6387&#44;6388&#44;6401&#44;6402&#44;6403&#44;6404&#44;6405&#44;6406&#44;6407&#44;6408&#44;6409&#44;6410&#44;6412&#44;6413&#44;6414&#44;6415&#44;6417&#44;6418&#44;6419&#44;6420&#44;6421&#44;6422&#44;6423&#44;6424&#44;6425&#44;6426&#44;6427&#44;6428&#44;6429&#44;6430&#44;6431&#44;6432&#44;6433&#44;6434&#44;6435&#44;6436&#44;6437&#44;6439&#44;6440&#44;6441&#44;6443&#44;6444&#44;6445&#44;6448&#44;6449&#44;6450&#44;6452&#44;6453&#44;6454&#44;6455&#44;6456&#44;6457&#44;6458&#44;6460&#44;6462&#44;6463&#44;6464&#44;6471&#44;6472&#44;6474&#44;6479&#44;6482&#44;6485&#44;6487&#44;6489&#44;6501&#44;6502&#44;6505&#44;6506&#44;6507&#44;6509&#44;6510&#44;6512&#44;6514&#44;6517&#44;6518&#44;6520&#44;6521&#44;6524&#44;6527&#44;6528&#44;6535&#44;6536&#44;6539&#44;6540&#44;6543&#44;6547&#44;6549&#44;6562&#44;6565&#44;6568&#44;6569&#44;6570&#44;6571&#44;6572&#44;6573&#44;6575&#44;6581&#44;6582&#44;6604&#44;6605&#44;6606&#44;6608&#44;6609&#44;6610&#44;6612&#44;6613&#44;6614&#44;6615&#44;6616&#44;6617&#44;6619&#44;6620&#44;6621&#44;6622&#44;6624&#44;6626&#44;6628&#44;6630&#44;6631&#44;6632&#44;6633&#44;6634&#44;6635&#44;6636&#44;6637&#44;6643&#44;6644&#44;6646&#44;6650&#44;6651&#44;6652&#44;6653&#44;6655&#44;6657&#44;6658&#44;6659&#44;6660&#44;6661&#44;6662&#44;6663&#44;6664&#44;6666&#44;6667&#44;6670&#44;6671&#44;6672&#44;6673&#44;6674&#44;6675&#44;6676&#44;6677&#44;6678&#44;6679&#44;6680&#44;6682&#44;6683&#44;6684&#44;6685&#44;6686&#44;6689&#44;6690&#44;6692&#44;6693&#44;6779&#44;6781&#44;6867&#44;6976&#44;6979&#44;7189&#44;7658&#44;7676&#44;8102&#44;8104&#44;8106&#44;8107&#44;8111&#44;8112&#44;8114&#44;8115&#44;8116&#44;8117&#44;8119&#44;8120&#44;8123&#44;8125&#44;8126&#44;8128&#44;8129&#44;8130&#44;8132&#44;8133&#44;8134&#44;8135&#44;8136&#44;8138&#44;8139&#44;8141&#44;8142&#44;8144&#44;8145&#44;8146&#44;8147&#44;8149&#44;8150&#44;8151&#44;8152&#44;8153&#44;8155&#44;8156&#44;8157&#44;8158&#44;8160&#44;8161&#44;8162&#44;8163&#44;8164&#44;8165&#44;8166&#44;8167&#44;8168&#44;8169&#44;8172&#44;8173&#44;8174&#44;8175&#44;8176&#44;8177&#44;8181&#44;8182&#44;8183&#44;8184&#44;8185&#44;8186&#44;8188&#44;8189&#44;8190&#44;8191&#44;8192&#44;8193&#44;8194&#44;8196&#44;8197&#44;8201&#44;8202&#44;8203&#44;8205&#44;8207&#44;8208&#44;8209&#44;8210&#44;8211&#44;8213&#44;8215&#44;8218&#44;8219&#44;8220&#44;8221&#44;8222&#44;8223&#44;8224&#44;8225&#44;8226&#44;8227&#44;8228&#44;8236&#44;8237&#44;8238&#44;8239&#44;8241&#44;8242&#44;8243&#44;8244&#44;8245&#44;8246&#44;8247&#44;8248&#44;8250&#44;8251&#44;8252&#44;8253&#44;8254&#44;8256&#44;8257&#44;8259&#44;8261&#44;8262&#44;8263&#44;8264&#44;8265&#44;8266&#44;8267&#44;8268&#44;8269&#44;8270&#44;8271&#44;8272&#44;8273&#44;8274&#44;8275&#44;8276&#44;8277&#44;8278&#44;8279&#44;8280&#44;8281&#44;8282&#44;8283&#44;8284&#44;8285&#44;8286&#44;8287&#44;8288&#44;8289&#44;8290&#44;8291&#44;8292&#44;8293&#44;8294&#44;8295&#44;8296&#44;8297&#44;8298&#44;8299&#44;""",12/8/22,12/7/22,N
layouts,HMS,79-2,,2022,12/26/22,1-NewFolderStructure/C079_HMS/C79_HMS_EFFECTIVE_12262022/,_C79_HMS_EFFECTIVE_12262022.pdf,"""6315&#44;6378&#44;6606&#44;6472&#44;6433&#44;8150&#44;6682&#44;6661&#44;6660&#44;""",12/8/22,12/8/22,N
layouts,Floral,56-3,,2022,12/26/22,1-NewFolderStructure/C056_Floral/C56 FLORAL Effective 12262022/,_C56 FLORAL Effective 12262022.pdf,"""6377&#44;""",12/8/22,12/8/22,N
layouts,Entertainment,70,,2022,12/12/22,1-NewFolderStructure/C070_Entertainment/C70_Effective_12122022_Planogram_Updated120922/,_C70_Effective_12122022_Planogram_Updated120922.pdf,"""4109&#44;4702&#44;4703&#44;4704&#44;4707&#44;4709&#44;4710&#44;4711&#44;4712&#44;4713&#44;4718&#44;4720&#44;4721&#44;4722&#44;4724&#44;4728&#44;4729&#44;4730&#44;4731&#44;4732&#44;4735&#44;4736&#44;4738&#44;4739&#44;4740&#44;4741&#44;4742&#44;4743&#44;4745&#44;4749&#44;4750&#44;4755&#44;4761&#44;4763&#44;4764&#44;4767&#44;4768&#44;4769&#44;4770&#44;4771&#44;4772&#44;4774&#44;4775&#44;4776&#44;4777&#44;4778&#44;4780&#44;4781&#44;4782&#44;4783&#44;4784&#44;4785&#44;4786&#44;4787&#44;4789&#44;4790&#44;4791&#44;4794&#44;4795&#44;4797&#44;4798&#44;4799&#44;4801&#44;4802&#44;4804&#44;4805&#44;4808&#44;4815&#44;4816&#44;4817&#44;4818&#44;4819&#44;4820&#44;4822&#44;4824&#44;4825&#44;4828&#44;4829&#44;4830&#44;4831&#44;4836&#44;4837&#44;4839&#44;4840&#44;4843&#44;4846&#44;4847&#44;4850&#44;4851&#44;4852&#44;4853&#44;4855&#44;4857&#44;4859&#44;4860&#44;4861&#44;4866&#44;4870&#44;4871&#44;4872&#44;4873&#44;4874&#44;4875&#44;4876&#44;4878&#44;4879&#44;4901&#44;4905&#44;4906&#44;4911&#44;4914&#44;4915&#44;4917&#44;4920&#44;4925&#44;4926&#44;4933&#44;4936&#44;4938&#44;4939&#44;4942&#44;4944&#44;4946&#44;4947&#44;4948&#44;4950&#44;4952&#44;4955&#44;4958&#44;4961&#44;4962&#44;4963&#44;4969&#44;4972&#44;4973&#44;4974&#44;4982&#44;4983&#44;4985&#44;4987&#44;4989&#44;4990&#44;4991&#44;4992&#44;4994&#44;4996&#44;4998&#44;4999&#44;6181&#44;6188&#44;6189&#44;6201&#44;6202&#44;6203&#44;6204&#44;6205&#44;6212&#44;6213&#44;6216&#44;6217&#44;6218&#44;6219&#44;6220&#44;6225&#44;6228&#44;6235&#44;6236&#44;6238&#44;6239&#44;6240&#44;6242&#44;6244&#44;6245&#44;6246&#44;6247&#44;6249&#44;6251&#44;6252&#44;6254&#44;6255&#44;6256&#44;6257&#44;6259&#44;6260&#44;6261&#44;6262&#44;6265&#44;6267&#44;6269&#44;6270&#44;6275&#44;6302&#44;6304&#44;6305&#44;6307&#44;6308&#44;6309&#44;6310&#44;6311&#44;6312&#44;6313&#44;6314&#44;6315&#44;6317&#44;6319&#44;6320&#44;6321&#44;6322&#44;6324&#44;6325&#44;6326&#44;6327&#44;6328&#44;6329&#44;6330&#44;6331&#44;6332&#44;6333&#44;6334&#44;6335&#44;6336&#44;6338&#44;6339&#44;6341&#44;6342&#44;6343&#44;6344&#44;6345&#44;6347&#44;6348&#44;6349&#44;6350&#44;6351&#44;6352&#44;6353&#44;6354&#44;6355&#44;6356&#44;6357&#44;6358&#44;6359&#44;6360&#44;6361&#44;6363&#44;6364&#44;6365&#44;6366&#44;6367&#44;6368&#44;6369&#44;6371&#44;6372&#44;6373&#44;6375&#44;6376&#44;6378&#44;6379&#44;6380&#44;6381&#44;6382&#44;6383&#44;6384&#44;6385&#44;6386&#44;6387&#44;6388&#44;6401&#44;6402&#44;6403&#44;6404&#44;6405&#44;6406&#44;6407&#44;6408&#44;6409&#44;6410&#44;6412&#44;6413&#44;6414&#44;6415&#44;6417&#44;6418&#44;6419&#44;6420&#44;6421&#44;6422&#44;6423&#44;6424&#44;6425&#44;6426&#44;6427&#44;6428&#44;6429&#44;6430&#44;6431&#44;6432&#44;6433&#44;6434&#44;6435&#44;6436&#44;6437&#44;6439&#44;6440&#44;6441&#44;6443&#44;6444&#44;6445&#44;6448&#44;6449&#44;6450&#44;6452&#44;6453&#44;6454&#44;6455&#44;6456&#44;6457&#44;6458&#44;6460&#44;6462&#44;6463&#44;6464&#44;6471&#44;6472&#44;6474&#44;6479&#44;6482&#44;6485&#44;6487&#44;6489&#44;6501&#44;6502&#44;6505&#44;6506&#44;6507&#44;6509&#44;6510&#44;6512&#44;6514&#44;6517&#44;6518&#44;6520&#44;6521&#44;6524&#44;6527&#44;6528&#44;6535&#44;6536&#44;6539&#44;6540&#44;6543&#44;6547&#44;6549&#44;6562&#44;6565&#44;6568&#44;6569&#44;6570&#44;6571&#44;6572&#44;6573&#44;6575&#44;6581&#44;6582&#44;6604&#44;6605&#44;6606&#44;6608&#44;6609&#44;6610&#44;6612&#44;6613&#44;6614&#44;6615&#44;6616&#44;6617&#44;6619&#44;6620&#44;6621&#44;6622&#44;6624&#44;6626&#44;6628&#44;6630&#44;6631&#44;6632&#44;6633&#44;6634&#44;6635&#44;6636&#44;6637&#44;6643&#44;6644&#44;6646&#44;6650&#44;6651&#44;6652&#44;6653&#44;6655&#44;6657&#44;6658&#44;6659&#44;6660&#44;6661&#44;6662&#44;6663&#44;6664&#44;6666&#44;6667&#44;6670&#44;6671&#44;6672&#44;6673&#44;6674&#44;6675&#44;6676&#44;6677&#44;6678&#44;6679&#44;6680&#44;6682&#44;6683&#44;6684&#44;6685&#44;6686&#44;6689&#44;6690&#44;6692&#44;6693&#44;6779&#44;6781&#44;6867&#44;6976&#44;6979&#44;7189&#44;7658&#44;7676&#44;8102&#44;8104&#44;8106&#44;8107&#44;8111&#44;8112&#44;8114&#44;8115&#44;8116&#44;8117&#44;8119&#44;8120&#44;8123&#44;8125&#44;8126&#44;8128&#44;8129&#44;8130&#44;8132&#44;8133&#44;8134&#44;8135&#44;8136&#44;8138&#44;8139&#44;8141&#44;8142&#44;8144&#44;8145&#44;8146&#44;8147&#44;8149&#44;8150&#44;8151&#44;8152&#44;8153&#44;8155&#44;8156&#44;8157&#44;8158&#44;8160&#44;8161&#44;8162&#44;8163&#44;8164&#44;8165&#44;8166&#44;8167&#44;8168&#44;8169&#44;8172&#44;8173&#44;8174&#44;8175&#44;8176&#44;8177&#44;8181&#44;8182&#44;8183&#44;8184&#44;8185&#44;8186&#44;8188&#44;8189&#44;8190&#44;8191&#44;8192&#44;8193&#44;8194&#44;8196&#44;8197&#44;8201&#44;8202&#44;8203&#44;8205&#44;8207&#44;8208&#44;8209&#44;8210&#44;8211&#44;8213&#44;8215&#44;8218&#44;8219&#44;8220&#44;8221&#44;8222&#44;8223&#44;8224&#44;8225&#44;8226&#44;8227&#44;8228&#44;8236&#44;8237&#44;8238&#44;8239&#44;8241&#44;8242&#44;8243&#44;8244&#44;8245&#44;8246&#44;8247&#44;8248&#44;8250&#44;8251&#44;8252&#44;8253&#44;8254&#44;8256&#44;8257&#44;8259&#44;8261&#44;8262&#44;8263&#44;8264&#44;8265&#44;8266&#44;8267&#44;8268&#44;8269&#44;8270&#44;8271&#44;8272&#44;8273&#44;8274&#44;8275&#44;8276&#44;8277&#44;8278&#44;8279&#44;8280&#44;8281&#44;8282&#44;8283&#44;8284&#44;8285&#44;8286&#44;8287&#44;8288&#44;8289&#44;8290&#44;8291&#44;8292&#44;8293&#44;8294&#44;8295&#44;8296&#44;8297&#44;8298&#44;8299&#44;""",12/9/22,12/9/22,N
layouts,Meat and Seafood,"""72&#44;76&#44;93""",,2022,12/9/22,1-NewFolderStructure/C076_C072_C093_Fresh_Meat_Seafood/C76_C93_Effective_12092022_Planogram_Updated_12092022/,_C76_C93_Effective_12092022_Planogram_Updated_12092022.pdf,"""4730&#44;""",12/19/22,12/9/22,N
layouts,Bakery Pallets,"""37-4&#44;77-4""",,2022,12/26/22,1-NewFolderStructure/C037_C077_Bakery_Pallets/C37_77_Bakery_Pallets_Effective_12262022_Updated_12092022/,_C37_77_Bakery_Pallets_Effective_12262022_Updated_12092022.pdf,"""6315&#44;6334&#44;6404&#44;6660&#44;8169&#44;""",12/19/22,12/10/22,N
layouts,Bakery Bread Pods,"""37-5&#44;77-5""",,2022,12/26/22,1-NewFolderStructure/C037_C077_Bakery_Bread_Pods/C37_77_Bread_POD_Effective_12262022_Updated_12092022/,_C37_77_Bread_POD_Effective_12262022_Updated_12092022.pdf,"""6315&#44;6377&#44;6404&#44;6472&#44;8169&#44;""",12/19/22,12/10/22,N
layouts,Bakery Tables,"""37&#44;77""",,2022,12/26/22,1-NewFolderStructure/C037_C077_Bakery_Tables/C37_77_Bakery_Tables_Effective_12052022_Updated_11232022/,_C37_77_Bakery_Tables_Effective_12052022_Updated_11232022.pdf,"""6315&#44;6334&#44;6377&#44;6404&#44;6472&#44;8169&#44;""",12/19/22,12/10/22,N
layouts,Meat and Seafood,"""72&#44;76&#44;93""",,2022,12/26/22,1-NewFolderStructure/C076_C072_C093_Fresh_Meat_Seafood/C76_C93_Effective_12262022_Planogram_Updated_12122022/,_C76_C93_Effective_12262022_Planogram_Updated_12122022.pdf,"""6315&#44;6334&#44;6377&#44;6378&#44;6404&#44;6433&#44;6472&#44;6606&#44;6660&#44;6661&#44;6682&#44;8150&#44;8169&#44;""",12/19/22,12/12/22,N
layouts,Bakery Dessert,"""37-2&#44;77-2""",,2022,12/26/22,1-NewFolderStructure/C037_C077_Bakery_Dessert/C77_C37_Effective_12262022_Updated_12122022/,_C77_C37_Effective_12262022_Updated_12122022.pdf,"""6315&#44;6472&#44;8169&#44;""",12/19/22,12/19/22,N
layouts,Meat and Seafood,"""72&#44;76&#44;93""",,2022,12/26/22,1-NewFolderStructure/C076_C072_C093_Fresh_Meat_Seafood/C76_C93_Effective_12052022_Planogram_Updated_12132022/,_C76_C93_Effective_12052022_Planogram_Updated_12132022.pdf,"""4109&#44;4702&#44;4703&#44;4704&#44;4707&#44;4709&#44;4710&#44;4711&#44;4712&#44;4713&#44;4718&#44;4720&#44;4721&#44;4722&#44;4724&#44;4728&#44;4729&#44;4730&#44;4731&#44;4732&#44;4735&#44;4736&#44;4738&#44;4739&#44;4740&#44;4741&#44;4742&#44;4743&#44;4745&#44;4749&#44;4750&#44;4755&#44;4761&#44;4763&#44;4764&#44;4767&#44;4768&#44;4769&#44;4770&#44;4771&#44;4772&#44;4774&#44;4775&#44;4776&#44;4777&#44;4778&#44;4780&#44;4781&#44;4782&#44;4783&#44;4784&#44;4785&#44;4786&#44;4787&#44;4789&#44;4790&#44;4791&#44;4794&#44;4795&#44;4797&#44;4798&#44;4799&#44;4801&#44;4802&#44;4804&#44;4805&#44;4808&#44;4815&#44;4816&#44;4817&#44;4818&#44;4819&#44;4820&#44;4822&#44;4824&#44;4825&#44;4828&#44;4829&#44;4830&#44;4831&#44;4836&#44;4837&#44;4839&#44;4840&#44;4843&#44;4846&#44;4847&#44;4850&#44;4851&#44;4852&#44;4853&#44;4855&#44;4857&#44;4859&#44;4860&#44;4861&#44;4866&#44;4870&#44;4871&#44;4872&#44;4873&#44;4874&#44;4875&#44;4876&#44;4878&#44;4879&#44;4901&#44;4905&#44;4906&#44;4908&#44;4911&#44;4914&#44;4915&#44;4917&#44;4920&#44;4925&#44;4926&#44;4930&#44;4933&#44;4936&#44;4938&#44;4939&#44;4942&#44;4944&#44;4946&#44;4947&#44;4948&#44;4950&#44;4952&#44;4955&#44;4958&#44;4961&#44;4962&#44;4963&#44;4969&#44;4972&#44;4973&#44;4974&#44;4982&#44;4983&#44;4985&#44;4987&#44;4989&#44;4990&#44;4991&#44;4992&#44;4994&#44;4996&#44;4998&#44;4999&#44;6181&#44;6188&#44;6189&#44;6201&#44;6202&#44;6203&#44;6204&#44;6205&#44;6212&#44;6213&#44;6216&#44;6217&#44;6218&#44;6219&#44;6220&#44;6225&#44;6228&#44;6235&#44;6236&#44;6238&#44;6239&#44;6240&#44;6242&#44;6244&#44;6245&#44;6246&#44;6247&#44;6249&#44;6251&#44;6252&#44;6254&#44;6255&#44;6256&#44;6257&#44;6259&#44;6260&#44;6261&#44;6262&#44;6265&#44;6267&#44;6269&#44;6270&#44;6275&#44;6302&#44;6304&#44;6305&#44;6307&#44;6308&#44;6309&#44;6310&#44;6311&#44;6312&#44;6313&#44;6314&#44;6315&#44;6317&#44;6319&#44;6320&#44;6321&#44;6322&#44;6324&#44;6325&#44;6326&#44;6327&#44;6328&#44;6329&#44;6330&#44;6331&#44;6332&#44;6333&#44;6334&#44;6335&#44;6336&#44;6338&#44;6339&#44;6341&#44;6342&#44;6343&#44;6344&#44;6345&#44;6347&#44;6348&#44;6349&#44;6350&#44;6351&#44;6352&#44;6353&#44;6354&#44;6355&#44;6356&#44;6357&#44;6358&#44;6359&#44;6360&#44;6361&#44;6363&#44;6364&#44;6365&#44;6366&#44;6367&#44;6368&#44;6369&#44;6371&#44;6372&#44;6373&#44;6375&#44;6376&#44;6377&#44;6378&#44;6379&#44;6380&#44;6381&#44;6382&#44;6383&#44;6384&#44;6385&#44;6386&#44;6387&#44;6388&#44;6401&#44;6402&#44;6403&#44;6404&#44;6405&#44;6406&#44;6407&#44;6408&#44;6409&#44;6410&#44;6412&#44;6413&#44;6414&#44;6415&#44;6417&#44;6418&#44;6419&#44;6420&#44;6421&#44;6422&#44;6423&#44;6424&#44;6425&#44;6426&#44;6427&#44;6428&#44;6429&#44;6430&#44;6431&#44;6432&#44;6433&#44;6434&#44;6435&#44;6436&#44;6437&#44;6439&#44;6440&#44;6441&#44;6443&#44;6444&#44;6445&#44;6448&#44;6449&#44;6450&#44;6452&#44;6453&#44;6454&#44;6455&#44;6456&#44;6457&#44;6458&#44;6460&#44;6461&#44;6462&#44;6463&#44;6464&#44;6471&#44;6472&#44;6474&#44;6479&#44;6482&#44;6485&#44;6487&#44;6489&#44;6501&#44;6502&#44;6503&#44;6505&#44;6506&#44;6507&#44;6509&#44;6510&#44;6512&#44;6514&#44;6517&#44;6518&#44;6520&#44;6521&#44;6524&#44;6527&#44;6528&#44;6533&#44;6535&#44;6536&#44;6539&#44;6540&#44;6543&#44;6547&#44;6549&#44;6556&#44;6562&#44;6565&#44;6567&#44;6568&#44;6569&#44;6570&#44;6571&#44;6572&#44;6573&#44;6575&#44;6581&#44;6582&#44;6604&#44;6605&#44;6606&#44;6608&#44;6609&#44;6610&#44;6612&#44;6613&#44;6614&#44;6615&#44;6616&#44;6617&#44;6619&#44;6620&#44;6621&#44;6622&#44;6624&#44;6626&#44;6628&#44;6630&#44;6631&#44;6632&#44;6633&#44;6634&#44;6635&#44;6636&#44;6637&#44;6643&#44;6644&#44;6646&#44;6650&#44;6651&#44;6652&#44;6653&#44;6655&#44;6657&#44;6658&#44;6659&#44;6660&#44;6661&#44;6662&#44;6663&#44;6664&#44;6666&#44;6667&#44;6670&#44;6671&#44;6672&#44;6673&#44;6674&#44;6675&#44;6676&#44;6677&#44;6678&#44;6679&#44;6680&#44;6682&#44;6683&#44;6684&#44;6685&#44;6686&#44;6689&#44;6690&#44;6692&#44;6693&#44;6779&#44;6781&#44;6867&#44;6976&#44;6979&#44;7189&#44;7658&#44;7676&#44;8102&#44;8104&#44;8106&#44;8107&#44;8111&#44;8112&#44;8114&#44;8115&#44;8116&#44;8117&#44;8119&#44;8120&#44;8123&#44;8125&#44;8126&#44;8128&#44;8129&#44;8130&#44;8132&#44;8133&#44;8134&#44;8135&#44;8136&#44;8138&#44;8139&#44;8141&#44;8142&#44;8144&#44;8145&#44;8146&#44;8147&#44;8149&#44;8150&#44;8151&#44;8152&#44;8153&#44;8155&#44;8156&#44;8157&#44;8158&#44;8160&#44;8161&#44;8162&#44;8163&#44;8164&#44;8165&#44;8166&#44;8167&#44;8168&#44;8169&#44;8172&#44;8173&#44;8174&#44;8175&#44;8176&#44;8177&#44;8180&#44;8181&#44;8182&#44;8183&#44;8184&#44;8185&#44;8186&#44;8188&#44;8189&#44;8190&#44;8191&#44;8192&#44;8193&#44;8194&#44;8196&#44;8197&#44;8201&#44;8202&#44;8203&#44;8205&#44;8207&#44;8208&#44;8209&#44;8210&#44;8211&#44;8213&#44;8215&#44;8218&#44;8219&#44;8220&#44;8221&#44;8222&#44;8223&#44;8224&#44;8225&#44;8226&#44;8227&#44;8228&#44;8236&#44;8237&#44;8238&#44;8239&#44;8241&#44;8242&#44;8243&#44;8244&#44;8245&#44;8246&#44;8247&#44;8248&#44;8250&#44;8251&#44;8252&#44;8253&#44;8254&#44;8256&#44;8257&#44;8259&#44;8261&#44;8262&#44;8263&#44;8264&#44;8265&#44;8266&#44;8267&#44;8268&#44;8269&#44;8270&#44;8271&#44;8272&#44;8273&#44;8274&#44;8275&#44;8276&#44;8277&#44;8278&#44;8279&#44;8280&#44;8281&#44;8282&#44;8283&#44;8284&#44;8285&#44;8286&#44;8287&#44;8288&#44;8289&#44;8290&#44;8291&#44;8292&#44;8293&#44;8294&#44;8295&#44;8296&#44;8297&#44;8298&#44;8299&#44;""",12/21/22,12/13/22,N
layouts,Deli,57,,2022,12/26/22,1-NewFolderStructure/C057_Deli/C57_Effective_12262022_Planogram_Update_12-12-2022/,_C57_Effective_12262022_Planogram_Update_12-12-2022.pdf,"""6315&#44;6334&#44;6378&#44;6404&#44;6472&#44;6606&#44;6660&#44;6661&#44;6682&#44;8150&#44;8169&#44;""",12/21/22,12/16/22,N
layouts,Deli,57,,2022,1/16/23,1-NewFolderStructure/C057_Deli/C57_Effective_01162023_Planogram_Update_12-12-2022/,_C57_Effective_01162023_Planogram_Update_12-12-2022.pdf,"""4710&#44;4711&#44;4740&#44;4797&#44;4798&#44;4872&#44;4876&#44;4908&#44;4917&#44;4930&#44;4996&#44;6203&#44;6225&#44;6236&#44;6249&#44;6260&#44;6343&#44;6348&#44;6351&#44;6354&#44;6355&#44;6365&#44;6368&#44;6402&#44;6414&#44;6452&#44;6458&#44;6501&#44;6507&#44;6512&#44;6518&#44;6524&#44;6543&#44;6572&#44;6644&#44;6680&#44;8112&#44;8115&#44;8142&#44;8211&#44;8218&#44;8219&#44;8220&#44;8222&#44;8228&#44;8256&#44;8257&#44;8278&#44;8294&#44;""",12/21/22,12/16/22,N
layouts,Meat and Seafood,"""72&#44;76&#44;93""",,2022,1/2/23,1-NewFolderStructure/C076_C072_C093_Fresh_Meat_Seafood/C76_C93_Effective_01022023_Planogram_Updated_12192022/,_C76_C93_Effective_01022023_Planogram_Updated_12192022.pdf,"""4109&#44;4702&#44;4703&#44;4704&#44;4707&#44;4709&#44;4710&#44;4711&#44;4712&#44;4713&#44;4718&#44;4720&#44;4721&#44;4722&#44;4724&#44;4728&#44;4729&#44;4730&#44;4731&#44;4732&#44;4735&#44;4736&#44;4738&#44;4739&#44;4740&#44;4741&#44;4742&#44;4743&#44;4745&#44;4749&#44;4750&#44;4755&#44;4761&#44;4763&#44;4764&#44;4767&#44;4768&#44;4769&#44;4770&#44;4771&#44;4772&#44;4774&#44;4775&#44;4776&#44;4777&#44;4778&#44;4780&#44;4781&#44;4782&#44;4783&#44;4784&#44;4785&#44;4786&#44;4787&#44;4789&#44;4790&#44;4791&#44;4794&#44;4795&#44;4797&#44;4798&#44;4799&#44;4801&#44;4802&#44;4804&#44;4805&#44;4808&#44;4815&#44;4816&#44;4817&#44;4818&#44;4819&#44;4820&#44;4822&#44;4824&#44;4825&#44;4828&#44;4829&#44;4830&#44;4831&#44;4836&#44;4837&#44;4839&#44;4840&#44;4843&#44;4846&#44;4847&#44;4850&#44;4851&#44;4852&#44;4853&#44;4855&#44;4857&#44;4859&#44;4860&#44;4861&#44;4866&#44;4870&#44;4871&#44;4872&#44;4873&#44;4874&#44;4875&#44;4876&#44;4878&#44;4879&#44;4901&#44;4905&#44;4906&#44;4908&#44;4911&#44;4914&#44;4915&#44;4917&#44;4920&#44;4925&#44;4926&#44;4930&#44;4933&#44;4936&#44;4938&#44;4939&#44;4942&#44;4944&#44;4946&#44;4947&#44;4948&#44;4950&#44;4952&#44;4955&#44;4958&#44;4961&#44;4962&#44;4963&#44;4969&#44;4972&#44;4973&#44;4974&#44;4982&#44;4983&#44;4985&#44;4987&#44;4989&#44;4990&#44;4991&#44;4992&#44;4994&#44;4996&#44;4998&#44;4999&#44;6181&#44;6188&#44;6189&#44;6201&#44;6202&#44;6203&#44;6204&#44;6205&#44;6212&#44;6213&#44;6216&#44;6217&#44;6218&#44;6219&#44;6220&#44;6225&#44;6228&#44;6235&#44;6236&#44;6238&#44;6239&#44;6240&#44;6242&#44;6244&#44;6245&#44;6246&#44;6247&#44;6249&#44;6251&#44;6252&#44;6254&#44;6255&#44;6256&#44;6257&#44;6259&#44;6260&#44;6261&#44;6262&#44;6265&#44;6267&#44;6269&#44;6270&#44;6275&#44;6302&#44;6304&#44;6305&#44;6307&#44;6308&#44;6309&#44;6310&#44;6311&#44;6312&#44;6313&#44;6314&#44;6315&#44;6317&#44;6319&#44;6320&#44;6321&#44;6322&#44;6324&#44;6325&#44;6326&#44;6327&#44;6328&#44;6329&#44;6330&#44;6331&#44;6332&#44;6333&#44;6334&#44;6335&#44;6336&#44;6338&#44;6339&#44;6341&#44;6342&#44;6343&#44;6344&#44;6345&#44;6347&#44;6348&#44;6349&#44;6350&#44;6351&#44;6352&#44;6353&#44;6354&#44;6355&#44;6356&#44;6357&#44;6358&#44;6359&#44;6360&#44;6361&#44;6363&#44;6364&#44;6365&#44;6366&#44;6367&#44;6368&#44;6369&#44;6371&#44;6372&#44;6373&#44;6375&#44;6376&#44;6377&#44;6378&#44;6379&#44;6380&#44;6381&#44;6382&#44;6383&#44;6384&#44;6385&#44;6386&#44;6387&#44;6388&#44;6401&#44;6402&#44;6403&#44;6404&#44;6405&#44;6406&#44;6407&#44;6408&#44;6409&#44;6410&#44;6412&#44;6413&#44;6414&#44;6415&#44;6417&#44;6418&#44;6419&#44;6420&#44;6421&#44;6422&#44;6423&#44;6424&#44;6425&#44;6426&#44;6427&#44;6428&#44;6429&#44;6430&#44;6431&#44;6432&#44;6433&#44;6434&#44;6435&#44;6436&#44;6437&#44;6439&#44;6440&#44;6441&#44;6443&#44;6444&#44;6445&#44;6448&#44;6449&#44;6450&#44;6452&#44;6453&#44;6454&#44;6455&#44;6456&#44;6457&#44;6458&#44;6460&#44;6461&#44;6462&#44;6463&#44;6464&#44;6471&#44;6472&#44;6474&#44;6479&#44;6482&#44;6485&#44;6487&#44;6489&#44;6501&#44;6502&#44;6503&#44;6505&#44;6506&#44;6507&#44;6509&#44;6510&#44;6512&#44;6514&#44;6517&#44;6518&#44;6520&#44;6521&#44;6524&#44;6527&#44;6528&#44;6533&#44;6535&#44;6536&#44;6539&#44;6540&#44;6543&#44;6547&#44;6549&#44;6556&#44;6562&#44;6565&#44;6567&#44;6568&#44;6569&#44;6570&#44;6571&#44;6572&#44;6573&#44;6575&#44;6581&#44;6582&#44;6604&#44;6605&#44;6606&#44;6608&#44;6609&#44;6610&#44;6612&#44;6613&#44;6614&#44;6615&#44;6616&#44;6617&#44;6619&#44;6620&#44;6621&#44;6622&#44;6624&#44;6626&#44;6628&#44;6630&#44;6631&#44;6632&#44;6633&#44;6634&#44;6635&#44;6636&#44;6637&#44;6643&#44;6644&#44;6646&#44;6650&#44;6651&#44;6652&#44;6653&#44;6655&#44;6657&#44;6658&#44;6659&#44;6660&#44;6661&#44;6662&#44;6663&#44;6664&#44;6666&#44;6667&#44;6670&#44;6671&#44;6672&#44;6673&#44;6674&#44;6675&#44;6676&#44;6677&#44;6678&#44;6679&#44;6680&#44;6682&#44;6683&#44;6684&#44;6685&#44;6686&#44;6689&#44;6690&#44;6692&#44;6693&#44;6779&#44;6781&#44;6867&#44;6976&#44;6979&#44;7189&#44;7658&#44;7676&#44;8102&#44;8104&#44;8106&#44;8107&#44;8111&#44;8112&#44;8114&#44;8115&#44;8116&#44;8117&#44;8119&#44;8120&#44;8123&#44;8125&#44;8126&#44;8128&#44;8129&#44;8130&#44;8132&#44;8133&#44;8134&#44;8135&#44;8136&#44;8138&#44;8139&#44;8141&#44;8142&#44;8144&#44;8145&#44;8146&#44;8147&#44;8149&#44;8150&#44;8151&#44;8152&#44;8153&#44;8155&#44;8156&#44;8157&#44;8158&#44;8160&#44;8161&#44;8162&#44;8163&#44;8164&#44;8165&#44;8166&#44;8167&#44;8168&#44;8169&#44;8172&#44;8173&#44;8174&#44;8175&#44;8176&#44;8177&#44;8180&#44;8181&#44;8182&#44;8183&#44;8184&#44;8185&#44;8186&#44;8188&#44;8189&#44;8190&#44;8191&#44;8192&#44;8193&#44;8194&#44;8196&#44;8197&#44;8201&#44;8202&#44;8203&#44;8205&#44;8207&#44;8208&#44;8209&#44;8210&#44;8211&#44;8213&#44;8215&#44;8218&#44;8219&#44;8220&#44;8221&#44;8222&#44;8223&#44;8224&#44;8225&#44;8226&#44;8227&#44;8228&#44;8236&#44;8237&#44;8238&#44;8239&#44;8241&#44;8242&#44;8243&#44;8244&#44;8245&#44;8246&#44;8247&#44;8248&#44;8250&#44;8251&#44;8252&#44;8253&#44;8254&#44;8256&#44;8257&#44;8259&#44;8261&#44;8262&#44;8263&#44;8264&#44;8265&#44;8266&#44;8267&#44;8268&#44;8269&#44;8270&#44;8271&#44;8272&#44;8273&#44;8274&#44;8275&#44;8276&#44;8277&#44;8278&#44;8279&#44;8280&#44;8281&#44;8282&#44;8283&#44;8284&#44;8285&#44;8286&#44;8287&#44;8288&#44;8289&#44;8290&#44;8291&#44;8292&#44;8293&#44;8294&#44;8295&#44;8296&#44;8297&#44;8298&#44;8299&#44;""",12/21/22,12/19/22,N
layouts,Seafood,72-1,,2022,1/2/23,1-NewFolderStructure/C072_Seafood/C72_Seafood_Effective_01022023/,_C72_Seafood_Effective_01022023.pdf,"""4109&#44;4702&#44;4703&#44;4704&#44;4707&#44;4709&#44;4710&#44;4711&#44;4712&#44;4713&#44;4718&#44;4720&#44;4721&#44;4722&#44;4724&#44;4728&#44;4729&#44;4730&#44;4731&#44;4732&#44;4735&#44;4736&#44;4738&#44;4739&#44;4740&#44;4741&#44;4742&#44;4743&#44;4745&#44;4749&#44;4750&#44;4761&#44;4763&#44;4764&#44;4767&#44;4768&#44;4769&#44;4770&#44;4771&#44;4772&#44;4774&#44;4775&#44;4776&#44;4777&#44;4778&#44;4780&#44;4781&#44;4782&#44;4783&#44;4784&#44;4785&#44;4786&#44;4787&#44;4789&#44;4790&#44;4791&#44;4794&#44;4795&#44;4797&#44;4798&#44;4799&#44;4801&#44;4802&#44;4804&#44;4805&#44;4808&#44;4815&#44;4816&#44;4817&#44;4818&#44;4819&#44;4820&#44;4822&#44;4824&#44;4825&#44;4828&#44;4829&#44;4830&#44;4831&#44;4836&#44;4837&#44;4839&#44;4840&#44;4843&#44;4846&#44;4847&#44;4850&#44;4851&#44;4852&#44;4853&#44;4855&#44;4857&#44;4859&#44;4860&#44;4861&#44;4870&#44;4871&#44;4872&#44;4873&#44;4874&#44;4875&#44;4876&#44;4878&#44;4879&#44;4901&#44;4905&#44;4906&#44;4908&#44;4911&#44;4914&#44;4915&#44;4917&#44;4920&#44;4925&#44;4926&#44;4930&#44;4933&#44;4936&#44;4938&#44;4939&#44;4942&#44;4944&#44;4946&#44;4947&#44;4948&#44;4950&#44;4952&#44;4955&#44;4958&#44;4961&#44;4962&#44;4963&#44;4969&#44;4972&#44;4973&#44;4974&#44;4982&#44;4983&#44;4985&#44;4987&#44;4989&#44;4990&#44;4991&#44;4992&#44;4994&#44;4996&#44;4998&#44;4999&#44;6181&#44;6188&#44;6189&#44;6201&#44;6202&#44;6203&#44;6204&#44;6205&#44;6212&#44;6213&#44;6216&#44;6217&#44;6218&#44;6219&#44;6220&#44;6228&#44;6235&#44;6236&#44;6238&#44;6239&#44;6240&#44;6242&#44;6244&#44;6245&#44;6246&#44;6247&#44;6249&#44;6251&#44;6252&#44;6254&#44;6255&#44;6256&#44;6257&#44;6259&#44;6260&#44;6261&#44;6262&#44;6265&#44;6267&#44;6269&#44;6275&#44;6302&#44;6304&#44;6305&#44;6307&#44;6308&#44;6309&#44;6310&#44;6311&#44;6312&#44;6313&#44;6314&#44;6315&#44;6317&#44;6319&#44;6320&#44;6321&#44;6322&#44;6324&#44;6325&#44;6326&#44;6327&#44;6328&#44;6329&#44;6330&#44;6331&#44;6332&#44;6333&#44;6334&#44;6335&#44;6336&#44;6338&#44;6339&#44;6341&#44;6342&#44;6343&#44;6344&#44;6345&#44;6347&#44;6348&#44;6349&#44;6350&#44;6351&#44;6352&#44;6353&#44;6354&#44;6355&#44;6356&#44;6357&#44;6358&#44;6359&#44;6360&#44;6361&#44;6363&#44;6364&#44;6365&#44;6366&#44;6367&#44;6368&#44;6369&#44;6371&#44;6372&#44;6373&#44;6375&#44;6376&#44;6377&#44;6378&#44;6379&#44;6380&#44;6381&#44;6382&#44;6383&#44;6384&#44;6385&#44;6386&#44;6387&#44;6388&#44;6401&#44;6402&#44;6403&#44;6404&#44;6405&#44;6406&#44;6407&#44;6408&#44;6409&#44;6412&#44;6413&#44;6414&#44;6415&#44;6417&#44;6418&#44;6419&#44;6420&#44;6421&#44;6422&#44;6423&#44;6424&#44;6425&#44;6426&#44;6427&#44;6428&#44;6429&#44;6430&#44;6431&#44;6432&#44;6433&#44;6434&#44;6435&#44;6436&#44;6437&#44;6439&#44;6440&#44;6441&#44;6443&#44;6444&#44;6445&#44;6448&#44;6449&#44;6450&#44;6452&#44;6453&#44;6454&#44;6455&#44;6456&#44;6457&#44;6458&#44;6460&#44;6461&#44;6462&#44;6463&#44;6464&#44;6471&#44;6472&#44;6474&#44;6479&#44;6482&#44;6485&#44;6487&#44;6489&#44;6501&#44;6502&#44;6503&#44;6505&#44;6506&#44;6507&#44;6509&#44;6510&#44;6512&#44;6514&#44;6517&#44;6518&#44;6520&#44;6521&#44;6524&#44;6527&#44;6528&#44;6533&#44;6535&#44;6536&#44;6539&#44;6540&#44;6547&#44;6549&#44;6556&#44;6562&#44;6565&#44;6567&#44;6568&#44;6569&#44;6570&#44;6571&#44;6572&#44;6573&#44;6575&#44;6581&#44;6582&#44;6604&#44;6605&#44;6606&#44;6608&#44;6609&#44;6610&#44;6612&#44;6613&#44;6614&#44;6615&#44;6616&#44;6617&#44;6619&#44;6620&#44;6621&#44;6622&#44;6624&#44;6626&#44;6628&#44;6630&#44;6631&#44;6632&#44;6633&#44;6634&#44;6635&#44;6636&#44;6637&#44;6643&#44;6644&#44;6646&#44;6650&#44;6651&#44;6652&#44;6653&#44;6655&#44;6657&#44;6658&#44;6659&#44;6660&#44;6661&#44;6662&#44;6663&#44;6664&#44;6666&#44;6667&#44;6670&#44;6671&#44;6672&#44;6673&#44;6674&#44;6675&#44;6676&#44;6677&#44;6678&#44;6679&#44;6682&#44;6683&#44;6684&#44;6685&#44;6686&#44;6692&#44;6693&#44;6779&#44;6781&#44;6867&#44;6976&#44;6979&#44;7189&#44;7658&#44;7676&#44;8102&#44;8104&#44;8106&#44;8107&#44;8111&#44;8112&#44;8114&#44;8115&#44;8116&#44;8117&#44;8119&#44;8120&#44;8123&#44;8125&#44;8126&#44;8128&#44;8129&#44;8130&#44;8132&#44;8133&#44;8134&#44;8135&#44;8136&#44;8138&#44;8139&#44;8141&#44;8142&#44;8144&#44;8145&#44;8146&#44;8147&#44;8149&#44;8150&#44;8151&#44;8152&#44;8153&#44;8155&#44;8156&#44;8157&#44;8158&#44;8160&#44;8161&#44;8162&#44;8163&#44;8164&#44;8165&#44;8166&#44;8167&#44;8168&#44;8169&#44;8172&#44;8173&#44;8174&#44;8175&#44;8176&#44;8177&#44;8180&#44;8181&#44;8182&#44;8183&#44;8184&#44;8185&#44;8186&#44;8188&#44;8189&#44;8190&#44;8191&#44;8192&#44;8193&#44;8194&#44;8196&#44;8197&#44;8201&#44;8202&#44;8203&#44;8205&#44;8207&#44;8208&#44;8209&#44;8210&#44;8211&#44;8213&#44;8215&#44;8218&#44;8219&#44;8220&#44;8221&#44;8222&#44;8223&#44;8224&#44;8225&#44;8226&#44;8227&#44;8228&#44;8236&#44;8237&#44;8238&#44;8239&#44;8241&#44;8242&#44;8243&#44;8244&#44;8245&#44;8246&#44;8247&#44;8248&#44;8250&#44;8251&#44;8252&#44;8253&#44;8254&#44;8256&#44;8257&#44;8259&#44;8261&#44;8262&#44;8263&#44;8264&#44;8265&#44;8266&#44;8267&#44;8268&#44;8269&#44;8270&#44;8271&#44;8272&#44;8273&#44;8274&#44;8275&#44;8276&#44;8277&#44;8278&#44;8279&#44;8280&#44;8281&#44;8282&#44;8283&#44;8284&#44;8285&#44;8286&#44;8287&#44;8288&#44;8289&#44;8290&#44;8291&#44;8292&#44;8293&#44;8294&#44;8295&#44;8296&#44;8297&#44;8298&#44;8299&#44;""",12/21/22,12/19/22,N
layouts,Seafood Island,72-2,,2022,1/2/23,1-NewFolderStructure/C072_Seafood_Island/C72_SeafoodIsland_Effective_01022023/,_C72_SeafoodIsland_Effective_01022023.pdf,"""4707&#44;4711&#44;4713&#44;4740&#44;4742&#44;4775&#44;4783&#44;4789&#44;4790&#44;4804&#44;4808&#44;4855&#44;4905&#44;4925&#44;4969&#44;4983&#44;4985&#44;4998&#44;6239&#44;6242&#44;6249&#44;6251&#44;6254&#44;6262&#44;6265&#44;6309&#44;6312&#44;6317&#44;6320&#44;6344&#44;6348&#44;6354&#44;6361&#44;6414&#44;6415&#44;6457&#44;6520&#44;6565&#44;6604&#44;6619&#44;6636&#44;6644&#44;6653&#44;6662&#44;6666&#44;6674&#44;6692&#44;6781&#44;8106&#44;8114&#44;8115&#44;8123&#44;8139&#44;8149&#44;8165&#44;8168&#44;8181&#44;8183&#44;8201&#44;8209&#44;8225&#44;8236&#44;8238&#44;8246&#44;8269&#44;8293&#44;8299&#44;""",12/21/22,12/19/22,N
layouts,Meat and Seafood,"""72&#44;76&#44;93""",,2022,12/22/23,1-NewFolderStructure/C076_C072_C093_Fresh_Meat_Seafood/C76_C93_Effective_12222022_Planogram_Updated_12202022/,_C76_C93_Effective_12222022_Planogram_Updated_12202022.pdf,"""6419&#44;""",12/21/22,12/20/22,N
layouts,Bakery Dessert,"""37-2&#44;77-2""",,2022,1/2/23,1-NewFolderStructure/C037_C077_Bakery_Dessert/C77_C37_Dessert_Case_Effective_01022023_Updated_12212022/,_C77_C37_Dessert_Case_Effective_01022023_Updated_12212022.pdf,"""4755&#44;4771&#44;4776&#44;4778&#44;4794&#44;4798&#44;4815&#44;4851&#44;4857&#44;4872&#44;4946&#44;4948&#44;4972&#44;4994&#44;6201&#44;6219&#44;6236&#44;6260&#44;6270&#44;6275&#44;6305&#44;6308&#44;6324&#44;6339&#44;6342&#44;6357&#44;6358&#44;6368&#44;6387&#44;6401&#44;6423&#44;6439&#44;6443&#44;6444&#44;6456&#44;6458&#44;6463&#44;6506&#44;6512&#44;6517&#44;6518&#44;6524&#44;6536&#44;6562&#44;6571&#44;6646&#44;6651&#44;6675&#44;6678&#44;6679&#44;6976&#44;8132&#44;8134&#44;8135&#44;8136&#44;8161&#44;8162&#44;8166&#44;8188&#44;8193&#44;8202&#44;8222&#44;8223&#44;8224&#44;8241&#44;8252&#44;8261&#44;8265&#44;8283&#44;8298&#44;""",12/21/22,12/20/22,N
layouts,Cake Case,"""37-3&#44;77-3""",,2022,1/2/23,1-NewFolderStructure/C037_C077_Cake_Case/C77_C37_Cake_Cooler_Eff_01022023_Updated_12212022/,_C77_C37_Cake_Cooler_Eff_01022023_Updated_12212022.pdf,"""4109&#44;4702&#44;4703&#44;4704&#44;4707&#44;4709&#44;4710&#44;4711&#44;4712&#44;4713&#44;4718&#44;4720&#44;4721&#44;4722&#44;4724&#44;4728&#44;4729&#44;4730&#44;4731&#44;4732&#44;4735&#44;4736&#44;4738&#44;4739&#44;4740&#44;4741&#44;4742&#44;4743&#44;4745&#44;4749&#44;4750&#44;4755&#44;4761&#44;4763&#44;4764&#44;4767&#44;4768&#44;4769&#44;4770&#44;4771&#44;4772&#44;4774&#44;4775&#44;4776&#44;4777&#44;4778&#44;4780&#44;4781&#44;4782&#44;4783&#44;4784&#44;4785&#44;4786&#44;4787&#44;4789&#44;4790&#44;4791&#44;4794&#44;4795&#44;4797&#44;4798&#44;4799&#44;4801&#44;4802&#44;4804&#44;4805&#44;4808&#44;4815&#44;4816&#44;4817&#44;4818&#44;4819&#44;4820&#44;4822&#44;4824&#44;4825&#44;4828&#44;4829&#44;4830&#44;4831&#44;4836&#44;4837&#44;4839&#44;4840&#44;4843&#44;4846&#44;4847&#44;4850&#44;4851&#44;4852&#44;4853&#44;4855&#44;4857&#44;4859&#44;4860&#44;4861&#44;4866&#44;4870&#44;4871&#44;4872&#44;4873&#44;4874&#44;4875&#44;4876&#44;4878&#44;4879&#44;4901&#44;4905&#44;4906&#44;4911&#44;4914&#44;4915&#44;4917&#44;4920&#44;4925&#44;4926&#44;4933&#44;4936&#44;4938&#44;4939&#44;4942&#44;4944&#44;4946&#44;4947&#44;4948&#44;4950&#44;4952&#44;4955&#44;4958&#44;4961&#44;4962&#44;4963&#44;4969&#44;4972&#44;4973&#44;4974&#44;4982&#44;4983&#44;4985&#44;4987&#44;4989&#44;4990&#44;4991&#44;4992&#44;4994&#44;4996&#44;4998&#44;4999&#44;6181&#44;6188&#44;6189&#44;6201&#44;6202&#44;6203&#44;6204&#44;6205&#44;6212&#44;6213&#44;6216&#44;6217&#44;6218&#44;6219&#44;6220&#44;6225&#44;6228&#44;6235&#44;6236&#44;6238&#44;6239&#44;6240&#44;6242&#44;6244&#44;6245&#44;6246&#44;6247&#44;6249&#44;6251&#44;6252&#44;6254&#44;6255&#44;6256&#44;6257&#44;6259&#44;6260&#44;6261&#44;6262&#44;6265&#44;6267&#44;6269&#44;6270&#44;6275&#44;6302&#44;6304&#44;6305&#44;6307&#44;6308&#44;6309&#44;6310&#44;6311&#44;6312&#44;6313&#44;6314&#44;6315&#44;6317&#44;6319&#44;6320&#44;6321&#44;6322&#44;6324&#44;6325&#44;6326&#44;6327&#44;6328&#44;6329&#44;6330&#44;6331&#44;6332&#44;6333&#44;6334&#44;6335&#44;6336&#44;6338&#44;6339&#44;6341&#44;6342&#44;6343&#44;6344&#44;6345&#44;6347&#44;6348&#44;6349&#44;6350&#44;6351&#44;6352&#44;6353&#44;6354&#44;6355&#44;6356&#44;6357&#44;6358&#44;6359&#44;6360&#44;6361&#44;6363&#44;6364&#44;6365&#44;6366&#44;6367&#44;6368&#44;6369&#44;6371&#44;6372&#44;6373&#44;6375&#44;6376&#44;6377&#44;6378&#44;6379&#44;6380&#44;6381&#44;6382&#44;6383&#44;6384&#44;6385&#44;6386&#44;6387&#44;6388&#44;6401&#44;6402&#44;6403&#44;6404&#44;6405&#44;6406&#44;6407&#44;6408&#44;6409&#44;6410&#44;6412&#44;6413&#44;6414&#44;6415&#44;6417&#44;6418&#44;6419&#44;6420&#44;6421&#44;6422&#44;6423&#44;6424&#44;6425&#44;6426&#44;6427&#44;6428&#44;6429&#44;6430&#44;6431&#44;6432&#44;6433&#44;6434&#44;6435&#44;6436&#44;6437&#44;6439&#44;6440&#44;6441&#44;6443&#44;6444&#44;6445&#44;6448&#44;6449&#44;6450&#44;6452&#44;6453&#44;6454&#44;6455&#44;6456&#44;6457&#44;6458&#44;6460&#44;6462&#44;6463&#44;6464&#44;6471&#44;6472&#44;6474&#44;6479&#44;6482&#44;6485&#44;6487&#44;6489&#44;6501&#44;6502&#44;6503&#44;6505&#44;6506&#44;6507&#44;6509&#44;6510&#44;6512&#44;6514&#44;6517&#44;6518&#44;6520&#44;6521&#44;6524&#44;6527&#44;6528&#44;6535&#44;6536&#44;6539&#44;6540&#44;6543&#44;6547&#44;6549&#44;6562&#44;6565&#44;6568&#44;6569&#44;6570&#44;6571&#44;6572&#44;6573&#44;6575&#44;6581&#44;6582&#44;6604&#44;6605&#44;6606&#44;6608&#44;6609&#44;6610&#44;6612&#44;6613&#44;6614&#44;6615&#44;6616&#44;6617&#44;6619&#44;6620&#44;6621&#44;6622&#44;6624&#44;6626&#44;6628&#44;6630&#44;6631&#44;6632&#44;6633&#44;6634&#44;6635&#44;6636&#44;6637&#44;6643&#44;6644&#44;6646&#44;6650&#44;6651&#44;6652&#44;6653&#44;6655&#44;6657&#44;6658&#44;6659&#44;6660&#44;6661&#44;6662&#44;6663&#44;6664&#44;6666&#44;6667&#44;6670&#44;6671&#44;6672&#44;6673&#44;6674&#44;6675&#44;6676&#44;6677&#44;6678&#44;6679&#44;6680&#44;6682&#44;6683&#44;6684&#44;6685&#44;6686&#44;6689&#44;6690&#44;6692&#44;6693&#44;6779&#44;6781&#44;6867&#44;6976&#44;6979&#44;7189&#44;7658&#44;7676&#44;8102&#44;8104&#44;8106&#44;8107&#44;8111&#44;8112&#44;8114&#44;8115&#44;8116&#44;8117&#44;8119&#44;8120&#44;8123&#44;8125&#44;8126&#44;8128&#44;8129&#44;8130&#44;8132&#44;8133&#44;8134&#44;8135&#44;8136&#44;8138&#44;8139&#44;8141&#44;8142&#44;8144&#44;8145&#44;8146&#44;8147&#44;8149&#44;8150&#44;8151&#44;8152&#44;8153&#44;8155&#44;8156&#44;8157&#44;8158&#44;8160&#44;8161&#44;8162&#44;8163&#44;8164&#44;8165&#44;8166&#44;8167&#44;8168&#44;8169&#44;8172&#44;8173&#44;8174&#44;8175&#44;8176&#44;8177&#44;8181&#44;8182&#44;8183&#44;8184&#44;8185&#44;8186&#44;8188&#44;8190&#44;8191&#44;8192&#44;8193&#44;8194&#44;8196&#44;8197&#44;8201&#44;8202&#44;8203&#44;8205&#44;8207&#44;8208&#44;8209&#44;8210&#44;8211&#44;8213&#44;8215&#44;8218&#44;8219&#44;8220&#44;8221&#44;8222&#44;8223&#44;8224&#44;8225&#44;8226&#44;8227&#44;8228&#44;8236&#44;8237&#44;8238&#44;8239&#44;8241&#44;8242&#44;8243&#44;8244&#44;8245&#44;8246&#44;8247&#44;8248&#44;8250&#44;8251&#44;8252&#44;8253&#44;8254&#44;8256&#44;8257&#44;8259&#44;8261&#44;8262&#44;8263&#44;8264&#44;8265&#44;8266&#44;8267&#44;8268&#44;8269&#44;8270&#44;8271&#44;8272&#44;8273&#44;8274&#44;8275&#44;8276&#44;8277&#44;8278&#44;8279&#44;8280&#44;8281&#44;8282&#44;8283&#44;8284&#44;8285&#44;8286&#44;8287&#44;8288&#44;8289&#44;8290&#44;8291&#44;8292&#44;8293&#44;8294&#44;8295&#44;8296&#44;8297&#44;8298&#44;8299&#44;""",12/21/22,12/20/22,N
layouts,Sushi,79,,2022,12/5/22,1-NewFolderStructure/C079_Sushi/C79_Sushi_Effective_12262022/,_C79_Sushi.pdf,"""6606&#44;8150&#44;6413&#44;6433&#44;""",12/27/22,12/22/22,N
layouts,Bakery Pallets,"""37-4&#44;77-4""",,2023,1/9/23,1-NewFolderStructure/C037_C077_Bakery_Pallets/C37_77_Bakery_Pallets_Effective_01022023_Updated_12212022/,_C37_77_Bakery_Pallets_Effective_01022023_Updated_12212022.pdf,"""4109&#44;4702&#44;4703&#44;4704&#44;4707&#44;4709&#44;4710&#44;4711&#44;4712&#44;4713&#44;4718&#44;4720&#44;4721&#44;4722&#44;4724&#44;4728&#44;4729&#44;4730&#44;4731&#44;4732&#44;4735&#44;4736&#44;4738&#44;4739&#44;4740&#44;4741&#44;4742&#44;4743&#44;4745&#44;4749&#44;4750&#44;4755&#44;4761&#44;4763&#44;4764&#44;4767&#44;4768&#44;4769&#44;4770&#44;4771&#44;4772&#44;4774&#44;4775&#44;4776&#44;4777&#44;4778&#44;4780&#44;4781&#44;4782&#44;4784&#44;4785&#44;4786&#44;4787&#44;4789&#44;4790&#44;4791&#44;4794&#44;4795&#44;4797&#44;4798&#44;4799&#44;4801&#44;4802&#44;4804&#44;4805&#44;4815&#44;4816&#44;4817&#44;4818&#44;4819&#44;4820&#44;4822&#44;4824&#44;4825&#44;4828&#44;4829&#44;4830&#44;4831&#44;4836&#44;4837&#44;4839&#44;4840&#44;4843&#44;4846&#44;4847&#44;4850&#44;4851&#44;4852&#44;4853&#44;4855&#44;4857&#44;4859&#44;4860&#44;4861&#44;4866&#44;4870&#44;4871&#44;4872&#44;4873&#44;4874&#44;4875&#44;4876&#44;4878&#44;4879&#44;4901&#44;4905&#44;4906&#44;4908&#44;4911&#44;4914&#44;4915&#44;4917&#44;4920&#44;4926&#44;4930&#44;4933&#44;4936&#44;4938&#44;4939&#44;4942&#44;4946&#44;4947&#44;4948&#44;4950&#44;4952&#44;4955&#44;4958&#44;4961&#44;4962&#44;4963&#44;4972&#44;4973&#44;4974&#44;4983&#44;4985&#44;4987&#44;4989&#44;4990&#44;4991&#44;4992&#44;4994&#44;4996&#44;4998&#44;4999&#44;6181&#44;6188&#44;6189&#44;6201&#44;6202&#44;6203&#44;6204&#44;6205&#44;6212&#44;6213&#44;6216&#44;6217&#44;6218&#44;6219&#44;6220&#44;6225&#44;6228&#44;6235&#44;6236&#44;6239&#44;6240&#44;6242&#44;6244&#44;6245&#44;6246&#44;6247&#44;6249&#44;6251&#44;6252&#44;6254&#44;6255&#44;6256&#44;6257&#44;6259&#44;6260&#44;6261&#44;6262&#44;6265&#44;6267&#44;6269&#44;6270&#44;6275&#44;6302&#44;6304&#44;6305&#44;6308&#44;6309&#44;6310&#44;6311&#44;6312&#44;6313&#44;6314&#44;6315&#44;6317&#44;6320&#44;6321&#44;6322&#44;6325&#44;6326&#44;6327&#44;6328&#44;6329&#44;6330&#44;6332&#44;6333&#44;6335&#44;6336&#44;6338&#44;6339&#44;6341&#44;6342&#44;6343&#44;6344&#44;6345&#44;6347&#44;6348&#44;6349&#44;6350&#44;6351&#44;6352&#44;6353&#44;6354&#44;6355&#44;6356&#44;6357&#44;6358&#44;6359&#44;6360&#44;6361&#44;6363&#44;6364&#44;6365&#44;6366&#44;6367&#44;6368&#44;6369&#44;6371&#44;6372&#44;6373&#44;6376&#44;6377&#44;6378&#44;6379&#44;6380&#44;6381&#44;6382&#44;6383&#44;6384&#44;6385&#44;6386&#44;6387&#44;6388&#44;6401&#44;6402&#44;6403&#44;6404&#44;6408&#44;6409&#44;6410&#44;6413&#44;6414&#44;6415&#44;6417&#44;6418&#44;6419&#44;6420&#44;6421&#44;6422&#44;6423&#44;6425&#44;6426&#44;6427&#44;6428&#44;6429&#44;6430&#44;6431&#44;6432&#44;6433&#44;6434&#44;6435&#44;6436&#44;6437&#44;6439&#44;6440&#44;6441&#44;6443&#44;6444&#44;6445&#44;6448&#44;6449&#44;6452&#44;6453&#44;6454&#44;6455&#44;6456&#44;6457&#44;6458&#44;6460&#44;6461&#44;6462&#44;6463&#44;6464&#44;6471&#44;6474&#44;6479&#44;6482&#44;6485&#44;6487&#44;6489&#44;6501&#44;6502&#44;6505&#44;6506&#44;6507&#44;6509&#44;6510&#44;6512&#44;6514&#44;6517&#44;6518&#44;6520&#44;6521&#44;6524&#44;6527&#44;6528&#44;6533&#44;6536&#44;6539&#44;6540&#44;6543&#44;6547&#44;6549&#44;6556&#44;6565&#44;6567&#44;6568&#44;6570&#44;6571&#44;6572&#44;6573&#44;6575&#44;6581&#44;6582&#44;6604&#44;6605&#44;6606&#44;6608&#44;6609&#44;6610&#44;6613&#44;6614&#44;6615&#44;6616&#44;6617&#44;6619&#44;6620&#44;6621&#44;6622&#44;6624&#44;6626&#44;6628&#44;6630&#44;6631&#44;6632&#44;6633&#44;6634&#44;6635&#44;6636&#44;6637&#44;6643&#44;6644&#44;6646&#44;6650&#44;6651&#44;6652&#44;6653&#44;6655&#44;6657&#44;6658&#44;6659&#44;6660&#44;6661&#44;6662&#44;6663&#44;6664&#44;6666&#44;6667&#44;6670&#44;6671&#44;6672&#44;6673&#44;6674&#44;6675&#44;6676&#44;6677&#44;6678&#44;6679&#44;6680&#44;6682&#44;6683&#44;6684&#44;6685&#44;6686&#44;6689&#44;6690&#44;6692&#44;6693&#44;6779&#44;6781&#44;6976&#44;6979&#44;7189&#44;7658&#44;7676&#44;8102&#44;8104&#44;8106&#44;8107&#44;8111&#44;8112&#44;8114&#44;8115&#44;8116&#44;8117&#44;8120&#44;8123&#44;8125&#44;8126&#44;8128&#44;8129&#44;8130&#44;8132&#44;8133&#44;8134&#44;8135&#44;8136&#44;8138&#44;8139&#44;8141&#44;8142&#44;8145&#44;8146&#44;8147&#44;8149&#44;8150&#44;8151&#44;8152&#44;8153&#44;8155&#44;8156&#44;8157&#44;8158&#44;8160&#44;8161&#44;8162&#44;8163&#44;8164&#44;8165&#44;8166&#44;8167&#44;8168&#44;8169&#44;8172&#44;8173&#44;8174&#44;8175&#44;8176&#44;8180&#44;8181&#44;8182&#44;8183&#44;8184&#44;8186&#44;8188&#44;8189&#44;8190&#44;8191&#44;8192&#44;8193&#44;8194&#44;8196&#44;8197&#44;8201&#44;8202&#44;8203&#44;8205&#44;8207&#44;8208&#44;8210&#44;8211&#44;8213&#44;8215&#44;8218&#44;8219&#44;8220&#44;8221&#44;8222&#44;8223&#44;8224&#44;8226&#44;8227&#44;8228&#44;8236&#44;8237&#44;8238&#44;8239&#44;8241&#44;8242&#44;8243&#44;8244&#44;8245&#44;8246&#44;8247&#44;8248&#44;8250&#44;8251&#44;8252&#44;8253&#44;8254&#44;8256&#44;8257&#44;8261&#44;8262&#44;8264&#44;8265&#44;8266&#44;8267&#44;8268&#44;8269&#44;8270&#44;8271&#44;8272&#44;8273&#44;8274&#44;8275&#44;8276&#44;8277&#44;8278&#44;8279&#44;8280&#44;8281&#44;8282&#44;8283&#44;8284&#44;8285&#44;8286&#44;8287&#44;8288&#44;8289&#44;8290&#44;8291&#44;8292&#44;8293&#44;8294&#44;8295&#44;8296&#44;8297&#44;8298&#44;8299&#44;""",1/3/23,12/21/22,N
layouts,Bakery Bread Pods,"""37-5&#44;77-5""",,2023,1/9/23,1-NewFolderStructure/C037_C077_Bakery_Bread_Pods/C37_77_Bread_POD_Effective_01022023_Updated_12212022/,_C37_77_Bread_POD_Effective_01022023_Updated_12212022.pdf,"""4109&#44;4702&#44;4703&#44;4704&#44;4707&#44;4709&#44;4710&#44;4711&#44;4712&#44;4713&#44;4718&#44;4720&#44;4721&#44;4722&#44;4724&#44;4728&#44;4729&#44;4730&#44;4731&#44;4732&#44;4735&#44;4736&#44;4738&#44;4739&#44;4740&#44;4741&#44;4742&#44;4743&#44;4745&#44;4749&#44;4750&#44;4755&#44;4761&#44;4763&#44;4764&#44;4767&#44;4768&#44;4769&#44;4770&#44;4771&#44;4772&#44;4774&#44;4775&#44;4776&#44;4777&#44;4778&#44;4780&#44;4781&#44;4782&#44;4783&#44;4784&#44;4785&#44;4786&#44;4787&#44;4789&#44;4790&#44;4791&#44;4794&#44;4795&#44;4797&#44;4798&#44;4799&#44;4801&#44;4802&#44;4804&#44;4805&#44;4808&#44;4815&#44;4816&#44;4817&#44;4818&#44;4819&#44;4820&#44;4822&#44;4824&#44;4825&#44;4828&#44;4829&#44;4830&#44;4831&#44;4836&#44;4837&#44;4839&#44;4840&#44;4843&#44;4846&#44;4847&#44;4850&#44;4851&#44;4852&#44;4853&#44;4855&#44;4857&#44;4859&#44;4860&#44;4861&#44;4866&#44;4870&#44;4871&#44;4872&#44;4873&#44;4874&#44;4875&#44;4876&#44;4878&#44;4879&#44;4901&#44;4905&#44;4906&#44;4911&#44;4914&#44;4915&#44;4917&#44;4920&#44;4925&#44;4926&#44;4933&#44;4936&#44;4938&#44;4939&#44;4942&#44;4944&#44;4946&#44;4947&#44;4948&#44;4950&#44;4952&#44;4955&#44;4958&#44;4961&#44;4962&#44;4963&#44;4969&#44;4972&#44;4973&#44;4974&#44;4982&#44;4983&#44;4985&#44;4987&#44;4989&#44;4990&#44;4991&#44;4992&#44;4994&#44;4996&#44;4998&#44;4999&#44;6181&#44;6188&#44;6189&#44;6201&#44;6202&#44;6203&#44;6204&#44;6205&#44;6212&#44;6213&#44;6216&#44;6217&#44;6218&#44;6219&#44;6220&#44;6225&#44;6228&#44;6235&#44;6236&#44;6238&#44;6239&#44;6240&#44;6242&#44;6244&#44;6245&#44;6246&#44;6247&#44;6249&#44;6251&#44;6252&#44;6254&#44;6255&#44;6256&#44;6257&#44;6259&#44;6260&#44;6261&#44;6262&#44;6265&#44;6267&#44;6269&#44;6270&#44;6275&#44;6302&#44;6304&#44;6305&#44;6307&#44;6308&#44;6309&#44;6310&#44;6311&#44;6312&#44;6313&#44;6314&#44;6315&#44;6317&#44;6319&#44;6320&#44;6321&#44;6322&#44;6324&#44;6325&#44;6326&#44;6327&#44;6328&#44;6329&#44;6330&#44;6331&#44;6332&#44;6333&#44;6334&#44;6335&#44;6336&#44;6338&#44;6339&#44;6341&#44;6342&#44;6343&#44;6344&#44;6345&#44;6347&#44;6348&#44;6349&#44;6350&#44;6351&#44;6352&#44;6353&#44;6354&#44;6355&#44;6356&#44;6357&#44;6358&#44;6359&#44;6360&#44;6361&#44;6363&#44;6364&#44;6365&#44;6366&#44;6367&#44;6368&#44;6369&#44;6371&#44;6372&#44;6373&#44;6375&#44;6376&#44;6378&#44;6379&#44;6380&#44;6381&#44;6382&#44;6383&#44;6384&#44;6385&#44;6386&#44;6387&#44;6388&#44;6401&#44;6402&#44;6403&#44;6404&#44;6405&#44;6406&#44;6407&#44;6408&#44;6409&#44;6410&#44;6412&#44;6413&#44;6414&#44;6415&#44;6417&#44;6418&#44;6419&#44;6420&#44;6421&#44;6422&#44;6423&#44;6424&#44;6425&#44;6427&#44;6428&#44;6429&#44;6430&#44;6431&#44;6432&#44;6433&#44;6434&#44;6435&#44;6436&#44;6437&#44;6439&#44;6440&#44;6441&#44;6443&#44;6444&#44;6445&#44;6448&#44;6449&#44;6450&#44;6452&#44;6453&#44;6454&#44;6455&#44;6456&#44;6457&#44;6458&#44;6460&#44;6462&#44;6463&#44;6464&#44;6471&#44;6474&#44;6479&#44;6482&#44;6485&#44;6487&#44;6489&#44;6501&#44;6502&#44;6503&#44;6505&#44;6506&#44;6507&#44;6509&#44;6510&#44;6512&#44;6514&#44;6517&#44;6518&#44;6520&#44;6521&#44;6524&#44;6527&#44;6528&#44;6535&#44;6536&#44;6539&#44;6540&#44;6543&#44;6547&#44;6549&#44;6562&#44;6565&#44;6568&#44;6569&#44;6570&#44;6571&#44;6572&#44;6573&#44;6575&#44;6581&#44;6582&#44;6604&#44;6605&#44;6606&#44;6608&#44;6609&#44;6610&#44;6612&#44;6613&#44;6614&#44;6615&#44;6616&#44;6617&#44;6619&#44;6620&#44;6621&#44;6622&#44;6624&#44;6626&#44;6628&#44;6630&#44;6631&#44;6632&#44;6633&#44;6634&#44;6635&#44;6636&#44;6637&#44;6643&#44;6644&#44;6646&#44;6650&#44;6651&#44;6652&#44;6653&#44;6655&#44;6657&#44;6658&#44;6659&#44;6660&#44;6661&#44;6662&#44;6663&#44;6664&#44;6666&#44;6667&#44;6670&#44;6671&#44;6672&#44;6673&#44;6674&#44;6675&#44;6676&#44;6677&#44;6678&#44;6679&#44;6680&#44;6682&#44;6683&#44;6684&#44;6685&#44;6686&#44;6689&#44;6690&#44;6692&#44;6693&#44;6779&#44;6781&#44;6867&#44;6976&#44;6979&#44;7189&#44;7658&#44;7676&#44;8102&#44;8104&#44;8106&#44;8107&#44;8111&#44;8112&#44;8114&#44;8115&#44;8116&#44;8117&#44;8119&#44;8120&#44;8123&#44;8125&#44;8126&#44;8128&#44;8129&#44;8130&#44;8132&#44;8133&#44;8134&#44;8135&#44;8136&#44;8138&#44;8139&#44;8141&#44;8142&#44;8144&#44;8145&#44;8146&#44;8147&#44;8149&#44;8150&#44;8151&#44;8152&#44;8153&#44;8155&#44;8156&#44;8157&#44;8158&#44;8160&#44;8161&#44;8162&#44;8163&#44;8164&#44;8165&#44;8166&#44;8167&#44;8168&#44;8169&#44;8172&#44;8173&#44;8174&#44;8175&#44;8176&#44;8177&#44;8181&#44;8182&#44;8183&#44;8184&#44;8185&#44;8186&#44;8188&#44;8190&#44;8191&#44;8192&#44;8193&#44;8194&#44;8196&#44;8197&#44;8201&#44;8202&#44;8203&#44;8205&#44;8207&#44;8208&#44;8209&#44;8210&#44;8211&#44;8213&#44;8215&#44;8218&#44;8219&#44;8220&#44;8221&#44;8222&#44;8223&#44;8224&#44;8225&#44;8226&#44;8227&#44;8228&#44;8236&#44;8237&#44;8238&#44;8239&#44;8241&#44;8242&#44;8243&#44;8244&#44;8245&#44;8246&#44;8247&#44;8248&#44;8250&#44;8251&#44;8252&#44;8253&#44;8254&#44;8256&#44;8257&#44;8259&#44;8261&#44;8262&#44;8263&#44;8264&#44;8265&#44;8266&#44;8267&#44;8268&#44;8269&#44;8270&#44;8271&#44;8272&#44;8273&#44;8274&#44;8275&#44;8276&#44;8277&#44;8278&#44;8279&#44;8280&#44;8281&#44;8282&#44;8283&#44;8284&#44;8285&#44;8286&#44;8287&#44;8288&#44;8289&#44;8290&#44;8291&#44;8292&#44;8293&#44;8294&#44;8295&#44;8296&#44;8297&#44;8298&#44;8299&#44;""",1/3/23,12/21/22,N
layouts,Bakery Tables,"""37&#44;77""",,2023,1/9/23,1-NewFolderStructure/C037_C077_Bakery_Tables/C37_77_Bakery_Tables_Effective_01022023_Updated_12212022/,_C37_77_Bakery_Tables_Effective_01022023_Updated_12212022.pdf,"""4109&#44;4702&#44;4703&#44;4704&#44;4707&#44;4709&#44;4710&#44;4711&#44;4712&#44;4713&#44;4718&#44;4720&#44;4721&#44;4722&#44;4724&#44;4728&#44;4729&#44;4730&#44;4731&#44;4732&#44;4735&#44;4736&#44;4738&#44;4739&#44;4740&#44;4741&#44;4742&#44;4743&#44;4745&#44;4749&#44;4750&#44;4755&#44;4761&#44;4763&#44;4764&#44;4767&#44;4768&#44;4769&#44;4770&#44;4771&#44;4772&#44;4774&#44;4775&#44;4776&#44;4777&#44;4778&#44;4780&#44;4781&#44;4782&#44;4783&#44;4784&#44;4785&#44;4786&#44;4787&#44;4789&#44;4790&#44;4791&#44;4794&#44;4795&#44;4797&#44;4798&#44;4799&#44;4801&#44;4802&#44;4804&#44;4805&#44;4808&#44;4815&#44;4816&#44;4817&#44;4818&#44;4819&#44;4820&#44;4822&#44;4824&#44;4825&#44;4828&#44;4829&#44;4830&#44;4831&#44;4836&#44;4837&#44;4839&#44;4840&#44;4843&#44;4846&#44;4847&#44;4850&#44;4851&#44;4852&#44;4853&#44;4855&#44;4857&#44;4859&#44;4860&#44;4861&#44;4866&#44;4870&#44;4871&#44;4872&#44;4873&#44;4874&#44;4875&#44;4876&#44;4878&#44;4879&#44;4901&#44;4905&#44;4906&#44;4911&#44;4914&#44;4915&#44;4917&#44;4920&#44;4925&#44;4926&#44;4933&#44;4936&#44;4938&#44;4939&#44;4942&#44;4944&#44;4946&#44;4947&#44;4948&#44;4950&#44;4952&#44;4955&#44;4958&#44;4961&#44;4962&#44;4963&#44;4969&#44;4972&#44;4973&#44;4974&#44;4982&#44;4983&#44;4985&#44;4987&#44;4989&#44;4990&#44;4991&#44;4992&#44;4994&#44;4996&#44;4998&#44;4999&#44;6181&#44;6188&#44;6189&#44;6201&#44;6202&#44;6203&#44;6204&#44;6205&#44;6212&#44;6213&#44;6216&#44;6217&#44;6218&#44;6219&#44;6220&#44;6225&#44;6228&#44;6235&#44;6236&#44;6238&#44;6239&#44;6240&#44;6242&#44;6244&#44;6245&#44;6246&#44;6247&#44;6249&#44;6251&#44;6252&#44;6254&#44;6255&#44;6256&#44;6257&#44;6259&#44;6260&#44;6261&#44;6262&#44;6265&#44;6267&#44;6269&#44;6270&#44;6275&#44;6302&#44;6304&#44;6305&#44;6307&#44;6308&#44;6309&#44;6310&#44;6311&#44;6312&#44;6313&#44;6314&#44;6315&#44;6317&#44;6319&#44;6320&#44;6321&#44;6322&#44;6324&#44;6325&#44;6326&#44;6327&#44;6328&#44;6329&#44;6330&#44;6331&#44;6332&#44;6333&#44;6334&#44;6335&#44;6336&#44;6338&#44;6339&#44;6341&#44;6342&#44;6343&#44;6344&#44;6345&#44;6347&#44;6348&#44;6349&#44;6350&#44;6351&#44;6352&#44;6353&#44;6354&#44;6355&#44;6356&#44;6357&#44;6358&#44;6359&#44;6360&#44;6361&#44;6363&#44;6364&#44;6365&#44;6366&#44;6367&#44;6368&#44;6369&#44;6371&#44;6372&#44;6373&#44;6375&#44;6376&#44;6378&#44;6379&#44;6380&#44;6381&#44;6382&#44;6383&#44;6384&#44;6385&#44;6386&#44;6387&#44;6388&#44;6401&#44;6402&#44;6403&#44;6404&#44;6405&#44;6406&#44;6407&#44;6408&#44;6409&#44;6410&#44;6412&#44;6413&#44;6414&#44;6415&#44;6417&#44;6418&#44;6419&#44;6420&#44;6421&#44;6422&#44;6423&#44;6424&#44;6425&#44;6426&#44;6427&#44;6428&#44;6429&#44;6430&#44;6431&#44;6432&#44;6433&#44;6434&#44;6435&#44;6436&#44;6437&#44;6439&#44;6440&#44;6441&#44;6443&#44;6444&#44;6445&#44;6448&#44;6449&#44;6450&#44;6452&#44;6453&#44;6454&#44;6455&#44;6456&#44;6457&#44;6458&#44;6460&#44;6462&#44;6463&#44;6464&#44;6471&#44;6472&#44;6474&#44;6479&#44;6482&#44;6485&#44;6487&#44;6489&#44;6501&#44;6502&#44;6505&#44;6506&#44;6507&#44;6509&#44;6510&#44;6512&#44;6514&#44;6517&#44;6518&#44;6520&#44;6521&#44;6524&#44;6527&#44;6528&#44;6535&#44;6536&#44;6539&#44;6540&#44;6543&#44;6547&#44;6549&#44;6562&#44;6565&#44;6568&#44;6569&#44;6570&#44;6571&#44;6572&#44;6573&#44;6575&#44;6581&#44;6582&#44;6604&#44;6605&#44;6606&#44;6608&#44;6609&#44;6610&#44;6612&#44;6613&#44;6614&#44;6615&#44;6616&#44;6617&#44;6619&#44;6620&#44;6621&#44;6622&#44;6624&#44;6626&#44;6628&#44;6630&#44;6631&#44;6632&#44;6633&#44;6634&#44;6635&#44;6636&#44;6637&#44;6643&#44;6644&#44;6646&#44;6650&#44;6651&#44;6652&#44;6653&#44;6655&#44;6657&#44;6658&#44;6659&#44;6660&#44;6661&#44;6662&#44;6663&#44;6664&#44;6666&#44;6667&#44;6670&#44;6671&#44;6672&#44;6673&#44;6674&#44;6675&#44;6676&#44;6677&#44;6678&#44;6679&#44;6680&#44;6682&#44;6683&#44;6684&#44;6685&#44;6686&#44;6689&#44;6690&#44;6692&#44;6693&#44;6779&#44;6781&#44;6867&#44;6976&#44;6979&#44;7189&#44;7658&#44;7676&#44;8102&#44;8104&#44;8106&#44;8107&#44;8111&#44;8112&#44;8114&#44;8115&#44;8116&#44;8117&#44;8119&#44;8120&#44;8123&#44;8125&#44;8126&#44;8128&#44;8129&#44;8130&#44;8132&#44;8133&#44;8134&#44;8135&#44;8136&#44;8138&#44;8139&#44;8141&#44;8142&#44;8144&#44;8145&#44;8146&#44;8147&#44;8149&#44;8150&#44;8151&#44;8152&#44;8153&#44;8155&#44;8156&#44;8157&#44;8158&#44;8160&#44;8161&#44;8162&#44;8163&#44;8164&#44;8165&#44;8166&#44;8167&#44;8168&#44;8169&#44;8172&#44;8173&#44;8174&#44;8175&#44;8176&#44;8177&#44;8181&#44;8182&#44;8183&#44;8184&#44;8185&#44;8186&#44;8188&#44;8189&#44;8190&#44;8191&#44;8192&#44;8193&#44;8194&#44;8196&#44;8197&#44;8201&#44;8202&#44;8203&#44;8205&#44;8207&#44;8208&#44;8209&#44;8210&#44;8211&#44;8213&#44;8215&#44;8218&#44;8219&#44;8220&#44;8221&#44;8222&#44;8223&#44;8224&#44;8225&#44;8226&#44;8227&#44;8228&#44;8236&#44;8237&#44;8238&#44;8239&#44;8241&#44;8242&#44;8243&#44;8244&#44;8245&#44;8246&#44;8247&#44;8248&#44;8250&#44;8251&#44;8252&#44;8253&#44;8254&#44;8256&#44;8257&#44;8259&#44;8261&#44;8262&#44;8263&#44;8264&#44;8265&#44;8266&#44;8267&#44;8268&#44;8269&#44;8270&#44;8271&#44;8272&#44;8273&#44;8274&#44;8275&#44;8276&#44;8277&#44;8278&#44;8279&#44;8280&#44;8281&#44;8282&#44;8283&#44;8284&#44;8285&#44;8286&#44;8287&#44;8288&#44;8289&#44;8290&#44;8291&#44;8292&#44;8293&#44;8294&#44;8295&#44;8296&#44;8297&#44;8298&#44;8299&#44;""",1/3/23,12/21/22,N
layouts,HMS,79-2,,2023,1/9/23,1-NewFolderStructure/C079_HMS/C79_HMS_EFFECTIVE_01092023/,_C79_HMS_EFFECTIVE_01092023.pdf,"""4702&#44;4703&#44;4704&#44;4707&#44;4709&#44;4710&#44;4711&#44;4712&#44;4713&#44;4718&#44;4720&#44;4721&#44;4722&#44;4724&#44;4728&#44;4729&#44;4730&#44;4731&#44;4732&#44;4735&#44;4736&#44;4738&#44;4739&#44;4740&#44;4741&#44;4742&#44;4743&#44;4745&#44;4749&#44;4750&#44;4755&#44;4761&#44;4763&#44;4764&#44;4767&#44;4768&#44;4769&#44;4770&#44;4771&#44;4772&#44;4774&#44;4775&#44;4776&#44;4777&#44;4778&#44;4780&#44;4781&#44;4782&#44;4783&#44;4785&#44;4786&#44;4787&#44;4789&#44;4790&#44;4791&#44;4794&#44;4795&#44;4797&#44;4798&#44;4799&#44;4801&#44;4802&#44;4804&#44;4805&#44;4808&#44;4815&#44;4816&#44;4817&#44;4818&#44;4819&#44;4820&#44;4822&#44;4824&#44;4825&#44;4828&#44;4829&#44;4830&#44;4831&#44;4836&#44;4837&#44;4839&#44;4840&#44;4843&#44;4846&#44;4847&#44;4850&#44;4851&#44;4852&#44;4853&#44;4855&#44;4857&#44;4859&#44;4860&#44;4861&#44;4866&#44;4870&#44;4871&#44;4872&#44;4873&#44;4874&#44;4875&#44;4876&#44;4878&#44;4879&#44;4901&#44;4905&#44;4906&#44;4908&#44;4911&#44;4914&#44;4915&#44;4917&#44;4920&#44;4925&#44;4926&#44;4930&#44;4933&#44;4936&#44;4938&#44;4939&#44;4942&#44;4944&#44;4946&#44;4947&#44;4948&#44;4950&#44;4952&#44;4955&#44;4958&#44;4961&#44;4962&#44;4963&#44;4969&#44;4972&#44;4973&#44;4974&#44;4982&#44;4983&#44;4985&#44;4987&#44;4989&#44;4990&#44;4991&#44;4992&#44;4994&#44;4996&#44;4998&#44;4999&#44;6181&#44;6188&#44;6189&#44;6201&#44;6202&#44;6203&#44;6204&#44;6205&#44;6212&#44;6213&#44;6216&#44;6218&#44;6219&#44;6220&#44;6225&#44;6228&#44;6235&#44;6236&#44;6238&#44;6239&#44;6240&#44;6242&#44;6244&#44;6245&#44;6246&#44;6247&#44;6249&#44;6251&#44;6252&#44;6254&#44;6255&#44;6256&#44;6257&#44;6259&#44;6260&#44;6261&#44;6262&#44;6265&#44;6267&#44;6269&#44;6270&#44;6275&#44;6302&#44;6304&#44;6305&#44;6307&#44;6308&#44;6309&#44;6310&#44;6311&#44;6312&#44;6313&#44;6314&#44;6315&#44;6317&#44;6319&#44;6320&#44;6321&#44;6322&#44;6324&#44;6325&#44;6326&#44;6327&#44;6328&#44;6329&#44;6330&#44;6331&#44;6332&#44;6333&#44;6334&#44;6335&#44;6336&#44;6338&#44;6339&#44;6341&#44;6342&#44;6343&#44;6344&#44;6345&#44;6347&#44;6348&#44;6349&#44;6350&#44;6351&#44;6352&#44;6353&#44;6354&#44;6355&#44;6356&#44;6357&#44;6358&#44;6359&#44;6360&#44;6361&#44;6363&#44;6364&#44;6365&#44;6366&#44;6367&#44;6368&#44;6369&#44;6371&#44;6372&#44;6375&#44;6376&#44;6377&#44;6378&#44;6379&#44;6380&#44;6381&#44;6382&#44;6383&#44;6384&#44;6385&#44;6386&#44;6387&#44;6388&#44;6401&#44;6402&#44;6403&#44;6404&#44;6405&#44;6406&#44;6407&#44;6408&#44;6409&#44;6410&#44;6412&#44;6414&#44;6415&#44;6417&#44;6418&#44;6419&#44;6420&#44;6421&#44;6422&#44;6423&#44;6424&#44;6425&#44;6426&#44;6427&#44;6428&#44;6429&#44;6430&#44;6431&#44;6432&#44;6433&#44;6434&#44;6435&#44;6436&#44;6437&#44;6439&#44;6440&#44;6441&#44;6443&#44;6444&#44;6445&#44;6448&#44;6449&#44;6450&#44;6452&#44;6453&#44;6454&#44;6455&#44;6456&#44;6457&#44;6460&#44;6461&#44;6462&#44;6463&#44;6464&#44;6471&#44;6472&#44;6474&#44;6479&#44;6482&#44;6485&#44;6487&#44;6489&#44;6501&#44;6502&#44;6503&#44;6505&#44;6506&#44;6507&#44;6509&#44;6510&#44;6512&#44;6514&#44;6517&#44;6518&#44;6520&#44;6521&#44;6524&#44;6527&#44;6528&#44;6533&#44;6535&#44;6536&#44;6539&#44;6540&#44;6543&#44;6547&#44;6549&#44;6556&#44;6562&#44;6565&#44;6567&#44;6568&#44;6569&#44;6570&#44;6571&#44;6572&#44;6573&#44;6575&#44;6581&#44;6582&#44;6604&#44;6605&#44;6606&#44;6608&#44;6609&#44;6610&#44;6612&#44;6613&#44;6614&#44;6615&#44;6616&#44;6617&#44;6619&#44;6620&#44;6621&#44;6622&#44;6624&#44;6626&#44;6628&#44;6630&#44;6631&#44;6632&#44;6633&#44;6634&#44;6635&#44;6636&#44;6637&#44;6643&#44;6644&#44;6646&#44;6650&#44;6651&#44;6652&#44;6653&#44;6655&#44;6657&#44;6658&#44;6659&#44;6660&#44;6661&#44;6662&#44;6663&#44;6664&#44;6666&#44;6667&#44;6670&#44;6671&#44;6672&#44;6673&#44;6674&#44;6675&#44;6676&#44;6677&#44;6678&#44;6679&#44;6680&#44;6682&#44;6683&#44;6684&#44;6685&#44;6686&#44;6689&#44;6690&#44;6692&#44;6779&#44;6781&#44;6867&#44;6976&#44;6979&#44;7189&#44;7658&#44;7676&#44;8102&#44;8104&#44;8106&#44;8107&#44;8111&#44;8112&#44;8114&#44;8115&#44;8116&#44;8117&#44;8119&#44;8120&#44;8123&#44;8125&#44;8126&#44;8128&#44;8129&#44;8130&#44;8132&#44;8133&#44;8134&#44;8135&#44;8136&#44;8138&#44;8139&#44;8141&#44;8142&#44;8144&#44;8145&#44;8146&#44;8147&#44;8149&#44;8150&#44;8151&#44;8152&#44;8153&#44;8155&#44;8156&#44;8157&#44;8158&#44;8160&#44;8161&#44;8162&#44;8163&#44;8164&#44;8165&#44;8166&#44;8167&#44;8168&#44;8169&#44;8172&#44;8173&#44;8174&#44;8175&#44;8176&#44;8177&#44;8180&#44;8181&#44;8182&#44;8183&#44;8184&#44;8185&#44;8186&#44;8188&#44;8189&#44;8190&#44;8191&#44;8192&#44;8193&#44;8194&#44;8196&#44;8197&#44;8201&#44;8202&#44;8203&#44;8205&#44;8207&#44;8208&#44;8209&#44;8210&#44;8211&#44;8213&#44;8215&#44;8218&#44;8219&#44;8220&#44;8221&#44;8222&#44;8223&#44;8224&#44;8225&#44;8226&#44;8227&#44;8228&#44;8236&#44;8237&#44;8238&#44;8239&#44;8241&#44;8242&#44;8243&#44;8244&#44;8245&#44;8246&#44;8247&#44;8248&#44;8250&#44;8251&#44;8252&#44;8253&#44;8254&#44;8256&#44;8257&#44;8259&#44;8261&#44;8262&#44;8263&#44;8264&#44;8265&#44;8266&#44;8267&#44;8268&#44;8269&#44;8270&#44;8271&#44;8272&#44;8273&#44;8274&#44;8275&#44;8276&#44;8277&#44;8278&#44;8279&#44;8280&#44;8281&#44;8282&#44;8283&#44;8284&#44;8285&#44;8286&#44;8287&#44;8288&#44;8289&#44;8290&#44;8291&#44;8292&#44;8293&#44;8294&#44;8295&#44;8296&#44;8297&#44;8298&#44;8299&#44;""",1/3/23,1/2/23,N
layouts,Entertainment,70,,2023,1/5/23,1-NewFolderStructure/C070_Entertainment/C70_Effective_01092023_Planogram_Updated_010523/,_C70_Effective_01092023_Planogram_Updated_010523.pdf,"""4109&#44;4702&#44;4703&#44;4704&#44;4707&#44;4709&#44;4710&#44;4711&#44;4712&#44;4713&#44;4718&#44;4720&#44;4721&#44;4722&#44;4724&#44;4728&#44;4729&#44;4730&#44;4731&#44;4732&#44;4735&#44;4736&#44;4738&#44;4739&#44;4740&#44;4741&#44;4742&#44;4743&#44;4745&#44;4749&#44;4750&#44;4755&#44;4761&#44;4763&#44;4764&#44;4767&#44;4768&#44;4769&#44;4770&#44;4771&#44;4772&#44;4774&#44;4775&#44;4776&#44;4777&#44;4778&#44;4780&#44;4781&#44;4782&#44;4783&#44;4784&#44;4785&#44;4786&#44;4787&#44;4789&#44;4790&#44;4791&#44;4794&#44;4795&#44;4797&#44;4798&#44;4799&#44;4801&#44;4802&#44;4804&#44;4805&#44;4808&#44;4815&#44;4816&#44;4817&#44;4818&#44;4819&#44;4820&#44;4822&#44;4824&#44;4825&#44;4828&#44;4829&#44;4830&#44;4831&#44;4836&#44;4837&#44;4839&#44;4840&#44;4843&#44;4846&#44;4847&#44;4850&#44;4851&#44;4852&#44;4853&#44;4855&#44;4857&#44;4859&#44;4860&#44;4861&#44;4866&#44;4870&#44;4871&#44;4872&#44;4873&#44;4874&#44;4875&#44;4876&#44;4878&#44;4879&#44;4901&#44;4905&#44;4906&#44;4911&#44;4914&#44;4915&#44;4917&#44;4920&#44;4925&#44;4926&#44;4933&#44;4936&#44;4938&#44;4939&#44;4942&#44;4944&#44;4946&#44;4947&#44;4948&#44;4950&#44;4952&#44;4955&#44;4958&#44;4961&#44;4962&#44;4963&#44;4969&#44;4972&#44;4973&#44;4974&#44;4982&#44;4983&#44;4985&#44;4987&#44;4989&#44;4990&#44;4991&#44;4992&#44;4994&#44;4996&#44;4998&#44;4999&#44;6181&#44;6188&#44;6189&#44;6201&#44;6202&#44;6203&#44;6204&#44;6205&#44;6212&#44;6213&#44;6216&#44;6217&#44;6218&#44;6219&#44;6220&#44;6225&#44;6228&#44;6235&#44;6236&#44;6238&#44;6239&#44;6240&#44;6242&#44;6244&#44;6245&#44;6246&#44;6247&#44;6249&#44;6251&#44;6252&#44;6254&#44;6255&#44;6256&#44;6257&#44;6259&#44;6260&#44;6261&#44;6262&#44;6265&#44;6267&#44;6269&#44;6270&#44;6275&#44;6302&#44;6304&#44;6305&#44;6307&#44;6308&#44;6309&#44;6310&#44;6311&#44;6312&#44;6313&#44;6314&#44;6315&#44;6317&#44;6319&#44;6320&#44;6321&#44;6322&#44;6324&#44;6325&#44;6326&#44;6327&#44;6328&#44;6329&#44;6330&#44;6331&#44;6332&#44;6333&#44;6334&#44;6335&#44;6336&#44;6338&#44;6339&#44;6341&#44;6342&#44;6343&#44;6344&#44;6345&#44;6347&#44;6348&#44;6349&#44;6350&#44;6351&#44;6352&#44;6353&#44;6354&#44;6355&#44;6356&#44;6357&#44;6358&#44;6359&#44;6360&#44;6361&#44;6363&#44;6364&#44;6365&#44;6366&#44;6367&#44;6368&#44;6369&#44;6371&#44;6372&#44;6373&#44;6375&#44;6376&#44;6378&#44;6379&#44;6380&#44;6381&#44;6382&#44;6383&#44;6384&#44;6385&#44;6386&#44;6387&#44;6388&#44;6401&#44;6402&#44;6403&#44;6404&#44;6405&#44;6406&#44;6407&#44;6408&#44;6409&#44;6410&#44;6412&#44;6413&#44;6414&#44;6415&#44;6417&#44;6418&#44;6419&#44;6420&#44;6421&#44;6422&#44;6423&#44;6424&#44;6425&#44;6426&#44;6427&#44;6428&#44;6429&#44;6430&#44;6431&#44;6432&#44;6433&#44;6434&#44;6435&#44;6436&#44;6437&#44;6439&#44;6440&#44;6441&#44;6443&#44;6444&#44;6445&#44;6448&#44;6449&#44;6450&#44;6452&#44;6453&#44;6454&#44;6455&#44;6456&#44;6457&#44;6458&#44;6460&#44;6462&#44;6463&#44;6464&#44;6471&#44;6472&#44;6474&#44;6479&#44;6482&#44;6485&#44;6487&#44;6489&#44;6501&#44;6502&#44;6505&#44;6506&#44;6507&#44;6509&#44;6510&#44;6512&#44;6514&#44;6517&#44;6518&#44;6520&#44;6521&#44;6524&#44;6527&#44;6528&#44;6535&#44;6536&#44;6539&#44;6540&#44;6543&#44;6547&#44;6549&#44;6562&#44;6565&#44;6568&#44;6569&#44;6570&#44;6571&#44;6572&#44;6573&#44;6575&#44;6581&#44;6582&#44;6604&#44;6605&#44;6606&#44;6608&#44;6609&#44;6610&#44;6612&#44;6613&#44;6614&#44;6615&#44;6616&#44;6617&#44;6619&#44;6620&#44;6621&#44;6622&#44;6624&#44;6626&#44;6628&#44;6630&#44;6631&#44;6632&#44;6633&#44;6634&#44;6635&#44;6636&#44;6637&#44;6643&#44;6644&#44;6646&#44;6650&#44;6651&#44;6652&#44;6653&#44;6655&#44;6657&#44;6658&#44;6659&#44;6660&#44;6661&#44;6662&#44;6663&#44;6664&#44;6666&#44;6667&#44;6670&#44;6671&#44;6672&#44;6673&#44;6674&#44;6675&#44;6676&#44;6677&#44;6678&#44;6679&#44;6680&#44;6682&#44;6683&#44;6684&#44;6685&#44;6686&#44;6689&#44;6690&#44;6692&#44;6693&#44;6779&#44;6781&#44;6867&#44;6976&#44;6979&#44;7189&#44;7658&#44;7676&#44;8102&#44;8104&#44;8106&#44;8107&#44;8111&#44;8112&#44;8114&#44;8115&#44;8116&#44;8117&#44;8119&#44;8120&#44;8123&#44;8125&#44;8126&#44;8128&#44;8129&#44;8130&#44;8132&#44;8133&#44;8134&#44;8135&#44;8136&#44;8138&#44;8139&#44;8141&#44;8142&#44;8144&#44;8145&#44;8146&#44;8147&#44;8149&#44;8150&#44;8151&#44;8152&#44;8153&#44;8155&#44;8156&#44;8157&#44;8158&#44;8160&#44;8161&#44;8162&#44;8163&#44;8164&#44;8165&#44;8166&#44;8167&#44;8168&#44;8169&#44;8172&#44;8173&#44;8174&#44;8175&#44;8176&#44;8177&#44;8181&#44;8182&#44;8183&#44;8184&#44;8185&#44;8186&#44;8188&#44;8189&#44;8190&#44;8191&#44;8192&#44;8193&#44;8194&#44;8196&#44;8197&#44;8201&#44;8202&#44;8203&#44;8205&#44;8207&#44;8208&#44;8209&#44;8210&#44;8211&#44;8213&#44;8215&#44;8218&#44;8219&#44;8220&#44;8221&#44;8222&#44;8223&#44;8224&#44;8225&#44;8226&#44;8227&#44;8228&#44;8236&#44;8237&#44;8238&#44;8239&#44;8241&#44;8242&#44;8243&#44;8244&#44;8245&#44;8246&#44;8247&#44;8248&#44;8250&#44;8251&#44;8252&#44;8253&#44;8254&#44;8256&#44;8257&#44;8259&#44;8261&#44;8262&#44;8263&#44;8264&#44;8265&#44;8266&#44;8267&#44;8268&#44;8269&#44;8270&#44;8271&#44;8272&#44;8273&#44;8274&#44;8275&#44;8276&#44;8277&#44;8278&#44;8279&#44;8280&#44;8281&#44;8282&#44;8283&#44;8284&#44;8285&#44;8286&#44;8287&#44;8288&#44;8289&#44;8290&#44;8291&#44;8292&#44;8293&#44;8294&#44;8295&#44;8296&#44;8297&#44;8298&#44;8299&#44;""",1/5/23,1/5/23,N
layouts,Floral,56-3,,2022,12/20/22,1-NewFolderStructure/C056_Floral/C56_Floral_Effective_12202022_Planogram_Updated_12202022/,_C56_Floral_Effective_12202022_Planogram_Updated_12202022.pdf,"""4109&#44;4749&#44;4750&#44;4767&#44;4768&#44;4776&#44;4794&#44;4836&#44;4846&#44;4853&#44;4855&#44;4857&#44;4872&#44;4876&#44;4905&#44;4911&#44;4914&#44;4917&#44;4933&#44;4939&#44;4952&#44;4955&#44;4987&#44;4994&#44;4996&#44;6181&#44;6188&#44;6203&#44;6204&#44;6205&#44;6213&#44;6235&#44;6245&#44;6246&#44;6247&#44;6269&#44;6275&#44;6324&#44;6333&#44;6339&#44;6343&#44;6350&#44;6355&#44;6357&#44;6358&#44;6360&#44;6371&#44;6387&#44;6402&#44;6404&#44;6406&#44;6421&#44;6434&#44;6472&#44;6505&#44;6510&#44;6536&#44;6571&#44;6573&#44;6582&#44;6616&#44;6633&#44;6644&#44;6651&#44;6659&#44;6660&#44;6661&#44;6677&#44;6779&#44;6867&#44;6976&#44;6979&#44;7189&#44;7658&#44;7676&#44;8120&#44;8147&#44;8155&#44;8158&#44;8172&#44;8173&#44;8176&#44;8177&#44;8210&#44;8213&#44;8236&#44;8247&#44;8271&#44;8272&#44;8285&#44;""",1/9/23,12/20/22,N
layouts,Meat and Seafood,"""72&#44;76&#44;93""",,2023,1/2/23,1-NewFolderStructure/C076_C072_C093_Fresh_Meat_Seafood/C76_C93_Effective_01022023_Planogram_Updated_01062023/,_C76_C93_Effective_01022023_Planogram_Updated_01062023.pdf,"""4791&#44;4982&#44;6312&#44;6350&#44;""",1/9/23,1/6/23,N
layouts,Bakery Tables,"""37&#44;77""",,2023,1/10/23,1-NewFolderStructure/C037_C077_Bakery_Tables/C37_77_Bakery_Tables_Effective_01102023_Updated_01102023/,_C37_77_Bakery_Tables_Effective_01102023_Updated_01102023.pdf,"""4724&#44;4728&#44;4739&#44;4750&#44;4776&#44;4846&#44;4860&#44;4947&#44;4962&#44;4963&#44;6201&#44;6242&#44;6307&#44;6308&#44;6314&#44;6317&#44;6413&#44;6444&#44;6445&#44;6454&#44;6653&#44;6692&#44;6779&#44;8120&#44;8147&#44;8211&#44;8237&#44;8266&#44;8272&#44;8282&#44;8287&#44;""",1/13/23,1/10/23,N
layouts,Meat and Seafood,"""72&#44;76&#44;93""",,2023,1/13/23,1-NewFolderStructure/C076_C072_C093_Fresh_Meat_Seafood/C76_C93_Effective_01132023_Planogram_Updated_01132023/,_C76_C93_Effective_01132023_Planogram_Updated_01132023.pdf,"""4991&#44;6419&#44;8248&#44;""",1/13/23,1/13/23,N
layouts,HMS,79-2,,2023,2/6/23,1-NewFolderStructure/C079_HMS/C79_HMS_EFFECTIVE_02062023/,_C79_HMS_EFFECTIVE_02062023.pdf,"""4109&#44;4702&#44;4703&#44;4704&#44;4707&#44;4709&#44;4710&#44;4711&#44;4712&#44;4713&#44;4718&#44;4720&#44;4721&#44;4722&#44;4724&#44;4728&#44;4729&#44;4730&#44;4731&#44;4732&#44;4735&#44;4736&#44;4738&#44;4739&#44;4740&#44;4741&#44;4742&#44;4743&#44;4745&#44;4749&#44;4750&#44;4755&#44;4761&#44;4763&#44;4764&#44;4767&#44;4768&#44;4769&#44;4770&#44;4771&#44;4772&#44;4774&#44;4775&#44;4776&#44;4777&#44;4778&#44;4780&#44;4781&#44;4782&#44;4783&#44;4784&#44;4785&#44;4786&#44;4787&#44;4789&#44;4790&#44;4791&#44;4794&#44;4795&#44;4797&#44;4798&#44;4799&#44;4801&#44;4802&#44;4804&#44;4805&#44;4808&#44;4815&#44;4816&#44;4817&#44;4818&#44;4819&#44;4820&#44;4822&#44;4824&#44;4825&#44;4828&#44;4829&#44;4830&#44;4831&#44;4836&#44;4837&#44;4839&#44;4840&#44;4843&#44;4846&#44;4847&#44;4850&#44;4851&#44;4852&#44;4853&#44;4855&#44;4857&#44;4859&#44;4860&#44;4861&#44;4866&#44;4870&#44;4871&#44;4872&#44;4873&#44;4874&#44;4875&#44;4876&#44;4878&#44;4879&#44;4901&#44;4905&#44;4906&#44;4908&#44;4911&#44;4914&#44;4915&#44;4917&#44;4920&#44;4925&#44;4926&#44;4930&#44;4933&#44;4936&#44;4938&#44;4939&#44;4942&#44;4944&#44;4946&#44;4947&#44;4948&#44;4950&#44;4952&#44;4955&#44;4958&#44;4961&#44;4962&#44;4963&#44;4969&#44;4972&#44;4973&#44;4974&#44;4982&#44;4983&#44;4985&#44;4987&#44;4989&#44;4990&#44;4991&#44;4992&#44;4994&#44;4996&#44;4998&#44;4999&#44;6181&#44;6188&#44;6189&#44;6201&#44;6202&#44;6203&#44;6204&#44;6205&#44;6212&#44;6213&#44;6216&#44;6217&#44;6218&#44;6219&#44;6220&#44;6225&#44;6228&#44;6235&#44;6236&#44;6238&#44;6239&#44;6240&#44;6242&#44;6244&#44;6245&#44;6246&#44;6247&#44;6249&#44;6251&#44;6252&#44;6254&#44;6255&#44;6256&#44;6257&#44;6259&#44;6260&#44;6261&#44;6262&#44;6265&#44;6267&#44;6269&#44;6270&#44;6275&#44;6302&#44;6304&#44;6305&#44;6307&#44;6308&#44;6309&#44;6310&#44;6311&#44;6312&#44;6313&#44;6314&#44;6315&#44;6317&#44;6319&#44;6320&#44;6321&#44;6322&#44;6324&#44;6325&#44;6326&#44;6327&#44;6328&#44;6329&#44;6330&#44;6331&#44;6332&#44;6333&#44;6334&#44;6335&#44;6336&#44;6338&#44;6339&#44;6341&#44;6342&#44;6343&#44;6344&#44;6345&#44;6347&#44;6348&#44;6349&#44;6350&#44;6351&#44;6352&#44;6353&#44;6354&#44;6355&#44;6356&#44;6357&#44;6358&#44;6359&#44;6360&#44;6361&#44;6364&#44;6365&#44;6366&#44;6367&#44;6368&#44;6369&#44;6371&#44;6372&#44;6373&#44;6375&#44;6376&#44;6377&#44;6379&#44;6380&#44;6381&#44;6382&#44;6383&#44;6384&#44;6385&#44;6386&#44;6387&#44;6388&#44;6401&#44;6402&#44;6403&#44;6404&#44;6405&#44;6406&#44;6407&#44;6408&#44;6409&#44;6410&#44;6412&#44;6413&#44;6414&#44;6415&#44;6417&#44;6418&#44;6419&#44;6420&#44;6421&#44;6422&#44;6423&#44;6424&#44;6425&#44;6426&#44;6427&#44;6428&#44;6429&#44;6430&#44;6431&#44;6432&#44;6433&#44;6434&#44;6435&#44;6436&#44;6437&#44;6439&#44;6440&#44;6441&#44;6443&#44;6444&#44;6445&#44;6448&#44;6449&#44;6450&#44;6452&#44;6453&#44;6454&#44;6455&#44;6456&#44;6457&#44;6458&#44;6460&#44;6461&#44;6462&#44;6463&#44;6464&#44;6471&#44;6472&#44;6474&#44;6479&#44;6482&#44;6485&#44;6487&#44;6489&#44;6501&#44;6502&#44;6503&#44;6505&#44;6506&#44;6507&#44;6509&#44;6510&#44;6512&#44;6514&#44;6517&#44;6518&#44;6520&#44;6521&#44;6524&#44;6527&#44;6528&#44;6533&#44;6535&#44;6536&#44;6539&#44;6540&#44;6543&#44;6547&#44;6549&#44;6556&#44;6562&#44;6565&#44;6567&#44;6568&#44;6569&#44;6570&#44;6571&#44;6572&#44;6573&#44;6575&#44;6581&#44;6582&#44;6604&#44;6605&#44;6606&#44;6608&#44;6609&#44;6610&#44;6612&#44;6613&#44;6614&#44;6615&#44;6616&#44;6617&#44;6619&#44;6620&#44;6621&#44;6622&#44;6624&#44;6626&#44;6628&#44;6630&#44;6631&#44;6632&#44;6633&#44;6634&#44;6635&#44;6636&#44;6637&#44;6643&#44;6644&#44;6646&#44;6650&#44;6651&#44;6652&#44;6653&#44;6655&#44;6657&#44;6658&#44;6659&#44;6660&#44;6661&#44;6662&#44;6663&#44;6664&#44;6666&#44;6667&#44;6670&#44;6671&#44;6672&#44;6673&#44;6674&#44;6675&#44;6676&#44;6677&#44;6678&#44;6679&#44;6680&#44;6682&#44;6683&#44;6684&#44;6685&#44;6686&#44;6689&#44;6690&#44;6692&#44;6779&#44;6781&#44;6867&#44;6976&#44;6979&#44;7189&#44;7658&#44;7676&#44;8102&#44;8104&#44;8106&#44;8107&#44;8111&#44;8112&#44;8114&#44;8115&#44;8116&#44;8117&#44;8119&#44;8120&#44;8123&#44;8125&#44;8126&#44;8128&#44;8129&#44;8130&#44;8132&#44;8133&#44;8134&#44;8135&#44;8136&#44;8138&#44;8139&#44;8141&#44;8142&#44;8144&#44;8145&#44;8146&#44;8147&#44;8149&#44;8150&#44;8151&#44;8152&#44;8153&#44;8155&#44;8156&#44;8157&#44;8158&#44;8160&#44;8161&#44;8162&#44;8163&#44;8164&#44;8165&#44;8166&#44;8167&#44;8168&#44;8169&#44;8172&#44;8173&#44;8174&#44;8175&#44;8176&#44;8177&#44;8180&#44;8181&#44;8182&#44;8183&#44;8184&#44;8185&#44;8186&#44;8188&#44;8189&#44;8190&#44;8191&#44;8192&#44;8193&#44;8194&#44;8196&#44;8197&#44;8201&#44;8202&#44;8203&#44;8205&#44;8207&#44;8208&#44;8209&#44;8210&#44;8211&#44;8213&#44;8215&#44;8218&#44;8219&#44;8220&#44;8221&#44;8222&#44;8223&#44;8224&#44;8225&#44;8226&#44;8227&#44;8228&#44;8236&#44;8237&#44;8238&#44;8239&#44;8241&#44;8242&#44;8243&#44;8244&#44;8245&#44;8246&#44;8247&#44;8248&#44;8250&#44;8251&#44;8252&#44;8253&#44;8254&#44;8256&#44;8257&#44;8259&#44;8261&#44;8262&#44;8263&#44;8264&#44;8265&#44;8266&#44;8267&#44;8268&#44;8269&#44;8270&#44;8271&#44;8272&#44;8273&#44;8274&#44;8275&#44;8276&#44;8277&#44;8278&#44;8279&#44;8280&#44;8281&#44;8282&#44;8283&#44;8284&#44;8285&#44;8286&#44;8287&#44;8288&#44;8289&#44;8290&#44;8291&#44;8292&#44;8293&#44;8294&#44;8295&#44;8296&#44;8297&#44;8298&#44;8299&#44;""",1/28/23,1/27/23,N
layouts,Sushi,79,,2023,1/28/23,1-NewFolderStructure/C079_Sushi/C79_Sushi_01282023/,_C79_Sushi_01282023.pdf,"""4836&#44;4846&#44;6330&#44;6356&#44;6380&#44;6421&#44;6431&#44;6433&#44;6606&#44;6634&#44;6673&#44;8150&#44;8286&#44;""",1/28/23,1/28/23,N
layouts,Floral,56-3,,2023,1/25/23,1-NewFolderStructure/C056_Floral/C56_Floral_Eff_01252023/,_C56_Floral_Eff_01252023.pdf,"""6461&#44;""",1/28/23,1/25/23,N
layouts,Bakery Pallets,"""37-4&#44;77-4""",,2023,1/16/23,1-NewFolderStructure/C037_C077_Bakery_Pallets/C37_77_Bakery_Pallets_Effective_01162023_Updated_01162023/,_C37_77_Bakery_Pallets_Effective_01162023_Updated_01162023.pdf,"""8291&#44;""",1/28/23,1/16/23,N
layouts,Deli,57,,2023,1/16/23,1-NewFolderStructure/C057_Deli/C57_Effective_01162023_Planogram_Update_ 01-16-2023/,_C57_Effective_01162023_Planogram_Update_ 01-16-2023.pdf,"""6308&#44;8184&#44;8276&#44;""",1/28/23,1/16/23,N
layouts,Meat and Seafood,"""72&#44;76&#44;93""",,2023,1/20/23,1-NewFolderStructure/C076_C072_C093_Fresh_Meat_Seafood/C76_C93_Effective_01022023_Planogram_Updated_01202023/,_C76_C93_Effective_01022023_Planogram_Updated_01202023.pdf,"""6417&#44;6633&#44;""",1/28/23,1/20/23,N
layouts,Meat and Seafood,"""72&#44;76&#44;93""",,2023,1/27/23,1-NewFolderStructure/C076_C072_C093_Fresh_Meat_Seafood/C76_C93_Effective_01022023_Planogram_Updated_01272023/,_C76_C93_Effective_01022023_Planogram_Updated_01272023.pdf,"""6429&#44;""",1/28/23,1/27/23,N
layouts,Meat and Seafood,"""72&#44;76&#44;93""",,2023,2/6/23,1-NewFolderStructure/C076_C072_C093_Fresh_Meat_Seafood/C76_C93_Effective_02062023_Planogram_Updated_01222023/,_C76_C93_Effective_02062023_Planogram_Updated_01222023.pdf,"""4109&#44;4702&#44;4703&#44;4704&#44;4707&#44;4709&#44;4710&#44;4711&#44;4712&#44;4713&#44;4718&#44;4720&#44;4721&#44;4722&#44;4724&#44;4728&#44;4729&#44;4730&#44;4731&#44;4732&#44;4735&#44;4736&#44;4738&#44;4739&#44;4740&#44;4741&#44;4742&#44;4743&#44;4745&#44;4749&#44;4750&#44;4755&#44;4761&#44;4763&#44;4764&#44;4767&#44;4768&#44;4769&#44;4770&#44;4771&#44;4772&#44;4774&#44;4775&#44;4776&#44;4777&#44;4778&#44;4780&#44;4781&#44;4782&#44;4783&#44;4784&#44;4785&#44;4786&#44;4787&#44;4789&#44;4790&#44;4791&#44;4794&#44;4795&#44;4797&#44;4798&#44;4799&#44;4801&#44;4802&#44;4804&#44;4805&#44;4808&#44;4815&#44;4816&#44;4817&#44;4818&#44;4819&#44;4820&#44;4822&#44;4824&#44;4825&#44;4828&#44;4829&#44;4830&#44;4831&#44;4836&#44;4837&#44;4839&#44;4840&#44;4843&#44;4846&#44;4847&#44;4850&#44;4851&#44;4852&#44;4853&#44;4855&#44;4857&#44;4859&#44;4860&#44;4861&#44;4866&#44;4870&#44;4871&#44;4872&#44;4873&#44;4874&#44;4875&#44;4876&#44;4878&#44;4879&#44;4901&#44;4905&#44;4906&#44;4908&#44;4911&#44;4914&#44;4915&#44;4917&#44;4920&#44;4925&#44;4926&#44;4930&#44;4933&#44;4936&#44;4938&#44;4939&#44;4942&#44;4944&#44;4946&#44;4947&#44;4948&#44;4950&#44;4952&#44;4955&#44;4958&#44;4961&#44;4962&#44;4963&#44;4969&#44;4972&#44;4973&#44;4974&#44;4982&#44;4983&#44;4985&#44;4987&#44;4989&#44;4990&#44;4991&#44;4992&#44;4994&#44;4996&#44;4998&#44;4999&#44;6181&#44;6188&#44;6189&#44;6201&#44;6202&#44;6203&#44;6204&#44;6205&#44;6212&#44;6213&#44;6216&#44;6217&#44;6218&#44;6219&#44;6220&#44;6225&#44;6228&#44;6235&#44;6236&#44;6238&#44;6239&#44;6240&#44;6242&#44;6244&#44;6245&#44;6246&#44;6247&#44;6249&#44;6251&#44;6252&#44;6254&#44;6255&#44;6256&#44;6257&#44;6259&#44;6260&#44;6261&#44;6262&#44;6265&#44;6267&#44;6269&#44;6270&#44;6275&#44;6302&#44;6304&#44;6305&#44;6307&#44;6308&#44;6309&#44;6310&#44;6311&#44;6312&#44;6313&#44;6314&#44;6315&#44;6317&#44;6319&#44;6320&#44;6321&#44;6322&#44;6324&#44;6325&#44;6326&#44;6327&#44;6328&#44;6329&#44;6330&#44;6331&#44;6332&#44;6333&#44;6334&#44;6335&#44;6336&#44;6338&#44;6339&#44;6341&#44;6342&#44;6343&#44;6344&#44;6345&#44;6347&#44;6348&#44;6349&#44;6350&#44;6351&#44;6352&#44;6353&#44;6354&#44;6355&#44;6356&#44;6357&#44;6358&#44;6359&#44;6360&#44;6361&#44;6363&#44;6364&#44;6365&#44;6366&#44;6367&#44;6368&#44;6369&#44;6371&#44;6372&#44;6373&#44;6375&#44;6376&#44;6377&#44;6378&#44;6379&#44;6380&#44;6381&#44;6382&#44;6383&#44;6384&#44;6385&#44;6386&#44;6387&#44;6388&#44;6401&#44;6402&#44;6403&#44;6404&#44;6405&#44;6406&#44;6407&#44;6408&#44;6409&#44;6410&#44;6412&#44;6413&#44;6414&#44;6415&#44;6417&#44;6418&#44;6419&#44;6420&#44;6421&#44;6422&#44;6423&#44;6424&#44;6425&#44;6426&#44;6427&#44;6428&#44;6429&#44;6430&#44;6431&#44;6432&#44;6433&#44;6434&#44;6435&#44;6436&#44;6437&#44;6439&#44;6440&#44;6441&#44;6443&#44;6444&#44;6445&#44;6448&#44;6449&#44;6450&#44;6452&#44;6453&#44;6454&#44;6455&#44;6456&#44;6457&#44;6458&#44;6460&#44;6461&#44;6462&#44;6463&#44;6464&#44;6471&#44;6472&#44;6474&#44;6479&#44;6482&#44;6485&#44;6487&#44;6489&#44;6501&#44;6502&#44;6503&#44;6505&#44;6506&#44;6507&#44;6509&#44;6510&#44;6512&#44;6514&#44;6517&#44;6518&#44;6520&#44;6521&#44;6524&#44;6527&#44;6528&#44;6533&#44;6535&#44;6536&#44;6539&#44;6540&#44;6543&#44;6547&#44;6549&#44;6556&#44;6562&#44;6565&#44;6567&#44;6568&#44;6569&#44;6570&#44;6571&#44;6572&#44;6573&#44;6575&#44;6581&#44;6582&#44;6604&#44;6605&#44;6606&#44;6608&#44;6609&#44;6610&#44;6612&#44;6613&#44;6614&#44;6615&#44;6616&#44;6617&#44;6619&#44;6620&#44;6621&#44;6622&#44;6624&#44;6626&#44;6628&#44;6630&#44;6631&#44;6632&#44;6633&#44;6634&#44;6635&#44;6636&#44;6637&#44;6643&#44;6644&#44;6646&#44;6650&#44;6651&#44;6652&#44;6653&#44;6655&#44;6657&#44;6658&#44;6659&#44;6660&#44;6661&#44;6662&#44;6663&#44;6664&#44;6666&#44;6667&#44;6670&#44;6671&#44;6672&#44;6673&#44;6674&#44;6675&#44;6676&#44;6677&#44;6678&#44;6679&#44;6680&#44;6682&#44;6683&#44;6684&#44;6685&#44;6686&#44;6689&#44;6690&#44;6692&#44;6693&#44;6779&#44;6781&#44;6867&#44;6976&#44;6979&#44;7189&#44;7658&#44;7676&#44;8102&#44;8104&#44;8106&#44;8107&#44;8111&#44;8112&#44;8114&#44;8115&#44;8116&#44;8117&#44;8119&#44;8120&#44;8123&#44;8125&#44;8126&#44;8128&#44;8129&#44;8130&#44;8132&#44;8133&#44;8134&#44;8135&#44;8136&#44;8138&#44;8139&#44;8141&#44;8142&#44;8144&#44;8145&#44;8146&#44;8147&#44;8149&#44;8150&#44;8151&#44;8152&#44;8153&#44;8155&#44;8156&#44;8157&#44;8158&#44;8160&#44;8161&#44;8162&#44;8163&#44;8164&#44;8165&#44;8166&#44;8167&#44;8168&#44;8169&#44;8172&#44;8173&#44;8174&#44;8175&#44;8176&#44;8177&#44;8180&#44;8181&#44;8182&#44;8183&#44;8184&#44;8185&#44;8186&#44;8188&#44;8189&#44;8190&#44;8191&#44;8192&#44;8193&#44;8194&#44;8196&#44;8197&#44;8201&#44;8202&#44;8203&#44;8205&#44;8207&#44;8208&#44;8209&#44;8210&#44;8211&#44;8213&#44;8215&#44;8218&#44;8219&#44;8220&#44;8221&#44;8222&#44;8223&#44;8224&#44;8225&#44;8226&#44;8227&#44;8228&#44;8236&#44;8237&#44;8238&#44;8239&#44;8241&#44;8242&#44;8243&#44;8244&#44;8245&#44;8246&#44;8247&#44;8248&#44;8250&#44;8251&#44;8252&#44;8253&#44;8254&#44;8256&#44;8257&#44;8259&#44;8261&#44;8262&#44;8263&#44;8264&#44;8265&#44;8266&#44;8267&#44;8268&#44;8269&#44;8270&#44;8271&#44;8272&#44;8273&#44;8274&#44;8275&#44;8276&#44;8277&#44;8278&#44;8279&#44;8280&#44;8281&#44;8282&#44;8283&#44;8284&#44;8285&#44;8286&#44;8287&#44;8288&#44;8289&#44;8290&#44;8291&#44;8292&#44;8293&#44;8294&#44;8295&#44;8296&#44;8297&#44;8298&#44;8299&#44;""",1/28/23,1/22/23,N
layouts,Seafood,72-1,,2023,2/6/23,1-NewFolderStructure/C072_Seafood/C72_Seafood_Effective_02062023/,_C72_Seafood_Effective_02062023.pdf,"""4109&#44;4702&#44;4703&#44;4704&#44;4707&#44;4709&#44;4710&#44;4711&#44;4712&#44;4713&#44;4718&#44;4720&#44;4721&#44;4722&#44;4724&#44;4728&#44;4729&#44;4730&#44;4731&#44;4732&#44;4735&#44;4736&#44;4738&#44;4739&#44;4740&#44;4741&#44;4742&#44;4743&#44;4745&#44;4749&#44;4750&#44;4761&#44;4763&#44;4764&#44;4767&#44;4768&#44;4769&#44;4770&#44;4771&#44;4772&#44;4774&#44;4775&#44;4776&#44;4777&#44;4778&#44;4780&#44;4781&#44;4782&#44;4783&#44;4784&#44;4785&#44;4786&#44;4787&#44;4789&#44;4790&#44;4791&#44;4794&#44;4795&#44;4797&#44;4798&#44;4799&#44;4801&#44;4802&#44;4804&#44;4805&#44;4808&#44;4815&#44;4816&#44;4817&#44;4818&#44;4819&#44;4820&#44;4822&#44;4824&#44;4825&#44;4828&#44;4829&#44;4830&#44;4831&#44;4836&#44;4837&#44;4839&#44;4840&#44;4843&#44;4846&#44;4847&#44;4850&#44;4851&#44;4852&#44;4853&#44;4855&#44;4857&#44;4859&#44;4860&#44;4861&#44;4870&#44;4871&#44;4872&#44;4873&#44;4874&#44;4875&#44;4876&#44;4878&#44;4879&#44;4901&#44;4905&#44;4906&#44;4908&#44;4911&#44;4914&#44;4915&#44;4917&#44;4920&#44;4925&#44;4926&#44;4930&#44;4933&#44;4936&#44;4938&#44;4939&#44;4942&#44;4944&#44;4946&#44;4947&#44;4948&#44;4950&#44;4952&#44;4955&#44;4958&#44;4961&#44;4962&#44;4963&#44;4969&#44;4972&#44;4973&#44;4974&#44;4982&#44;4983&#44;4985&#44;4987&#44;4989&#44;4990&#44;4991&#44;4992&#44;4994&#44;4996&#44;4998&#44;4999&#44;6181&#44;6188&#44;6189&#44;6201&#44;6202&#44;6203&#44;6204&#44;6205&#44;6212&#44;6213&#44;6216&#44;6217&#44;6218&#44;6219&#44;6220&#44;6228&#44;6235&#44;6236&#44;6238&#44;6239&#44;6240&#44;6242&#44;6244&#44;6245&#44;6246&#44;6247&#44;6249&#44;6251&#44;6252&#44;6254&#44;6255&#44;6256&#44;6257&#44;6259&#44;6260&#44;6261&#44;6262&#44;6265&#44;6267&#44;6269&#44;6275&#44;6302&#44;6304&#44;6305&#44;6307&#44;6308&#44;6309&#44;6310&#44;6311&#44;6312&#44;6313&#44;6314&#44;6315&#44;6317&#44;6319&#44;6320&#44;6321&#44;6322&#44;6324&#44;6325&#44;6326&#44;6327&#44;6328&#44;6329&#44;6330&#44;6331&#44;6332&#44;6333&#44;6334&#44;6335&#44;6336&#44;6338&#44;6339&#44;6341&#44;6342&#44;6343&#44;6344&#44;6345&#44;6347&#44;6348&#44;6349&#44;6350&#44;6351&#44;6352&#44;6353&#44;6354&#44;6355&#44;6356&#44;6357&#44;6358&#44;6359&#44;6360&#44;6361&#44;6363&#44;6364&#44;6365&#44;6366&#44;6367&#44;6368&#44;6369&#44;6371&#44;6372&#44;6373&#44;6375&#44;6376&#44;6377&#44;6378&#44;6379&#44;6380&#44;6381&#44;6382&#44;6383&#44;6384&#44;6385&#44;6386&#44;6387&#44;6388&#44;6401&#44;6402&#44;6403&#44;6404&#44;6405&#44;6406&#44;6407&#44;6408&#44;6409&#44;6412&#44;6413&#44;6414&#44;6415&#44;6417&#44;6418&#44;6419&#44;6420&#44;6421&#44;6422&#44;6423&#44;6424&#44;6425&#44;6426&#44;6427&#44;6428&#44;6429&#44;6430&#44;6431&#44;6432&#44;6433&#44;6434&#44;6435&#44;6436&#44;6437&#44;6439&#44;6440&#44;6441&#44;6443&#44;6444&#44;6445&#44;6448&#44;6449&#44;6450&#44;6452&#44;6453&#44;6454&#44;6455&#44;6456&#44;6457&#44;6458&#44;6460&#44;6461&#44;6462&#44;6463&#44;6464&#44;6471&#44;6472&#44;6474&#44;6479&#44;6482&#44;6485&#44;6487&#44;6489&#44;6501&#44;6502&#44;6503&#44;6505&#44;6506&#44;6507&#44;6509&#44;6510&#44;6512&#44;6514&#44;6517&#44;6518&#44;6520&#44;6521&#44;6524&#44;6527&#44;6528&#44;6533&#44;6535&#44;6536&#44;6539&#44;6540&#44;6547&#44;6549&#44;6556&#44;6562&#44;6565&#44;6567&#44;6568&#44;6569&#44;6570&#44;6571&#44;6572&#44;6573&#44;6575&#44;6581&#44;6582&#44;6604&#44;6605&#44;6606&#44;6608&#44;6609&#44;6610&#44;6612&#44;6613&#44;6614&#44;6615&#44;6616&#44;6617&#44;6619&#44;6620&#44;6621&#44;6622&#44;6624&#44;6626&#44;6628&#44;6630&#44;6631&#44;6632&#44;6633&#44;6634&#44;6635&#44;6636&#44;6637&#44;6643&#44;6644&#44;6646&#44;6650&#44;6651&#44;6652&#44;6653&#44;6655&#44;6657&#44;6658&#44;6659&#44;6660&#44;6661&#44;6662&#44;6663&#44;6664&#44;6666&#44;6667&#44;6670&#44;6671&#44;6672&#44;6673&#44;6674&#44;6675&#44;6676&#44;6677&#44;6678&#44;6679&#44;6682&#44;6683&#44;6684&#44;6685&#44;6686&#44;6692&#44;6693&#44;6779&#44;6781&#44;6867&#44;6976&#44;6979&#44;7189&#44;7658&#44;7676&#44;8102&#44;8104&#44;8106&#44;8107&#44;8111&#44;8112&#44;8114&#44;8115&#44;8116&#44;8117&#44;8119&#44;8120&#44;8123&#44;8125&#44;8126&#44;8128&#44;8129&#44;8130&#44;8132&#44;8133&#44;8134&#44;8135&#44;8136&#44;8138&#44;8139&#44;8141&#44;8142&#44;8144&#44;8145&#44;8146&#44;8147&#44;8149&#44;8150&#44;8151&#44;8152&#44;8153&#44;8155&#44;8156&#44;8157&#44;8158&#44;8160&#44;8161&#44;8162&#44;8163&#44;8164&#44;8165&#44;8166&#44;8167&#44;8168&#44;8169&#44;8172&#44;8173&#44;8174&#44;8175&#44;8176&#44;8177&#44;8180&#44;8181&#44;8182&#44;8183&#44;8184&#44;8185&#44;8186&#44;8188&#44;8189&#44;8190&#44;8191&#44;8192&#44;8193&#44;8194&#44;8196&#44;8197&#44;8201&#44;8202&#44;8203&#44;8205&#44;8207&#44;8208&#44;8209&#44;8210&#44;8211&#44;8213&#44;8215&#44;8218&#44;8219&#44;8220&#44;8221&#44;8222&#44;8223&#44;8224&#44;8225&#44;8226&#44;8227&#44;8228&#44;8236&#44;8237&#44;8238&#44;8239&#44;8241&#44;8242&#44;8243&#44;8244&#44;8245&#44;8246&#44;8247&#44;8248&#44;8250&#44;8251&#44;8252&#44;8253&#44;8254&#44;8256&#44;8257&#44;8259&#44;8261&#44;8262&#44;8263&#44;8264&#44;8265&#44;8266&#44;8267&#44;8268&#44;8269&#44;8270&#44;8271&#44;8272&#44;8273&#44;8274&#44;8275&#44;8276&#44;8277&#44;8278&#44;8279&#44;8280&#44;8281&#44;8282&#44;8283&#44;8284&#44;8285&#44;8286&#44;8287&#44;8288&#44;8289&#44;8290&#44;8291&#44;8292&#44;8293&#44;8294&#44;8295&#44;8296&#44;8297&#44;8298&#44;8299&#44;""",1/28/23,1/23/23,N
layouts,Seafood Island,72-2,,2023,2/6/23,1-NewFolderStructure/C072_Seafood_Island/C72_SeafoodIsland_Effective_02062023/,_C72_SeafoodIsland_Effective_02062023.pdf,"""4707&#44;4711&#44;4713&#44;4740&#44;4742&#44;4775&#44;4783&#44;4789&#44;4790&#44;4804&#44;4808&#44;4855&#44;4905&#44;4925&#44;4969&#44;4983&#44;4985&#44;4998&#44;6239&#44;6242&#44;6249&#44;6251&#44;6254&#44;6262&#44;6265&#44;6309&#44;6312&#44;6317&#44;6320&#44;6344&#44;6348&#44;6354&#44;6360&#44;6361&#44;6414&#44;6415&#44;6457&#44;6520&#44;6565&#44;6604&#44;6619&#44;6636&#44;6644&#44;6653&#44;6662&#44;6666&#44;6674&#44;6692&#44;6781&#44;8106&#44;8114&#44;8115&#44;8123&#44;8139&#44;8149&#44;8165&#44;8168&#44;8181&#44;8183&#44;8201&#44;8209&#44;8225&#44;8236&#44;8238&#44;8246&#44;8269&#44;8293&#44;8299&#44;""",1/28/23,1/23/23,N
layouts,Café Grab and Go,79-3,,2023,1/23/23,1-NewFolderStructure/C079_Cafe_Grab_n_Go/C79_Cafe_Grab_and_Go_Effective_11072022_Updated_01232023/,_C79_Cafe_Grab_and_Go_Effective_11072022_Updated_01232023.pdf,"""4738&#44;""",1/28/23,1/23/23,N
layouts,Bakery Bread Pods,"""37-5&#44;77-5""",,2023,1/25/23,1-NewFolderStructure/C037_C077_Bakery_Bread_Pods/C37_77_Bread_POD_Effective_01252023_Updated_01252023/,_C37_77_Bread_POD_Effective_01252023_Updated_01252023.pdf,"""8268&#44;""",1/28/23,1/25/23,N
layouts,Cake Case,"""37-3&#44;77-3""",,2023,2/6/23,1-NewFolderStructure/C037_C077_Cake_Case/C77_C37_Cake_Cooler_Effective_02062023_Updated_01272023/,_C77_C37_Cake_Cooler_Effective_02062023_Updated_01272023.pdf,"""4109&#44;4702&#44;4703&#44;4704&#44;4707&#44;4709&#44;4710&#44;4711&#44;4712&#44;4713&#44;4718&#44;4720&#44;4721&#44;4722&#44;4724&#44;4728&#44;4729&#44;4730&#44;4731&#44;4732&#44;4735&#44;4736&#44;4738&#44;4739&#44;4740&#44;4741&#44;4742&#44;4743&#44;4745&#44;4749&#44;4750&#44;4755&#44;4761&#44;4763&#44;4764&#44;4767&#44;4768&#44;4769&#44;4770&#44;4771&#44;4772&#44;4774&#44;4775&#44;4776&#44;4777&#44;4778&#44;4780&#44;4781&#44;4782&#44;4783&#44;4784&#44;4785&#44;4786&#44;4787&#44;4789&#44;4790&#44;4791&#44;4794&#44;4795&#44;4797&#44;4798&#44;4799&#44;4801&#44;4802&#44;4804&#44;4805&#44;4808&#44;4815&#44;4816&#44;4817&#44;4818&#44;4819&#44;4820&#44;4822&#44;4824&#44;4825&#44;4828&#44;4829&#44;4830&#44;4831&#44;4836&#44;4837&#44;4839&#44;4840&#44;4843&#44;4846&#44;4847&#44;4850&#44;4851&#44;4852&#44;4853&#44;4855&#44;4857&#44;4859&#44;4860&#44;4861&#44;4866&#44;4870&#44;4871&#44;4872&#44;4873&#44;4874&#44;4875&#44;4876&#44;4878&#44;4879&#44;4901&#44;4905&#44;4906&#44;4911&#44;4914&#44;4915&#44;4917&#44;4920&#44;4925&#44;4926&#44;4933&#44;4936&#44;4938&#44;4939&#44;4942&#44;4944&#44;4946&#44;4947&#44;4948&#44;4950&#44;4952&#44;4955&#44;4958&#44;4961&#44;4962&#44;4963&#44;4969&#44;4972&#44;4973&#44;4974&#44;4982&#44;4983&#44;4985&#44;4987&#44;4989&#44;4990&#44;4991&#44;4992&#44;4994&#44;4996&#44;4998&#44;4999&#44;6181&#44;6188&#44;6189&#44;6201&#44;6202&#44;6203&#44;6204&#44;6205&#44;6212&#44;6213&#44;6216&#44;6217&#44;6218&#44;6219&#44;6220&#44;6225&#44;6228&#44;6235&#44;6236&#44;6238&#44;6239&#44;6240&#44;6242&#44;6244&#44;6245&#44;6246&#44;6247&#44;6249&#44;6251&#44;6252&#44;6254&#44;6255&#44;6256&#44;6257&#44;6259&#44;6260&#44;6261&#44;6262&#44;6265&#44;6267&#44;6269&#44;6270&#44;6275&#44;6302&#44;6304&#44;6305&#44;6307&#44;6308&#44;6309&#44;6310&#44;6311&#44;6312&#44;6313&#44;6314&#44;6315&#44;6317&#44;6319&#44;6320&#44;6321&#44;6322&#44;6324&#44;6325&#44;6326&#44;6327&#44;6328&#44;6329&#44;6330&#44;6331&#44;6332&#44;6333&#44;6334&#44;6335&#44;6336&#44;6338&#44;6339&#44;6341&#44;6342&#44;6343&#44;6344&#44;6345&#44;6347&#44;6348&#44;6349&#44;6350&#44;6351&#44;6352&#44;6353&#44;6354&#44;6355&#44;6356&#44;6357&#44;6358&#44;6359&#44;6360&#44;6361&#44;6363&#44;6364&#44;6365&#44;6366&#44;6367&#44;6368&#44;6369&#44;6371&#44;6372&#44;6373&#44;6375&#44;6376&#44;6377&#44;6378&#44;6379&#44;6380&#44;6381&#44;6382&#44;6383&#44;6384&#44;6385&#44;6386&#44;6387&#44;6388&#44;6401&#44;6402&#44;6403&#44;6404&#44;6405&#44;6406&#44;6407&#44;6408&#44;6409&#44;6410&#44;6412&#44;6413&#44;6414&#44;6415&#44;6417&#44;6418&#44;6419&#44;6420&#44;6421&#44;6422&#44;6423&#44;6424&#44;6425&#44;6426&#44;6427&#44;6428&#44;6429&#44;6430&#44;6431&#44;6432&#44;6433&#44;6434&#44;6435&#44;6436&#44;6437&#44;6439&#44;6440&#44;6441&#44;6443&#44;6444&#44;6445&#44;6448&#44;6449&#44;6450&#44;6452&#44;6453&#44;6454&#44;6455&#44;6456&#44;6457&#44;6458&#44;6460&#44;6462&#44;6463&#44;6464&#44;6471&#44;6472&#44;6474&#44;6479&#44;6482&#44;6485&#44;6487&#44;6489&#44;6501&#44;6502&#44;6503&#44;6505&#44;6506&#44;6507&#44;6509&#44;6510&#44;6512&#44;6514&#44;6517&#44;6518&#44;6520&#44;6521&#44;6524&#44;6527&#44;6528&#44;6535&#44;6536&#44;6539&#44;6540&#44;6543&#44;6547&#44;6549&#44;6562&#44;6565&#44;6568&#44;6569&#44;6570&#44;6571&#44;6572&#44;6573&#44;6575&#44;6581&#44;6582&#44;6604&#44;6605&#44;6606&#44;6608&#44;6609&#44;6610&#44;6612&#44;6613&#44;6614&#44;6615&#44;6616&#44;6617&#44;6619&#44;6620&#44;6621&#44;6622&#44;6624&#44;6626&#44;6628&#44;6630&#44;6631&#44;6632&#44;6633&#44;6634&#44;6635&#44;6636&#44;6637&#44;6643&#44;6644&#44;6646&#44;6650&#44;6651&#44;6652&#44;6653&#44;6655&#44;6657&#44;6658&#44;6659&#44;6660&#44;6661&#44;6662&#44;6663&#44;6664&#44;6666&#44;6667&#44;6670&#44;6671&#44;6672&#44;6673&#44;6674&#44;6675&#44;6676&#44;6677&#44;6678&#44;6679&#44;6680&#44;6682&#44;6683&#44;6684&#44;6685&#44;6686&#44;6689&#44;6690&#44;6692&#44;6693&#44;6779&#44;6781&#44;6867&#44;6976&#44;6979&#44;7189&#44;7658&#44;7676&#44;8102&#44;8104&#44;8106&#44;8107&#44;8111&#44;8112&#44;8114&#44;8115&#44;8116&#44;8117&#44;8119&#44;8120&#44;8123&#44;8125&#44;8126&#44;8128&#44;8129&#44;8130&#44;8132&#44;8133&#44;8134&#44;8135&#44;8136&#44;8138&#44;8139&#44;8141&#44;8142&#44;8144&#44;8145&#44;8146&#44;8147&#44;8149&#44;8150&#44;8151&#44;8152&#44;8153&#44;8155&#44;8156&#44;8157&#44;8158&#44;8160&#44;8161&#44;8162&#44;8163&#44;8164&#44;8165&#44;8166&#44;8167&#44;8168&#44;8169&#44;8172&#44;8173&#44;8174&#44;8175&#44;8176&#44;8177&#44;8181&#44;8182&#44;8183&#44;8184&#44;8185&#44;8186&#44;8188&#44;8190&#44;8191&#44;8192&#44;8193&#44;8194&#44;8196&#44;8197&#44;8201&#44;8202&#44;8203&#44;8205&#44;8207&#44;8208&#44;8209&#44;8210&#44;8211&#44;8213&#44;8215&#44;8218&#44;8219&#44;8220&#44;8221&#44;8222&#44;8223&#44;8224&#44;8225&#44;8226&#44;8227&#44;8228&#44;8236&#44;8237&#44;8238&#44;8239&#44;8241&#44;8242&#44;8243&#44;8244&#44;8245&#44;8246&#44;8247&#44;8248&#44;8250&#44;8251&#44;8252&#44;8253&#44;8254&#44;8256&#44;8257&#44;8259&#44;8261&#44;8262&#44;8263&#44;8264&#44;8265&#44;8266&#44;8267&#44;8268&#44;8269&#44;8270&#44;8271&#44;8272&#44;8273&#44;8274&#44;8275&#44;8276&#44;8277&#44;8278&#44;8279&#44;8280&#44;8281&#44;8282&#44;8283&#44;8284&#44;8285&#44;8286&#44;8287&#44;8288&#44;8289&#44;8290&#44;8291&#44;8292&#44;8293&#44;8294&#44;8295&#44;8296&#44;8297&#44;8298&#44;8299&#44;""",1/28/23,1/27/23,N
layouts,Bakery Dessert,"""37-2&#44;77-2""",,2023,2/6/23,1-NewFolderStructure/C037_C077_Bakery_Dessert/C77_C37_Dessert_Case_Effective_02062023_Updated_01272023/,_C77_C37_Dessert_Case_Effective_02062023_Updated_01272023.pdf,"""4710&#44;4722&#44;4724&#44;4729&#44;4736&#44;4743&#44;4755&#44;4761&#44;4771&#44;4776&#44;4778&#44;4794&#44;4795&#44;4797&#44;4798&#44;4815&#44;4817&#44;4820&#44;4825&#44;4831&#44;4836&#44;4840&#44;4847&#44;4851&#44;4857&#44;4859&#44;4872&#44;4875&#44;4876&#44;4878&#44;4879&#44;4901&#44;4917&#44;4920&#44;4926&#44;4936&#44;4946&#44;4948&#44;4950&#44;4952&#44;4961&#44;4962&#44;4963&#44;4972&#44;4973&#44;4989&#44;4992&#44;4994&#44;4996&#44;4999&#44;6201&#44;6203&#44;6204&#44;6216&#44;6219&#44;6228&#44;6236&#44;6247&#44;6256&#44;6260&#44;6270&#44;6275&#44;6304&#44;6305&#44;6307&#44;6308&#44;6322&#44;6324&#44;6325&#44;6326&#44;6328&#44;6330&#44;6331&#44;6332&#44;6333&#44;6338&#44;6339&#44;6341&#44;6342&#44;6343&#44;6349&#44;6352&#44;6353&#44;6355&#44;6357&#44;6358&#44;6363&#44;6364&#44;6365&#44;6366&#44;6368&#44;6371&#44;6383&#44;6384&#44;6386&#44;6387&#44;6401&#44;6402&#44;6403&#44;6405&#44;6407&#44;6409&#44;6410&#44;6413&#44;6420&#44;6422&#44;6423&#44;6426&#44;6431&#44;6432&#44;6434&#44;6435&#44;6437&#44;6439&#44;6441&#44;6443&#44;6444&#44;6448&#44;6449&#44;6450&#44;6452&#44;6456&#44;6458&#44;6460&#44;6462&#44;6463&#44;6464&#44;6479&#44;6501&#44;6505&#44;6506&#44;6509&#44;6512&#44;6517&#44;6518&#44;6520&#44;6524&#44;6528&#44;6536&#44;6539&#44;6543&#44;6547&#44;6562&#44;6569&#44;6570&#44;6571&#44;6572&#44;6573&#44;6581&#44;6630&#44;6646&#44;6651&#44;6652&#44;6663&#44;6664&#44;6673&#44;6675&#44;6676&#44;6677&#44;6678&#44;6679&#44;6680&#44;6690&#44;6693&#44;6976&#44;7676&#44;8102&#44;8107&#44;8111&#44;8112&#44;8116&#44;8117&#44;8120&#44;8125&#44;8129&#44;8130&#44;8132&#44;8134&#44;8135&#44;8136&#44;8142&#44;8144&#44;8151&#44;8152&#44;8155&#44;8157&#44;8160&#44;8161&#44;8162&#44;8163&#44;8164&#44;8166&#44;8167&#44;8173&#44;8175&#44;8176&#44;8182&#44;8183&#44;8186&#44;8188&#44;8191&#44;8192&#44;8193&#44;8194&#44;8202&#44;8205&#44;8207&#44;8208&#44;8215&#44;8218&#44;8219&#44;8220&#44;8221&#44;8222&#44;8223&#44;8224&#44;8226&#44;8228&#44;8237&#44;8241&#44;8243&#44;8247&#44;8251&#44;8252&#44;8253&#44;8254&#44;8256&#44;8257&#44;8261&#44;8262&#44;8263&#44;8265&#44;8267&#44;8270&#44;8271&#44;8275&#44;8280&#44;8283&#44;8285&#44;8287&#44;8288&#44;8289&#44;8290&#44;8292&#44;8294&#44;8295&#44;8298&#44;""",1/28/23,1/27/23,N
layouts,Sushi,79,,2023,1/31/23,1-NewFolderStructure/C079_Sushi/C79_Sushi_Eff_01312023/,_C79_Sushi_Eff_01312023.pdf,"""4109&#44;6269&#44;6502&#44;6556&#44;6680&#44;""",1/31/23,1/30/23,N
layouts,Floral,56-3,,2023,1/31/23,1-NewFolderStructure/C056_Floral/C56_Floral_Eff_1.31.23/,_C56_Floral_Eff_1.31.23.pdf,"""4939&#44;4958&#44;4982&#44;6429&#44;""",1/31/23,1/30/23,N
layouts,Entertainment,70,,2023,2/7/23,1-NewFolderStructure/C070_Entertainment/C70_Effective_02072023_Planogram_Updated020623/,_C70_Effective_02072023_Planogram_Updated020623.pdf,"""4109&#44;4702&#44;4703&#44;4704&#44;4707&#44;4709&#44;4710&#44;4711&#44;4712&#44;4713&#44;4718&#44;4720&#44;4721&#44;4722&#44;4724&#44;4728&#44;4729&#44;4730&#44;4731&#44;4732&#44;4735&#44;4736&#44;4738&#44;4739&#44;4740&#44;4741&#44;4742&#44;4743&#44;4745&#44;4749&#44;4750&#44;4755&#44;4761&#44;4763&#44;4764&#44;4767&#44;4768&#44;4769&#44;4770&#44;4771&#44;4772&#44;4774&#44;4775&#44;4776&#44;4777&#44;4778&#44;4780&#44;4781&#44;4782&#44;4783&#44;4784&#44;4785&#44;4786&#44;4787&#44;4789&#44;4790&#44;4791&#44;4794&#44;4795&#44;4797&#44;4798&#44;4799&#44;4801&#44;4802&#44;4804&#44;4805&#44;4808&#44;4815&#44;4816&#44;4817&#44;4818&#44;4819&#44;4820&#44;4822&#44;4824&#44;4825&#44;4828&#44;4829&#44;4830&#44;4831&#44;4836&#44;4837&#44;4839&#44;4840&#44;4843&#44;4846&#44;4847&#44;4850&#44;4851&#44;4852&#44;4853&#44;4855&#44;4857&#44;4859&#44;4860&#44;4861&#44;4866&#44;4870&#44;4871&#44;4872&#44;4873&#44;4874&#44;4875&#44;4876&#44;4878&#44;4879&#44;4901&#44;4905&#44;4906&#44;4911&#44;4914&#44;4915&#44;4917&#44;4920&#44;4925&#44;4926&#44;4933&#44;4936&#44;4938&#44;4939&#44;4942&#44;4944&#44;4946&#44;4947&#44;4948&#44;4950&#44;4952&#44;4955&#44;4958&#44;4961&#44;4962&#44;4963&#44;4969&#44;4972&#44;4973&#44;4974&#44;4982&#44;4983&#44;4985&#44;4987&#44;4989&#44;4990&#44;4991&#44;4992&#44;4994&#44;4996&#44;4998&#44;4999&#44;6181&#44;6188&#44;6189&#44;6201&#44;6202&#44;6203&#44;6204&#44;6205&#44;6212&#44;6213&#44;6216&#44;6217&#44;6218&#44;6219&#44;6220&#44;6225&#44;6228&#44;6235&#44;6236&#44;6238&#44;6239&#44;6240&#44;6242&#44;6244&#44;6245&#44;6246&#44;6247&#44;6249&#44;6251&#44;6252&#44;6254&#44;6255&#44;6256&#44;6257&#44;6259&#44;6260&#44;6261&#44;6262&#44;6265&#44;6267&#44;6269&#44;6270&#44;6275&#44;6302&#44;6304&#44;6305&#44;6307&#44;6308&#44;6309&#44;6310&#44;6311&#44;6312&#44;6313&#44;6314&#44;6315&#44;6317&#44;6319&#44;6320&#44;6321&#44;6322&#44;6324&#44;6325&#44;6326&#44;6327&#44;6328&#44;6329&#44;6330&#44;6331&#44;6332&#44;6333&#44;6334&#44;6335&#44;6336&#44;6338&#44;6339&#44;6341&#44;6342&#44;6343&#44;6344&#44;6345&#44;6347&#44;6348&#44;6349&#44;6350&#44;6351&#44;6352&#44;6353&#44;6354&#44;6355&#44;6356&#44;6357&#44;6358&#44;6359&#44;6360&#44;6361&#44;6363&#44;6364&#44;6365&#44;6366&#44;6367&#44;6368&#44;6369&#44;6371&#44;6372&#44;6373&#44;6375&#44;6376&#44;6378&#44;6379&#44;6380&#44;6381&#44;6382&#44;6383&#44;6384&#44;6385&#44;6386&#44;6387&#44;6388&#44;6401&#44;6402&#44;6403&#44;6404&#44;6405&#44;6406&#44;6407&#44;6408&#44;6409&#44;6410&#44;6412&#44;6413&#44;6414&#44;6415&#44;6417&#44;6418&#44;6419&#44;6420&#44;6421&#44;6422&#44;6423&#44;6424&#44;6425&#44;6426&#44;6427&#44;6428&#44;6429&#44;6430&#44;6431&#44;6432&#44;6433&#44;6434&#44;6435&#44;6436&#44;6437&#44;6439&#44;6440&#44;6441&#44;6443&#44;6444&#44;6445&#44;6448&#44;6449&#44;6450&#44;6452&#44;6453&#44;6454&#44;6455&#44;6456&#44;6457&#44;6458&#44;6460&#44;6462&#44;6463&#44;6464&#44;6471&#44;6472&#44;6474&#44;6479&#44;6482&#44;6485&#44;6487&#44;6489&#44;6501&#44;6502&#44;6505&#44;6506&#44;6507&#44;6509&#44;6510&#44;6512&#44;6514&#44;6517&#44;6518&#44;6520&#44;6521&#44;6524&#44;6527&#44;6528&#44;6535&#44;6536&#44;6539&#44;6540&#44;6543&#44;6547&#44;6549&#44;6562&#44;6565&#44;6568&#44;6569&#44;6570&#44;6571&#44;6572&#44;6573&#44;6575&#44;6581&#44;6582&#44;6604&#44;6605&#44;6606&#44;6608&#44;6609&#44;6610&#44;6612&#44;6613&#44;6614&#44;6615&#44;6616&#44;6617&#44;6619&#44;6620&#44;6621&#44;6622&#44;6624&#44;6626&#44;6628&#44;6630&#44;6631&#44;6632&#44;6633&#44;6634&#44;6635&#44;6636&#44;6637&#44;6643&#44;6644&#44;6646&#44;6650&#44;6651&#44;6652&#44;6653&#44;6655&#44;6657&#44;6658&#44;6659&#44;6660&#44;6661&#44;6662&#44;6663&#44;6664&#44;6666&#44;6667&#44;6670&#44;6671&#44;6672&#44;6673&#44;6674&#44;6675&#44;6676&#44;6677&#44;6678&#44;6679&#44;6680&#44;6682&#44;6683&#44;6684&#44;6685&#44;6686&#44;6689&#44;6690&#44;6692&#44;6693&#44;6779&#44;6781&#44;6867&#44;6976&#44;6979&#44;7189&#44;7658&#44;7676&#44;8102&#44;8104&#44;8106&#44;8107&#44;8111&#44;8112&#44;8114&#44;8115&#44;8116&#44;8117&#44;8119&#44;8120&#44;8123&#44;8125&#44;8126&#44;8128&#44;8129&#44;8130&#44;8132&#44;8133&#44;8134&#44;8135&#44;8136&#44;8138&#44;8139&#44;8141&#44;8142&#44;8144&#44;8145&#44;8146&#44;8147&#44;8149&#44;8150&#44;8151&#44;8152&#44;8153&#44;8155&#44;8156&#44;8157&#44;8158&#44;8160&#44;8161&#44;8162&#44;8163&#44;8164&#44;8165&#44;8166&#44;8167&#44;8168&#44;8169&#44;8172&#44;8173&#44;8174&#44;8175&#44;8176&#44;8177&#44;8181&#44;8182&#44;8183&#44;8184&#44;8185&#44;8186&#44;8188&#44;8189&#44;8190&#44;8191&#44;8192&#44;8193&#44;8194&#44;8196&#44;8197&#44;8201&#44;8202&#44;8203&#44;8205&#44;8207&#44;8208&#44;8209&#44;8210&#44;8211&#44;8213&#44;8215&#44;8218&#44;8219&#44;8220&#44;8221&#44;8222&#44;8223&#44;8224&#44;8225&#44;8226&#44;8227&#44;8228&#44;8236&#44;8237&#44;8238&#44;8239&#44;8241&#44;8242&#44;8243&#44;8244&#44;8245&#44;8246&#44;8247&#44;8248&#44;8250&#44;8251&#44;8252&#44;8253&#44;8254&#44;8256&#44;8257&#44;8259&#44;8261&#44;8262&#44;8263&#44;8264&#44;8265&#44;8266&#44;8267&#44;8268&#44;8269&#44;8270&#44;8271&#44;8272&#44;8273&#44;8274&#44;8275&#44;8276&#44;8277&#44;8278&#44;8279&#44;8280&#44;8281&#44;8282&#44;8283&#44;8284&#44;8285&#44;8286&#44;8287&#44;8288&#44;8289&#44;8290&#44;8291&#44;8292&#44;8293&#44;8294&#44;8295&#44;8296&#44;8297&#44;8298&#44;8299&#44;""",2/8/23,2/8/23,N
layouts,Bakery Tables,"""37&#44;77""",,2023,2/6/23,1-NewFolderStructure/C037_C077_Bakery_Tables/C37_77_Bakery_Tables_Effective_02062023_Updated_02172023/,_C37_77_Bakery_Tables_Effective_02062023_Updated_02172023.pdf,"""4944&#44;6317&#44;6434&#44;6673&#44;8130&#44;""",2/17/23,2/17/23,N
layouts,Bakery Bread Pods,"""37-5&#44;77-5""",,2023,2/6/23,1-NewFolderStructure/C037_C077_Bakery_Bread_Pods/C37_77_Bread_POD_Effective_02062023_Updated_02132023/,_C37_77_Bread_POD_Effective_02062023_Updated_02132023.pdf,"""4109&#44;4702&#44;4703&#44;4704&#44;4707&#44;4709&#44;4710&#44;4711&#44;4712&#44;4713&#44;4718&#44;4720&#44;4721&#44;4722&#44;4724&#44;4728&#44;4729&#44;4730&#44;4731&#44;4732&#44;4735&#44;4736&#44;4738&#44;4739&#44;4740&#44;4741&#44;4742&#44;4743&#44;4745&#44;4749&#44;4750&#44;4755&#44;4761&#44;4763&#44;4764&#44;4767&#44;4768&#44;4769&#44;4770&#44;4771&#44;4772&#44;4774&#44;4775&#44;4776&#44;4777&#44;4778&#44;4780&#44;4781&#44;4782&#44;4783&#44;4784&#44;4785&#44;4786&#44;4787&#44;4789&#44;4790&#44;4791&#44;4794&#44;4795&#44;4797&#44;4798&#44;4799&#44;4801&#44;4802&#44;4804&#44;4805&#44;4808&#44;4815&#44;4816&#44;4817&#44;4818&#44;4819&#44;4820&#44;4822&#44;4824&#44;4825&#44;4828&#44;4829&#44;4830&#44;4831&#44;4836&#44;4837&#44;4839&#44;4840&#44;4843&#44;4846&#44;4847&#44;4850&#44;4851&#44;4852&#44;4853&#44;4855&#44;4857&#44;4859&#44;4860&#44;4861&#44;4866&#44;4870&#44;4871&#44;4872&#44;4873&#44;4874&#44;4875&#44;4876&#44;4878&#44;4879&#44;4901&#44;4905&#44;4906&#44;4911&#44;4914&#44;4915&#44;4917&#44;4920&#44;4925&#44;4926&#44;4933&#44;4936&#44;4938&#44;4939&#44;4942&#44;4944&#44;4946&#44;4947&#44;4948&#44;4950&#44;4952&#44;4955&#44;4958&#44;4961&#44;4962&#44;4963&#44;4969&#44;4972&#44;4973&#44;4974&#44;4982&#44;4983&#44;4985&#44;4987&#44;4989&#44;4990&#44;4991&#44;4992&#44;4994&#44;4996&#44;4998&#44;4999&#44;6181&#44;6188&#44;6189&#44;6201&#44;6202&#44;6203&#44;6204&#44;6205&#44;6212&#44;6213&#44;6216&#44;6217&#44;6218&#44;6219&#44;6220&#44;6225&#44;6228&#44;6235&#44;6236&#44;6238&#44;6239&#44;6240&#44;6242&#44;6244&#44;6245&#44;6246&#44;6247&#44;6249&#44;6251&#44;6252&#44;6254&#44;6255&#44;6256&#44;6257&#44;6259&#44;6260&#44;6261&#44;6262&#44;6265&#44;6267&#44;6269&#44;6270&#44;6275&#44;6302&#44;6304&#44;6305&#44;6307&#44;6308&#44;6309&#44;6310&#44;6311&#44;6312&#44;6313&#44;6314&#44;6315&#44;6317&#44;6319&#44;6320&#44;6321&#44;6322&#44;6324&#44;6325&#44;6326&#44;6327&#44;6328&#44;6329&#44;6330&#44;6331&#44;6332&#44;6333&#44;6334&#44;6335&#44;6336&#44;6338&#44;6339&#44;6341&#44;6342&#44;6343&#44;6344&#44;6345&#44;6347&#44;6348&#44;6349&#44;6350&#44;6351&#44;6352&#44;6353&#44;6354&#44;6355&#44;6356&#44;6357&#44;6358&#44;6359&#44;6360&#44;6361&#44;6363&#44;6364&#44;6365&#44;6366&#44;6367&#44;6368&#44;6369&#44;6371&#44;6372&#44;6373&#44;6375&#44;6376&#44;6377&#44;6378&#44;6379&#44;6380&#44;6381&#44;6382&#44;6383&#44;6384&#44;6385&#44;6386&#44;6387&#44;6388&#44;6401&#44;6402&#44;6403&#44;6404&#44;6405&#44;6406&#44;6407&#44;6408&#44;6409&#44;6410&#44;6412&#44;6413&#44;6414&#44;6415&#44;6417&#44;6418&#44;6419&#44;6420&#44;6421&#44;6422&#44;6423&#44;6424&#44;6425&#44;6427&#44;6428&#44;6429&#44;6430&#44;6431&#44;6432&#44;6433&#44;6434&#44;6435&#44;6436&#44;6437&#44;6439&#44;6440&#44;6441&#44;6443&#44;6444&#44;6445&#44;6448&#44;6449&#44;6450&#44;6452&#44;6453&#44;6454&#44;6455&#44;6456&#44;6457&#44;6458&#44;6460&#44;6462&#44;6463&#44;6464&#44;6471&#44;6472&#44;6474&#44;6479&#44;6482&#44;6485&#44;6487&#44;6489&#44;6501&#44;6502&#44;6503&#44;6505&#44;6506&#44;6507&#44;6509&#44;6510&#44;6512&#44;6514&#44;6517&#44;6518&#44;6520&#44;6521&#44;6524&#44;6527&#44;6528&#44;6535&#44;6536&#44;6539&#44;6540&#44;6543&#44;6547&#44;6549&#44;6562&#44;6565&#44;6568&#44;6569&#44;6570&#44;6571&#44;6572&#44;6573&#44;6575&#44;6581&#44;6582&#44;6604&#44;6605&#44;6606&#44;6608&#44;6609&#44;6610&#44;6612&#44;6613&#44;6614&#44;6615&#44;6616&#44;6617&#44;6619&#44;6620&#44;6621&#44;6622&#44;6624&#44;6626&#44;6628&#44;6630&#44;6631&#44;6632&#44;6633&#44;6634&#44;6635&#44;6636&#44;6637&#44;6643&#44;6644&#44;6646&#44;6650&#44;6651&#44;6652&#44;6653&#44;6655&#44;6657&#44;6658&#44;6659&#44;6660&#44;6661&#44;6662&#44;6663&#44;6664&#44;6666&#44;6667&#44;6670&#44;6671&#44;6672&#44;6673&#44;6674&#44;6675&#44;6676&#44;6677&#44;6678&#44;6679&#44;6680&#44;6682&#44;6683&#44;6684&#44;6685&#44;6686&#44;6689&#44;6690&#44;6692&#44;6693&#44;6779&#44;6781&#44;6867&#44;6976&#44;6979&#44;7189&#44;7658&#44;7676&#44;8102&#44;8104&#44;8106&#44;8107&#44;8111&#44;8112&#44;8114&#44;8115&#44;8116&#44;8117&#44;8119&#44;8120&#44;8123&#44;8125&#44;8126&#44;8128&#44;8129&#44;8130&#44;8132&#44;8133&#44;8134&#44;8135&#44;8136&#44;8138&#44;8139&#44;8141&#44;8142&#44;8144&#44;8145&#44;8146&#44;8147&#44;8149&#44;8150&#44;8151&#44;8152&#44;8153&#44;8155&#44;8156&#44;8157&#44;8158&#44;8160&#44;8161&#44;8162&#44;8163&#44;8164&#44;8165&#44;8166&#44;8167&#44;8168&#44;8169&#44;8172&#44;8173&#44;8174&#44;8175&#44;8176&#44;8177&#44;8181&#44;8182&#44;8183&#44;8184&#44;8185&#44;8186&#44;8188&#44;8190&#44;8191&#44;8192&#44;8193&#44;8194&#44;8196&#44;8197&#44;8201&#44;8202&#44;8203&#44;8205&#44;8207&#44;8208&#44;8209&#44;8210&#44;8211&#44;8213&#44;8215&#44;8218&#44;8219&#44;8220&#44;8221&#44;8222&#44;8223&#44;8224&#44;8225&#44;8226&#44;8227&#44;8228&#44;8236&#44;8237&#44;8238&#44;8239&#44;8241&#44;8242&#44;8243&#44;8244&#44;8245&#44;8246&#44;8247&#44;8248&#44;8250&#44;8251&#44;8252&#44;8253&#44;8254&#44;8256&#44;8257&#44;8259&#44;8261&#44;8262&#44;8263&#44;8264&#44;8265&#44;8266&#44;8267&#44;8268&#44;8269&#44;8270&#44;8271&#44;8272&#44;8273&#44;8274&#44;8275&#44;8276&#44;8277&#44;8278&#44;8279&#44;8280&#44;8281&#44;8282&#44;8283&#44;8284&#44;8285&#44;8286&#44;8287&#44;8288&#44;8289&#44;8290&#44;8291&#44;8292&#44;8293&#44;8294&#44;8295&#44;8296&#44;8297&#44;8298&#44;8299&#44;""",2/17/23,2/13/23,N
layouts,Floral,56-3,,2023,2/17/23,1-NewFolderStructure/C056_Floral/C56_Floral_Eff_02172023/,_C56_Floral_Eff_02172023.pdf,"""4791&#44;6417&#44;""",2/17/23,2/17/23,N
layouts,Meat and Seafood,"""72&#44;76&#44;93""",,2023,2/6/23,1-NewFolderStructure/C076_C072_C093_Fresh_Meat_Seafood/C76_C93_Effective_02062023_Planogram_Updated_02172023/,_C76_C93_Effective_02062023_Planogram_Updated_02172023.pdf,"""8112&#44;8250&#44;6315&#44;""",2/17/23,2/17/23,N
layouts,Seafood,72-1,,2023,2/17/23,1-NewFolderStructure/C072_Seafood/C72_Seafood_Eff_02172023/,_C72_Seafood_Eff_02172023.pdf,"""4846&#44;8185&#44;""",2/17/23,2/17/23,N
layouts,Seafood,72-1,,2023,3/6/23,1-NewFolderStructure/C072_Seafood/C72_Seafood_Effective_03062023/,_C72_Seafood_Effective_03062023.pdf,"""4109&#44;4702&#44;4703&#44;4704&#44;4707&#44;4709&#44;4710&#44;4711&#44;4712&#44;4713&#44;4718&#44;4720&#44;4721&#44;4722&#44;4724&#44;4728&#44;4729&#44;4730&#44;4731&#44;4732&#44;4735&#44;4736&#44;4738&#44;4739&#44;4740&#44;4741&#44;4742&#44;4743&#44;4745&#44;4749&#44;4750&#44;4761&#44;4763&#44;4764&#44;4767&#44;4768&#44;4769&#44;4770&#44;4771&#44;4772&#44;4774&#44;4775&#44;4776&#44;4777&#44;4778&#44;4780&#44;4781&#44;4782&#44;4783&#44;4784&#44;4785&#44;4786&#44;4787&#44;4789&#44;4790&#44;4791&#44;4794&#44;4795&#44;4797&#44;4798&#44;4799&#44;4801&#44;4802&#44;4804&#44;4805&#44;4808&#44;4815&#44;4816&#44;4817&#44;4818&#44;4819&#44;4820&#44;4822&#44;4824&#44;4825&#44;4828&#44;4829&#44;4830&#44;4831&#44;4836&#44;4837&#44;4839&#44;4840&#44;4843&#44;4846&#44;4847&#44;4850&#44;4851&#44;4852&#44;4853&#44;4855&#44;4857&#44;4859&#44;4860&#44;4861&#44;4870&#44;4871&#44;4872&#44;4873&#44;4874&#44;4875&#44;4876&#44;4878&#44;4879&#44;4901&#44;4905&#44;4906&#44;4908&#44;4911&#44;4914&#44;4915&#44;4917&#44;4920&#44;4925&#44;4926&#44;4930&#44;4933&#44;4936&#44;4938&#44;4939&#44;4942&#44;4944&#44;4946&#44;4947&#44;4948&#44;4950&#44;4952&#44;4955&#44;4958&#44;4961&#44;4962&#44;4963&#44;4969&#44;4972&#44;4973&#44;4974&#44;4982&#44;4983&#44;4985&#44;4987&#44;4989&#44;4990&#44;4991&#44;4992&#44;4994&#44;4996&#44;4998&#44;4999&#44;6181&#44;6188&#44;6189&#44;6201&#44;6202&#44;6203&#44;6204&#44;6205&#44;6212&#44;6213&#44;6216&#44;6217&#44;6218&#44;6219&#44;6220&#44;6228&#44;6235&#44;6236&#44;6238&#44;6239&#44;6240&#44;6242&#44;6244&#44;6245&#44;6246&#44;6247&#44;6249&#44;6251&#44;6252&#44;6254&#44;6255&#44;6256&#44;6257&#44;6259&#44;6260&#44;6261&#44;6262&#44;6265&#44;6267&#44;6269&#44;6275&#44;6302&#44;6304&#44;6305&#44;6307&#44;6308&#44;6309&#44;6310&#44;6311&#44;6312&#44;6313&#44;6314&#44;6315&#44;6317&#44;6319&#44;6320&#44;6321&#44;6322&#44;6324&#44;6325&#44;6326&#44;6327&#44;6328&#44;6329&#44;6330&#44;6331&#44;6332&#44;6333&#44;6334&#44;6335&#44;6336&#44;6338&#44;6339&#44;6341&#44;6342&#44;6343&#44;6344&#44;6345&#44;6347&#44;6348&#44;6349&#44;6350&#44;6351&#44;6352&#44;6353&#44;6354&#44;6355&#44;6356&#44;6357&#44;6358&#44;6359&#44;6360&#44;6361&#44;6363&#44;6364&#44;6365&#44;6366&#44;6367&#44;6368&#44;6369&#44;6371&#44;6372&#44;6373&#44;6375&#44;6376&#44;6377&#44;6378&#44;6379&#44;6380&#44;6381&#44;6382&#44;6383&#44;6384&#44;6385&#44;6386&#44;6387&#44;6388&#44;6401&#44;6402&#44;6403&#44;6404&#44;6405&#44;6406&#44;6407&#44;6408&#44;6409&#44;6412&#44;6413&#44;6414&#44;6415&#44;6417&#44;6418&#44;6419&#44;6420&#44;6421&#44;6422&#44;6423&#44;6424&#44;6425&#44;6426&#44;6427&#44;6428&#44;6429&#44;6430&#44;6431&#44;6432&#44;6433&#44;6434&#44;6435&#44;6436&#44;6437&#44;6439&#44;6440&#44;6441&#44;6443&#44;6444&#44;6445&#44;6448&#44;6449&#44;6450&#44;6452&#44;6453&#44;6454&#44;6455&#44;6456&#44;6457&#44;6458&#44;6460&#44;6461&#44;6462&#44;6463&#44;6464&#44;6471&#44;6472&#44;6474&#44;6479&#44;6482&#44;6485&#44;6487&#44;6489&#44;6501&#44;6502&#44;6503&#44;6505&#44;6506&#44;6507&#44;6509&#44;6510&#44;6512&#44;6514&#44;6517&#44;6518&#44;6520&#44;6521&#44;6524&#44;6527&#44;6528&#44;6533&#44;6535&#44;6536&#44;6539&#44;6540&#44;6547&#44;6549&#44;6556&#44;6562&#44;6565&#44;6567&#44;6568&#44;6569&#44;6570&#44;6571&#44;6572&#44;6573&#44;6575&#44;6581&#44;6582&#44;6604&#44;6605&#44;6606&#44;6608&#44;6609&#44;6610&#44;6612&#44;6613&#44;6614&#44;6615&#44;6616&#44;6617&#44;6619&#44;6620&#44;6621&#44;6622&#44;6624&#44;6626&#44;6628&#44;6630&#44;6631&#44;6632&#44;6633&#44;6634&#44;6635&#44;6636&#44;6637&#44;6643&#44;6644&#44;6646&#44;6650&#44;6651&#44;6652&#44;6653&#44;6655&#44;6657&#44;6658&#44;6659&#44;6660&#44;6661&#44;6662&#44;6663&#44;6664&#44;6666&#44;6667&#44;6670&#44;6671&#44;6672&#44;6673&#44;6674&#44;6675&#44;6676&#44;6677&#44;6678&#44;6679&#44;6682&#44;6683&#44;6684&#44;6685&#44;6686&#44;6692&#44;6693&#44;6779&#44;6781&#44;6867&#44;6976&#44;6979&#44;7189&#44;7658&#44;7676&#44;8102&#44;8104&#44;8106&#44;8107&#44;8111&#44;8112&#44;8114&#44;8115&#44;8116&#44;8117&#44;8119&#44;8120&#44;8123&#44;8125&#44;8126&#44;8128&#44;8129&#44;8130&#44;8132&#44;8133&#44;8134&#44;8135&#44;8136&#44;8138&#44;8139&#44;8141&#44;8142&#44;8144&#44;8145&#44;8146&#44;8147&#44;8149&#44;8150&#44;8151&#44;8152&#44;8153&#44;8155&#44;8156&#44;8157&#44;8158&#44;8160&#44;8161&#44;8162&#44;8163&#44;8164&#44;8165&#44;8166&#44;8167&#44;8168&#44;8169&#44;8172&#44;8173&#44;8174&#44;8175&#44;8176&#44;8177&#44;8180&#44;8181&#44;8182&#44;8183&#44;8184&#44;8185&#44;8186&#44;8188&#44;8189&#44;8190&#44;8191&#44;8192&#44;8193&#44;8194&#44;8196&#44;8197&#44;8201&#44;8202&#44;8203&#44;8205&#44;8207&#44;8208&#44;8209&#44;8210&#44;8211&#44;8213&#44;8215&#44;8218&#44;8219&#44;8220&#44;8221&#44;8222&#44;8223&#44;8224&#44;8225&#44;8226&#44;8227&#44;8228&#44;8236&#44;8237&#44;8238&#44;8239&#44;8241&#44;8242&#44;8243&#44;8244&#44;8245&#44;8246&#44;8247&#44;8248&#44;8250&#44;8251&#44;8252&#44;8253&#44;8254&#44;8256&#44;8257&#44;8259&#44;8261&#44;8262&#44;8263&#44;8264&#44;8265&#44;8266&#44;8267&#44;8268&#44;8269&#44;8270&#44;8271&#44;8272&#44;8273&#44;8274&#44;8275&#44;8276&#44;8277&#44;8278&#44;8279&#44;8280&#44;8281&#44;8282&#44;8283&#44;8284&#44;8285&#44;8286&#44;8287&#44;8288&#44;8289&#44;8290&#44;8291&#44;8292&#44;8293&#44;8294&#44;8295&#44;8296&#44;8297&#44;8298&#44;8299&#44;""",2/17/23,2/17/23,N
layouts,Seafood Island,72-2,,2023,3/6/23,1-NewFolderStructure/C072_Seafood_Island/C72_SeafoodIsland_Effective_03062023/,_C72_SeafoodIsland_Effective_03062023.pdf,"""4707&#44;4711&#44;4713&#44;4740&#44;4742&#44;4775&#44;4783&#44;4789&#44;4790&#44;4804&#44;4808&#44;4855&#44;4905&#44;4925&#44;4969&#44;4983&#44;4985&#44;4998&#44;6239&#44;6242&#44;6249&#44;6251&#44;6254&#44;6262&#44;6265&#44;6309&#44;6312&#44;6317&#44;6320&#44;6344&#44;6348&#44;6354&#44;6360&#44;6361&#44;6414&#44;6415&#44;6457&#44;6520&#44;6565&#44;6604&#44;6619&#44;6636&#44;6644&#44;6653&#44;6662&#44;6666&#44;6674&#44;6692&#44;6781&#44;8106&#44;8114&#44;8115&#44;8123&#44;8139&#44;8149&#44;8165&#44;8168&#44;8181&#44;8183&#44;8201&#44;8209&#44;8225&#44;8236&#44;8238&#44;8246&#44;8269&#44;8293&#44;8299&#44;""",2/17/23,2/17/23,N
layouts,Sushi,79,,2023,2/17/23,1-NewFolderStructure/C079_Sushi/C79_Sushi_Eff_02172023/,_C79_Sushi_Eff_02172023.pdf,"""4109&#44;4703&#44;4704&#44;4707&#44;4709&#44;4710&#44;4712&#44;4713&#44;4720&#44;4724&#44;4729&#44;4730&#44;4732&#44;4736&#44;4738&#44;4739&#44;4740&#44;4742&#44;4745&#44;4750&#44;4755&#44;4761&#44;4764&#44;4767&#44;4768&#44;4770&#44;4775&#44;4781&#44;4783&#44;4784&#44;4786&#44;4787&#44;4789&#44;4790&#44;4791&#44;4797&#44;4799&#44;4802&#44;4804&#44;4805&#44;4808&#44;4815&#44;4818&#44;4819&#44;4820&#44;4822&#44;4824&#44;4829&#44;4830&#44;4836&#44;4837&#44;4846&#44;4847&#44;4853&#44;4855&#44;4859&#44;4860&#44;4870&#44;4871&#44;4873&#44;4874&#44;4875&#44;4876&#44;4878&#44;4879&#44;4905&#44;4906&#44;4911&#44;4920&#44;4933&#44;4938&#44;4948&#44;4952&#44;4955&#44;4958&#44;4969&#44;4982&#44;4983&#44;4985&#44;4990&#44;4992&#44;6204&#44;6205&#44;6219&#44;6220&#44;6228&#44;6235&#44;6239&#44;6240&#44;6244&#44;6246&#44;6247&#44;6249&#44;6251&#44;6252&#44;6255&#44;6257&#44;6261&#44;6265&#44;6267&#44;6269&#44;6275&#44;6308&#44;6309&#44;6312&#44;6313&#44;6320&#44;6321&#44;6325&#44;6326&#44;6329&#44;6330&#44;6331&#44;6332&#44;6335&#44;6336&#44;6339&#44;6344&#44;6345&#44;6346&#44;6350&#44;6351&#44;6353&#44;6354&#44;6356&#44;6357&#44;6358&#44;6367&#44;6372&#44;6373&#44;6376&#44;6380&#44;6383&#44;6384&#44;6402&#44;6406&#44;6408&#44;6410&#44;6413&#44;6415&#44;6418&#44;6419&#44;6421&#44;6422&#44;6424&#44;6425&#44;6427&#44;6430&#44;6431&#44;6432&#44;6433&#44;6434&#44;6436&#44;6439&#44;6440&#44;6455&#44;6458&#44;6460&#44;6464&#44;6471&#44;6474&#44;6482&#44;6485&#44;6489&#44;6501&#44;6502&#44;6503&#44;6510&#44;6514&#44;6518&#44;6527&#44;6535&#44;6556&#44;6582&#44;6606&#44;6634&#44;6671&#44;6673&#44;6680&#44;7658&#44;8125&#44;8134&#44;8150&#44;8151&#44;8167&#44;8180&#44;8184&#44;8185&#44;8186&#44;8188&#44;8189&#44;8192&#44;8202&#44;8220&#44;8226&#44;8252&#44;8256&#44;8281&#44;8286&#44;""",2/17/23,2/17/23,N
layouts,Bakery Tables,"""37&#44;77""",,2023,3/6/23,1-NewFolderStructure/C037_C077_Bakery_Tables/C37_77_Bakery_Tables_Effective_03062023_Updated_02242023/,_C37_77_Bakery_Tables_Effective_03062023_Updated_02242023.pdf,"""4109&#44;4702&#44;4703&#44;4704&#44;4707&#44;4709&#44;4710&#44;4711&#44;4712&#44;4713&#44;4718&#44;4720&#44;4721&#44;4722&#44;4724&#44;4728&#44;4729&#44;4730&#44;4731&#44;4732&#44;4735&#44;4736&#44;4738&#44;4739&#44;4740&#44;4741&#44;4742&#44;4743&#44;4745&#44;4749&#44;4750&#44;4755&#44;4761&#44;4763&#44;4764&#44;4767&#44;4768&#44;4769&#44;4770&#44;4771&#44;4772&#44;4774&#44;4775&#44;4776&#44;4777&#44;4778&#44;4780&#44;4781&#44;4782&#44;4783&#44;4784&#44;4785&#44;4786&#44;4787&#44;4789&#44;4790&#44;4791&#44;4794&#44;4797&#44;4798&#44;4799&#44;4801&#44;4802&#44;4804&#44;4805&#44;4808&#44;4815&#44;4816&#44;4817&#44;4818&#44;4819&#44;4820&#44;4822&#44;4824&#44;4825&#44;4828&#44;4829&#44;4830&#44;4831&#44;4836&#44;4837&#44;4839&#44;4840&#44;4843&#44;4846&#44;4847&#44;4850&#44;4851&#44;4852&#44;4853&#44;4855&#44;4857&#44;4859&#44;4860&#44;4861&#44;4866&#44;4870&#44;4871&#44;4872&#44;4873&#44;4874&#44;4875&#44;4876&#44;4878&#44;4879&#44;4901&#44;4905&#44;4906&#44;4911&#44;4914&#44;4915&#44;4917&#44;4920&#44;4925&#44;4926&#44;4933&#44;4936&#44;4938&#44;4939&#44;4942&#44;4944&#44;4946&#44;4947&#44;4948&#44;4948&#44;4950&#44;4952&#44;4955&#44;4958&#44;4961&#44;4962&#44;4963&#44;4969&#44;4972&#44;4973&#44;4974&#44;4982&#44;4983&#44;4985&#44;4987&#44;4989&#44;4990&#44;4991&#44;4992&#44;4994&#44;4996&#44;4998&#44;4999&#44;6181&#44;6188&#44;6189&#44;6201&#44;6202&#44;6203&#44;6204&#44;6205&#44;6212&#44;6213&#44;6216&#44;6217&#44;6218&#44;6219&#44;6220&#44;6225&#44;6228&#44;6235&#44;6236&#44;6238&#44;6239&#44;6240&#44;6242&#44;6244&#44;6245&#44;6246&#44;6247&#44;6249&#44;6251&#44;6252&#44;6254&#44;6255&#44;6256&#44;6257&#44;6259&#44;6260&#44;6260&#44;6261&#44;6262&#44;6265&#44;6267&#44;6269&#44;6270&#44;6275&#44;6302&#44;6304&#44;6305&#44;6307&#44;6308&#44;6309&#44;6310&#44;6311&#44;6312&#44;6313&#44;6314&#44;6315&#44;6317&#44;6319&#44;6320&#44;6321&#44;6322&#44;6324&#44;6325&#44;6326&#44;6327&#44;6328&#44;6329&#44;6330&#44;6331&#44;6332&#44;6333&#44;6334&#44;6335&#44;6336&#44;6338&#44;6339&#44;6341&#44;6342&#44;6342&#44;6343&#44;6344&#44;6345&#44;6347&#44;6348&#44;6349&#44;6350&#44;6351&#44;6352&#44;6353&#44;6354&#44;6355&#44;6356&#44;6357&#44;6358&#44;6359&#44;6360&#44;6361&#44;6363&#44;6364&#44;6365&#44;6366&#44;6367&#44;6368&#44;6369&#44;6371&#44;6372&#44;6373&#44;6375&#44;6376&#44;6377&#44;6378&#44;6379&#44;6380&#44;6381&#44;6382&#44;6383&#44;6384&#44;6385&#44;6386&#44;6387&#44;6388&#44;6401&#44;6402&#44;6403&#44;6404&#44;6405&#44;6406&#44;6407&#44;6408&#44;6409&#44;6410&#44;6412&#44;6413&#44;6414&#44;6415&#44;6417&#44;6418&#44;6419&#44;6420&#44;6421&#44;6422&#44;6423&#44;6424&#44;6425&#44;6426&#44;6427&#44;6428&#44;6429&#44;6430&#44;6431&#44;6432&#44;6433&#44;6434&#44;6435&#44;6436&#44;6437&#44;6439&#44;6440&#44;6441&#44;6443&#44;6444&#44;6445&#44;6448&#44;6449&#44;6450&#44;6452&#44;6453&#44;6454&#44;6455&#44;6456&#44;6457&#44;6458&#44;6460&#44;6462&#44;6463&#44;6464&#44;6471&#44;6472&#44;6474&#44;6479&#44;6482&#44;6485&#44;6487&#44;6489&#44;6501&#44;6502&#44;6503&#44;6505&#44;6505&#44;6506&#44;6507&#44;6509&#44;6510&#44;6512&#44;6514&#44;6517&#44;6518&#44;6520&#44;6521&#44;6524&#44;6527&#44;6528&#44;6535&#44;6536&#44;6539&#44;6540&#44;6543&#44;6547&#44;6549&#44;6562&#44;6565&#44;6568&#44;6569&#44;6570&#44;6571&#44;6572&#44;6573&#44;6575&#44;6581&#44;6582&#44;6604&#44;6605&#44;6606&#44;6608&#44;6609&#44;6610&#44;6612&#44;6613&#44;6614&#44;6615&#44;6616&#44;6617&#44;6619&#44;6620&#44;6621&#44;6622&#44;6624&#44;6626&#44;6628&#44;6630&#44;6631&#44;6632&#44;6633&#44;6634&#44;6635&#44;6636&#44;6637&#44;6643&#44;6644&#44;6646&#44;6650&#44;6651&#44;6652&#44;6653&#44;6655&#44;6657&#44;6658&#44;6659&#44;6660&#44;6661&#44;6662&#44;6663&#44;6664&#44;6666&#44;6667&#44;6670&#44;6671&#44;6672&#44;6673&#44;6674&#44;6675&#44;6676&#44;6677&#44;6678&#44;6679&#44;6680&#44;6682&#44;6683&#44;6684&#44;6685&#44;6686&#44;6689&#44;6690&#44;6692&#44;6693&#44;6779&#44;6781&#44;6867&#44;6976&#44;6979&#44;7189&#44;7658&#44;7676&#44;8102&#44;8104&#44;8106&#44;8107&#44;8111&#44;8112&#44;8114&#44;8115&#44;8116&#44;8117&#44;8119&#44;8120&#44;8120&#44;8123&#44;8125&#44;8126&#44;8128&#44;8129&#44;8130&#44;8132&#44;8133&#44;8134&#44;8135&#44;8136&#44;8138&#44;8139&#44;8141&#44;8142&#44;8144&#44;8145&#44;8146&#44;8147&#44;8149&#44;8150&#44;8151&#44;8152&#44;8153&#44;8155&#44;8156&#44;8157&#44;8158&#44;8160&#44;8161&#44;8162&#44;8163&#44;8164&#44;8165&#44;8166&#44;8167&#44;8168&#44;8169&#44;8172&#44;8173&#44;8174&#44;8175&#44;8176&#44;8177&#44;8177&#44;8181&#44;8182&#44;8183&#44;8184&#44;8185&#44;8186&#44;8188&#44;8189&#44;8190&#44;8191&#44;8192&#44;8193&#44;8194&#44;8196&#44;8196&#44;8197&#44;8201&#44;8202&#44;8203&#44;8205&#44;8207&#44;8208&#44;8209&#44;8210&#44;8211&#44;8213&#44;8215&#44;8218&#44;8219&#44;8220&#44;8221&#44;8222&#44;8223&#44;8224&#44;8225&#44;8226&#44;8227&#44;8228&#44;8236&#44;8237&#44;8237&#44;8238&#44;8239&#44;8241&#44;8242&#44;8243&#44;8244&#44;8245&#44;8246&#44;8247&#44;8248&#44;8250&#44;8251&#44;8252&#44;8252&#44;8253&#44;8254&#44;8256&#44;8257&#44;8259&#44;8261&#44;8262&#44;8263&#44;8264&#44;8265&#44;8266&#44;8267&#44;8268&#44;8269&#44;8270&#44;8271&#44;8272&#44;8273&#44;8274&#44;8275&#44;8276&#44;8277&#44;8278&#44;8279&#44;8280&#44;8281&#44;8282&#44;8283&#44;8284&#44;8285&#44;8286&#44;8287&#44;8288&#44;8289&#44;8290&#44;8291&#44;8292&#44;8293&#44;8294&#44;8295&#44;8296&#44;8297&#44;8298&#44;8299&#44;""",3/1/23,3/1/23,N
layouts,Bakery Bread Pods,"""37-5&#44;77-5""",,2023,3/6/23,1-NewFolderStructure/C037_C077_Bakery_Bread_Pods/C37_77_Bread_POD_Effective_03062023_Updated_02242023/,_C37_77_Bread_POD_Effective_03062023_Updated_02242023.pdf,"""4109&#44;4702&#44;4703&#44;4704&#44;4707&#44;4709&#44;4710&#44;4711&#44;4712&#44;4713&#44;4718&#44;4720&#44;4721&#44;4722&#44;4724&#44;4728&#44;4729&#44;4730&#44;4731&#44;4732&#44;4735&#44;4736&#44;4738&#44;4739&#44;4740&#44;4741&#44;4742&#44;4743&#44;4745&#44;4749&#44;4750&#44;4755&#44;4761&#44;4763&#44;4764&#44;4767&#44;4768&#44;4769&#44;4770&#44;4771&#44;4772&#44;4774&#44;4775&#44;4776&#44;4777&#44;4778&#44;4780&#44;4781&#44;4782&#44;4783&#44;4784&#44;4785&#44;4786&#44;4787&#44;4789&#44;4790&#44;4791&#44;4794&#44;4797&#44;4798&#44;4799&#44;4801&#44;4802&#44;4804&#44;4805&#44;4808&#44;4815&#44;4816&#44;4817&#44;4818&#44;4819&#44;4820&#44;4822&#44;4824&#44;4825&#44;4828&#44;4829&#44;4830&#44;4831&#44;4836&#44;4837&#44;4839&#44;4840&#44;4843&#44;4846&#44;4847&#44;4850&#44;4851&#44;4852&#44;4853&#44;4855&#44;4857&#44;4859&#44;4860&#44;4861&#44;4866&#44;4870&#44;4871&#44;4872&#44;4873&#44;4874&#44;4875&#44;4876&#44;4878&#44;4879&#44;4901&#44;4905&#44;4906&#44;4911&#44;4914&#44;4915&#44;4917&#44;4920&#44;4925&#44;4926&#44;4933&#44;4936&#44;4938&#44;4939&#44;4942&#44;4944&#44;4946&#44;4947&#44;4948&#44;4948&#44;4950&#44;4952&#44;4955&#44;4958&#44;4961&#44;4962&#44;4963&#44;4969&#44;4972&#44;4973&#44;4974&#44;4982&#44;4983&#44;4985&#44;4987&#44;4989&#44;4990&#44;4991&#44;4992&#44;4994&#44;4996&#44;4998&#44;4999&#44;6181&#44;6188&#44;6189&#44;6201&#44;6202&#44;6203&#44;6204&#44;6205&#44;6212&#44;6213&#44;6216&#44;6217&#44;6218&#44;6219&#44;6220&#44;6225&#44;6228&#44;6235&#44;6236&#44;6238&#44;6239&#44;6240&#44;6242&#44;6244&#44;6245&#44;6246&#44;6247&#44;6249&#44;6251&#44;6252&#44;6254&#44;6255&#44;6256&#44;6257&#44;6259&#44;6260&#44;6260&#44;6261&#44;6262&#44;6265&#44;6267&#44;6269&#44;6270&#44;6275&#44;6302&#44;6304&#44;6305&#44;6307&#44;6308&#44;6309&#44;6310&#44;6311&#44;6312&#44;6313&#44;6314&#44;6315&#44;6317&#44;6319&#44;6320&#44;6321&#44;6322&#44;6324&#44;6325&#44;6326&#44;6327&#44;6328&#44;6329&#44;6330&#44;6331&#44;6332&#44;6333&#44;6334&#44;6335&#44;6336&#44;6338&#44;6339&#44;6341&#44;6342&#44;6342&#44;6343&#44;6344&#44;6345&#44;6347&#44;6348&#44;6349&#44;6350&#44;6351&#44;6352&#44;6353&#44;6354&#44;6355&#44;6356&#44;6357&#44;6358&#44;6359&#44;6360&#44;6361&#44;6363&#44;6364&#44;6365&#44;6366&#44;6367&#44;6368&#44;6369&#44;6371&#44;6372&#44;6373&#44;6375&#44;6376&#44;6377&#44;6378&#44;6379&#44;6380&#44;6381&#44;6382&#44;6383&#44;6384&#44;6385&#44;6386&#44;6387&#44;6388&#44;6401&#44;6402&#44;6403&#44;6404&#44;6405&#44;6406&#44;6407&#44;6408&#44;6409&#44;6410&#44;6412&#44;6413&#44;6414&#44;6415&#44;6417&#44;6418&#44;6419&#44;6420&#44;6421&#44;6422&#44;6423&#44;6424&#44;6425&#44;6427&#44;6428&#44;6429&#44;6430&#44;6431&#44;6432&#44;6433&#44;6434&#44;6435&#44;6436&#44;6437&#44;6439&#44;6440&#44;6441&#44;6443&#44;6444&#44;6445&#44;6448&#44;6449&#44;6450&#44;6452&#44;6453&#44;6454&#44;6455&#44;6456&#44;6457&#44;6458&#44;6460&#44;6462&#44;6463&#44;6464&#44;6471&#44;6472&#44;6474&#44;6479&#44;6482&#44;6485&#44;6487&#44;6489&#44;6501&#44;6502&#44;6503&#44;6505&#44;6505&#44;6506&#44;6507&#44;6509&#44;6510&#44;6512&#44;6514&#44;6517&#44;6518&#44;6520&#44;6521&#44;6524&#44;6527&#44;6528&#44;6535&#44;6536&#44;6539&#44;6540&#44;6543&#44;6547&#44;6549&#44;6562&#44;6565&#44;6568&#44;6569&#44;6570&#44;6571&#44;6572&#44;6573&#44;6575&#44;6581&#44;6582&#44;6604&#44;6605&#44;6606&#44;6608&#44;6609&#44;6610&#44;6612&#44;6613&#44;6614&#44;6615&#44;6616&#44;6617&#44;6619&#44;6620&#44;6621&#44;6622&#44;6624&#44;6626&#44;6628&#44;6630&#44;6631&#44;6632&#44;6633&#44;6634&#44;6635&#44;6636&#44;6637&#44;6643&#44;6644&#44;6646&#44;6650&#44;6651&#44;6652&#44;6653&#44;6655&#44;6657&#44;6658&#44;6659&#44;6660&#44;6661&#44;6662&#44;6663&#44;6664&#44;6666&#44;6667&#44;6670&#44;6671&#44;6672&#44;6673&#44;6674&#44;6675&#44;6676&#44;6677&#44;6678&#44;6679&#44;6680&#44;6682&#44;6683&#44;6684&#44;6685&#44;6686&#44;6689&#44;6690&#44;6692&#44;6693&#44;6779&#44;6781&#44;6867&#44;6976&#44;6979&#44;7189&#44;7658&#44;7676&#44;8102&#44;8104&#44;8106&#44;8107&#44;8111&#44;8112&#44;8114&#44;8115&#44;8116&#44;8117&#44;8119&#44;8120&#44;8120&#44;8123&#44;8125&#44;8126&#44;8128&#44;8129&#44;8130&#44;8132&#44;8133&#44;8134&#44;8135&#44;8136&#44;8138&#44;8139&#44;8141&#44;8142&#44;8144&#44;8145&#44;8146&#44;8147&#44;8149&#44;8150&#44;8151&#44;8152&#44;8153&#44;8155&#44;8156&#44;8157&#44;8158&#44;8160&#44;8161&#44;8162&#44;8163&#44;8164&#44;8165&#44;8166&#44;8167&#44;8168&#44;8169&#44;8172&#44;8173&#44;8174&#44;8175&#44;8176&#44;8177&#44;8177&#44;8181&#44;8182&#44;8183&#44;8184&#44;8185&#44;8186&#44;8188&#44;8190&#44;8191&#44;8192&#44;8193&#44;8194&#44;8196&#44;8196&#44;8197&#44;8201&#44;8202&#44;8203&#44;8205&#44;8207&#44;8208&#44;8209&#44;8210&#44;8211&#44;8213&#44;8215&#44;8218&#44;8219&#44;8220&#44;8221&#44;8222&#44;8223&#44;8224&#44;8225&#44;8226&#44;8227&#44;8228&#44;8236&#44;8237&#44;8237&#44;8238&#44;8239&#44;8241&#44;8242&#44;8243&#44;8244&#44;8245&#44;8246&#44;8247&#44;8248&#44;8250&#44;8251&#44;8252&#44;8252&#44;8253&#44;8254&#44;8256&#44;8257&#44;8259&#44;8261&#44;8262&#44;8263&#44;8264&#44;8265&#44;8266&#44;8267&#44;8268&#44;8269&#44;8270&#44;8271&#44;8272&#44;8273&#44;8274&#44;8275&#44;8276&#44;8277&#44;8278&#44;8279&#44;8280&#44;8281&#44;8282&#44;8283&#44;8284&#44;8285&#44;8286&#44;8287&#44;8288&#44;8289&#44;8290&#44;8291&#44;8292&#44;8293&#44;8294&#44;8295&#44;8296&#44;8297&#44;8298&#44;8299&#44;""",3/1/23,3/1/23,N
layouts,Bakery Pallets,"""37-4&#44;77-4""",,2023,3/6/23,1-NewFolderStructure/C037_C077_Bakery_Pallets/C37_77_Bakery_Pallets_Effective_03062023_Updated_02172023/,_C37_77_Bakery_Pallets_Effective_03062023_Updated_02172023.pdf,"""4948&#44;6260&#44;6342&#44;6505&#44;8120&#44;8237&#44;8252&#44;""",3/1/23,3/1/23,N
layouts,Meat and Seafood,"""72&#44;76&#44;93""",,2023,3/6/23,1-NewFolderStructure/C076_C072_C093_Fresh_Meat_Seafood/C76_C93_Effective_03062023_Planogram_Updated_02202023/,_C76_C93_Effective_03062023_Planogram_Updated_02202023.pdf,"""4109&#44;4702&#44;4703&#44;4704&#44;4707&#44;4709&#44;4710&#44;4711&#44;4712&#44;4713&#44;4718&#44;4720&#44;4721&#44;4722&#44;4724&#44;4728&#44;4729&#44;4730&#44;4731&#44;4732&#44;4735&#44;4736&#44;4738&#44;4739&#44;4740&#44;4741&#44;4742&#44;4743&#44;4745&#44;4749&#44;4750&#44;4755&#44;4761&#44;4763&#44;4764&#44;4767&#44;4768&#44;4769&#44;4770&#44;4771&#44;4772&#44;4774&#44;4775&#44;4776&#44;4777&#44;4778&#44;4780&#44;4781&#44;4782&#44;4783&#44;4784&#44;4785&#44;4786&#44;4787&#44;4789&#44;4790&#44;4791&#44;4794&#44;4795&#44;4797&#44;4798&#44;4799&#44;4801&#44;4802&#44;4804&#44;4805&#44;4808&#44;4815&#44;4816&#44;4817&#44;4818&#44;4819&#44;4820&#44;4822&#44;4824&#44;4825&#44;4828&#44;4829&#44;4830&#44;4831&#44;4836&#44;4837&#44;4839&#44;4840&#44;4843&#44;4846&#44;4847&#44;4850&#44;4851&#44;4852&#44;4853&#44;4855&#44;4857&#44;4859&#44;4860&#44;4861&#44;4866&#44;4870&#44;4871&#44;4872&#44;4873&#44;4874&#44;4875&#44;4876&#44;4878&#44;4879&#44;4901&#44;4905&#44;4906&#44;4908&#44;4911&#44;4914&#44;4915&#44;4917&#44;4920&#44;4925&#44;4926&#44;4930&#44;4933&#44;4936&#44;4938&#44;4939&#44;4942&#44;4944&#44;4946&#44;4947&#44;4948&#44;4950&#44;4952&#44;4955&#44;4958&#44;4961&#44;4962&#44;4963&#44;4969&#44;4972&#44;4973&#44;4974&#44;4982&#44;4983&#44;4985&#44;4987&#44;4989&#44;4990&#44;4991&#44;4992&#44;4994&#44;4996&#44;4998&#44;4999&#44;6181&#44;6188&#44;6189&#44;6201&#44;6202&#44;6203&#44;6204&#44;6205&#44;6212&#44;6213&#44;6216&#44;6217&#44;6218&#44;6219&#44;6220&#44;6225&#44;6228&#44;6235&#44;6236&#44;6238&#44;6239&#44;6240&#44;6242&#44;6244&#44;6245&#44;6246&#44;6247&#44;6249&#44;6251&#44;6252&#44;6254&#44;6255&#44;6256&#44;6257&#44;6259&#44;6260&#44;6261&#44;6262&#44;6265&#44;6267&#44;6269&#44;6270&#44;6275&#44;6302&#44;6304&#44;6305&#44;6307&#44;6308&#44;6309&#44;6310&#44;6311&#44;6312&#44;6313&#44;6314&#44;6315&#44;6317&#44;6319&#44;6320&#44;6321&#44;6322&#44;6324&#44;6325&#44;6326&#44;6327&#44;6328&#44;6329&#44;6330&#44;6331&#44;6332&#44;6333&#44;6334&#44;6335&#44;6336&#44;6338&#44;6339&#44;6341&#44;6342&#44;6343&#44;6344&#44;6345&#44;6347&#44;6348&#44;6349&#44;6350&#44;6351&#44;6352&#44;6353&#44;6354&#44;6355&#44;6356&#44;6357&#44;6358&#44;6359&#44;6360&#44;6361&#44;6363&#44;6364&#44;6365&#44;6366&#44;6367&#44;6368&#44;6369&#44;6371&#44;6372&#44;6373&#44;6375&#44;6376&#44;6377&#44;6378&#44;6379&#44;6380&#44;6381&#44;6382&#44;6383&#44;6384&#44;6385&#44;6386&#44;6387&#44;6388&#44;6401&#44;6402&#44;6403&#44;6404&#44;6405&#44;6406&#44;6407&#44;6408&#44;6409&#44;6410&#44;6412&#44;6413&#44;6414&#44;6415&#44;6417&#44;6418&#44;6419&#44;6420&#44;6421&#44;6422&#44;6423&#44;6424&#44;6425&#44;6426&#44;6427&#44;6428&#44;6429&#44;6430&#44;6431&#44;6432&#44;6433&#44;6434&#44;6435&#44;6436&#44;6437&#44;6439&#44;6440&#44;6441&#44;6443&#44;6444&#44;6445&#44;6448&#44;6449&#44;6450&#44;6452&#44;6453&#44;6454&#44;6455&#44;6456&#44;6457&#44;6458&#44;6460&#44;6461&#44;6462&#44;6463&#44;6464&#44;6471&#44;6472&#44;6474&#44;6479&#44;6482&#44;6485&#44;6487&#44;6489&#44;6501&#44;6502&#44;6503&#44;6505&#44;6506&#44;6507&#44;6509&#44;6510&#44;6512&#44;6514&#44;6517&#44;6518&#44;6520&#44;6521&#44;6524&#44;6527&#44;6528&#44;6533&#44;6535&#44;6536&#44;6539&#44;6540&#44;6543&#44;6547&#44;6549&#44;6556&#44;6562&#44;6565&#44;6567&#44;6568&#44;6569&#44;6570&#44;6571&#44;6572&#44;6573&#44;6575&#44;6581&#44;6582&#44;6604&#44;6605&#44;6606&#44;6608&#44;6609&#44;6610&#44;6612&#44;6613&#44;6614&#44;6615&#44;6616&#44;6617&#44;6619&#44;6620&#44;6621&#44;6622&#44;6624&#44;6626&#44;6628&#44;6630&#44;6631&#44;6632&#44;6633&#44;6634&#44;6635&#44;6636&#44;6637&#44;6643&#44;6644&#44;6646&#44;6650&#44;6651&#44;6652&#44;6653&#44;6655&#44;6657&#44;6658&#44;6659&#44;6660&#44;6661&#44;6662&#44;6663&#44;6664&#44;6666&#44;6667&#44;6670&#44;6671&#44;6672&#44;6673&#44;6674&#44;6675&#44;6676&#44;6677&#44;6678&#44;6679&#44;6680&#44;6682&#44;6683&#44;6684&#44;6685&#44;6686&#44;6689&#44;6690&#44;6692&#44;6693&#44;6779&#44;6781&#44;6867&#44;6976&#44;6979&#44;7189&#44;7658&#44;7676&#44;8102&#44;8104&#44;8106&#44;8107&#44;8111&#44;8112&#44;8114&#44;8115&#44;8116&#44;8117&#44;8119&#44;8120&#44;8123&#44;8125&#44;8126&#44;8128&#44;8129&#44;8130&#44;8132&#44;8133&#44;8134&#44;8135&#44;8136&#44;8138&#44;8139&#44;8141&#44;8142&#44;8144&#44;8145&#44;8146&#44;8147&#44;8149&#44;8150&#44;8151&#44;8152&#44;8153&#44;8155&#44;8156&#44;8157&#44;8158&#44;8160&#44;8161&#44;8162&#44;8163&#44;8164&#44;8165&#44;8166&#44;8167&#44;8168&#44;8169&#44;8172&#44;8173&#44;8174&#44;8175&#44;8176&#44;8177&#44;8180&#44;8181&#44;8182&#44;8183&#44;8184&#44;8185&#44;8186&#44;8188&#44;8189&#44;8190&#44;8191&#44;8192&#44;8193&#44;8194&#44;8196&#44;8197&#44;8201&#44;8202&#44;8203&#44;8205&#44;8207&#44;8208&#44;8209&#44;8210&#44;8211&#44;8213&#44;8215&#44;8218&#44;8219&#44;8220&#44;8221&#44;8222&#44;8223&#44;8224&#44;8225&#44;8226&#44;8227&#44;8228&#44;8236&#44;8237&#44;8238&#44;8239&#44;8241&#44;8242&#44;8243&#44;8244&#44;8245&#44;8246&#44;8247&#44;8248&#44;8250&#44;8251&#44;8252&#44;8253&#44;8254&#44;8256&#44;8257&#44;8259&#44;8261&#44;8262&#44;8263&#44;8264&#44;8265&#44;8266&#44;8267&#44;8268&#44;8269&#44;8270&#44;8271&#44;8272&#44;8273&#44;8274&#44;8275&#44;8276&#44;8277&#44;8278&#44;8279&#44;8280&#44;8281&#44;8282&#44;8283&#44;8284&#44;8285&#44;8286&#44;8287&#44;8288&#44;8289&#44;8290&#44;8291&#44;8292&#44;8293&#44;8294&#44;8295&#44;8296&#44;8297&#44;8298&#44;8299&#44;""",3/1/23,3/1/23,N
layouts,Cake Case,"""37-3&#44;77-3""",,2023,3/6/23,1-NewFolderStructure/C037_C077_Cake_Case/C77_C37_Cake_Cooler_Effective_03062023_Updated_02242023/,_C77_C37_Cake_Cooler_Effective_03062023_Updated_02242023.pdf,"""4109&#44;4702&#44;4703&#44;4704&#44;4707&#44;4709&#44;4710&#44;4711&#44;4712&#44;4713&#44;4718&#44;4720&#44;4721&#44;4722&#44;4724&#44;4728&#44;4729&#44;4730&#44;4731&#44;4732&#44;4735&#44;4736&#44;4738&#44;4739&#44;4740&#44;4741&#44;4742&#44;4743&#44;4745&#44;4749&#44;4750&#44;4755&#44;4761&#44;4763&#44;4764&#44;4767&#44;4768&#44;4769&#44;4770&#44;4771&#44;4772&#44;4774&#44;4775&#44;4776&#44;4777&#44;4778&#44;4780&#44;4781&#44;4782&#44;4783&#44;4784&#44;4785&#44;4786&#44;4787&#44;4789&#44;4790&#44;4791&#44;4794&#44;4795&#44;4797&#44;4798&#44;4799&#44;4801&#44;4802&#44;4804&#44;4805&#44;4808&#44;4815&#44;4816&#44;4817&#44;4818&#44;4819&#44;4820&#44;4822&#44;4824&#44;4825&#44;4828&#44;4829&#44;4830&#44;4831&#44;4836&#44;4837&#44;4839&#44;4840&#44;4843&#44;4846&#44;4847&#44;4850&#44;4851&#44;4852&#44;4853&#44;4855&#44;4857&#44;4859&#44;4860&#44;4861&#44;4866&#44;4870&#44;4871&#44;4872&#44;4873&#44;4874&#44;4875&#44;4876&#44;4878&#44;4879&#44;4901&#44;4905&#44;4906&#44;4911&#44;4914&#44;4915&#44;4917&#44;4920&#44;4925&#44;4926&#44;4933&#44;4936&#44;4938&#44;4939&#44;4942&#44;4944&#44;4946&#44;4947&#44;4948&#44;4950&#44;4952&#44;4955&#44;4958&#44;4961&#44;4962&#44;4963&#44;4969&#44;4972&#44;4973&#44;4974&#44;4982&#44;4983&#44;4985&#44;4987&#44;4989&#44;4990&#44;4991&#44;4992&#44;4994&#44;4996&#44;4998&#44;4999&#44;6181&#44;6188&#44;6189&#44;6201&#44;6202&#44;6203&#44;6204&#44;6205&#44;6212&#44;6213&#44;6216&#44;6217&#44;6218&#44;6219&#44;6220&#44;6225&#44;6228&#44;6235&#44;6236&#44;6238&#44;6239&#44;6240&#44;6242&#44;6244&#44;6245&#44;6246&#44;6247&#44;6249&#44;6251&#44;6252&#44;6254&#44;6255&#44;6256&#44;6257&#44;6259&#44;6260&#44;6261&#44;6262&#44;6265&#44;6267&#44;6269&#44;6270&#44;6275&#44;6302&#44;6304&#44;6305&#44;6307&#44;6308&#44;6309&#44;6310&#44;6311&#44;6312&#44;6313&#44;6314&#44;6315&#44;6317&#44;6319&#44;6320&#44;6321&#44;6322&#44;6324&#44;6325&#44;6326&#44;6327&#44;6328&#44;6329&#44;6330&#44;6331&#44;6332&#44;6333&#44;6334&#44;6335&#44;6336&#44;6338&#44;6339&#44;6341&#44;6342&#44;6343&#44;6344&#44;6345&#44;6347&#44;6348&#44;6349&#44;6350&#44;6351&#44;6352&#44;6353&#44;6354&#44;6355&#44;6356&#44;6357&#44;6358&#44;6359&#44;6360&#44;6361&#44;6363&#44;6364&#44;6365&#44;6366&#44;6367&#44;6368&#44;6369&#44;6371&#44;6372&#44;6373&#44;6375&#44;6376&#44;6377&#44;6378&#44;6379&#44;6380&#44;6381&#44;6382&#44;6383&#44;6384&#44;6385&#44;6386&#44;6387&#44;6388&#44;6401&#44;6402&#44;6403&#44;6404&#44;6405&#44;6406&#44;6407&#44;6408&#44;6409&#44;6410&#44;6412&#44;6413&#44;6414&#44;6415&#44;6417&#44;6418&#44;6419&#44;6420&#44;6421&#44;6422&#44;6423&#44;6424&#44;6425&#44;6426&#44;6427&#44;6428&#44;6429&#44;6430&#44;6431&#44;6432&#44;6433&#44;6434&#44;6435&#44;6436&#44;6437&#44;6439&#44;6440&#44;6441&#44;6443&#44;6444&#44;6445&#44;6448&#44;6449&#44;6450&#44;6452&#44;6453&#44;6454&#44;6455&#44;6456&#44;6457&#44;6458&#44;6460&#44;6462&#44;6463&#44;6464&#44;6471&#44;6472&#44;6474&#44;6479&#44;6482&#44;6485&#44;6487&#44;6489&#44;6501&#44;6502&#44;6503&#44;6505&#44;6506&#44;6507&#44;6509&#44;6510&#44;6512&#44;6514&#44;6517&#44;6518&#44;6520&#44;6521&#44;6524&#44;6527&#44;6528&#44;6535&#44;6536&#44;6539&#44;6540&#44;6543&#44;6547&#44;6549&#44;6562&#44;6565&#44;6568&#44;6569&#44;6570&#44;6571&#44;6572&#44;6573&#44;6575&#44;6581&#44;6582&#44;6604&#44;6605&#44;6606&#44;6608&#44;6609&#44;6610&#44;6612&#44;6613&#44;6614&#44;6615&#44;6616&#44;6617&#44;6619&#44;6620&#44;6621&#44;6622&#44;6624&#44;6626&#44;6628&#44;6630&#44;6631&#44;6632&#44;6633&#44;6634&#44;6635&#44;6636&#44;6637&#44;6643&#44;6644&#44;6646&#44;6650&#44;6651&#44;6652&#44;6653&#44;6655&#44;6657&#44;6658&#44;6659&#44;6660&#44;6661&#44;6662&#44;6663&#44;6664&#44;6666&#44;6667&#44;6670&#44;6671&#44;6672&#44;6673&#44;6674&#44;6675&#44;6676&#44;6677&#44;6678&#44;6679&#44;6680&#44;6682&#44;6683&#44;6684&#44;6685&#44;6686&#44;6689&#44;6690&#44;6692&#44;6693&#44;6779&#44;6781&#44;6867&#44;6976&#44;6979&#44;7189&#44;7658&#44;7676&#44;8102&#44;8104&#44;8106&#44;8107&#44;8111&#44;8112&#44;8114&#44;8115&#44;8116&#44;8117&#44;8119&#44;8120&#44;8123&#44;8125&#44;8126&#44;8128&#44;8129&#44;8130&#44;8132&#44;8133&#44;8134&#44;8135&#44;8136&#44;8138&#44;8139&#44;8141&#44;8142&#44;8144&#44;8145&#44;8146&#44;8147&#44;8149&#44;8150&#44;8151&#44;8152&#44;8153&#44;8155&#44;8156&#44;8157&#44;8158&#44;8160&#44;8161&#44;8162&#44;8163&#44;8164&#44;8165&#44;8166&#44;8167&#44;8168&#44;8169&#44;8172&#44;8173&#44;8174&#44;8175&#44;8176&#44;8177&#44;8181&#44;8182&#44;8183&#44;8184&#44;8185&#44;8186&#44;8188&#44;8190&#44;8191&#44;8192&#44;8193&#44;8194&#44;8196&#44;8197&#44;8201&#44;8202&#44;8203&#44;8205&#44;8207&#44;8208&#44;8209&#44;8210&#44;8211&#44;8213&#44;8215&#44;8218&#44;8219&#44;8220&#44;8221&#44;8222&#44;8223&#44;8224&#44;8225&#44;8226&#44;8227&#44;8228&#44;8236&#44;8237&#44;8238&#44;8239&#44;8241&#44;8242&#44;8243&#44;8244&#44;8245&#44;8246&#44;8247&#44;8248&#44;8250&#44;8251&#44;8252&#44;8253&#44;8254&#44;8256&#44;8257&#44;8259&#44;8261&#44;8262&#44;8263&#44;8264&#44;8265&#44;8266&#44;8267&#44;8268&#44;8269&#44;8270&#44;8271&#44;8272&#44;8273&#44;8274&#44;8275&#44;8276&#44;8277&#44;8278&#44;8279&#44;8280&#44;8281&#44;8282&#44;8283&#44;8284&#44;8285&#44;8286&#44;8287&#44;8288&#44;8289&#44;8290&#44;8291&#44;8292&#44;8293&#44;8294&#44;8295&#44;8296&#44;8297&#44;8298&#44;8299&#44;""",3/1/23,3/1/23,N
layouts,Bakery Dessert,"""37-2&#44;77-2""",,2023,3/6/23,1-NewFolderStructure/C037_C077_Bakery_Dessert/C77_C37_Dessert_Case_Effective_03062023_Updated_02242023/,_C77_C37_Dessert_Case_Effective_03062023_Updated_02242023.pdf,"""4710&#44;4722&#44;4724&#44;4729&#44;4736&#44;4743&#44;4755&#44;4761&#44;4771&#44;4776&#44;4778&#44;4794&#44;4795&#44;4797&#44;4798&#44;4815&#44;4817&#44;4820&#44;4825&#44;4831&#44;4836&#44;4840&#44;4847&#44;4851&#44;4857&#44;4859&#44;4872&#44;4875&#44;4876&#44;4878&#44;4879&#44;4901&#44;4917&#44;4920&#44;4926&#44;4936&#44;4946&#44;4950&#44;4952&#44;4961&#44;4962&#44;4963&#44;4972&#44;4973&#44;4989&#44;4992&#44;4994&#44;4996&#44;4999&#44;6201&#44;6203&#44;6204&#44;6216&#44;6219&#44;6228&#44;6236&#44;6247&#44;6256&#44;6270&#44;6275&#44;6304&#44;6305&#44;6307&#44;6308&#44;6322&#44;6324&#44;6325&#44;6326&#44;6328&#44;6330&#44;6331&#44;6332&#44;6333&#44;6338&#44;6339&#44;6341&#44;6343&#44;6349&#44;6352&#44;6353&#44;6355&#44;6357&#44;6358&#44;6363&#44;6364&#44;6365&#44;6366&#44;6368&#44;6371&#44;6383&#44;6384&#44;6386&#44;6387&#44;6401&#44;6402&#44;6403&#44;6405&#44;6407&#44;6409&#44;6410&#44;6413&#44;6420&#44;6422&#44;6423&#44;6426&#44;6431&#44;6432&#44;6434&#44;6435&#44;6437&#44;6439&#44;6441&#44;6443&#44;6444&#44;6448&#44;6449&#44;6450&#44;6452&#44;6456&#44;6458&#44;6460&#44;6462&#44;6463&#44;6464&#44;6479&#44;6501&#44;6506&#44;6509&#44;6512&#44;6517&#44;6518&#44;6520&#44;6524&#44;6528&#44;6536&#44;6539&#44;6543&#44;6547&#44;6562&#44;6569&#44;6570&#44;6571&#44;6572&#44;6573&#44;6581&#44;6630&#44;6646&#44;6651&#44;6652&#44;6663&#44;6664&#44;6673&#44;6675&#44;6676&#44;6677&#44;6678&#44;6679&#44;6680&#44;6690&#44;6693&#44;6976&#44;7676&#44;8102&#44;8107&#44;8111&#44;8112&#44;8116&#44;8117&#44;8125&#44;8129&#44;8130&#44;8132&#44;8134&#44;8135&#44;8136&#44;8142&#44;8144&#44;8151&#44;8152&#44;8155&#44;8157&#44;8160&#44;8161&#44;8162&#44;8163&#44;8164&#44;8166&#44;8167&#44;8173&#44;8175&#44;8176&#44;8182&#44;8183&#44;8186&#44;8188&#44;8191&#44;8192&#44;8193&#44;8194&#44;8202&#44;8205&#44;8207&#44;8208&#44;8215&#44;8218&#44;8219&#44;8220&#44;8221&#44;8222&#44;8223&#44;8224&#44;8226&#44;8228&#44;8241&#44;8243&#44;8247&#44;8251&#44;8253&#44;8254&#44;8256&#44;8257&#44;8261&#44;8262&#44;8263&#44;8265&#44;8267&#44;8270&#44;8271&#44;8275&#44;8280&#44;8283&#44;8285&#44;8287&#44;8288&#44;8289&#44;8290&#44;8292&#44;8294&#44;8295&#44;8298&#44;""",3/1/23,3/1/23,N
layouts,HMS,79-2,,2023,3/6/23,1-NewFolderStructure/C079_HMS/C79_HMS_EFFECTIVE_03062023/,_C79_HMS_EFFECTIVE_03062023.pdf,"""4109&#44;4702&#44;4703&#44;4704&#44;4707&#44;4709&#44;4710&#44;4711&#44;4712&#44;4713&#44;4718&#44;4720&#44;4721&#44;4722&#44;4724&#44;4728&#44;4729&#44;4730&#44;4731&#44;4732&#44;4735&#44;4736&#44;4738&#44;4739&#44;4740&#44;4741&#44;4742&#44;4743&#44;4745&#44;4749&#44;4750&#44;4755&#44;4761&#44;4763&#44;4764&#44;4767&#44;4768&#44;4769&#44;4770&#44;4771&#44;4772&#44;4774&#44;4775&#44;4776&#44;4777&#44;4778&#44;4780&#44;4781&#44;4782&#44;4783&#44;4784&#44;4785&#44;4786&#44;4787&#44;4789&#44;4790&#44;4791&#44;4794&#44;4795&#44;4797&#44;4798&#44;4799&#44;4801&#44;4802&#44;4804&#44;4805&#44;4808&#44;4815&#44;4816&#44;4817&#44;4818&#44;4819&#44;4820&#44;4822&#44;4824&#44;4825&#44;4828&#44;4829&#44;4830&#44;4831&#44;4836&#44;4837&#44;4839&#44;4840&#44;4843&#44;4846&#44;4847&#44;4850&#44;4851&#44;4852&#44;4853&#44;4855&#44;4857&#44;4859&#44;4860&#44;4861&#44;4866&#44;4870&#44;4871&#44;4872&#44;4873&#44;4874&#44;4875&#44;4876&#44;4878&#44;4879&#44;4901&#44;4905&#44;4906&#44;4908&#44;4911&#44;4914&#44;4915&#44;4917&#44;4920&#44;4925&#44;4926&#44;4930&#44;4933&#44;4936&#44;4938&#44;4939&#44;4942&#44;4944&#44;4946&#44;4947&#44;4948&#44;4950&#44;4952&#44;4955&#44;4958&#44;4961&#44;4962&#44;4963&#44;4969&#44;4972&#44;4973&#44;4974&#44;4982&#44;4983&#44;4985&#44;4987&#44;4989&#44;4990&#44;4991&#44;4992&#44;4994&#44;4996&#44;4998&#44;4999&#44;6181&#44;6188&#44;6189&#44;6201&#44;6202&#44;6203&#44;6204&#44;6205&#44;6212&#44;6213&#44;6216&#44;6217&#44;6218&#44;6219&#44;6220&#44;6225&#44;6228&#44;6235&#44;6236&#44;6238&#44;6239&#44;6240&#44;6242&#44;6244&#44;6245&#44;6246&#44;6247&#44;6249&#44;6251&#44;6252&#44;6254&#44;6255&#44;6256&#44;6257&#44;6259&#44;6260&#44;6261&#44;6262&#44;6265&#44;6267&#44;6269&#44;6270&#44;6275&#44;6302&#44;6304&#44;6305&#44;6307&#44;6308&#44;6309&#44;6310&#44;6311&#44;6312&#44;6313&#44;6314&#44;6315&#44;6317&#44;6319&#44;6320&#44;6321&#44;6322&#44;6324&#44;6325&#44;6326&#44;6327&#44;6328&#44;6329&#44;6330&#44;6331&#44;6332&#44;6333&#44;6334&#44;6335&#44;6336&#44;6338&#44;6339&#44;6341&#44;6342&#44;6343&#44;6344&#44;6345&#44;6347&#44;6348&#44;6349&#44;6350&#44;6351&#44;6352&#44;6353&#44;6354&#44;6355&#44;6356&#44;6357&#44;6358&#44;6359&#44;6360&#44;6361&#44;6363&#44;6364&#44;6365&#44;6366&#44;6367&#44;6368&#44;6369&#44;6371&#44;6372&#44;6373&#44;6375&#44;6376&#44;6377&#44;6378&#44;6379&#44;6380&#44;6381&#44;6382&#44;6383&#44;6384&#44;6385&#44;6386&#44;6387&#44;6388&#44;6401&#44;6402&#44;6403&#44;6404&#44;6405&#44;6406&#44;6407&#44;6408&#44;6409&#44;6410&#44;6412&#44;6413&#44;6414&#44;6415&#44;6417&#44;6418&#44;6419&#44;6420&#44;6421&#44;6422&#44;6423&#44;6424&#44;6425&#44;6426&#44;6427&#44;6428&#44;6429&#44;6430&#44;6431&#44;6432&#44;6433&#44;6434&#44;6435&#44;6436&#44;6437&#44;6439&#44;6440&#44;6441&#44;6443&#44;6444&#44;6445&#44;6448&#44;6449&#44;6450&#44;6452&#44;6453&#44;6454&#44;6455&#44;6456&#44;6457&#44;6458&#44;6460&#44;6461&#44;6462&#44;6463&#44;6464&#44;6471&#44;6472&#44;6474&#44;6479&#44;6482&#44;6485&#44;6487&#44;6489&#44;6501&#44;6502&#44;6503&#44;6505&#44;6506&#44;6507&#44;6509&#44;6510&#44;6512&#44;6514&#44;6517&#44;6518&#44;6520&#44;6521&#44;6524&#44;6527&#44;6528&#44;6533&#44;6535&#44;6536&#44;6539&#44;6540&#44;6543&#44;6547&#44;6549&#44;6556&#44;6562&#44;6565&#44;6567&#44;6568&#44;6569&#44;6570&#44;6571&#44;6572&#44;6573&#44;6575&#44;6581&#44;6582&#44;6604&#44;6605&#44;6606&#44;6608&#44;6609&#44;6610&#44;6612&#44;6613&#44;6614&#44;6615&#44;6616&#44;6617&#44;6619&#44;6620&#44;6621&#44;6622&#44;6624&#44;6626&#44;6628&#44;6630&#44;6631&#44;6632&#44;6633&#44;6634&#44;6635&#44;6636&#44;6637&#44;6643&#44;6644&#44;6646&#44;6650&#44;6651&#44;6652&#44;6653&#44;6655&#44;6657&#44;6658&#44;6659&#44;6660&#44;6661&#44;6662&#44;6663&#44;6664&#44;6666&#44;6667&#44;6670&#44;6671&#44;6672&#44;6673&#44;6674&#44;6675&#44;6676&#44;6677&#44;6678&#44;6679&#44;6680&#44;6682&#44;6683&#44;6684&#44;6685&#44;6686&#44;6689&#44;6690&#44;6692&#44;6779&#44;6781&#44;6867&#44;6976&#44;6979&#44;7189&#44;7658&#44;7676&#44;8102&#44;8104&#44;8106&#44;8107&#44;8111&#44;8112&#44;8114&#44;8115&#44;8116&#44;8117&#44;8119&#44;8120&#44;8123&#44;8125&#44;8126&#44;8128&#44;8129&#44;8130&#44;8132&#44;8133&#44;8134&#44;8135&#44;8136&#44;8138&#44;8139&#44;8141&#44;8142&#44;8144&#44;8145&#44;8146&#44;8147&#44;8149&#44;8150&#44;8151&#44;8152&#44;8153&#44;8155&#44;8156&#44;8157&#44;8158&#44;8160&#44;8161&#44;8162&#44;8163&#44;8164&#44;8165&#44;8166&#44;8167&#44;8168&#44;8169&#44;8172&#44;8173&#44;8174&#44;8175&#44;8176&#44;8177&#44;8180&#44;8181&#44;8182&#44;8183&#44;8184&#44;8185&#44;8186&#44;8188&#44;8189&#44;8190&#44;8191&#44;8192&#44;8193&#44;8194&#44;8196&#44;8197&#44;8201&#44;8202&#44;8203&#44;8205&#44;8207&#44;8208&#44;8209&#44;8210&#44;8211&#44;8213&#44;8215&#44;8218&#44;8219&#44;8220&#44;8221&#44;8222&#44;8223&#44;8224&#44;8225&#44;8226&#44;8227&#44;8228&#44;8236&#44;8237&#44;8238&#44;8239&#44;8241&#44;8242&#44;8243&#44;8244&#44;8245&#44;8246&#44;8247&#44;8248&#44;8250&#44;8251&#44;8252&#44;8253&#44;8254&#44;8256&#44;8257&#44;8259&#44;8261&#44;8262&#44;8263&#44;8264&#44;8265&#44;8266&#44;8267&#44;8268&#44;8269&#44;8270&#44;8271&#44;8272&#44;8273&#44;8274&#44;8275&#44;8276&#44;8277&#44;8278&#44;8279&#44;8280&#44;8281&#44;8282&#44;8283&#44;8284&#44;8285&#44;8286&#44;8287&#44;8288&#44;8289&#44;8290&#44;8291&#44;8292&#44;8293&#44;8294&#44;8295&#44;8296&#44;8297&#44;8298&#44;8299&#44;""",3/1/23,3/1/23,N
layouts,Sushi,79,,2023,2/28/23,1-NewFolderStructure/C079_Sushi/C79_Sushi_Eff_02282023/,_C79_Sushi_Eff_02282023.pdf,"""4109&#44;4703&#44;4704&#44;4707&#44;4709&#44;4710&#44;4712&#44;4713&#44;4720&#44;4724&#44;4729&#44;4730&#44;4732&#44;4736&#44;4738&#44;4739&#44;4740&#44;4742&#44;4745&#44;4750&#44;4755&#44;4761&#44;4764&#44;4767&#44;4768&#44;4770&#44;4775&#44;4781&#44;4783&#44;4784&#44;4786&#44;4787&#44;4789&#44;4790&#44;4791&#44;4797&#44;4799&#44;4802&#44;4804&#44;4805&#44;4808&#44;4815&#44;4818&#44;4819&#44;4820&#44;4822&#44;4824&#44;4829&#44;4830&#44;4836&#44;4837&#44;4846&#44;4847&#44;4853&#44;4855&#44;4859&#44;4860&#44;4870&#44;4871&#44;4872&#44;4873&#44;4874&#44;4875&#44;4876&#44;4878&#44;4879&#44;4905&#44;4906&#44;4911&#44;4920&#44;4930&#44;4933&#44;4938&#44;4944&#44;4947&#44;4948&#44;4952&#44;4955&#44;4958&#44;4969&#44;4982&#44;4983&#44;4985&#44;4990&#44;4992&#44;6203&#44;6204&#44;6205&#44;6219&#44;6220&#44;6228&#44;6235&#44;6239&#44;6240&#44;6244&#44;6246&#44;6247&#44;6249&#44;6251&#44;6252&#44;6255&#44;6256&#44;6257&#44;6261&#44;6265&#44;6267&#44;6269&#44;6275&#44;6302&#44;6307&#44;6308&#44;6309&#44;6312&#44;6313&#44;6320&#44;6321&#44;6325&#44;6326&#44;6327&#44;6329&#44;6330&#44;6331&#44;6332&#44;6334&#44;6335&#44;6336&#44;6338&#44;6339&#44;6344&#44;6345&#44;6346&#44;6350&#44;6351&#44;6353&#44;6354&#44;6356&#44;6357&#44;6358&#44;6366&#44;6367&#44;6372&#44;6373&#44;6375&#44;6376&#44;6377&#44;6380&#44;6383&#44;6384&#44;6387&#44;6402&#44;6404&#44;6405&#44;6406&#44;6408&#44;6410&#44;6413&#44;6415&#44;6417&#44;6418&#44;6419&#44;6421&#44;6422&#44;6424&#44;6425&#44;6427&#44;6430&#44;6431&#44;6432&#44;6433&#44;6434&#44;6436&#44;6439&#44;6440&#44;6441&#44;6448&#44;6450&#44;6453&#44;6455&#44;6456&#44;6458&#44;6460&#44;6464&#44;6471&#44;6474&#44;6482&#44;6485&#44;6489&#44;6501&#44;6502&#44;6503&#44;6506&#44;6509&#44;6510&#44;6514&#44;6518&#44;6521&#44;6527&#44;6533&#44;6535&#44;6547&#44;6556&#44;6569&#44;6571&#44;6582&#44;6606&#44;6634&#44;6671&#44;6673&#44;6675&#44;6680&#44;6683&#44;6689&#44;6690&#44;6867&#44;7658&#44;8102&#44;8125&#44;8126&#44;8132&#44;8134&#44;8136&#44;8144&#44;8150&#44;8151&#44;8153&#44;8167&#44;8180&#44;8184&#44;8185&#44;8186&#44;8188&#44;8189&#44;8192&#44;8202&#44;8220&#44;8226&#44;8228&#44;8244&#44;8252&#44;8256&#44;8273&#44;8274&#44;8276&#44;8280&#44;8281&#44;8283&#44;8286&#44;8289&#44;""",3/1/23,3/1/23,N
layouts,Deli,57,,2023,3/6/23,1-NewFolderStructure/C057_Deli/C57_Effective_03062023_Planogram_Update_02-20-2023/,_C57_Effective_03062023_Planogram_Update_02-20-2023.pdf,"""4948&#44;6260&#44;6342&#44;6505&#44;8120&#44;8177&#44;8196&#44;8237&#44;8252&#44;""",3/1/23,3/1/23,N
layouts,Café Grab and Go,79-3,,2023,2/28/23,1-NewFolderStructure/C079_Cafe_Grab_n_Go/C79_Cafe_Grab_and_Go_Effective_02282023_Updated_02282023/,_C79_Cafe_Grab_and_Go_Effective_02282023_Updated_02282023.pdf,"""4763&#44;4939&#44;8156&#44;""",3/1/23,3/1/23,N
layouts,Deli,57,,2023,3/20/23,1-NewFolderStructure/C057_Deli/C57_Effective_03202023_Planogram_Update_03-14-2023/,_C57_Effective_03202023_Planogram_Update_03-14-2023.pdf,"""4109&#44;4702&#44;4703&#44;4704&#44;4707&#44;4709&#44;4710&#44;4711&#44;4712&#44;4713&#44;4718&#44;4720&#44;4721&#44;4722&#44;4724&#44;4728&#44;4729&#44;4730&#44;4731&#44;4732&#44;4735&#44;4736&#44;4738&#44;4739&#44;4740&#44;4741&#44;4742&#44;4743&#44;4745&#44;4749&#44;4750&#44;4755&#44;4761&#44;4763&#44;4764&#44;4767&#44;4768&#44;4769&#44;4770&#44;4771&#44;4772&#44;4774&#44;4775&#44;4776&#44;4777&#44;4778&#44;4780&#44;4781&#44;4782&#44;4783&#44;4784&#44;4785&#44;4786&#44;4787&#44;4789&#44;4790&#44;4791&#44;4794&#44;4795&#44;4797&#44;4798&#44;4799&#44;4801&#44;4802&#44;4804&#44;4805&#44;4808&#44;4815&#44;4816&#44;4817&#44;4818&#44;4819&#44;4820&#44;4822&#44;4824&#44;4825&#44;4828&#44;4829&#44;4830&#44;4831&#44;4836&#44;4837&#44;4839&#44;4840&#44;4843&#44;4846&#44;4847&#44;4850&#44;4851&#44;4852&#44;4853&#44;4855&#44;4857&#44;4859&#44;4860&#44;4861&#44;4866&#44;4870&#44;4871&#44;4872&#44;4873&#44;4874&#44;4875&#44;4876&#44;4878&#44;4879&#44;4901&#44;4905&#44;4906&#44;4908&#44;4911&#44;4914&#44;4915&#44;4917&#44;4920&#44;4925&#44;4926&#44;4930&#44;4933&#44;4936&#44;4938&#44;4939&#44;4942&#44;4944&#44;4946&#44;4947&#44;4950&#44;4952&#44;4955&#44;4958&#44;4961&#44;4962&#44;4963&#44;4969&#44;4972&#44;4973&#44;4974&#44;4982&#44;4983&#44;4985&#44;4987&#44;4989&#44;4990&#44;4991&#44;4992&#44;4994&#44;4996&#44;4998&#44;4999&#44;6181&#44;6188&#44;6189&#44;6201&#44;6202&#44;6203&#44;6204&#44;6205&#44;6212&#44;6213&#44;6216&#44;6217&#44;6218&#44;6219&#44;6220&#44;6225&#44;6228&#44;6235&#44;6236&#44;6238&#44;6239&#44;6240&#44;6242&#44;6244&#44;6245&#44;6246&#44;6247&#44;6249&#44;6251&#44;6252&#44;6254&#44;6255&#44;6256&#44;6257&#44;6259&#44;6261&#44;6262&#44;6265&#44;6267&#44;6269&#44;6270&#44;6275&#44;6302&#44;6304&#44;6305&#44;6307&#44;6308&#44;6309&#44;6310&#44;6311&#44;6312&#44;6313&#44;6314&#44;6315&#44;6317&#44;6319&#44;6320&#44;6321&#44;6322&#44;6324&#44;6325&#44;6326&#44;6327&#44;6328&#44;6329&#44;6330&#44;6331&#44;6332&#44;6333&#44;6334&#44;6335&#44;6336&#44;6338&#44;6339&#44;6341&#44;6343&#44;6344&#44;6345&#44;6347&#44;6348&#44;6349&#44;6350&#44;6351&#44;6352&#44;6353&#44;6354&#44;6355&#44;6356&#44;6357&#44;6358&#44;6359&#44;6360&#44;6361&#44;6363&#44;6364&#44;6365&#44;6366&#44;6367&#44;6368&#44;6369&#44;6371&#44;6372&#44;6373&#44;6375&#44;6376&#44;6377&#44;6378&#44;6379&#44;6380&#44;6381&#44;6382&#44;6383&#44;6384&#44;6385&#44;6386&#44;6387&#44;6388&#44;6401&#44;6402&#44;6403&#44;6404&#44;6405&#44;6406&#44;6407&#44;6408&#44;6409&#44;6410&#44;6412&#44;6413&#44;6414&#44;6415&#44;6417&#44;6418&#44;6419&#44;6420&#44;6421&#44;6422&#44;6423&#44;6424&#44;6425&#44;6426&#44;6427&#44;6428&#44;6429&#44;6430&#44;6431&#44;6432&#44;6433&#44;6434&#44;6435&#44;6436&#44;6437&#44;6439&#44;6440&#44;6441&#44;6443&#44;6444&#44;6445&#44;6448&#44;6449&#44;6450&#44;6452&#44;6453&#44;6454&#44;6455&#44;6456&#44;6457&#44;6458&#44;6460&#44;6461&#44;6462&#44;6463&#44;6464&#44;6471&#44;6472&#44;6474&#44;6479&#44;6482&#44;6485&#44;6487&#44;6489&#44;6501&#44;6502&#44;6503&#44;6506&#44;6507&#44;6509&#44;6510&#44;6512&#44;6514&#44;6517&#44;6518&#44;6520&#44;6521&#44;6524&#44;6527&#44;6528&#44;6533&#44;6535&#44;6536&#44;6539&#44;6540&#44;6543&#44;6547&#44;6549&#44;6556&#44;6562&#44;6565&#44;6567&#44;6568&#44;6569&#44;6570&#44;6571&#44;6572&#44;6573&#44;6575&#44;6581&#44;6582&#44;6604&#44;6605&#44;6606&#44;6608&#44;6609&#44;6610&#44;6612&#44;6613&#44;6614&#44;6615&#44;6616&#44;6617&#44;6619&#44;6620&#44;6621&#44;6622&#44;6624&#44;6626&#44;6628&#44;6630&#44;6631&#44;6632&#44;6633&#44;6634&#44;6635&#44;6636&#44;6637&#44;6643&#44;6644&#44;6646&#44;6650&#44;6651&#44;6652&#44;6653&#44;6655&#44;6657&#44;6658&#44;6659&#44;6660&#44;6661&#44;6662&#44;6663&#44;6664&#44;6666&#44;6667&#44;6670&#44;6671&#44;6672&#44;6673&#44;6674&#44;6675&#44;6676&#44;6677&#44;6678&#44;6679&#44;6680&#44;6682&#44;6683&#44;6684&#44;6685&#44;6686&#44;6689&#44;6690&#44;6692&#44;6693&#44;6779&#44;6781&#44;6867&#44;6976&#44;6979&#44;7189&#44;7658&#44;7676&#44;8102&#44;8104&#44;8106&#44;8107&#44;8111&#44;8112&#44;8114&#44;8115&#44;8116&#44;8117&#44;8119&#44;8123&#44;8125&#44;8126&#44;8128&#44;8129&#44;8130&#44;8132&#44;8133&#44;8134&#44;8135&#44;8136&#44;8138&#44;8139&#44;8141&#44;8142&#44;8144&#44;8145&#44;8146&#44;8147&#44;8149&#44;8150&#44;8151&#44;8152&#44;8153&#44;8155&#44;8156&#44;8157&#44;8158&#44;8160&#44;8161&#44;8162&#44;8163&#44;8164&#44;8165&#44;8166&#44;8167&#44;8168&#44;8169&#44;8172&#44;8173&#44;8174&#44;8175&#44;8176&#44;8180&#44;8181&#44;8182&#44;8183&#44;8184&#44;8185&#44;8186&#44;8188&#44;8189&#44;8190&#44;8191&#44;8192&#44;8193&#44;8194&#44;8197&#44;8201&#44;8202&#44;8203&#44;8205&#44;8207&#44;8208&#44;8209&#44;8210&#44;8211&#44;8213&#44;8215&#44;8218&#44;8219&#44;8220&#44;8221&#44;8222&#44;8223&#44;8224&#44;8225&#44;8226&#44;8227&#44;8228&#44;8236&#44;8238&#44;8239&#44;8241&#44;8242&#44;8243&#44;8244&#44;8245&#44;8246&#44;8247&#44;8248&#44;8250&#44;8251&#44;8253&#44;8254&#44;8256&#44;8257&#44;8259&#44;8261&#44;8262&#44;8263&#44;8264&#44;8265&#44;8266&#44;8267&#44;8268&#44;8269&#44;8270&#44;8271&#44;8272&#44;8273&#44;8274&#44;8275&#44;8276&#44;8277&#44;8278&#44;8279&#44;8280&#44;8281&#44;8282&#44;8283&#44;8284&#44;8285&#44;8286&#44;8287&#44;8288&#44;8289&#44;8290&#44;8291&#44;8292&#44;8293&#44;8294&#44;8295&#44;8296&#44;8297&#44;8298&#44;8299&#44;""",3/14/23,3/14/23,N
layouts,HMS,79-2,,2023,3/10/23,1-NewFolderStructure/C079_HMS/C79_HMS_Eff_031023_UPDATED_031023/,_C79_HMS_Eff_031023_UPDATED_031023.pdf,"""4722&#44;""",3/14/23,3/10/23,N
layouts,Sushi,79,,2023,3/17/23,1-NewFolderStructure/C079_Sushi/C79_Sushi_Eff_03172023/,_C79_Sushi_Eff_03172023.pdf,"""4994&#44;6319&#44;""",3/17/23,3/17/23,N
layouts,Floral,56-3,,2023,3/17/23,1-NewFolderStructure/C056_Floral/C56_Floral_Eff_03172023/,_C56_Floral_Eff_03172023.pdf,"""6533&#44;""",3/17/23,3/17/23,N
layouts,Café Grab and Go,79-3,,2023,3/8/23,1-NewFolderStructure/C079_Cafe_Grab_n_Go/C79_Cafe_Grab_and_Go_Effective_03082022_Updated_03082023/,_C79_Cafe_Grab_and_Go_Effective_03082022_Updated_03082023.pdf,"""8262&#44;""",3/8/23,3/8/23,N
layouts,Meat and Seafood,"""72&#44;76&#44;93""",,2023,3/6/23,1-NewFolderStructure/C076_C072_C093_Fresh_Meat_Seafood/C76_C93_Effective_03062023_Planogram_Updated_03102023/,_C76_C93_Effective_03062023_Planogram_Updated_03102023.pdf,"""6460&#44;""",3/17/23,3/17/23,N
layouts,HMS,79-2,,2023,3/17/23,1-NewFolderStructure/C079_HMS/C79_HMS_Eff_03172023_UPDATED_03172023/,_C79_HMS_Eff_03172023_UPDATED_03172023.pdf,"""4722&#44;6319&#44;6433&#44;""",3/17/23,3/17/23,N
layouts,Bakery Pallets,"""37-4&#44;77-4""",,2023,3/1/23,1-NewFolderStructure/C037_C077_Bakery_Pallets/C37_77_Bakery_Pallets_Effective_03012023_Updated_03012023/,_C37_77_Bakery_Pallets_Effective_03012023_Updated_03012023.pdf,"""8189&#44;""",3/17/23,3/17/23,N
layouts,Bakery Tables,"""37&#44;77""",,2023,3/6/23,1-NewFolderStructure/C037_C077_Bakery_Tables/C37_77_Bakery_Tables_Effective_03062023_Updated_03162023/,_C37_77_Bakery_Tables_Effective_03062023_Updated_03162023.pdf,"""4109&#44;4702&#44;4703&#44;4704&#44;4707&#44;4709&#44;4710&#44;4711&#44;4712&#44;4713&#44;4718&#44;4720&#44;4721&#44;4722&#44;4724&#44;4728&#44;4729&#44;4730&#44;4731&#44;4732&#44;4735&#44;4736&#44;4738&#44;4739&#44;4740&#44;4741&#44;4742&#44;4743&#44;4745&#44;4749&#44;4750&#44;4755&#44;4761&#44;4763&#44;4764&#44;4767&#44;4768&#44;4769&#44;4770&#44;4771&#44;4772&#44;4774&#44;4775&#44;4776&#44;4777&#44;4778&#44;4780&#44;4781&#44;4782&#44;4783&#44;4784&#44;4785&#44;4786&#44;4787&#44;4789&#44;4790&#44;4791&#44;4794&#44;4797&#44;4798&#44;4799&#44;4801&#44;4802&#44;4804&#44;4805&#44;4808&#44;4815&#44;4816&#44;4817&#44;4818&#44;4819&#44;4820&#44;4822&#44;4824&#44;4825&#44;4828&#44;4829&#44;4830&#44;4831&#44;4836&#44;4837&#44;4839&#44;4840&#44;4843&#44;4846&#44;4847&#44;4850&#44;4851&#44;4852&#44;4853&#44;4855&#44;4857&#44;4859&#44;4860&#44;4861&#44;4866&#44;4870&#44;4871&#44;4872&#44;4873&#44;4874&#44;4875&#44;4876&#44;4878&#44;4879&#44;4901&#44;4905&#44;4906&#44;4911&#44;4914&#44;4915&#44;4917&#44;4920&#44;4925&#44;4926&#44;4933&#44;4936&#44;4938&#44;4939&#44;4942&#44;4944&#44;4946&#44;4947&#44;4948&#44;4950&#44;4952&#44;4955&#44;4958&#44;4961&#44;4962&#44;4963&#44;4969&#44;4972&#44;4973&#44;4974&#44;4982&#44;4983&#44;4985&#44;4987&#44;4989&#44;4990&#44;4991&#44;4992&#44;4994&#44;4996&#44;4998&#44;4999&#44;6181&#44;6188&#44;6189&#44;6201&#44;6202&#44;6203&#44;6204&#44;6205&#44;6212&#44;6213&#44;6216&#44;6217&#44;6218&#44;6219&#44;6220&#44;6225&#44;6228&#44;6235&#44;6236&#44;6238&#44;6239&#44;6240&#44;6242&#44;6244&#44;6245&#44;6246&#44;6247&#44;6249&#44;6251&#44;6252&#44;6254&#44;6255&#44;6256&#44;6257&#44;6259&#44;6260&#44;6261&#44;6262&#44;6265&#44;6267&#44;6269&#44;6270&#44;6275&#44;6302&#44;6304&#44;6305&#44;6307&#44;6308&#44;6309&#44;6310&#44;6311&#44;6312&#44;6313&#44;6314&#44;6315&#44;6317&#44;6319&#44;6320&#44;6321&#44;6322&#44;6324&#44;6325&#44;6326&#44;6327&#44;6328&#44;6329&#44;6330&#44;6331&#44;6332&#44;6333&#44;6334&#44;6335&#44;6336&#44;6338&#44;6339&#44;6341&#44;6342&#44;6343&#44;6344&#44;6345&#44;6347&#44;6348&#44;6349&#44;6350&#44;6351&#44;6352&#44;6353&#44;6354&#44;6355&#44;6356&#44;6357&#44;6358&#44;6359&#44;6360&#44;6361&#44;6363&#44;6364&#44;6365&#44;6366&#44;6367&#44;6368&#44;6369&#44;6371&#44;6372&#44;6373&#44;6375&#44;6376&#44;6377&#44;6378&#44;6379&#44;6380&#44;6381&#44;6382&#44;6383&#44;6384&#44;6385&#44;6386&#44;6387&#44;6388&#44;6401&#44;6402&#44;6403&#44;6404&#44;6405&#44;6406&#44;6407&#44;6408&#44;6409&#44;6410&#44;6412&#44;6413&#44;6414&#44;6415&#44;6417&#44;6418&#44;6419&#44;6420&#44;6421&#44;6422&#44;6423&#44;6424&#44;6425&#44;6426&#44;6427&#44;6428&#44;6429&#44;6430&#44;6431&#44;6432&#44;6433&#44;6434&#44;6435&#44;6436&#44;6437&#44;6439&#44;6440&#44;6441&#44;6443&#44;6444&#44;6445&#44;6448&#44;6449&#44;6450&#44;6452&#44;6453&#44;6454&#44;6455&#44;6456&#44;6457&#44;6458&#44;6460&#44;6462&#44;6463&#44;6464&#44;6471&#44;6472&#44;6474&#44;6479&#44;6482&#44;6485&#44;6487&#44;6489&#44;6501&#44;6502&#44;6503&#44;6505&#44;6506&#44;6507&#44;6509&#44;6510&#44;6512&#44;6514&#44;6517&#44;6518&#44;6520&#44;6521&#44;6524&#44;6527&#44;6528&#44;6535&#44;6536&#44;6539&#44;6540&#44;6543&#44;6547&#44;6549&#44;6562&#44;6565&#44;6568&#44;6569&#44;6570&#44;6571&#44;6572&#44;6573&#44;6575&#44;6581&#44;6582&#44;6604&#44;6605&#44;6606&#44;6608&#44;6609&#44;6610&#44;6612&#44;6613&#44;6614&#44;6615&#44;6616&#44;6617&#44;6619&#44;6620&#44;6621&#44;6622&#44;6624&#44;6626&#44;6628&#44;6630&#44;6631&#44;6632&#44;6633&#44;6634&#44;6635&#44;6636&#44;6637&#44;6643&#44;6644&#44;6646&#44;6650&#44;6651&#44;6652&#44;6653&#44;6655&#44;6657&#44;6658&#44;6659&#44;6660&#44;6661&#44;6662&#44;6663&#44;6664&#44;6666&#44;6667&#44;6670&#44;6671&#44;6672&#44;6673&#44;6674&#44;6675&#44;6676&#44;6677&#44;6678&#44;6679&#44;6680&#44;6682&#44;6683&#44;6684&#44;6685&#44;6686&#44;6689&#44;6690&#44;6692&#44;6693&#44;6779&#44;6781&#44;6867&#44;6976&#44;6979&#44;7189&#44;7658&#44;7676&#44;8102&#44;8104&#44;8106&#44;8107&#44;8111&#44;8112&#44;8114&#44;8115&#44;8116&#44;8117&#44;8119&#44;8120&#44;8123&#44;8125&#44;8126&#44;8128&#44;8129&#44;8130&#44;8132&#44;8133&#44;8134&#44;8135&#44;8136&#44;8138&#44;8139&#44;8141&#44;8142&#44;8144&#44;8145&#44;8146&#44;8147&#44;8149&#44;8150&#44;8151&#44;8152&#44;8153&#44;8155&#44;8156&#44;8157&#44;8158&#44;8160&#44;8161&#44;8162&#44;8163&#44;8164&#44;8165&#44;8166&#44;8167&#44;8168&#44;8169&#44;8172&#44;8173&#44;8174&#44;8175&#44;8176&#44;8177&#44;8181&#44;8182&#44;8183&#44;8184&#44;8185&#44;8186&#44;8188&#44;8189&#44;8190&#44;8191&#44;8192&#44;8193&#44;8194&#44;8196&#44;8197&#44;8201&#44;8202&#44;8203&#44;8205&#44;8207&#44;8208&#44;8209&#44;8210&#44;8211&#44;8213&#44;8215&#44;8218&#44;8219&#44;8220&#44;8221&#44;8222&#44;8223&#44;8224&#44;8225&#44;8226&#44;8227&#44;8228&#44;8236&#44;8237&#44;8238&#44;8239&#44;8241&#44;8242&#44;8243&#44;8244&#44;8245&#44;8246&#44;8247&#44;8248&#44;8250&#44;8251&#44;8252&#44;8253&#44;8254&#44;8256&#44;8257&#44;8259&#44;8261&#44;8262&#44;8263&#44;8264&#44;8265&#44;8266&#44;8267&#44;8268&#44;8269&#44;8270&#44;8271&#44;8272&#44;8273&#44;8274&#44;8275&#44;8276&#44;8277&#44;8278&#44;8279&#44;8280&#44;8281&#44;8282&#44;8283&#44;8284&#44;8285&#44;8286&#44;8287&#44;8288&#44;8289&#44;8290&#44;8291&#44;8292&#44;8293&#44;8294&#44;8295&#44;8296&#44;8297&#44;8298&#44;8299&#44;""",3/17/23,3/17/23,N
